69.2018057949
5.0882284554
71.5908194303
25.2643387317
73.9832678895
25.4901206156
76.379047806
25.7633100461
78.7780558134
26.0816429625
81.180188545
26.4428553041
83.5853426345
26.8446830099
85.9934147154
27.2848620194
88.4043014211
27.7611282717
90.8178993852
28.2712177059
93.2341052412
28.8128662615
95.6528156226
29.3838098775
98.073927163
29.9817844931
100.497336496
30.6045260477
102.922940254
31.2497704805
105.350635073
31.9152537306
107.780317584
32.5987117373
110.211884421
33.2978804397
112.645232219
34.0104957773
115.08025761
34.7342936891
117.516857228
35.4670101143
119.954927707
36.2063809923
122.39436568
36.9501422622
124.83506778
37.6960298632
127.276930642
38.4417797346
129.719850898
39.1851278157
132.163725182
39.9238100455
134.608450128
40.6555623634
137.053922369
41.3781207085
139.500038538
42.0892210202
141.94669527
42.7865992376
144.393789197
43.4679912999
146.841216954
44.1311331463
149.288875173
44.7737607162
151.736660488
45.3936099487
154.184469534
45.988416783
156.632198942
46.5559171583
159.079745347
47.093847014
161.527005383
47.5999422891
163.973875682
48.071938923
166.420252878
48.5075728549
168.866033606
48.9045800239
171.311114497
49.2606963693
173.755392187
49.5736578303
176.198763308
49.8412003462
178.641124493
50.0610598562
181.082372377
50.2309722994
183.522403593
50.3486736152
185.961114775
50.4118997427
188.398402555
50.4183866212
190.834163825
50.3658895559
193.268315427
50.2536663351
195.700808057
50.0835238975
198.131595691
49.8575163997
200.560632307
49.5776979984
202.987871882
49.24612285
205.413268395
48.8648451113
207.836775822
48.4359189388
210.258348141
47.9613984892
212.677939329
47.443337919
215.095503364
46.8837913849
217.510994224
46.2848130434
219.924365885
45.6484570512
222.335572325
44.9767775649
224.744567523
44.2718287411
227.151305454
43.5356647364
229.555740097
42.7703397073
231.957825429
41.9779078106
234.357515428
41.1604232028
236.75476407
40.3199400405
239.149525335
39.4585124803
241.541753198
38.5781946789
243.931401638
37.6810407928
246.318424631
36.7691049787
248.702776156
35.8444413931
251.08441019
34.9091041927
253.46328071
33.965147534
255.839341694
33.0146255737
258.21254712
32.0595924684
260.582850964
31.1021023747
262.950207204
30.1442094492
265.314569818
29.1879678485
267.675892783
28.2354317292
270.034130077
27.2886552479
272.389235676
26.3496925612
274.741163559
25.4205978258
277.089867704
24.5034251982
279.435302086
23.6002288351
281.777420685
22.713062893
284.116177477
21.8439815285
286.45152644
20.9950388983
288.783421552
20.168289159
291.111816789
19.3657864672
293.436666129
18.5895849795
295.75792355
17.8417388524
298.07554303
17.1243022427
300.389478545
16.4393293068
302.699684073
15.7888742015
305.006113592
15.1749910833
307.308721079
14.5997341088
309.60746051
14.0651574346
200.009374215
95.429220735
201.986235743
195.724412599
203.973735569
196.026696694
205.971447165
196.335091994
207.978944002
196.648617475
209.995799555
196.966292111
212.021587293
197.287134878
214.05588069
197.610164751
216.098253217
197.934400704
218.148278347
198.258861713
220.205529552
198.582566752
222.269580304
198.904534796
224.340004074
199.223784821
226.416374336
199.539335801
228.498264561
199.850206711
230.585248221
200.155416526
232.676898788
200.453984221
234.772789735
200.744928772
236.872494534
201.027269152
238.975586656
201.300024338
241.081639574
201.562213303
243.19022676
201.812855024
245.300921687
202.050968474
247.413297825
202.275572629
249.526928647
202.485686463
251.641387626
202.680328953
253.756248234
202.858519072
255.871083942
203.019275795
257.985468223
203.161618099
260.098974548
203.284564956
262.211176391
203.387135344
264.321647222
203.468348235
266.429960515
203.527222606
268.535689741
203.562777432
270.638408372
203.574031687
272.737689881
203.560004345
274.833107739
203.519714384
276.924235419
203.452180776
279.010646393
203.356422497
281.091914133
203.231458523
283.16761211
203.076307827
285.237313798
202.889989386
287.300592668
202.671522173
289.357022193
202.419925165
291.406175844
202.134217335
293.447627093
201.813417659
295.480949413
201.456545111
297.505716276
201.062618668
299.521501165
200.630657337
301.528027311
200.160151303
303.52554386
199.652245492
305.514415345
199.108447894
307.495006298
198.530266495
309.467681253
197.919209285
311.432804741
197.27678425
313.390741298
196.604499381
315.341855454
195.903862663
317.286511744
195.176382087
319.225074701
194.423565639
321.157908856
193.646921309
323.085378745
192.847957083
325.007848898
192.028180951
326.92568385
191.189100901
328.839248133
190.33222492
330.74890628
189.459060997
332.655022825
188.57111712
334.5579623
187.669901278
336.458089238
186.756921457
338.355768173
185.833685647
340.251363636
184.901701836
342.145240162
183.962478012
344.037762283
183.017522162
345.929294533
182.068342276
347.820201443
181.116446341
349.710847548
180.163342345
351.60159738
179.210538277
353.492815472
178.259542125
355.384866357
177.311861877
357.278114569
176.369005521
359.172924639
175.432481045
361.069661102
174.503796437
362.968688489
173.584459686
364.870371335
172.67597878
366.775074172
171.779861707
368.683161533
170.897616455
370.594997951
170.030751012
372.510947959
169.180773366
374.43137609
168.349191506
376.356646878
167.537513419
378.287124854
166.747247095
380.223174552
165.97990052
382.165160505
165.236981684
384.113447246
164.519998574
386.068399308
163.830459178
388.030381224
163.169871485
389.999757528
162.539743483
391.97689275
161.94158316
393.962151426
161.376898504
395.955898088
160.847197503
397.958497269
160.353988146
399.9703135
159.89877842
-19.7030617312
39.889299226
-19.0783078686
141.007016328
-18.439889425
142.105639113
-17.7879915931
143.185402196
-17.1227995656
144.246540192
-16.4444985354
145.289287718
-15.7532736952
146.313879386
-15.0493102378
147.320549814
-14.332793356
148.309533616
-13.6039082425
149.281065406
-12.8628400901
150.2353798
-12.1097740915
151.172711413
-11.3448954396
152.093294861
-10.5683893271
152.997364757
-9.7804409467
153.885155718
-8.98123549129
154.756902358
-8.17095815358
155.612839293
-7.34979412636
156.453201137
-6.51792860238
157.278222505
-5.67554677441
158.088138013
-4.82283383523
158.883182276
-3.9599749776
159.663589909
-3.08715539429
160.429595527
-2.20456027807
161.181433744
-1.31237482171
161.919339177
-0.410784217975
162.643546439
0.50002634036
163.354290147
1.41987166053
164.051804915
2.34856654976
164.736325358
3.28592581529
165.408086092
4.23176426435
166.067321731
5.18589670417
166.714266891
6.14813794198
167.349156187
7.11830278501
167.972224233
8.09620604049
168.583705645
9.08166251565
169.183835038
10.0744870177
169.772847026
11.0744943539
170.350976226
12.0814993315
170.918457252
13.0953167578
171.475524719
14.1157614398
172.022413242
15.1426481849
172.559357437
16.1757918003
173.086591918
17.2150070933
173.6043513
18.260108871
174.112870199
19.3109119407
174.61238323
20.3672311096
175.103125007
21.428881185
175.585330146
22.4956769741
176.059233262
23.5674332841
176.52506897
24.6439649222
176.983071885
25.7250866957
177.433476622
26.8106134119
177.876517796
27.9003598779
178.312430022
28.9941409009
178.741447916
30.0917712883
179.163806092
31.1930658472
179.579739166
32.2978393848
179.989481752
33.4059067085
180.393268466
34.5170826254
180.791333922
35.6311819427
181.183912736
36.7480194678
181.571239523
37.8674100078
181.953548898
38.9891683699
182.331075476
40.1131093614
182.704053872
41.2390477895
183.072718701
42.3667984615
183.437304579
43.4961761845
183.798046119
44.6269957659
184.155177939
45.7590720128
184.508934651
46.8922197325
184.859550872
48.0262537321
185.207261217
49.160988819
185.5523003
50.2962398004
185.894902738
51.4318214835
186.235303144
52.5675486755
186.573736134
53.7032361837
186.910436323
54.8386988152
187.245638326
55.9737513774
187.579576758
57.1082086774
187.912486234
58.2418855225
188.24460137
59.3745967199
188.57615678
60.5061570769
188.907387079
61.6363814006
189.238526883
62.7650844984
189.569810807
63.8920811774
189.901473465
65.0171862448
190.233749474
66.140214508
190.566873447
67.2609807741
190.901079999
68.3792998503
191.236603747
69.494986544
191.573679305
70.6078556622
191.912541288
71.7177220124
192.253424312
72.8244004016
192.59656299
73.9277056371
192.942191939
75.0274525262
193.290545774
76.1234558761
193.641859109
77.2155304939
193.996366559
78.3034911871
194.35430274
79.3871527627
194.715902267
80.46633002
195.081399755
2.3126142160966907
-35.05180520061453
2.4090985556881463
-35.809654004871774
2.503553122303501
-36.504261319240484
2.5956406481040375
-37.13766022545524
2.685218341995636
-37.711870748424694
2.772184508035309
-38.22890997609612
2.856456634075741
-38.6907935056039
2.9379659140048204
-39.099535803874794
3.0166554219516826
-39.457150328689885
3.092479381956764
-39.765649576768865
3.1654028359562716
-40.02704510527335
3.2354014777938715
-40.24334754325702
3.3024615637722974
-40.41656659736288
3.3665798615265317
-40.54871105519098
3.4277636193344563
-40.64178878711447
3.486030547041537
-40.69780674812747
3.5414088037351803
-40.71877097794001
3.593936989781241
-40.70668660167944
3.6436641417455746
-40.66355783069078
3.69064972928669
-40.591387961887655
3.7349636539217954
-40.49217937835539
3.776686249511087
-40.367933548995
3.8159082850229424
-40.220651028142676
3.8527309707350526
-40.05233145472963
3.887265970476676
-39.86497355109525
3.9196354255086874
-39.66057512023477
3.9499720033650476
-39.4411330402232
3.978419006439509
-39.208643252913944
4.005130644260845
-38.96510073332874
4.030272851746048
-38.71249940083788
4.054026563240257
-38.45283176040873
4.076610633516708
-38.18808639597453
4.0979719241329065
-37.92028186992844
2.3126142160966907
-35.05180520061453
4.043610140035298
-37.39198817658965
3.9697108674114077
-37.135350955575944
3.896974852829942
-36.88347096393819
3.82558477543256
-36.63834103630954
3.7557184455321817
-36.40195438793533
3.6875452934487782
-36.17630499916518
3.621225492363237
-35.963387710823625
3.556909666958404
-35.765198257022526
3.4947387779562575
-35.583733277038135
3.434844071335789
-35.420990321241476
3.377347055240847
-35.278967853832896
3.3223594909163126
-35.15966525399612
3.2699833926348845
-35.06508281575602
3.2203110359109246
-34.997221747987865
3.173424976264016
-34.958084172740094
3.129396900600227
-34.94965988843298
3.08817636001325
-34.97266462158922
3.049507942889278
-35.0254966369822
3.0131236764301548
-35.10630797495649
2.9787660298968603
-35.21324971584954
2.946190114555918
-35.3444718078224
2.915172483780765
-35.498122376842474
2.8855727343945716
-35.67234289719651
2.856505174170138
-35.86533313190535
4.118509705319752
-37.65138748447117
2.92224043514949
-36.28781133786008
3.018369631081896
-36.513419897260846
3.116476138302801
-36.75016683671808
3.216450016433498
-36.99618839876846
3.3181789360030507
-37.249621434275205
3.421538648874048
-37.508604148519055
3.5263906103229203
-37.771276288037775
3.6325811919020055
-38.03577920144127
3.7399413739372562
-38.300255863271325
3.848286615668144
-38.56285088330057
3.9574168043048132
-38.82171050928558
4.067116248077639
-39.074982626102525
4.177153703284887
-39.320816750582814
4.287282439909092
-39.55736402243898
4.397240364857936
-39.78277718734749
4.506750247006522
-39.995210567254
4.615520141627144
-40.192820003747734
4.723244244366725
-40.37376274549684
4.829604774003201
-40.5361971995092
4.934276683023256
-40.67828230911464
5.036941793154881
-40.798175688166694
5.137345341810999
-40.894026155725946
5.235691815442294
-40.963921482122096
5.327330214259575
-41.0065899941627
2.8282628335152538
-36.07520029216283
5.61209952002929
-40.975807751293424
5.80520551243518
-40.89860900410752
5.992985985324481
-40.78650394724606
6.1745193215799645
-40.63775614407822
6.348935448733414
-40.45062386611356
6.515353584409468
-40.223368301736116
6.672866836383662
-39.954255572500294
6.820537343810656
-39.641557345323896
6.957394829728287
-39.283550969560274
7.082436921878013
-38.87851932596169
7.194631468525984
-38.42475028190556
7.292923259060387
-37.92053520625388
7.376254809122031
-37.36416443202131
7.443650002400545
-36.75390903889936
7.494800152641858
-36.08789325963908
9.886346967608972
-34.786286268932045
12.112240460872044
-34.07519918894174
14.349486572786248
-33.19514729362513
16.57491853079506
-32.14183635770594
18.764051309382694
-30.9149793337614
20.891983043830066
-29.518648567377866
22.934396904672496
-27.961384217648973
24.868584097662676
-26.256029664165133
26.674400455801447
-24.419294196835047
28.33507328234498
-22.47107453666113
29.83779146784849
-20.43359412999164
31.174037570211397
-18.330437810349515
32.33965072568566
-16.185566399996656
33.3346385199618
-14.022390790857319
34.16277958402475
-11.862970110448014
34.831073710822864
-9.727377493408246
35.349101853149705
-7.633254019334707
35.72835548210452
-5.595550311846999
35.98158572126272
-3.6264387119412262
36.12221015577603
-1.7353680330094825
24.221050239550777
26.85453954252799
25.90477986491021
25.23426140980916
27.524142886480718
23.457346975151207
29.056454921880743
21.53016479548526
30.479616737610172
19.463261090486245
31.773078579228354
17.271278075065048
32.918787081441735
14.972609185935081
33.902030671045566
12.588799987589248
34.71210504199405
10.143733647016436
35.342737833619026
7.662666061633953
35.792238415568704
5.171193087782559
36.063369945173406
2.6942377299723326
36.16297102423374
0.25513809686716016
36.101378320281185
-2.1251004973820997
35.89171613815995
-4.4283497384228685
35.5491231131349
-6.639684829509654
35.08998105925832
-8.747502386906502
34.531199126226454
-10.743456410901478
33.889590967204526
-12.622249911311803
33.18136657642896
-14.381324030446102
-2.852262265041176
35.012024110378746
-3.236956101743786
35.696157745280395
-3.628786126230196
36.31432648090096
-4.026496058793597
36.86889953991922
-4.4287180223133475
37.36224394548536
-4.8341254258860005
37.79671206670804
-5.241454805170548
38.174639839910554
-5.6495112822436795
38.49834632303458
-6.0571703856174395
38.770133547963
-6.463378778219337
38.99228646111186
-6.867154588271774
39.167072896081535
-7.2675875748948755
39.296743560671636
-7.663839217263472
39.38353202943774
-8.055142765617347
39.4296547395662
-8.440803271851408
39.437310988231886
-8.820197608772474
39.408682931688496
-9.19277448228182
39.345935583686305
-9.558054439488046
39.25121681515419
-9.915629874104866
39.1266573544613
-10.265165029546253
38.97437078669571
-10.606396000719059
38.7964535545829
-10.93913073404859
38.59498495902848
-11.263249025631424
38.372027160458465
-11.578702516527727
38.129625181092116
-11.885514683274891
37.86980690938877
-12.18378081895517
37.59458310795706
-12.47366799423881
37.305947429465995
-12.755414970973419
37.00587645271333
-13.02933198441383
36.69632977071271
-13.29580008976447
36.37925025796244
-13.555268545910565
36.05656513642658
-13.808236500915484
35.73019344206138
-14.055500268017113
35.40194522399993
-2.852262265041176
35.012024110378746
-12.908193335463096
34.75512797623953
-11.537838670558017
34.440167273512365
-10.186798872040725
34.130687703411674
-8.8550625288687
33.82849639100856
-7.542339880940432
33.53538653800063
-6.248065624889591
33.25313627896244
-4.9713996149054935
32.98350839451364
-3.7112270959065654
32.728250216381646
-2.4661587957517668
32.48909358791342
-1.2345309660990438
32.26775484610174
-0.014405401111645233
32.06593481164016
1.1964305549927303
31.885318782162123
2.4004640074623467
31.727576525923126
3.6004565169126863
31.594362275312392
4.799444113420691
31.48731471656481
6.000735051814672
31.40804508029163
7.2076475372303435
31.357005958183997
8.423039656211614
31.332570960196065
9.64948046034786
31.332906982317695
10.889284144873074
31.356194899677234
12.144511538364156
31.400628752837243
13.41697606100496
31.464412491962023
14.70828543213048
31.545737186927667
16.019277726631373
31.6430891777757
-14.297576286368042
35.07375677104025
17.890728300640063
31.58746681877941
18.442096247068207
31.427241370697438
19.004884477609863
31.271917513900746
19.578499419322384
31.119603776234563
20.162267730371497
30.968477799508243
20.755429846054284
30.81678986443476
21.357138366880918
30.662863771301055
21.96645752214681
30.505097131381234
22.582362957196153
30.341961482013936
23.203741638628998
30.172002336228445
23.829391809660052
29.99383920409913
24.45802297030636
29.80616559958026
25.08825587177006
29.607749036514754
25.71862252295884
29.39743101485749
26.347566210247095
29.17412699211468
26.973441538645233
28.93682633048475
27.594514511970203
28.68459219560288
28.20896269715209
28.41656135300927
28.814875587836752
28.131943718285605
29.410255515810206
27.830021231057
29.993020388050013
27.510144475807383
30.561014636575237
27.171719161828527
31.11208587530848
26.814111481510682
31.643059108672503
26.437914576160576
17.351339624142014
31.75452975597007
31.767442717948313
26.410022567580363
31.357719364362367
26.755965791806126
30.922326882463096
27.07787765809235
30.460825737820073
27.37359010165543
29.9728614268966
27.640846717423354
29.45815245442924
27.87731762865474
28.916487408276964
28.08060314018446
28.34772412074443
28.24823484801522
27.751789581158903
28.37767588666915
27.1286803869545
28.466320651727813
26.478464052637094
28.51149380073019
25.801282468773138
28.51044752733147
25.097362409233767
28.460353227286845
24.36705767103689
28.35826802821279
23.6111441980554
28.200900336808466
23.6111441980554
28.200900336808466
-0.1846912777986347
-34.298749456007116
-2.778303538649155
-34.18653762171848
-5.498799381307499
-33.85559821474398
-8.313118672081686
-33.276574088357265
-11.179573921121786
-32.4261538276777
-14.049328755275141
-31.289849578421475
-16.868925027504325
-29.864321414197267
-19.58366693973268
-28.158805271311934
-22.141461533759895
-26.195305042374947
-24.496575487715006
-24.00741790548754
-26.612752265356335
-21.63792369837768
-28.465254354476812
-19.135506777950308
-30.0416161961474
-16.55112145558171
-31.34114441572524
-13.934525174066682
-32.373410470847766
-11.331399719365994
-33.15609984441149
-8.781307887863825
-33.71260189270113
-6.316549591215701
-34.069666879938865
-3.961833389232819
-34.25535761332336
-1.7345892589811633
-34.297416928253426
0.3542840154434401
-5.212147408967887
33.90091214851354
-7.761269467523334
33.409594750109335
-10.403830079508737
32.683308351370314
-13.102821644467944
31.69786096990309
-15.813588989476003
30.436306089700942
-18.48569919174429
28.891473664498115
-21.06578220842256
27.06789879287549
-23.501087806053043
24.982737981378833
-25.743312705378855
22.665396005080588
-27.7521445186821
20.155813050537702
-29.497991718013814
17.50162305953456
-30.96352310245254
14.754611556999102
-32.14387962823466
11.9670099673897
-33.04567167884951
9.188139550949728
-33.685065871095155
6.461784766921895
-34.08535786996113
3.8244874154221584
-34.27442055255336
1.3047685238198916
-34.28233820379088
-1.0768530052628975
-34.13942615679583
-3.307250640445691
0.34733070532632837
-34.50318802309994
0.38349885322159594
-34.1575823164159
0.4198798911195354
-33.88677122124028
0.45664079864269524
-33.68778431062586
0.4939710172654088
-33.557651149759096
0.5320565410011397
-33.493401527153594
0.5710734440621366
-33.49206551220263
0.6111857295153698
-33.55067347434874
0.6525444766084547
-33.666256089890965
0.6952874638969035
-33.83584434541922
0.7395389960345824
-34.05646953842697
0.7854098332735475
-34.32516327716934
0.8329971868713244
-34.63895747895742
0.8823847753733958
-34.99488436728399
0.9336429633665091
-35.38997646588999
0.9868290460913443
-35.82126658808073
1.0419878377035445
-36.28578781459285
1.099152979788414
-36.78057344531638
1.1583502241987844
-37.302656878349154
1.219607291779539
-37.8490712466683
1.2829933177411306
-38.416847964918844
1.3488949840910323
-39.00300655868509
1.4143331848138132
-39.60469033752091
0.3114123252491936
-34.92655714400644
1.6495225716371067
-40.83191202982917
1.822962086995318
-41.45116505419239
2.0012370099146892
-42.07366338556295
2.184144756871717
-42.69644726421541
2.3715004135193567
-43.31655810597181
2.563093859957064
-43.93104008097308
2.758679055869436
-44.536940508440836
2.957970473925684
-45.131309986962066
3.1606416801193404
-45.711202446130386
3.366324698340975
-46.27367516879619
3.5746097071142913
-46.81578880004315
3.785044898375702
-47.334607350049595
3.997136431603394
-47.82719819016316
4.210348464509934
-48.290632044796865
4.4241032744375275
-48.721982972570316
4.637781529694507
-49.118328330998565
4.850722864939598
-49.47674870375883
5.062227172122903
-49.79432774090884
5.271557848067005
-50.06815175684764
5.477951555613174
-50.29530852583915
5.6806572865028215
-50.47288246139473
5.879209826765361
-50.597920871396354
6.069753616955438
-50.667887573641934
1.4814388600781
-40.21885419254073
6.262207370601857
-50.650133663040066
6.26471858939226
-50.56653433254769
6.261052069523828
-50.4323018527316
6.251399325941975
-50.250018673783046
6.236013783763724
-50.02225959786384
6.215168446414452
-49.75159700241002
6.189145314325003
-49.4406021457921
6.158231859983232
-49.091845602255034
6.12271962082508
-48.707897435318586
6.082903563714922
-48.291327276660695
6.03908177276071
-47.84470436407673
5.991555289512064
-47.37059756141264
5.940628033890675
-46.87157536798688
5.886606775773259
-46.350205922191265
5.829801147590331
-45.809056999098004
5.770523703748722
-45.25069600317218
5.709090050932502
-44.67768995070864
5.64581910958475
-44.092605435943995
5.581033651737755
-43.49800856124307
5.515061496270562
-42.896464781176036
5.44823850779045
-42.29053851269393
5.38091760317991
-41.68279196332392
5.313504788837633
-41.07578044348975
5.246711437422732
-40.472019550371044
5.178136330206826
-39.87442977869222
6.253685140640755
-50.68047317975689
5.177967535894254
-38.682510070727005
5.243787774278815
-38.093941590003084
5.307838173371351
-37.522175108759114
5.370587795877441
-36.96974693882876
5.432598254917366
-36.439179459360616
5.49448479645946
-35.93298617922164
5.556906575599726
-35.453673000757846
5.620563422463476
-35.003738639544395
5.686194557699935
-34.58567479029122
5.7545780206898485
-34.20196619964102
5.826530400003207
-33.855090698197216
5.902906711655987
-33.54751921328153
5.9846003635109355
-33.28171576765121
6.072543185923621
-33.06013746690573
6.167705533808771
-32.88523447310598
6.271096491101957
-32.759449954991226
6.38376425261049
-32.685219998791865
6.506796850530634
-32.664973440121656
6.641323620847913
-32.70113152524533
6.788518440839994
-32.79610716481869
6.949607833455502
-32.9523030673042
7.125895291328732
-33.17210613614782
7.318858587131217
-33.457865055985565
7.530830973251113
-33.811733394318
-2.1603711932235115
-35.36520835280723
14.295888770101556
-32.06924454285968
16.43604943384804
-31.02684579980624
18.5391226826265
-29.817944453556407
20.58131753058865
-28.446761678298913
22.53946071941499
-26.92176799088054
24.391964502563212
-25.255513239341354
26.119728042325562
-23.46420014131749
27.70689457632335
-21.567032114163425
29.141402159452014
-19.585391531903014
30.415289982319052
-17.54192168972071
31.524750539927027
-15.459591995658258
32.46994524189989
-13.360820980197076
33.254623072096365
-11.266717605835623
33.885595880081496
-9.196481562459297
34.37212903377133
-7.166981719149646
34.72530343546083
-5.1925121658042315
34.957396403323344
-3.284709725039022
35.08131718533514
-1.4526065602084657
23.51285010995997
26.0759421878368
25.142088546329774
24.508860944673955
26.70904058617208
22.791139336221505
28.191985247889306
20.928947633831115
29.569776398713884
18.93243790447798
30.82275767055785
16.8156620701927
31.93365957615515
14.596241548805835
32.888399834663005
12.294797175724028
33.67671337595095
9.93417623514381
34.29255499697325
7.538537859320996
34.73424270032854
5.132374237282875
35.004338964479075
2.7395501340004387
35.1092953996785
0.3824366809879791
35.05890877836464
-1.9188008096613771
34.86565022706179
-4.1467234681175
34.543933457998435
-6.286934270869068
34.10938330196768
-8.328196205439667
33.578154845675385
-10.262377815920473
32.966339109215596
-12.084261128139161
32.289476192688426
-13.791251157116193
5.110273402856478
-39.28529486553967
34.616011203676464
19.26605967164238
-9.588457245281006
33.13227964023031
-9.297217946800572
32.844388415520086
-9.029772988715564
32.627648158974665
-8.784112418334331
32.47946956952336
-8.558262246713923
32.39725780971537
-8.350307264313074
32.37840575799703
-8.158396739926843
32.42029232252003
-7.9807463143727375
32.52028188022351
-7.815638750117557
32.675724053098065
-7.66142426176927
32.883953608777205
-7.5165206663744755
33.14229041252767
-7.379413442333117
33.44803940504735
-7.248655728357619
33.79849059461887
-7.122868265670547
34.19091906119837
-7.000739261372644
34.62258497351988
-6.881024111217812
35.09073362842253
-6.762544828359637
35.59259553387358
-6.644188774178019
36.12538659586616
-6.524905475219612
36.68630858851108
-6.403697065017951
37.272550566556106
-6.279580042251297
37.88129451833987
-6.151317565161889
38.50975494208626
-6.020989031046128
39.15465113981372
-9.905377061319683
33.49395283992243
-4.790796510405016
40.16827643667236
-3.6594926873613645
40.521587286734956
-2.491555587531167
40.87028562729603
-1.2866680052833317
41.21143160205051
-0.044799104714115856
41.54217040070927
1.233754013016835
41.85972611189419
2.548355920242841
42.16140018518166
3.8980294027651894
42.44457091561145
5.281454080069182
42.70669323493689
6.696965784102304
42.94529861267765
8.14255625725184
43.15799500047305
9.615873002885053
43.34246679405581
11.114219220357427
43.49647479662136
12.634553800478557
43.61785617544595
14.17349138257839
43.70452439388532
15.72730250469732
43.75446909319433
17.29191393499559
43.76575586040826
18.862909424779048
43.73652572279374
20.43553160942389
43.66499388598581
22.00468772845636
43.54944595414108
23.564972521481877
43.38822281323391
25.11082852089777
43.17961482220443
26.634373795266754
42.92329566926267
-5.885779647467388
39.81342099843292
28.74833099285803
41.91015810693821
29.334460057083504
41.159883248751925
29.888622742739244
40.37124407713614
30.41041960819547
39.54834474647811
30.89961445161879
38.69512789062097
31.35610949567615
37.81539100317653
31.779939182870635
36.91279053355612
32.17126810657874
35.990843253050826
32.530390182708686
35.052926801698504
32.85772827305345
34.10227993771727
33.153833996079584
33.142002661949164
33.41938762513905
32.1750562853768
33.65519802992668
31.204263467315542
33.862202641715214
30.232308238171953
34.04146743149994
29.261736012281176
34.1941868973646
28.29495359505168
34.32168405713787
27.334229183821577
34.4254104472555
26.381692362329687
34.50694612942863
25.43933408340129
34.567999712122514
24.509006625336724
34.610408411804826
23.592423479273492
34.63613824210847
22.691159006467416
34.64728477803857
21.806647063510553
34.646078515193096
20.940171372342235
34.63481245368979
20.092995629958125
28.130971930379303
42.61768832086673
33.72972669217779
19.42834666987693
32.86638184893559
19.584285376026372
32.02775659202217
19.73570467950151
31.215537663625184
19.884538997672394
30.43131284397964
20.03283867456861
29.676570128649303
20.182771463908864
28.952697526297413
20.336622896412564
28.260982995974757
20.49679639857166
27.60261442770235
20.66581333567683
26.97867964083423
20.8463130257434
26.390166392079664
21.041052738605856
25.837962393275916
21.25290768567487
25.32285533925375
21.484870998981904
24.845532952079736
21.740053696770673
24.406583052227177
22.021684627966636
24.00649367550568
22.333110378773483
23.645653277345502
22.677795110532713
23.32435111047289
23.059320259686615
23.04277797776882
23.4813839389152
22.801027886480313
23.94779962225539
22.599102181048067
24.462492861353155
22.43692193659274
25.029491437371178
22.314377527050397
25.65288597461455
22.231675593535954
26.336554249996823
-4.755788163208081
-35.11050618371465
-4.755788163208081
-35.11050618371465
-7.444593572086319
-34.64019618992401
-10.194140878247879
-33.93294353993491
-12.965723758312208
-32.97355262863124
-15.716124274792719
-31.754820158666405
-18.399814160833216
-30.27890361913353
-20.971613713276497
-28.55795132342459
-23.389505131913353
-26.613835033947566
-25.617243950910222
-24.476968314918594
-27.626433535459824
-22.184348889268648
-29.397820627334028
-19.777090480985066
-30.921709078157164
-17.29777653965354
-32.19753599794467
-14.787962712660317
-33.23277330825192
-12.28608740699471
-34.0413857319914
-9.825946416287223
-34.64208944835093
-7.435778653404611
-35.05662487005094
-5.137919642277609
-35.3082006695455
-2.94892031243333
-35.42020273029405
-0.880002315250465
-12.397480153291099
33.191379172591326
-14.805272015975305
32.18958039588205
-17.23939230417119
30.954297254385523
-19.662385983474906
29.47466272863568
-22.03279605106428
27.747451481211414
-24.307185515151957
25.77839983129215
-26.442642432502566
23.582871468860418
-28.399506869301717
21.185683258050943
-30.143983406781246
18.620027655770883
-31.650293457585548
15.925579725042752
-32.90208737559681
13.146018859661268
-33.892962456108705
10.326289821556514
-34.62608555632417
7.509951036863981
-35.11305812264544
4.736909837193252
-35.37225526650141
2.0417450603440557
-35.42690540826288
-0.5473013100383923
-35.30315780589984
-3.0086898247757006
-35.028329451216166
-5.327410382825633
-34.629451675089484
-7.494414067331576
-34.132168430277744
-9.505800533207434
9.996936964263284
-33.65813620225276
21.17714856393143
-29.564073541944182
21.328816687715566
-29.988226702975794
21.46294415743595
-30.39267923043616
21.580074958397155
-30.777747210634942
21.68074618834785
-31.143751137788584
21.76548843879581
-31.491015638567603
21.834825889822657
-31.819869403687576
21.88927634107684
-32.130645165405824
21.929351223627442
-32.42367968893339
21.955555604647728
-32.699313768754735
21.96838818895578
-32.95789222694498
21.96834131959595
-33.19976391337909
21.955900976791863
-33.4252817054755
21.931546776621758
-33.63480250894847
21.89575196922953
-33.828687259191156
21.848983435789854
-34.00730092222895
21.791701685244206
-34.17101249717527
21.724360849139288
-34.32019501826251
21.64740867559025
-34.45522555906649
21.5612865199867
-34.576485236823004
21.4664293326745
-34.68435921977877
21.363265640574618
-34.77923673697529
21.252217520089303
-34.861511093291114
21.13370055540087
-34.93157969253622
21.008123771772663
-34.98984407398373
20.875889524842165
-35.03670997349957
20.737393307033958
-35.07258743024073
20.593023388358517
-35.097890984750705
20.443160098101217
-35.113040074647586
20.28817424513921
-35.11845990542551
20.12842316899527
-35.11458362703351
19.96423889352242
-35.1018588634434
19.79588074199895
-35.080773830048514
19.62320364482529
-35.05204015617599
19.45011560219674
-35.01413601869751
21.00738623877876
-29.119909998297928
18.914340122844763
-34.96218412569931
18.55275876362889
-34.949197572467966
18.19041656176439
-34.930195902185886
17.8278041702261
-34.905565034526916
17.465325374444564
-34.87573619760525
17.10334735313288
-34.84115822517052
16.74221324283502
-34.80229063110582
16.382246325514426
-34.759601301326626
16.023751702552794
-34.713565570158806
15.667017055266804
-34.66466580172238
15.312313023735307
-34.61339118000828
14.959893409736988
-34.5602375965569
14.609995291257398
-34.50570758691103
14.262839089026137
-34.450310292671475
13.9186286053965
-34.39456143840749
13.577551046024105
-34.33898331814987
13.239777028909934
-34.284104787198686
12.905460583191282
-34.2304612588201
12.574739136797849
-34.17859470442016
12.24773349019668
-34.129053658738655
11.924547768481474
-34.082393230468085
11.605269337260737
-34.03917512245033
11.289968652240127
-33.99996766952057
10.97869897686624
-33.96534590982154
10.671495815188543
-33.93589172865421
10.368375662041935
-33.91219417613533
10.069332876772876
-33.89485026328995
9.77433030191444
-33.8844673499224
9.48326173616087
-33.881672699374406
9.195689240415945
-33.88718036000387
8.914392408417022
-33.900887517478
19.274231289038052
-34.969008872811855
8.674475037186909
-33.840191289499444
8.71393913196352
-33.76762467199447
8.756084118723429
-33.70670452103056
8.801190711375625
-33.65793469688296
8.84948715773426
-33.62183232199797
8.90118919005753
-33.598917609561965
8.95651001422064
-33.58971131982756
9.015663641478604
-33.59473391221843
9.078866223210333
-33.61450520470291
9.146336660547774
-33.649544218864975
9.218296912433559
-33.700369100859746
9.294972165825214
-33.76749707767917
9.376590938599271
-33.851444430830014
9.463385148408193
-33.95272647756198
9.555590165715842
-34.0718575565721
9.65344486171385
-34.209351014404604
9.757191659598561
-34.36571919039227
9.867076597878864
-34.541473397710405
9.983349417056743
-34.737123896701604
10.106263687772355
-34.95317985554871
10.23607701137999
-35.190149288315894
10.373051350901491
-35.44853895263094
10.517453607479084
-35.72885417102884
10.669556688780915
-36.03159849958155
10.82964164445805
-36.35727306682847
10.99800236209181
-36.70637511772563
11.174957306315662
-37.07939437543706
11.36088473494469
-37.47680212637118
11.556363562539161
-37.89900756051301
11.763159404508258
-38.34605215404889
18.87617990178526
-29.962100547926497
20.484906640454227
-35.08461536388714
23.374414710077374
-33.22948046932646
26.209254396016405
-31.042496988884864
28.92666487027185
-28.527349943221367
31.46306713810722
-25.702860571597654
33.75874473611137
-22.603291555481576
35.76256702972688
-19.276940492316783
37.436022998519874
-15.783086433087874
38.75592501718927
-12.187695079958075
39.71540073548749
-8.558538410246854
40.32313737534649
-4.96046646082462
40.60116836808936
-1.4514690648068438
40.58170749332365
1.9200656828220701
40.3036021054632
5.1167658363984
39.80891124536657
8.112473159188824
39.139967758995724
10.891490215980838
38.33711410715652
13.447204811219763
37.437153530630326
15.780404647031219
-11.27215424647602
39.03204035076419
-8.274291346098778
39.775592239712864
-5.050525279490046
40.311956411234405
-1.6283950074642348
40.594457318699284
1.9519693737629353
40.5801854463964
5.638484202324918
40.23393009886263
9.369218337347874
39.53200454122123
13.075925079474757
38.4653326856274
16.68864808782712
37.04120219837222
20.14078046824777
35.28329062644073
23.373821891291044
33.229897464395435
26.341131955141122
30.930670904813468
29.01020316274372
28.442393495561618
31.363296207397042
25.82450941077306
33.39659158186484
23.135023363164038
35.1182322269149
20.427222046977136
36.54572592956326
17.747437887798867
37.70315455589623
15.133861762096046
38.61853996385382
12.616259602602383
39.32158980723773
10.216369723701717
8.637079010754412
-33.923984972946016
-12.21501212266572
32.805934968017795
-35.79101237286085
3.462506622133077
-35.734257274691004
4.303954388171121
-35.64081918822971
5.160900265389614
-35.51226674361238
6.03174170848024
-35.35013912434356
6.914920268871526
-35.15594583208078
7.808924793515416
-34.931166628535365
8.712292224249524
-34.67725151662685
9.623607863900247
-34.395620733592075
10.541505482401305
-34.08766474830008
11.464667364638785
-33.75474426031854
12.39182433390684
-33.398190200830456
13.321755764373336
-33.019303733051515
14.253289587451178
-32.61935625376905
15.185302295200131
-32.199589395623434
16.116718941949614
-31.761215029175755
17.04651314424595
-31.30541526673142
17.973707080202928
-30.833342466203078
18.897371487314643
-30.346119237668248
19.81662565974861
-29.844838450989094
20.730637443478344
-29.330563247678434
21.638623229837577
-28.804327057282347
22.539847945523178
-28.26713362217371
23.433625037823816
-27.71995703561079
24.319316451784943
-27.163741802165497
25.19633259349959
-26.599402938501207
26.0641322692328
-26.02782614935742
26.922222578881303
-25.449868154162402
27.770158718290872
-24.866357339697203
28.60754358375806
-24.278095195964212
29.43402690243761
-23.685859905280783
30.249303058405587
-23.090417109113165
31.053104571174345
-22.492562974364986
31.8451760096508
-21.89342565700912
32.62509139170791
-21.290417475695136
33.39470600786561
-35.80948805513712
2.638181215003101
-20.403087861061447
34.135288568840764
-20.118369747149835
34.111405414956295
-19.832371220616782
34.08154467249281
-19.545368384242366
34.04620284796752
-19.25768948003481
34.00584342517354
-18.969669209071878
33.960924534497565
-18.681637312057717
33.91190586995566
-18.393914763570653
33.859250994774214
-18.10681225012636
33.80342826273983
-17.820629479682736
33.74491123761598
-17.535654836830734
33.684178901613876
-17.252165198450164
33.621715767580554
-16.970425829880845
33.55801194278439
-16.690690324263773
33.49356316616348
-16.413200567016897
33.42887083062564
-16.138186716394316
33.36444199670825
-15.865867194939058
33.30078939943499
-15.596448690593801
33.23843145083853
-15.330126167471246
33.17789223753471
-15.067082889659158
33.11970151363661
-14.8074904640321
33.064394685584034
-14.551508915582978
33.01251278460509
-14.299286822630773
32.96460241723082
-14.05096157023798
32.92121567134657
-13.806659859180677
32.882909926889056
-13.566498827622851
32.850247438231094
-13.330588857452927
32.823794289881874
-13.099041994502858
32.8041172610163
-12.872005632341107
32.79177128425343
-12.64989830061814
32.78721165142912
-12.43022458734476
32.79197995050549
-20.686621364745914
34.15247091854067
-12.185562726940283
32.74162607198792
-12.160601105102856
32.6877952099596
-12.139941607024348
32.645108114732466
-12.123699516195742
32.61411846827846
-12.11204004738422
32.59536136044093
-12.105142487849598
32.589366640749176
-12.10319123101442
32.5966622566269
-12.106372786125668
32.61777536734246
-12.114874579730873
32.65323278961537
-12.128884408595802
32.703561201833764
-12.148590162784075
32.76928724682057
-12.174179672564073
32.85093758880652
-12.205840615845268
32.94903894828184
-12.243760455489372
33.06411812475022
-12.288126391002457
33.196702014854
-12.339125314368886
33.34731762871377
-12.39694376236389
33.516492107533935
-12.461767857349507
33.70475274553297
-12.533783225682164
33.91262701977945
-12.613174877063358
34.14064263470965
-12.700127015390308
34.389327591736475
-12.794822726545128
34.659210304238854
-12.897443434276454
34.950819797661836
-13.00816789152583
35.264686080325134
-13.127170165040297
35.60134088569731
-13.254615202041549
35.96131930291952
-13.390647748527584
36.34516385432045
-13.535359104844261
36.7534367270699
-13.688654148695164
37.186768699518296
-13.8493204968061
37.64620162555585
16.89386188843866
-31.122902618858973
16.89386188843866
-31.122902618858973
14.7795108013872
-32.180797028667556
12.54525656933374
-33.11576927293413
10.207094316766453
-33.90948042269673
7.78454786130127
-34.54617853719466
5.300081839503893
-35.01352266515296
2.778293678960072
-35.30323952786868
0.24494471480310764
-35.411546690526094
-2.274089269952917
-35.339300430553294
-4.753858082583957
-35.0918576062777
-7.171281073279022
-34.67867305270849
-9.505923676812145
-34.11268168847536
-11.740559069865444
-33.40953321517108
-13.861494965767466
-32.58675488971896
-15.858671782422658
-31.66291468304854
-17.72555950263845
-30.656845520161454
-19.458894353790495
-29.58697462493656
-21.05830258537117
-28.47078378182745
-22.52585812543288
-27.324409465558247
-35.41033736368159
0.3816342737152638
-35.36057660324194
-1.9150089333676306
-35.15398976246196
-4.270203825268624
-34.779883507815725
-6.663132905127071
-34.23101667379005
-9.070564172493732
-33.5042003013759
-11.46761523133307
-32.6006915297517
-13.82868571884525
-31.5263296323723
-16.128489601931832
-30.291388880412963
-18.34310215378558
-28.910154693933453
-20.45093133579634
-27.400261118283044
-22.433531322075126
-25.78185336439991
-24.276195625039776
-24.076654673920093
-25.96829483507574
-22.30702020022358
-27.50335409937189
-20.495052665156
-28.8788928662631
-18.661838120020295
-30.09607009080716
-16.826839197819023
-31.15918996924279
-15.00746180924752
-32.07512629706383
-13.218792500132427
-32.85271924463882
-11.47348958665577
-33.50218908718534
14.765956489582734
-37.84875380045929
3.558998876999394
3.580475386840408
3.599775267604148
3.61706808346432
3.6325034857962155
3.6462143875233406
3.6583195505099004
3.6689257163855284
3.678129376859752
3.686018256690735
3.692672565894298
3.6981660653671917
3.702566980628904
3.705938791267872
3.7083409181050424
3.7098293258089092
3.7104570552311467
3.7102746971505103
3.7093308168929777
3.7076723375328693
3.70534488806337
3.702393121628959
3.698861008004356
3.694792103633234
3.6902298018307125
3.6852175650889696
3.6797991408708643
3.6740187617698923
3.6679213303486438
3.6615525886303364
3.654959271589062
3.6481892431840746
3.6412916303382095
3.558998876999394
3.627269782580269
3.6202506104214476
3.613314222281509
3.606516984214903
3.599916726316707
3.5935726714097807
3.5875453256908747
3.5818963287881287
3.5766882609753066
3.5719844060295647
3.5678484688586396
3.5643442479971186
3.5615352641758324
3.5594843474928424
3.558253187042348
3.5579014697800955
3.5584502968598137
3.559852167894073
3.562050598895926
3.5649876029880057
3.56860413137568
3.572840486203125
3.5776367021220747
3.5829328475849254
3.634316873455399
3.5947139431773625
3.6010849637816342
3.607725561324423
3.61457996474259
3.6215937047431446
3.6287136892346052
3.6358882465472195
3.643067139258174
3.6502015513182355
3.6572440509747457
3.6641485318787548
3.670870134566373
3.67736515022807
3.6835909084740006
3.689505650442244
3.695068388339436
3.700238752117943
3.704976823711944
3.709242958819764
3.7129975958277512
3.7162010508429257
3.7188132960507683
3.7207937054719484
3.7221011868332106
3.588669459228149
3.7222741508051844
3.7210695959757647
3.7190313820254377
3.716109316344582
3.712250259346022
3.7073976300784595
3.701490839571442
3.6944646428117713
3.686248393634406
3.6767651821501297
3.665930829023756
3.6536527040180737
3.6398283266608358
3.624343690301358
3.607071184334997
3.588060582949005
3.588060582949005
3.588060582949005
3.588060582949005
3.588060582949005
3.5880605829490055
3.588060582949005
3.588060582949005
3.5880605829490055
3.588060582949005
3.588060582949005
3.5880605829490055
3.588060582949005
3.588060582949005
3.588060582949005
3.588060582949005
3.588060582949005
3.588060582949004
3.588060582949006
3.5880605829490047
3.5880605829490055
3.588060582949005
3.5880605829490055
3.588060582949005
3.5880605829490055
3.5880605829490055
3.5880605829490055
3.588060582949005
3.5880605829490055
3.5880605829490055
3.5880605829490055
3.588060582949006
3.5880605829490055
3.5880605829490055
3.588060582949005
3.5880605829490055
3.5880605829490055
3.5880605829490055
3.588060582949005
3.588060582949006
3.558998876999394
3.5791377480951145
3.5971802846477976
3.6132966222442775
3.627637001781807
3.640334896294875
3.6515095907638013
3.661268310399421
3.669707989587059
3.6769167538817324
3.682975171431707
3.6879573179363008
3.69193168981729
3.694961993180087
3.697107830573921
3.698425303283829
3.6989675434232954
3.6987851875153046
3.6979268010298734
3.6964392615828787
3.6943681071844434
3.691757854629099
3.6886522922118297
3.6850947500826607
3.681128350843253
3.6767962423247846
3.672141813933536
3.667208897448912
3.662041952609047
3.656686237548314
3.651187963890704
3.6455944391897934
3.6399540941068684
3.558998876999394
3.6129373410480032
3.592408139634099
3.5728640512998657
3.554440830946944
3.537273874423573
3.5214967180701127
3.507239420698676
3.494626879613804
3.4837771406790443
3.4747997687731074
3.467794346730967
3.462849167562293
3.460040175960605
3.4594302014588862
3.461068508049092
3.4649902870392153
3.4711807605657987
3.479546146219269
3.4899744932829826
3.5023445553270114
3.51652772682298
3.532389983908465
3.5497937309518885
3.568600406152287
3.634316873455399
3.5918770154154216
3.5956327359259856
3.599883405020301
3.604576694535976
3.609661279049361
3.615086899289345
3.6208043926743025
3.626765695389555
3.6329238191138025
3.6392328050743843
3.6456476579360277
3.6521242617973204
3.6586192802694404
3.6650900423848927
3.671494415702103
3.6777906676929364
3.6839373160918845
3.689892968576287
3.6956161516699084
3.7010651282757663
3.7061977022916817
3.7109710052935845
3.715341229934532
3.719264264733723
3.588669459228149
3.7211466762581265
3.7189529636481957
3.7160648780360677
3.712433155961562
3.708005450371744
3.7027258202329634
3.6965341584362594
3.6893655411487614
3.6811494813994723
3.6718090662281195
3.6612599518956537
3.649409185484923
3.636153814268043
3.621379241803297
3.6049573646226536
3.6049573646226536
3.535123392225407
3.535123392225407
3.535123392225407
3.535123392225407
3.535123392225407
3.535123392225407
3.535123392225407
3.535123392225407
3.535123392225407
3.535123392225407
3.535123392225407
3.535123392225407
3.5351233922254064
3.535123392225407
3.535123392225407
3.535123392225407
3.5351233922254064
3.535123392225407
3.535123392225407
3.535123392225407
3.535123392225407
3.535123392225407
3.535123392225407
3.535123392225407
3.535123392225407
3.535123392225407
3.5351233922254064
3.535123392225407
3.535123392225407
3.5351233922254064
3.535123392225407
3.535123392225407
3.535123392225407
3.535123392225407
3.535123392225407
3.535123392225407
3.535123392225407
3.535123392225407
3.535123392225407
3.5411023921517324
3.531047613765535
3.5231014672579684
3.5172271500142918
3.5133732180850084
3.511474607359251
3.5114539076877924
3.513222835245925
3.5166838428851657
3.5217318070842962
3.528255732477328
3.536140420532193
3.5452680566220054
3.5555196788789796
3.5667765018057183
3.578921077107552
3.5918382828502153
3.6054161396274984
3.619546458551724
3.6341253305357686
3.6490534691961436
3.664236416873149
3.6795847947220577
3.553287237289189
3.710279262399777
3.7254821110310004
3.740551912661239
3.755422432124428
3.7700314033370175
3.7843202296536305
3.798233664433444
3.8117194796866913
3.8247281276277327
3.837212398387305
3.8491270760040446
3.8604285938755774
3.8710746899118753
3.881024060984253
3.890236015414747
3.898670121701937
3.906285850939758
3.9130422097667297
3.9188973598582186
3.92380821905608
3.9277300370072767
3.9306159245844516
3.932416736498142
3.6950138235275904
3.9325270400291488
3.9309061205750506
3.9282794156941336
3.9246900615521803
3.920178986861906
3.9147853056761033
3.9085466806045264
3.901499662372373
3.8936800106575498
3.8851230004102146
3.875863717171205
3.8659373444245486
3.855379445459437
3.8442262418006488
3.8325148897694294
3.8202837563527408
3.8075726950015376
3.7944233215603598
3.780879289926627
3.7669865664273443
3.752793701259072
3.738352094505619
3.7237162533704424
3.7089440356158554
3.6940969018049907
3.9330964001200583
3.6642672404628662
3.649440938806238
3.6348385866235824
3.62054179001881
3.606636273578651
3.5932117462984627
3.5803616684951867
3.568182910289997
3.556775291644684
3.5462409955837915
3.5366838489930026
3.5282084692653335
3.5209192797472353
3.514919402718161
3.510309445000381
3.5071861980422083
3.5056412812291557
3.5057597634351665
3.5076188031131115
3.5112863509042516
3.5168199601254706
3.524265748711747
3.5336575479881684
3.5450162216770966
3.5675908888962637
3.5585252440652746
3.5585252440652746
3.558525244065275
3.5585252440652746
3.558525244065275
3.558525244065274
3.558525244065275
3.5585252440652755
3.5585252440652755
3.558525244065275
3.558525244065274
3.558525244065275
3.558525244065274
3.558525244065274
3.5585252440652746
3.5585252440652755
3.558525244065274
3.5585252440652746
3.558525244065275
3.5585252440652746
3.5585252440652746
3.5585252440652755
3.5585252440652746
3.558525244065274
3.5585252440652746
3.5585252440652755
3.558525244065274
3.5585252440652746
3.5585252440652746
3.558525244065274
3.5585252440652746
3.558525244065274
3.5585252440652746
3.558525244065275
3.5585252440652746
3.558525244065274
3.5585252440652755
3.558525244065275
3.679240032073789
3.679240032073789
3.540722538931719
3.530320627678737
3.5220601747417106
3.5159044508946793
3.5118020743492258
3.5096880349578203
3.509484969067192
3.5111046321041908
3.51444950900133
3.5194145011701488
3.5258886310322124
3.533756710693608
3.5429009290091393
3.553202320427001
3.5645420885861547
3.576802767122818
3.5898692087721202
3.603629401401494
3.6179751156439033
3.632802393068623
3.648011884563457
3.6635090245201463
3.679204900003292
3.5532872372891897
3.7001398757439086
3.7058962335742174
3.712258056197388
3.7192028264428294
3.7267096470090535
3.7347583300647877
3.7433284563949827
3.752398445945024
3.7619446676758064
3.771940612640687
3.7823561510706223
3.7931568905374284
3.804303647610976
3.81575204025943
3.827452202346477
3.8393486157967587
3.851380050198411
3.863479594417673
3.8755747600523653
3.8875876319573797
3.899435031549098
3.911028586253867
3.922276974794061
3.6950138235275904
3.9283394372790155
3.9228345754754144
3.916635092088857
3.909791069882474
3.902349855242532
3.8943564207824024
3.88585369345446
3.876882860426046
3.867483659287532
3.8576946575394593
3.8475535253597464
3.8370973050498507
3.8263626799125006
3.81538624481837
3.8042047801437504
3.79285553029802
3.7813764874231675
3.769806680351159
3.7581864682253143
3.746557837508189
3.7349647003822968
3.723453191618319
3.7120719598111784
3.7008724446259853
3.689909238893772
3.933096400120059
3.6616365500982853
3.6443761652319844
3.6275396505334254
3.6112117206720002
3.595480960849365
3.58043967609792
3.566183645741696
3.5528117712181957
3.540425606841597
3.5291287650887573
3.5190261908283937
3.510223302811482
3.502825005419742
3.4969345794427293
3.4926524670083725
3.4900749725314832
3.489292908456943
3.4903902208519297
3.4934426352605716
3.4985163671422748
3.5056669433638548
3.5149381825504755
3.526361391071426
3.5399549508805097
3.567590888896263
3.567590888896263
3.567590888896263
3.567590888896263
3.5675908888962637
3.5675908888962633
3.5675908888962637
3.5675908888962633
3.5675908888962637
3.5675908888962633
3.567590888896263
3.5675908888962637
3.5675908888962633
3.567590888896263
3.5675908888962633
3.5675908888962633
3.567590888896263
3.5675908888962637
3.5675908888962633
3.5675908888962637
3.5675908888962637
3.5675908888962633
3.5675908888962637
3.5675908888962633
3.5675908888962633
3.5675908888962637
3.5675908888962637
3.5675908888962633
3.5675908888962633
3.5675908888962633
3.5675908888962637
3.5675908888962637
3.5675908888962633
3.5675908888962633
3.5675908888962637
3.5675908888962633
3.5675908888962637
3.5675908888962637
3.5675908888962633
3.5675908888962633
3.558525244065275
3.593641875128381
3.605487567011901
3.6165012763532167
3.6267243485395557
3.6361950262037683
3.6449487735501616
3.6530185613913773
3.660435118609792
3.6672271548168154
3.6734215582030014
3.679043571952144
3.6841169521054473
3.6886641092450194
3.6927062361187906
3.6962634229697975
3.6993547620612057
3.7019984427648915
3.704211838286541
3.706011585080314
3.7074136557339856
3.7084334261356853
3.70908573752292
3.7093849540114077
3.709345016091055
3.7089794905169966
3.708301616991054
3.7073243519556125
3.7060604097908545
3.704522301644429
3.702722372085332
3.7006728336261006
3.6983857987715663
3.695873307164654
3.693147325079083
3.690220378824719
3.580919381845869
3.6826237900761165
3.678028581272084
3.67333075387208
3.6685430189735535
3.663678189337912
3.6587492106704347
3.653769183284838
3.648751380682168
3.64370926627566
3.6386565086063003
3.633606995012654
3.6285748437589085
3.6235744145202533
3.6186203170973594
3.6137274182484247
3.6089108465192603
3.604185994892398
3.5995685211359114
3.5950743456690533
3.5907196468182714
3.5865208532688952
3.58249463357017
3.578657882551526
3.5750277044734187
3.5716213927560023
3.5684564060839223
3.5655503405431954
3.5629208966817085
3.5605858364869394
3.5585628851744464
3.5568708693667026
3.687103671104167
3.5534690510157296
3.5517371813785
3.550348017137693
3.549319011172514
3.54866731360513
3.548409707345906
3.5485625434405668
3.5491416756492966
3.550162394524071
3.5516393615687463
3.553586544023069
3.5560171509373477
3.5589435711980055
3.562377314134038
3.5663289534149967
3.5708080748652775
3.57582322882456
3.581381887642854
3.587490408834424
3.594154004381644
3.601376716580247
3.6091614007536688
3.6175097150617166
3.6264221175407743
3.635897870437699
3.645935051677265
3.656530573221815
3.6676802054948987
3.679378604775932
3.691619319451487
3.567061867121083
3.704435447003553
3.704435447003553
3.704435447003553
3.7044354470035534
3.7044354470035534
3.7044354470035534
3.704435447003553
3.7044354470035534
3.7044354470035534
3.704435447003553
3.704435447003553
3.7044354470035534
3.7044354470035534
3.7044354470035534
3.7044354470035534
3.704435447003553
3.7044354470035534
3.704435447003553
3.7044354470035534
3.7044354470035534
3.704435447003553
3.7044354470035534
3.704435447003553
3.7044354470035534
3.7044354470035534
3.7044354470035534
3.704435447003553
3.7044354470035534
3.704435447003553
3.704435447003553
3.7044354470035534
3.7044354470035534
3.7044354470035534
3.7044354470035534
3.7044354470035534
3.7044354470035534
3.7044354470035534
3.704435447003553
3.555525944244481
3.5555259442444815
3.5823545895025184
3.5833110118757325
3.5838671520353613
3.5840984625504015
3.5840774452508724
3.5838736867231336
3.5835538283773634
3.5831814793351358
3.582817081687225
3.58251773833362
3.582337014216951
3.5823247222875416
3.582526705769318
3.5829846284590716
3.583735784444314
3.584812937925795
3.5862442028268573
3.588052970262586
3.5902578902254962
3.5928729115773756
3.595907382281957
3.5993662093524033
3.6032500758002812
3.60755570976945
3.612276199286589
3.6174013447203217
3.622918040101816
3.628810674033076
3.635061540937685
3.641651254000475
3.648559152452104
3.655763699323923
3.6632428805823043
3.670974754438659
3.678933773170568
3.5809193818458693
3.6830657606834323
3.6788854807180087
3.6745751005516
3.6701470661901916
3.665613967184192
3.6609885491821257
3.6562837311212952
3.6515126224830454
3.646688539623018
3.6418250209148417
3.6369358404683627
3.632035020348226
3.627136841158206
3.622255850847277
3.6174068716178986
3.6126050048128806
3.607865633599725
3.6032044233323015
3.598637319407179
3.594180542489465
3.589850580916442
3.585664180142654
3.581638329096462
3.577790243297298
3.57413734463717
3.570697237780835
3.567487683308321
3.5645265682047134
3.561831877254683
3.55942169728815
3.5573133501323833
3.687103671104167
3.553508771138715
3.551814040301898
3.5504594513073124
3.5494624601440297
3.548840217639934
3.548609506754241
3.54878667836119
3.549387585974698
3.550427519884011
3.5519211413404372
3.553882417354848
3.556324556779808
3.5592599483396437
3.562700101239929
3.566655589067776
3.57113599760817
3.576149877206563
3.581704700266491
3.5878068244069605
3.594461461771326
3.6016726548803093
3.6094432593590455
3.617774933767772
3.626668136682656
3.6361221311107133
3.646134996135101
3.656703645718814
3.6678238544588075
3.6794902902939275
3.691696557819902
3.567061867121083
3.567061867121083
3.567061867121083
3.567061867121083
3.5670618671210828
3.567061867121083
3.567061867121083
3.567061867121083
3.567061867121083
3.567061867121083
3.5670618671210828
3.567061867121083
3.567061867121083
3.567061867121083
3.567061867121083
3.567061867121083
3.567061867121083
3.567061867121083
3.567061867121083
3.567061867121083
3.5670618671210828
3.5670618671210828
3.567061867121083
3.567061867121083
3.567061867121083
3.567061867121083
3.5670618671210828
3.5670618671210828
3.567061867121083
3.567061867121083
3.567061867121083
3.567061867121083
3.567061867121083
3.567061867121083
3.567061867121083
3.567061867121083
3.567061867121083
3.5670618671210828
3.567061867121083
3.567061867121083
3.7044354470035534
16.77206059464895
0.0
0.0
0.0
0.0
0.0
0.0
0.0
0.0
0.0
0.0
0.0
0.0
0.0
0.0
0.0
0.0
0.0
0.0
0.0
0.0
0.0
0.0
0.0
0.0
0.0
0.0
0.0
0.0
0.0
0.0
0.0
0.0
16.77206059464895
0.0
0.0
0.0
0.0
0.0
0.0
0.0
0.0
0.0
0.0
0.0
0.0
0.0
0.0
0.0
0.0
0.0
0.0
0.0
0.0
0.0
0.0
0.0
0.0
0.0
0.0
0.0
0.0
0.0
0.0
0.0
0.0
0.0
0.0
0.0
0.0
0.0
0.0
0.0
0.0
0.0
0.0
0.0
0.0
0.0
0.0
0.0
0.0
0.0
0.0
0.0
0.0
0.0
0.0
0.0
0.0
0.0
0.0
0.0
0.0
0.0
0.0
0.0
0.0
0.0
0.0
0.0
0.0
0.0
0.0
0.0
0.0
0.0
0.0
0.0
0.0
0.0
0.0
0.0
0.0
0.0
0.0
0.0
0.0
0.0
55.22042995324045
59.78964500300627
64.58732080526073
64.58732080526053
69.62488039762755
74.91431796961234
74.91431796961263
80.46822742019717
0.0
0.0
0.0
0.0
0.0
0.0
0.0
0.0
0.0
0.0
0.0
0.0
45.38603506870672
46.309324375692924
51.33482662060765
47.918526557483354
48.61064719050457
49.23183560673324
49.785071692853144
46.02643375380057
50.699374473059116
51.06617481368595
47.03644558992885
51.633098004939626
51.83871546725435
51.9960407523383
47.705915192722586
52.17643135962885
52.204731187003866
43.58675454668806
52.15042777295442
56.69173201554673
43.3946529269715
56.426955194653644
56.2519895872091
60.847282521508724
60.60641590875278
60.344430223058104
60.064214022769924
46.30067155034375
64.38069719199169
64.03681421402773
49.76906205062108
63.330455419711775
68.02747245768946
45.38603506870672
61.29567241166314
42.96370577337306
50.10161133687625
49.18702895598644
48.34984388829049
47.59300690845438
46.919273477570115
46.33121844274766
45.831253964656646
41.72103140478556
41.429779334718845
41.22540739740282
61.25843617744214
56.791560825358246
52.65917095432458
41.31377048433111
45.25756684466589
41.91952585943543
46.11616835131827
42.886201826470575
43.49879819219979
44.19428875437621
44.97016698713016
45.82390917410792
57.834719756422004
42.940892767518854
43.102469988743216
43.286074269885155
43.48970582557145
43.711396033991164
43.94920200811974
44.201200994663466
40.5580311838839
44.7401534994893
41.06683769026647
41.33112217831229
41.59967620408521
41.87074621891237
42.142560331099986
42.41332312755125
42.681210556125485
47.081723233215484
47.362962264837506
47.63480633441025
47.89507573671434
48.14153269618308
48.37187613086898
48.583734693432234
53.2751422377019
46.752841860761244
53.375522428186954
53.25856020922744
53.10496682993959
52.912454137528556
57.351245969974464
57.04925051689978
56.69711213780209
56.292125570754976
55.83152087254972
55.312459187489154
54.732028628376284
54.087240306002855
53.3750246275354
52.592228437418285
56.16140483833132
56.16140483833132
0.0
0.0
0.0
0.0
0.0
0.0
0.0
0.0
0.0
0.0
0.0
0.0
0.0
0.0
0.0
0.0
0.0
0.0
0.0
0.0
44.315255040628344
40.57170733805054
37.00642381178583
37.006423811785815
37.006423811785815
40.571707338050466
40.57170733805048
37.006423811785844
44.315255040628415
40.57170733805049
44.315255040628394
48.245980128335205
52.3732414704273
56.70686587962404
61.25717150928063
71.05170437711634
76.31925193164756
0.0
0.0
1.2477381711721525
0.0
0.0
0.0
0.0
0.0
0.0
0.0
0.0
0.0
0.0
0.0
0.0
0.0
0.0
0.0
0.0
0.0
0.0
0.0
0.0
0.0
0.0
0.0
0.0
0.0
0.0
0.0
0.0
0.0
0.0
0.0
0.0
1.0
0.0
0.0
0.0
0.0
0.0
0.0
0.0
0.0
0.0
0.0
0.0
0.0
0.0
0.0
0.0
0.0
0.0
0.0
0.0
0.0
0.0
0.0
0.0
0.0
0.0
0.0
0.0
0.0
0.0
0.0
0.0
0.0
0.0
0.0
0.0
0.0
0.0
0.0
0.0
0.0
0.0
0.0
0.0
0.0
0.0
0.0
0.0
0.0
0.0
0.0
0.0
0.0
0.0
0.0
0.0
0.0
0.0
0.0
0.0
0.0
0.0
0.0
0.0
0.0
0.0
0.0
0.0
0.0
0.0
0.0
0.0
0.0
0.0
0.0
0.0
0.0
0.0
0.0
0.0
0.0
0.0
0.0
0.0
0.0
0.0
1.5290966785450177
1.543493465718265
1.5578902528915126
1.6010806144112546
1.615477401584502
1.6298741887577493
1.6658661566908677
1.680262943864115
0.0
0.0
0.0
0.0
0.0
0.0
0.0
0.0
0.0
0.0
0.0
0.0
1.5012737307695683
1.5281491014992086
1.5415867868640287
1.5567768999176521
1.5624244134984608
0.9294060802398902
1.5793669542408872
1.585014467821696
1.5906619814025047
1.6019570085641224
1.607604522144931
1.6132520357257398
0.9294060802398902
1.6301945764681662
1.635842090048975
0.9294060802398902
1.6527846307914014
1.65843214437221
0.9294060802398902
1.6753746851146365
1.6810221986954452
0.9294060802398902
0.9294060802398902
0.9294060802398902
0.9294060802398902
0.9294060802398902
0.9294060802398902
1.8222100382156647
0.9294060802398902
0.9294060802398902
1.825033795006069
0.9294060802398902
1.8278575517964735
1.5012737307695683
1.8321611130015616
1.8321611130015616
1.83646467420665
1.83646467420665
1.8407682354117378
1.7126557150039217
1.7090565182106097
1.705457321417298
1.705457321417298
1.7018581246239861
1.6982589278306741
1.6946597310373623
0.9280160641337631
0.9280160641337631
0.9280160641337631
1.0
1.021595180759871
1.0359919679331184
1.0503887551063658
1.0719839358662369
0.9280160641337631
1.1079759037993553
1.1223726909726026
1.13676947814585
1.8278575517964735
1.338324498571313
1.1727614460789684
1.1871582332522157
1.1943566268388395
1.201555020425463
1.2159518075987104
1.2231502011853341
1.2375469883585815
1.2447453819452052
1.2591421691184526
1.2663405627050761
1.2807373498783234
1.2879357434649472
1.3023325306381945
1.3095309242248183
1.3239277113980656
1.3311261049846892
1.3311261049846892
1.3455228921579367
1.365769480364929
1.3783681441343383
1.4035654716731565
1.4161641354425658
1.4224634673272702
1.1511662653190973
1.4602594586354978
1.4602594586354978
1.4665587905202024
1.472858122404907
1.4931047106118993
1.4791574542896115
1.4791574542896115
1.4791574542896115
1.4791574542896115
1.4859063170252758
1.4931047106118993
1.5003031041985229
1.991931380138492
1.5146998913717704
1.5290966785450177
1.5290966785450177
0.0
0.0
0.0
0.0
0.0
0.0
0.0
0.0
0.0
0.0
0.0
0.0
0.0
0.0
0.0
0.0
0.0
0.0
0.0
0.0
1.2710806518788214
1.203310488909116
1.1637778938434546
1.1242452987777931
1.0847127037121318
0.9294060802398902
1.0
1.709259766599489
1.7120835233898934
1.7177310369707022
1.7205547937611065
1.7233785505515111
1.7262023073419155
1.7290260641323199
1.7318498209227242
1.7346735777131286
1.7403210912939375
0.0
0.0
