16.77206059464895
0.0
0.0
0.0
0.0
0.0
0.0
0.0
0.0
0.0
0.0
0.0
0.0
0.0
0.0
0.0
0.0
0.0
0.0
0.0
0.0
0.0
0.0
0.0
0.0
0.0
0.0
0.0
0.0
0.0
0.0
0.0
0.0
16.77206059464895
0.0
0.0
0.0
0.0
0.0
0.0
0.0
0.0
0.0
0.0
0.0
0.0
0.0
0.0
0.0
0.0
0.0
0.0
0.0
0.0
0.0
0.0
0.0
0.0
0.0
0.0
0.0
0.0
0.0
0.0
0.0
0.0
0.0
0.0
0.0
0.0
0.0
0.0
0.0
0.0
0.0
0.0
0.0
0.0
0.0
0.0
0.0
0.0
0.0
0.0
0.0
0.0
0.0
0.0
0.0
0.0
0.0
0.0
0.0
0.0
0.0
0.0
0.0
0.0
0.0
0.0
0.0
0.0
0.0
0.0
0.0
0.0
0.0
0.0
0.0
0.0
0.0
0.0
0.0
0.0
0.0
0.0
0.0
0.0
0.0
55.22042995324045
59.78964500300627
64.58732080526073
64.58732080526053
69.62488039762755
74.91431796961234
74.91431796961263
80.46822742019717
0.0
0.0
0.0
0.0
0.0
0.0
0.0
0.0
0.0
0.0
0.0
0.0
45.38603506870672
46.309324375692924
51.33482662060765
47.918526557483354
48.61064719050457
49.23183560673324
49.785071692853144
46.02643375380057
50.699374473059116
51.06617481368595
47.03644558992885
51.633098004939626
51.83871546725435
51.9960407523383
47.705915192722586
52.17643135962885
52.204731187003866
43.58675454668806
52.15042777295442
56.69173201554673
43.3946529269715
56.426955194653644
56.2519895872091
60.847282521508724
60.60641590875278
60.344430223058104
60.064214022769924
46.30067155034375
64.38069719199169
64.03681421402773
49.76906205062108
63.330455419711775
68.02747245768946
45.38603506870672
61.29567241166314
42.96370577337306
50.10161133687625
49.18702895598644
48.34984388829049
47.59300690845438
46.919273477570115
46.33121844274766
45.831253964656646
41.72103140478556
41.429779334718845
41.22540739740282
61.25843617744214
56.791560825358246
52.65917095432458
41.31377048433111
45.25756684466589
41.91952585943543
46.11616835131827
42.886201826470575
43.49879819219979
44.19428875437621
44.97016698713016
45.82390917410792
57.834719756422004
42.940892767518854
43.102469988743216
43.286074269885155
43.48970582557145
43.711396033991164
43.94920200811974
44.201200994663466
40.5580311838839
44.7401534994893
41.06683769026647
41.33112217831229
41.59967620408521
41.87074621891237
42.142560331099986
42.41332312755125
42.681210556125485
47.081723233215484
47.362962264837506
47.63480633441025
47.89507573671434
48.14153269618308
48.37187613086898
48.583734693432234
53.2751422377019
46.752841860761244
53.375522428186954
53.25856020922744
53.10496682993959
52.912454137528556
57.351245969974464
57.04925051689978
56.69711213780209
56.292125570754976
55.83152087254972
55.312459187489154
54.732028628376284
54.087240306002855
53.3750246275354
52.592228437418285
56.16140483833132
56.16140483833132
0.0
0.0
0.0
0.0
0.0
0.0
0.0
0.0
0.0
0.0
0.0
0.0
0.0
0.0
0.0
0.0
0.0
0.0
0.0
0.0
44.315255040628344
40.57170733805054
37.00642381178583
37.006423811785815
37.006423811785815
40.571707338050466
40.57170733805048
37.006423811785844
44.315255040628415
40.57170733805049
44.315255040628394
48.245980128335205
52.3732414704273
56.70686587962404
61.25717150928063
71.05170437711634
76.31925193164756
0.0
0.0
