1.2477381711721525
0.0
0.0
0.0
0.0
0.0
0.0
0.0
0.0
0.0
0.0
0.0
0.0
0.0
0.0
0.0
0.0
0.0
0.0
0.0
0.0
0.0
0.0
0.0
0.0
0.0
0.0
0.0
0.0
0.0
0.0
0.0
0.0
1.0
0.0
0.0
0.0
0.0
0.0
0.0
0.0
0.0
0.0
0.0
0.0
0.0
0.0
0.0
0.0
0.0
0.0
0.0
0.0
0.0
0.0
0.0
0.0
0.0
0.0
0.0
0.0
0.0
0.0
0.0
0.0
0.0
0.0
0.0
0.0
0.0
0.0
0.0
0.0
0.0
0.0
0.0
0.0
0.0
0.0
0.0
0.0
0.0
0.0
0.0
0.0
0.0
0.0
0.0
0.0
0.0
0.0
0.0
0.0
0.0
0.0
0.0
0.0
0.0
0.0
0.0
0.0
0.0
0.0
0.0
0.0
0.0
0.0
0.0
0.0
0.0
0.0
0.0
0.0
0.0
0.0
0.0
0.0
0.0
0.0
1.5290966785450177
1.543493465718265
1.5578902528915126
1.6010806144112546
1.615477401584502
1.6298741887577493
1.6658661566908677
1.680262943864115
0.0
0.0
0.0
0.0
0.0
0.0
0.0
0.0
0.0
0.0
0.0
0.0
1.5012737307695683
1.5281491014992086
1.5415867868640287
1.5567768999176521
1.5624244134984608
0.9294060802398902
1.5793669542408872
1.585014467821696
1.5906619814025047
1.6019570085641224
1.607604522144931
1.6132520357257398
0.9294060802398902
1.6301945764681662
1.635842090048975
0.9294060802398902
1.6527846307914014
1.65843214437221
0.9294060802398902
1.6753746851146365
1.6810221986954452
0.9294060802398902
0.9294060802398902
0.9294060802398902
0.9294060802398902
0.9294060802398902
0.9294060802398902
1.8222100382156647
0.9294060802398902
0.9294060802398902
1.825033795006069
0.9294060802398902
1.8278575517964735
1.5012737307695683
1.8321611130015616
1.8321611130015616
1.83646467420665
1.83646467420665
1.8407682354117378
1.7126557150039217
1.7090565182106097
1.705457321417298
1.705457321417298
1.7018581246239861
1.6982589278306741
1.6946597310373623
0.9280160641337631
0.9280160641337631
0.9280160641337631
1.0
1.021595180759871
1.0359919679331184
1.0503887551063658
1.0719839358662369
0.9280160641337631
1.1079759037993553
1.1223726909726026
1.13676947814585
1.8278575517964735
1.338324498571313
1.1727614460789684
1.1871582332522157
1.1943566268388395
1.201555020425463
1.2159518075987104
1.2231502011853341
1.2375469883585815
1.2447453819452052
1.2591421691184526
1.2663405627050761
1.2807373498783234
1.2879357434649472
1.3023325306381945
1.3095309242248183
1.3239277113980656
1.3311261049846892
1.3311261049846892
1.3455228921579367
1.365769480364929
1.3783681441343383
1.4035654716731565
1.4161641354425658
1.4224634673272702
1.1511662653190973
1.4602594586354978
1.4602594586354978
1.4665587905202024
1.472858122404907
1.4931047106118993
1.4791574542896115
1.4791574542896115
1.4791574542896115
1.4791574542896115
1.4859063170252758
1.4931047106118993
1.5003031041985229
1.991931380138492
1.5146998913717704
1.5290966785450177
1.5290966785450177
0.0
0.0
0.0
0.0
0.0
0.0
0.0
0.0
0.0
0.0
0.0
0.0
0.0
0.0
0.0
0.0
0.0
0.0
0.0
0.0
1.2710806518788214
1.203310488909116
1.1637778938434546
1.1242452987777931
1.0847127037121318
0.9294060802398902
1.0
1.709259766599489
1.7120835233898934
1.7177310369707022
1.7205547937611065
1.7233785505515111
1.7262023073419155
1.7290260641323199
1.7318498209227242
1.7346735777131286
1.7403210912939375
0.0
0.0
