200.009374215 95.429220735
201.986235743 195.724412599
203.973735569 196.026696694
205.971447165 196.335091994
207.978944002 196.648617475
209.995799555 196.966292111
212.021587293 197.287134878
214.05588069 197.610164751
216.098253217 197.934400704
218.148278347 198.258861713
220.205529552 198.582566752
222.269580304 198.904534796
224.340004074 199.223784821
226.416374336 199.539335801
228.498264561 199.850206711
230.585248221 200.155416526
232.676898788 200.453984221
234.772789735 200.744928772
236.872494534 201.027269152
238.975586656 201.300024338
241.081639574 201.562213303
243.19022676 201.812855024
245.300921687 202.050968474
247.413297825 202.275572629
249.526928647 202.485686463
251.641387626 202.680328953
253.756248234 202.858519072
255.871083942 203.019275795
257.985468223 203.161618099
260.098974548 203.284564956
262.211176391 203.387135344
264.321647222 203.468348235
266.429960515 203.527222606
268.535689741 203.562777432
270.638408372 203.574031687
272.737689881 203.560004345
274.833107739 203.519714384
276.924235419 203.452180776
279.010646393 203.356422497
281.091914133 203.231458523
283.16761211 203.076307827
285.237313798 202.889989386
287.300592668 202.671522173
289.357022193 202.419925165
291.406175844 202.134217335
293.447627093 201.813417659
295.480949413 201.456545111
297.505716276 201.062618668
299.521501165 200.630657337
301.528027311 200.160151303
303.52554386 199.652245492
305.514415345 199.108447894
307.495006298 198.530266495
309.467681253 197.919209285
311.432804741 197.27678425
313.390741298 196.604499381
315.341855454 195.903862663
317.286511744 195.176382087
319.225074701 194.423565639
321.157908856 193.646921309
323.085378745 192.847957083
325.007848898 192.028180951
326.92568385 191.189100901
328.839248133 190.33222492
330.74890628 189.459060997
332.655022825 188.57111712
334.5579623 187.669901278
336.458089238 186.756921457
338.355768173 185.833685647
340.251363636 184.901701836
342.145240162 183.962478012
344.037762283 183.017522162
345.929294533 182.068342276
347.820201443 181.116446341
349.710847548 180.163342345
351.60159738 179.210538277
353.492815472 178.259542125
355.384866357 177.311861877
357.278114569 176.369005521
359.172924639 175.432481045
361.069661102 174.503796437
362.968688489 173.584459686
364.870371335 172.67597878
366.775074172 171.779861707
368.683161533 170.897616455
370.594997951 170.030751012
372.510947959 169.180773366
374.43137609 168.349191506
376.356646878 167.537513419
378.287124854 166.747247095
380.223174552 165.97990052
382.165160505 165.236981684
384.113447246 164.519998574
386.068399308 163.830459178
388.030381224 163.169871485
389.999757528 162.539743483
391.97689275 161.94158316
393.962151426 161.376898504
395.955898088 160.847197503
397.958497269 160.353988146
399.9703135 159.89877842
