-19.7030617312 39.889299226
-19.0783078686 141.007016328
-18.439889425 142.105639113
-17.7879915931 143.185402196
-17.1227995656 144.246540192
-16.4444985354 145.289287718
-15.7532736952 146.313879386
-15.0493102378 147.320549814
-14.332793356 148.309533616
-13.6039082425 149.281065406
-12.8628400901 150.2353798
-12.1097740915 151.172711413
-11.3448954396 152.093294861
-10.5683893271 152.997364757
-9.7804409467 153.885155718
-8.98123549129 154.756902358
-8.17095815358 155.612839293
-7.34979412636 156.453201137
-6.51792860238 157.278222505
-5.67554677441 158.088138013
-4.82283383523 158.883182276
-3.9599749776 159.663589909
-3.08715539429 160.429595527
-2.20456027807 161.181433744
-1.31237482171 161.919339177
-0.410784217975 162.643546439
0.50002634036 163.354290147
1.41987166053 164.051804915
2.34856654976 164.736325358
3.28592581529 165.408086092
4.23176426435 166.067321731
5.18589670417 166.714266891
6.14813794198 167.349156187
7.11830278501 167.972224233
8.09620604049 168.583705645
9.08166251565 169.183835038
10.0744870177 169.772847026
11.0744943539 170.350976226
12.0814993315 170.918457252
13.0953167578 171.475524719
14.1157614398 172.022413242
15.1426481849 172.559357437
16.1757918003 173.086591918
17.2150070933 173.6043513
18.260108871 174.112870199
19.3109119407 174.61238323
20.3672311096 175.103125007
21.428881185 175.585330146
22.4956769741 176.059233262
23.5674332841 176.52506897
24.6439649222 176.983071885
25.7250866957 177.433476622
26.8106134119 177.876517796
27.9003598779 178.312430022
28.9941409009 178.741447916
30.0917712883 179.163806092
31.1930658472 179.579739166
32.2978393848 179.989481752
33.4059067085 180.393268466
34.5170826254 180.791333922
35.6311819427 181.183912736
36.7480194678 181.571239523
37.8674100078 181.953548898
38.9891683699 182.331075476
40.1131093614 182.704053872
41.2390477895 183.072718701
42.3667984615 183.437304579
43.4961761845 183.798046119
44.6269957659 184.155177939
45.7590720128 184.508934651
46.8922197325 184.859550872
48.0262537321 185.207261217
49.160988819 185.5523003
50.2962398004 185.894902738
51.4318214835 186.235303144
52.5675486755 186.573736134
53.7032361837 186.910436323
54.8386988152 187.245638326
55.9737513774 187.579576758
57.1082086774 187.912486234
58.2418855225 188.24460137
59.3745967199 188.57615678
60.5061570769 188.907387079
61.6363814006 189.238526883
62.7650844984 189.569810807
63.8920811774 189.901473465
65.0171862448 190.233749474
66.140214508 190.566873447
67.2609807741 190.901079999
68.3792998503 191.236603747
69.494986544 191.573679305
70.6078556622 191.912541288
71.7177220124 192.253424312
72.8244004016 192.59656299
73.9277056371 192.942191939
75.0274525262 193.290545774
76.1234558761 193.641859109
77.2155304939 193.996366559
78.3034911871 194.35430274
79.3871527627 194.715902267
80.46633002 195.081399755
