69.2018057949 5.0882284554
71.5908194303 25.2643387317
73.9832678895 25.4901206156
76.379047806 25.7633100461
78.7780558134 26.0816429625
81.180188545 26.4428553041
83.5853426345 26.8446830099
85.9934147154 27.2848620194
88.4043014211 27.7611282717
90.8178993852 28.2712177059
93.2341052412 28.8128662615
95.6528156226 29.3838098775
98.073927163 29.9817844931
100.497336496 30.6045260477
102.922940254 31.2497704805
105.350635073 31.9152537306
107.780317584 32.5987117373
110.211884421 33.2978804397
112.645232219 34.0104957773
115.08025761 34.7342936891
117.516857228 35.4670101143
119.954927707 36.2063809923
122.39436568 36.9501422622
124.83506778 37.6960298632
127.276930642 38.4417797346
129.719850898 39.1851278157
132.163725182 39.9238100455
134.608450128 40.6555623634
137.053922369 41.3781207085
139.500038538 42.0892210202
141.94669527 42.7865992376
144.393789197 43.4679912999
146.841216954 44.1311331463
149.288875173 44.7737607162
151.736660488 45.3936099487
154.184469534 45.988416783
156.632198942 46.5559171583
159.079745347 47.093847014
161.527005383 47.5999422891
163.973875682 48.071938923
166.420252878 48.5075728549
168.866033606 48.9045800239
171.311114497 49.2606963693
173.755392187 49.5736578303
176.198763308 49.8412003462
178.641124493 50.0610598562
181.082372377 50.2309722994
183.522403593 50.3486736152
185.961114775 50.4118997427
188.398402555 50.4183866212
190.834163825 50.3658895559
193.268315427 50.2536663351
195.700808057 50.0835238975
198.131595691 49.8575163997
200.560632307 49.5776979984
202.987871882 49.24612285
205.413268395 48.8648451113
207.836775822 48.4359189388
210.258348141 47.9613984892
212.677939329 47.443337919
215.095503364 46.8837913849
217.510994224 46.2848130434
219.924365885 45.6484570512
222.335572325 44.9767775649
224.744567523 44.2718287411
227.151305454 43.5356647364
229.555740097 42.7703397073
231.957825429 41.9779078106
234.357515428 41.1604232028
236.75476407 40.3199400405
239.149525335 39.4585124803
241.541753198 38.5781946789
243.931401638 37.6810407928
246.318424631 36.7691049787
248.702776156 35.8444413931
251.08441019 34.9091041927
253.46328071 33.965147534
255.839341694 33.0146255737
258.21254712 32.0595924684
260.582850964 31.1021023747
262.950207204 30.1442094492
265.314569818 29.1879678485
267.675892783 28.2354317292
270.034130077 27.2886552479
272.389235676 26.3496925612
274.741163559 25.4205978258
277.089867704 24.5034251982
279.435302086 23.6002288351
281.777420685 22.713062893
284.116177477 21.8439815285
286.45152644 20.9950388983
288.783421552 20.168289159
291.111816789 19.3657864672
293.436666129 18.5895849795
295.75792355 17.8417388524
298.07554303 17.1243022427
300.389478545 16.4393293068
302.699684073 15.7888742015
305.006113592 15.1749910833
307.308721079 14.5997341088
309.60746051 14.0651574346
