21.17714856393143 -29.564073541944182
21.328816687715566 -29.988226702975794
21.46294415743595 -30.39267923043616
21.580074958397155 -30.777747210634942
21.68074618834785 -31.143751137788584
21.76548843879581 -31.491015638567603
21.834825889822657 -31.819869403687576
21.88927634107684 -32.130645165405824
21.929351223627442 -32.42367968893339
21.955555604647728 -32.699313768754735
21.96838818895578 -32.95789222694498
21.96834131959595 -33.19976391337909
21.955900976791863 -33.4252817054755
21.931546776621758 -33.63480250894847
21.89575196922953 -33.828687259191156
21.848983435789854 -34.00730092222895
21.791701685244206 -34.17101249717527
21.724360849139288 -34.32019501826251
21.64740867559025 -34.45522555906649
21.5612865199867 -34.576485236823004
21.4664293326745 -34.68435921977877
21.363265640574618 -34.77923673697529
21.252217520089303 -34.861511093291114
21.13370055540087 -34.93157969253622
21.008123771772663 -34.98984407398373
20.875889524842165 -35.03670997349957
20.737393307033958 -35.07258743024073
20.593023388358517 -35.097890984750705
20.443160098101217 -35.113040074647586
20.28817424513921 -35.11845990542551
20.12842316899527 -35.11458362703351
19.96423889352242 -35.1018588634434
19.79588074199895 -35.080773830048514
19.62320364482529 -35.05204015617599
19.45011560219674 -35.01413601869751
21.00738623877876 -29.119909998297928
18.914340122844763 -34.96218412569931
18.55275876362889 -34.949197572467966
18.19041656176439 -34.930195902185886
17.8278041702261 -34.905565034526916
17.465325374444564 -34.87573619760525
17.10334735313288 -34.84115822517052
16.74221324283502 -34.80229063110582
16.382246325514426 -34.759601301326626
16.023751702552794 -34.713565570158806
15.667017055266804 -34.66466580172238
15.312313023735307 -34.61339118000828
14.959893409736988 -34.5602375965569
14.609995291257398 -34.50570758691103
14.262839089026137 -34.450310292671475
13.9186286053965 -34.39456143840749
13.577551046024105 -34.33898331814987
13.239777028909934 -34.284104787198686
12.905460583191282 -34.2304612588201
12.574739136797849 -34.17859470442016
12.24773349019668 -34.129053658738655
11.924547768481474 -34.082393230468085
11.605269337260737 -34.03917512245033
11.289968652240127 -33.99996766952057
10.97869897686624 -33.96534590982154
10.671495815188543 -33.93589172865421
10.368375662041935 -33.91219417613533
10.069332876772876 -33.89485026328995
9.77433030191444 -33.8844673499224
9.48326173616087 -33.881672699374406
9.195689240415945 -33.88718036000387
8.914392408417022 -33.900887517478
19.274231289038052 -34.969008872811855
8.674475037186909 -33.840191289499444
8.71393913196352 -33.76762467199447
8.756084118723429 -33.70670452103056
8.801190711375625 -33.65793469688296
8.84948715773426 -33.62183232199797
8.90118919005753 -33.598917609561965
8.95651001422064 -33.58971131982756
9.015663641478604 -33.59473391221843
9.078866223210333 -33.61450520470291
9.146336660547774 -33.649544218864975
9.218296912433559 -33.700369100859746
9.294972165825214 -33.76749707767917
9.376590938599271 -33.851444430830014
9.463385148408193 -33.95272647756198
9.555590165715842 -34.0718575565721
9.65344486171385 -34.209351014404604
9.757191659598561 -34.36571919039227
9.867076597878864 -34.541473397710405
9.983349417056743 -34.737123896701604
10.106263687772355 -34.95317985554871
10.23607701137999 -35.190149288315894
10.373051350901491 -35.44853895263094
10.517453607479084 -35.72885417102884
10.669556688780915 -36.03159849958155
10.82964164445805 -36.35727306682847
10.99800236209181 -36.70637511772563
11.174957306315662 -37.07939437543706
11.36088473494469 -37.47680212637118
11.556363562539161 -37.89900756051301
11.763159404508258 -38.34605215404889
18.87617990178526 -29.962100547926497
20.484906640454227 -35.08461536388714
23.374414710077374 -33.22948046932646
26.209254396016405 -31.042496988884864
28.92666487027185 -28.527349943221367
31.46306713810722 -25.702860571597654
33.75874473611137 -22.603291555481576
35.76256702972688 -19.276940492316783
37.436022998519874 -15.783086433087874
38.75592501718927 -12.187695079958075
39.71540073548749 -8.558538410246854
40.32313737534649 -4.96046646082462
40.60116836808936 -1.4514690648068438
40.58170749332365 1.9200656828220701
40.3036021054632 5.1167658363984
39.80891124536657 8.112473159188824
39.139967758995724 10.891490215980838
38.33711410715652 13.447204811219763
37.437153530630326 15.780404647031219
-11.27215424647602 39.03204035076419
-8.274291346098778 39.775592239712864
-5.050525279490046 40.311956411234405
-1.6283950074642348 40.594457318699284
1.9519693737629353 40.5801854463964
5.638484202324918 40.23393009886263
9.369218337347874 39.53200454122123
13.075925079474757 38.4653326856274
16.68864808782712 37.04120219837222
20.14078046824777 35.28329062644073
23.373821891291044 33.229897464395435
26.341131955141122 30.930670904813468
29.01020316274372 28.442393495561618
31.363296207397042 25.82450941077306
33.39659158186484 23.135023363164038
35.1182322269149 20.427222046977136
36.54572592956326 17.747437887798867
37.70315455589623 15.133861762096046
38.61853996385382 12.616259602602383
39.32158980723773 10.216369723701717
8.637079010754412 -33.923984972946016
-12.21501212266572 32.805934968017795
-35.79101237286085 3.462506622133077
-35.734257274691004 4.303954388171121
-35.64081918822971 5.160900265389614
-35.51226674361238 6.03174170848024
-35.35013912434356 6.914920268871526
-35.15594583208078 7.808924793515416
-34.931166628535365 8.712292224249524
-34.67725151662685 9.623607863900247
-34.395620733592075 10.541505482401305
-34.08766474830008 11.464667364638785
-33.75474426031854 12.39182433390684
-33.398190200830456 13.321755764373336
-33.019303733051515 14.253289587451178
-32.61935625376905 15.185302295200131
-32.199589395623434 16.116718941949614
-31.761215029175755 17.04651314424595
-31.30541526673142 17.973707080202928
-30.833342466203078 18.897371487314643
-30.346119237668248 19.81662565974861
-29.844838450989094 20.730637443478344
-29.330563247678434 21.638623229837577
-28.804327057282347 22.539847945523178
-28.26713362217371 23.433625037823816
-27.71995703561079 24.319316451784943
-27.163741802165497 25.19633259349959
-26.599402938501207 26.0641322692328
-26.02782614935742 26.922222578881303
-25.449868154162402 27.770158718290872
-24.866357339697203 28.60754358375806
-24.278095195964212 29.43402690243761
-23.685859905280783 30.249303058405587
-23.090417109113165 31.053104571174345
-22.492562974364986 31.8451760096508
-21.89342565700912 32.62509139170791
-21.290417475695136 33.39470600786561
-35.80948805513712 2.638181215003101
-20.403087861061447 34.135288568840764
-20.118369747149835 34.111405414956295
-19.832371220616782 34.08154467249281
-19.545368384242366 34.04620284796752
-19.25768948003481 34.00584342517354
-18.969669209071878 33.960924534497565
-18.681637312057717 33.91190586995566
-18.393914763570653 33.859250994774214
-18.10681225012636 33.80342826273983
-17.820629479682736 33.74491123761598
-17.535654836830734 33.684178901613876
-17.252165198450164 33.621715767580554
-16.970425829880845 33.55801194278439
-16.690690324263773 33.49356316616348
-16.413200567016897 33.42887083062564
-16.138186716394316 33.36444199670825
-15.865867194939058 33.30078939943499
-15.596448690593801 33.23843145083853
-15.330126167471246 33.17789223753471
-15.067082889659158 33.11970151363661
-14.8074904640321 33.064394685584034
-14.551508915582978 33.01251278460509
-14.299286822630773 32.96460241723082
-14.05096157023798 32.92121567134657
-13.806659859180677 32.882909926889056
-13.566498827622851 32.850247438231094
-13.330588857452927 32.823794289881874
-13.099041994502858 32.8041172610163
-12.872005632341107 32.79177128425343
-12.64989830061814 32.78721165142912
-12.43022458734476 32.79197995050549
-20.686621364745914 34.15247091854067
-12.185562726940283 32.74162607198792
-12.160601105102856 32.6877952099596
-12.139941607024348 32.645108114732466
-12.123699516195742 32.61411846827846
-12.11204004738422 32.59536136044093
-12.105142487849598 32.589366640749176
-12.10319123101442 32.5966622566269
-12.106372786125668 32.61777536734246
-12.114874579730873 32.65323278961537
-12.128884408595802 32.703561201833764
-12.148590162784075 32.76928724682057
-12.174179672564073 32.85093758880652
-12.205840615845268 32.94903894828184
-12.243760455489372 33.06411812475022
-12.288126391002457 33.196702014854
-12.339125314368886 33.34731762871377
-12.39694376236389 33.516492107533935
-12.461767857349507 33.70475274553297
-12.533783225682164 33.91262701977945
-12.613174877063358 34.14064263470965
-12.700127015390308 34.389327591736475
-12.794822726545128 34.659210304238854
-12.897443434276454 34.950819797661836
-13.00816789152583 35.264686080325134
-13.127170165040297 35.60134088569731
-13.254615202041549 35.96131930291952
-13.390647748527584 36.34516385432045
-13.535359104844261 36.7534367270699
-13.688654148695164 37.186768699518296
-13.8493204968061 37.64620162555585
16.89386188843866 -31.122902618858973
16.89386188843866 -31.122902618858973
14.7795108013872 -32.180797028667556
12.54525656933374 -33.11576927293413
10.207094316766453 -33.90948042269673
7.78454786130127 -34.54617853719466
5.300081839503893 -35.01352266515296
2.778293678960072 -35.30323952786868
0.24494471480310764 -35.411546690526094
-2.274089269952917 -35.339300430553294
-4.753858082583957 -35.0918576062777
-7.171281073279022 -34.67867305270849
-9.505923676812145 -34.11268168847536
-11.740559069865444 -33.40953321517108
-13.861494965767466 -32.58675488971896
-15.858671782422658 -31.66291468304854
-17.72555950263845 -30.656845520161454
-19.458894353790495 -29.58697462493656
-21.05830258537117 -28.47078378182745
-22.52585812543288 -27.324409465558247
-35.41033736368159 0.3816342737152638
-35.36057660324194 -1.9150089333676306
-35.15398976246196 -4.270203825268624
-34.779883507815725 -6.663132905127071
-34.23101667379005 -9.070564172493732
-33.5042003013759 -11.46761523133307
-32.6006915297517 -13.82868571884525
-31.5263296323723 -16.128489601931832
-30.291388880412963 -18.34310215378558
-28.910154693933453 -20.45093133579634
-27.400261118283044 -22.433531322075126
-25.78185336439991 -24.276195625039776
-24.076654673920093 -25.96829483507574
-22.30702020022358 -27.50335409937189
-20.495052665156 -28.8788928662631
-18.661838120020295 -30.09607009080716
-16.826839197819023 -31.15918996924279
-15.00746180924752 -32.07512629706383
-13.218792500132427 -32.85271924463882
-11.47348958665577 -33.50218908718534
14.765956489582734 -37.84875380045929
