0.34733070532632837 -34.50318802309994
0.38349885322159594 -34.1575823164159
0.4198798911195354 -33.88677122124028
0.45664079864269524 -33.68778431062586
0.4939710172654088 -33.557651149759096
0.5320565410011397 -33.493401527153594
0.5710734440621366 -33.49206551220263
0.6111857295153698 -33.55067347434874
0.6525444766084547 -33.666256089890965
0.6952874638969035 -33.83584434541922
0.7395389960345824 -34.05646953842697
0.7854098332735475 -34.32516327716934
0.8329971868713244 -34.63895747895742
0.8823847753733958 -34.99488436728399
0.9336429633665091 -35.38997646588999
0.9868290460913443 -35.82126658808073
1.0419878377035445 -36.28578781459285
1.099152979788414 -36.78057344531638
1.1583502241987844 -37.302656878349154
1.219607291779539 -37.8490712466683
1.2829933177411306 -38.416847964918844
1.3488949840910323 -39.00300655868509
1.4143331848138132 -39.60469033752091
0.3114123252491936 -34.92655714400644
1.6495225716371067 -40.83191202982917
1.822962086995318 -41.45116505419239
2.0012370099146892 -42.07366338556295
2.184144756871717 -42.69644726421541
2.3715004135193567 -43.31655810597181
2.563093859957064 -43.93104008097308
2.758679055869436 -44.536940508440836
2.957970473925684 -45.131309986962066
3.1606416801193404 -45.711202446130386
3.366324698340975 -46.27367516879619
3.5746097071142913 -46.81578880004315
3.785044898375702 -47.334607350049595
3.997136431603394 -47.82719819016316
4.210348464509934 -48.290632044796865
4.4241032744375275 -48.721982972570316
4.637781529694507 -49.118328330998565
4.850722864939598 -49.47674870375883
5.062227172122903 -49.79432774090884
5.271557848067005 -50.06815175684764
5.477951555613174 -50.29530852583915
5.6806572865028215 -50.47288246139473
5.879209826765361 -50.597920871396354
6.069753616955438 -50.667887573641934
1.4814388600781 -40.21885419254073
6.262207370601857 -50.650133663040066
6.26471858939226 -50.56653433254769
6.261052069523828 -50.4323018527316
6.251399325941975 -50.250018673783046
6.236013783763724 -50.02225959786384
6.215168446414452 -49.75159700241002
6.189145314325003 -49.4406021457921
6.158231859983232 -49.091845602255034
6.12271962082508 -48.707897435318586
6.082903563714922 -48.291327276660695
6.03908177276071 -47.84470436407673
5.991555289512064 -47.37059756141264
5.940628033890675 -46.87157536798688
5.886606775773259 -46.350205922191265
5.829801147590331 -45.809056999098004
5.770523703748722 -45.25069600317218
5.709090050932502 -44.67768995070864
5.64581910958475 -44.092605435943995
5.581033651737755 -43.49800856124307
5.515061496270562 -42.896464781176036
5.44823850779045 -42.29053851269393
5.38091760317991 -41.68279196332392
5.313504788837633 -41.07578044348975
5.246711437422732 -40.472019550371044
5.178136330206826 -39.87442977869222
6.253685140640755 -50.68047317975689
5.177967535894254 -38.682510070727005
5.243787774278815 -38.093941590003084
5.307838173371351 -37.522175108759114
5.370587795877441 -36.96974693882876
5.432598254917366 -36.439179459360616
5.49448479645946 -35.93298617922164
5.556906575599726 -35.453673000757846
5.620563422463476 -35.003738639544395
5.686194557699935 -34.58567479029122
5.7545780206898485 -34.20196619964102
5.826530400003207 -33.855090698197216
5.902906711655987 -33.54751921328153
5.9846003635109355 -33.28171576765121
6.072543185923621 -33.06013746690573
6.167705533808771 -32.88523447310598
6.271096491101957 -32.759449954991226
6.38376425261049 -32.685219998791865
6.506796850530634 -32.664973440121656
6.641323620847913 -32.70113152524533
6.788518440839994 -32.79610716481869
6.949607833455502 -32.9523030673042
7.125895291328732 -33.17210613614782
7.318858587131217 -33.457865055985565
7.530830973251113 -33.811733394318
-2.1603711932235115 -35.36520835280723
14.295888770101556 -32.06924454285968
16.43604943384804 -31.02684579980624
18.5391226826265 -29.817944453556407
20.58131753058865 -28.446761678298913
22.53946071941499 -26.92176799088054
24.391964502563212 -25.255513239341354
26.119728042325562 -23.46420014131749
27.70689457632335 -21.567032114163425
29.141402159452014 -19.585391531903014
30.415289982319052 -17.54192168972071
31.524750539927027 -15.459591995658258
32.46994524189989 -13.360820980197076
33.254623072096365 -11.266717605835623
33.885595880081496 -9.196481562459297
34.37212903377133 -7.166981719149646
34.72530343546083 -5.1925121658042315
34.957396403323344 -3.284709725039022
35.08131718533514 -1.4526065602084657
23.51285010995997 26.0759421878368
25.142088546329774 24.508860944673955
26.70904058617208 22.791139336221505
28.191985247889306 20.928947633831115
29.569776398713884 18.93243790447798
30.82275767055785 16.8156620701927
31.93365957615515 14.596241548805835
32.888399834663005 12.294797175724028
33.67671337595095 9.93417623514381
34.29255499697325 7.538537859320996
34.73424270032854 5.132374237282875
35.004338964479075 2.7395501340004387
35.1092953996785 0.3824366809879791
35.05890877836464 -1.9188008096613771
34.86565022706179 -4.1467234681175
34.543933457998435 -6.286934270869068
34.10938330196768 -8.328196205439667
33.578154845675385 -10.262377815920473
32.966339109215596 -12.084261128139161
32.289476192688426 -13.791251157116193
5.110273402856478 -39.28529486553967
34.616011203676464 19.26605967164238
-9.588457245281006 33.13227964023031
-9.297217946800572 32.844388415520086
-9.029772988715564 32.627648158974665
-8.784112418334331 32.47946956952336
-8.558262246713923 32.39725780971537
-8.350307264313074 32.37840575799703
-8.158396739926843 32.42029232252003
-7.9807463143727375 32.52028188022351
-7.815638750117557 32.675724053098065
-7.66142426176927 32.883953608777205
-7.5165206663744755 33.14229041252767
-7.379413442333117 33.44803940504735
-7.248655728357619 33.79849059461887
-7.122868265670547 34.19091906119837
-7.000739261372644 34.62258497351988
-6.881024111217812 35.09073362842253
-6.762544828359637 35.59259553387358
-6.644188774178019 36.12538659586616
-6.524905475219612 36.68630858851108
-6.403697065017951 37.272550566556106
-6.279580042251297 37.88129451833987
-6.151317565161889 38.50975494208626
-6.020989031046128 39.15465113981372
-9.905377061319683 33.49395283992243
-4.790796510405016 40.16827643667236
-3.6594926873613645 40.521587286734956
-2.491555587531167 40.87028562729603
-1.2866680052833317 41.21143160205051
-0.044799104714115856 41.54217040070927
1.233754013016835 41.85972611189419
2.548355920242841 42.16140018518166
3.8980294027651894 42.44457091561145
5.281454080069182 42.70669323493689
6.696965784102304 42.94529861267765
8.14255625725184 43.15799500047305
9.615873002885053 43.34246679405581
11.114219220357427 43.49647479662136
12.634553800478557 43.61785617544595
14.17349138257839 43.70452439388532
15.72730250469732 43.75446909319433
17.29191393499559 43.76575586040826
18.862909424779048 43.73652572279374
20.43553160942389 43.66499388598581
22.00468772845636 43.54944595414108
23.564972521481877 43.38822281323391
25.11082852089777 43.17961482220443
26.634373795266754 42.92329566926267
-5.885779647467388 39.81342099843292
28.74833099285803 41.91015810693821
29.334460057083504 41.159883248751925
29.888622742739244 40.37124407713614
30.41041960819547 39.54834474647811
30.89961445161879 38.69512789062097
31.35610949567615 37.81539100317653
31.779939182870635 36.91279053355612
32.17126810657874 35.990843253050826
32.530390182708686 35.052926801698504
32.85772827305345 34.10227993771727
33.153833996079584 33.142002661949164
33.41938762513905 32.1750562853768
33.65519802992668 31.204263467315542
33.862202641715214 30.232308238171953
34.04146743149994 29.261736012281176
34.1941868973646 28.29495359505168
34.32168405713787 27.334229183821577
34.4254104472555 26.381692362329687
34.50694612942863 25.43933408340129
34.567999712122514 24.509006625336724
34.610408411804826 23.592423479273492
34.63613824210847 22.691159006467416
34.64728477803857 21.806647063510553
34.646078515193096 20.940171372342235
34.63481245368979 20.092995629958125
28.130971930379303 42.61768832086673
33.72972669217779 19.42834666987693
32.86638184893559 19.584285376026372
32.02775659202217 19.73570467950151
31.215537663625184 19.884538997672394
30.43131284397964 20.03283867456861
29.676570128649303 20.182771463908864
28.952697526297413 20.336622896412564
28.260982995974757 20.49679639857166
27.60261442770235 20.66581333567683
26.97867964083423 20.8463130257434
26.390166392079664 21.041052738605856
25.837962393275916 21.25290768567487
25.32285533925375 21.484870998981904
24.845532952079736 21.740053696770673
24.406583052227177 22.021684627966636
24.00649367550568 22.333110378773483
23.645653277345502 22.677795110532713
23.32435111047289 23.059320259686615
23.04277797776882 23.4813839389152
22.801027886480313 23.94779962225539
22.599102181048067 24.462492861353155
22.43692193659274 25.029491437371178
22.314377527050397 25.65288597461455
22.231675593535954 26.336554249996823
-4.755788163208081 -35.11050618371465
-4.755788163208081 -35.11050618371465
-7.444593572086319 -34.64019618992401
-10.194140878247879 -33.93294353993491
-12.965723758312208 -32.97355262863124
-15.716124274792719 -31.754820158666405
-18.399814160833216 -30.27890361913353
-20.971613713276497 -28.55795132342459
-23.389505131913353 -26.613835033947566
-25.617243950910222 -24.476968314918594
-27.626433535459824 -22.184348889268648
-29.397820627334028 -19.777090480985066
-30.921709078157164 -17.29777653965354
-32.19753599794467 -14.787962712660317
-33.23277330825192 -12.28608740699471
-34.0413857319914 -9.825946416287223
-34.64208944835093 -7.435778653404611
-35.05662487005094 -5.137919642277609
-35.3082006695455 -2.94892031243333
-35.42020273029405 -0.880002315250465
-12.397480153291099 33.191379172591326
-14.805272015975305 32.18958039588205
-17.23939230417119 30.954297254385523
-19.662385983474906 29.47466272863568
-22.03279605106428 27.747451481211414
-24.307185515151957 25.77839983129215
-26.442642432502566 23.582871468860418
-28.399506869301717 21.185683258050943
-30.143983406781246 18.620027655770883
-31.650293457585548 15.925579725042752
-32.90208737559681 13.146018859661268
-33.892962456108705 10.326289821556514
-34.62608555632417 7.509951036863981
-35.11305812264544 4.736909837193252
-35.37225526650141 2.0417450603440557
-35.42690540826288 -0.5473013100383923
-35.30315780589984 -3.0086898247757006
-35.028329451216166 -5.327410382825633
-34.629451675089484 -7.494414067331576
-34.132168430277744 -9.505800533207434
9.996936964263284 -33.65813620225276
