2.3126142160966907 -35.05180520061453
2.4090985556881463 -35.809654004871774
2.503553122303501 -36.504261319240484
2.5956406481040375 -37.13766022545524
2.685218341995636 -37.711870748424694
2.772184508035309 -38.22890997609612
2.856456634075741 -38.6907935056039
2.9379659140048204 -39.099535803874794
3.0166554219516826 -39.457150328689885
3.092479381956764 -39.765649576768865
3.1654028359562716 -40.02704510527335
3.2354014777938715 -40.24334754325702
3.3024615637722974 -40.41656659736288
3.3665798615265317 -40.54871105519098
3.4277636193344563 -40.64178878711447
3.486030547041537 -40.69780674812747
3.5414088037351803 -40.71877097794001
3.593936989781241 -40.70668660167944
3.6436641417455746 -40.66355783069078
3.69064972928669 -40.591387961887655
3.7349636539217954 -40.49217937835539
3.776686249511087 -40.367933548995
3.8159082850229424 -40.220651028142676
3.8527309707350526 -40.05233145472963
3.887265970476676 -39.86497355109525
3.9196354255086874 -39.66057512023477
3.9499720033650476 -39.4411330402232
3.978419006439509 -39.208643252913944
4.005130644260845 -38.96510073332874
4.030272851746048 -38.71249940083788
4.054026563240257 -38.45283176040873
4.076610633516708 -38.18808639597453
4.0979719241329065 -37.92028186992844
2.3126142160966907 -35.05180520061453
4.043610140035298 -37.39198817658965
3.9697108674114077 -37.135350955575944
3.896974852829942 -36.88347096393819
3.82558477543256 -36.63834103630954
3.7557184455321817 -36.40195438793533
3.6875452934487782 -36.17630499916518
3.621225492363237 -35.963387710823625
3.556909666958404 -35.765198257022526
3.4947387779562575 -35.583733277038135
3.434844071335789 -35.420990321241476
3.377347055240847 -35.278967853832896
3.3223594909163126 -35.15966525399612
3.2699833926348845 -35.06508281575602
3.2203110359109246 -34.997221747987865
3.173424976264016 -34.958084172740094
3.129396900600227 -34.94965988843298
3.08817636001325 -34.97266462158922
3.049507942889278 -35.0254966369822
3.0131236764301548 -35.10630797495649
2.9787660298968603 -35.21324971584954
2.946190114555918 -35.3444718078224
2.915172483780765 -35.498122376842474
2.8855727343945716 -35.67234289719651
2.856505174170138 -35.86533313190535
4.118509705319752 -37.65138748447117
2.92224043514949 -36.28781133786008
3.018369631081896 -36.513419897260846
3.116476138302801 -36.75016683671808
3.216450016433498 -36.99618839876846
3.3181789360030507 -37.249621434275205
3.421538648874048 -37.508604148519055
3.5263906103229203 -37.771276288037775
3.6325811919020055 -38.03577920144127
3.7399413739372562 -38.300255863271325
3.848286615668144 -38.56285088330057
3.9574168043048132 -38.82171050928558
4.067116248077639 -39.074982626102525
4.177153703284887 -39.320816750582814
4.287282439909092 -39.55736402243898
4.397240364857936 -39.78277718734749
4.506750247006522 -39.995210567254
4.615520141627144 -40.192820003747734
4.723244244366725 -40.37376274549684
4.829604774003201 -40.5361971995092
4.934276683023256 -40.67828230911464
5.036941793154881 -40.798175688166694
5.137345341810999 -40.894026155725946
5.235691815442294 -40.963921482122096
5.327330214259575 -41.0065899941627
2.8282628335152538 -36.07520029216283
5.61209952002929 -40.975807751293424
5.80520551243518 -40.89860900410752
5.992985985324481 -40.78650394724606
6.1745193215799645 -40.63775614407822
6.348935448733414 -40.45062386611356
6.515353584409468 -40.223368301736116
6.672866836383662 -39.954255572500294
6.820537343810656 -39.641557345323896
6.957394829728287 -39.283550969560274
7.082436921878013 -38.87851932596169
7.194631468525984 -38.42475028190556
7.292923259060387 -37.92053520625388
7.376254809122031 -37.36416443202131
7.443650002400545 -36.75390903889936
7.494800152641858 -36.08789325963908
9.886346967608972 -34.786286268932045
12.112240460872044 -34.07519918894174
14.349486572786248 -33.19514729362513
16.57491853079506 -32.14183635770594
18.764051309382694 -30.9149793337614
20.891983043830066 -29.518648567377866
22.934396904672496 -27.961384217648973
24.868584097662676 -26.256029664165133
26.674400455801447 -24.419294196835047
28.33507328234498 -22.47107453666113
29.83779146784849 -20.43359412999164
31.174037570211397 -18.330437810349515
32.33965072568566 -16.185566399996656
33.3346385199618 -14.022390790857319
34.16277958402475 -11.862970110448014
34.831073710822864 -9.727377493408246
35.349101853149705 -7.633254019334707
35.72835548210452 -5.595550311846999
35.98158572126272 -3.6264387119412262
36.12221015577603 -1.7353680330094825
24.221050239550777 26.85453954252799
25.90477986491021 25.23426140980916
27.524142886480718 23.457346975151207
29.056454921880743 21.53016479548526
30.479616737610172 19.463261090486245
31.773078579228354 17.271278075065048
32.918787081441735 14.972609185935081
33.902030671045566 12.588799987589248
34.71210504199405 10.143733647016436
35.342737833619026 7.662666061633953
35.792238415568704 5.171193087782559
36.063369945173406 2.6942377299723326
36.16297102423374 0.25513809686716016
36.101378320281185 -2.1251004973820997
35.89171613815995 -4.4283497384228685
35.5491231131349 -6.639684829509654
35.08998105925832 -8.747502386906502
34.531199126226454 -10.743456410901478
33.889590967204526 -12.622249911311803
33.18136657642896 -14.381324030446102
-2.852262265041176 35.012024110378746
-3.236956101743786 35.696157745280395
-3.628786126230196 36.31432648090096
-4.026496058793597 36.86889953991922
-4.4287180223133475 37.36224394548536
-4.8341254258860005 37.79671206670804
-5.241454805170548 38.174639839910554
-5.6495112822436795 38.49834632303458
-6.0571703856174395 38.770133547963
-6.463378778219337 38.99228646111186
-6.867154588271774 39.167072896081535
-7.2675875748948755 39.296743560671636
-7.663839217263472 39.38353202943774
-8.055142765617347 39.4296547395662
-8.440803271851408 39.437310988231886
-8.820197608772474 39.408682931688496
-9.19277448228182 39.345935583686305
-9.558054439488046 39.25121681515419
-9.915629874104866 39.1266573544613
-10.265165029546253 38.97437078669571
-10.606396000719059 38.7964535545829
-10.93913073404859 38.59498495902848
-11.263249025631424 38.372027160458465
-11.578702516527727 38.129625181092116
-11.885514683274891 37.86980690938877
-12.18378081895517 37.59458310795706
-12.47366799423881 37.305947429465995
-12.755414970973419 37.00587645271333
-13.02933198441383 36.69632977071271
-13.29580008976447 36.37925025796244
-13.555268545910565 36.05656513642658
-13.808236500915484 35.73019344206138
-14.055500268017113 35.40194522399993
-2.852262265041176 35.012024110378746
-12.908193335463096 34.75512797623953
-11.537838670558017 34.440167273512365
-10.186798872040725 34.130687703411674
-8.8550625288687 33.82849639100856
-7.542339880940432 33.53538653800063
-6.248065624889591 33.25313627896244
-4.9713996149054935 32.98350839451364
-3.7112270959065654 32.728250216381646
-2.4661587957517668 32.48909358791342
-1.2345309660990438 32.26775484610174
-0.014405401111645233 32.06593481164016
1.1964305549927303 31.885318782162123
2.4004640074623467 31.727576525923126
3.6004565169126863 31.594362275312392
4.799444113420691 31.48731471656481
6.000735051814672 31.40804508029163
7.2076475372303435 31.357005958183997
8.423039656211614 31.332570960196065
9.64948046034786 31.332906982317695
10.889284144873074 31.356194899677234
12.144511538364156 31.400628752837243
13.41697606100496 31.464412491962023
14.70828543213048 31.545737186927667
16.019277726631373 31.6430891777757
-14.297576286368042 35.07375677104025
17.890728300640063 31.58746681877941
18.442096247068207 31.427241370697438
19.004884477609863 31.271917513900746
19.578499419322384 31.119603776234563
20.162267730371497 30.968477799508243
20.755429846054284 30.81678986443476
21.357138366880918 30.662863771301055
21.96645752214681 30.505097131381234
22.582362957196153 30.341961482013936
23.203741638628998 30.172002336228445
23.829391809660052 29.99383920409913
24.45802297030636 29.80616559958026
25.08825587177006 29.607749036514754
25.71862252295884 29.39743101485749
26.347566210247095 29.17412699211468
26.973441538645233 28.93682633048475
27.594514511970203 28.68459219560288
28.20896269715209 28.41656135300927
28.814875587836752 28.131943718285605
29.410255515810206 27.830021231057
29.993020388050013 27.510144475807383
30.561014636575237 27.171719161828527
31.11208587530848 26.814111481510682
31.643059108672503 26.437914576160576
17.351339624142014 31.75452975597007
31.767442717948313 26.410022567580363
31.357719364362367 26.755965791806126
30.922326882463096 27.07787765809235
30.460825737820073 27.37359010165543
29.9728614268966 27.640846717423354
29.45815245442924 27.87731762865474
28.916487408276964 28.08060314018446
28.34772412074443 28.24823484801522
27.751789581158903 28.37767588666915
27.1286803869545 28.466320651727813
26.478464052637094 28.51149380073019
25.801282468773138 28.51044752733147
25.097362409233767 28.460353227286845
24.36705767103689 28.35826802821279
23.6111441980554 28.200900336808466
23.6111441980554 28.200900336808466
-0.1846912777986347 -34.298749456007116
-2.778303538649155 -34.18653762171848
-5.498799381307499 -33.85559821474398
-8.313118672081686 -33.276574088357265
-11.179573921121786 -32.4261538276777
-14.049328755275141 -31.289849578421475
-16.868925027504325 -29.864321414197267
-19.58366693973268 -28.158805271311934
-22.141461533759895 -26.195305042374947
-24.496575487715006 -24.00741790548754
-26.612752265356335 -21.63792369837768
-28.465254354476812 -19.135506777950308
-30.0416161961474 -16.55112145558171
-31.34114441572524 -13.934525174066682
-32.373410470847766 -11.331399719365994
-33.15609984441149 -8.781307887863825
-33.71260189270113 -6.316549591215701
-34.069666879938865 -3.961833389232819
-34.25535761332336 -1.7345892589811633
-34.297416928253426 0.3542840154434401
-5.212147408967887 33.90091214851354
-7.761269467523334 33.409594750109335
-10.403830079508737 32.683308351370314
-13.102821644467944 31.69786096990309
-15.813588989476003 30.436306089700942
-18.48569919174429 28.891473664498115
-21.06578220842256 27.06789879287549
-23.501087806053043 24.982737981378833
-25.743312705378855 22.665396005080588
-27.7521445186821 20.155813050537702
-29.497991718013814 17.50162305953456
-30.96352310245254 14.754611556999102
-32.14387962823466 11.9670099673897
-33.04567167884951 9.188139550949728
-33.685065871095155 6.461784766921895
-34.08535786996113 3.8244874154221584
-34.27442055255336 1.3047685238198916
-34.28233820379088 -1.0768530052628975
-34.13942615679583 -3.307250640445691
