80.0337411231
9.8592034378
82.3647790207
30.337367486
84.7029634573
30.8426959318
87.0480976075
31.3735655246
89.3999846457
31.9283530139
91.7584277466
32.505435149
94.1232300844
33.1031886795
96.4941948339
33.7199903546
98.8711251694
34.3542169238
101.253824265
35.0042451365
103.642095297
35.6684517422
106.035741437
36.3452134903
108.434565862
37.0329071301
110.838371745
37.729909411
113.246962262
38.4345970826
115.660140586
39.1453468942
118.077709892
39.8605355952
120.499473354
40.578539935
122.925234148
41.2977366631
125.354795447
42.0165025289
127.787960426
42.7332142817
130.22453226
43.4462486711
132.664314123
44.1539824463
135.107109189
44.8547923569
137.552720633
45.5470551522
140.00095163
46.2291475816
142.451605354
46.8994463947
144.90448498
47.5563283407
147.359393681
48.1981701691
149.816134633
48.8233486293
152.27451101
49.4302404707
154.734325987
50.0172224428
157.195382737
50.5826712949
159.657484437
51.1249637765
162.120434259
51.642476637
164.584035378
52.1335866258
167.04809097
52.5966704922
169.512404209
53.0301049859
171.976778268
53.432266856
174.441016323
53.8015328521
176.904921547
54.1362797236
179.368297117
54.4348842198
181.830946205
54.6957230903
184.292671987
54.9171730843
186.753277637
55.0976109514
189.212566329
55.235413441
191.670341239
55.3289573023
194.12640554
55.376619285
196.580562407
55.3767761383
199.032615014
55.3278046117
201.482367109
55.2280919358
203.929681474
55.0771063927
206.374530424
54.876322011
208.816898172
54.6274306918
211.256768931
54.3321243361
213.694126915
53.9920948449
216.128956337
53.6090341192
218.56124141
53.1846340602
220.990966346
52.7205865687
223.418115359
52.218583546
225.842672663
51.6803168929
228.26462247
51.1074785105
230.683948993
50.5017602998
233.100636446
49.864854162
235.514669042
49.1984519979
237.926030994
48.5042457087
240.334706514
47.7839271953
242.740679817
47.0391883588
245.143935115
46.2717211003
247.544456621
45.4832173207
249.942228549
44.6753689211
252.337235111
43.8498678026
254.729460521
43.008405866
257.118888992
42.1526750126
259.505504738
41.2843671433
261.88929197
40.4051741591
264.270234902
39.5167879611
266.648317748
38.6209004503
269.023524721
37.7192035277
271.395840033
36.8133890944
273.765247898
35.9051490514
276.13173253
34.9961752997
278.49527814
34.0881597404
280.855868942
33.1827942744
283.21348915
32.2817708029
285.568122976
31.3867812269
287.919754634
30.4995174473
290.268368337
29.6216713652
292.613948297
28.7549348817
294.956478729
27.9009998977
297.295943845
27.0615583144
299.632327858
26.2383020327
301.965614981
25.4329229537
304.295789428
24.6471129783
306.622835412
23.8825640077
308.946737146
23.1409679428
311.267478842
22.4240166848
313.585044715
21.7334021345
315.899418976
21.0708161931
318.210585841
20.4379507616
320.5185295
19.836497741
201.018093368
91.363644699
202.942722133
191.875177238
204.880269076
192.385930276
206.830258794
192.895091147
208.792215884
193.401847183
210.765664941
193.905385718
212.750130562
194.404894086
214.745137344
194.899559619
216.750209883
195.388569652
218.764872775
195.871111518
220.788650617
196.346372549
222.821068005
196.81354008
224.861649536
197.271801444
226.909919805
197.720343974
228.96540341
198.158355003
231.027624947
198.585021866
233.096109012
198.999531895
235.170380202
199.401072424
237.249963113
199.788830786
239.334382341
200.161994315
241.423162483
200.519750344
243.515828135
200.861286206
245.611903894
201.185789235
247.710914356
201.492446764
249.812384117
201.780446127
251.915837774
202.048974657
254.020799924
202.297219687
256.126795162
202.524368551
258.233348085
202.729608582
260.33998329
202.912127114
262.446225372
203.07111148
264.551598929
203.205749013
266.655628557
203.315227047
268.757838851
203.398732915
270.85775441
203.455453951
272.954899828
203.484577487
275.048799702
203.485290858
277.138978629
203.456781397
279.224961206
203.398236437
281.306272028
203.308843311
283.382435692
203.187789354
285.452976794
203.034261898
287.517419931
202.847448276
289.575289699
202.626535823
291.626110695
202.370711871
293.669407514
202.079163754
295.704704754
201.751078806
297.731527011
201.385644359
299.749398881
200.982047748
301.75785243
200.539496792
303.756760776
200.058134806
305.746471867
199.539407533
307.727368795
198.984857119
309.699834652
198.396025709
311.66425253
197.774455451
313.621005521
197.121688488
315.570476718
196.439266968
317.513049214
195.728733036
319.449106099
194.991628837
321.379030468
194.229496518
323.303205411
193.443878224
325.222014021
192.636316101
327.135839391
191.808352295
329.045064612
190.961528951
330.950072778
190.097388216
332.851246979
189.217472235
334.74897031
188.323323155
336.643625861
187.41648312
338.535596725
186.498494276
340.425265994
185.57089877
342.313016761
184.635238747
344.199232118
183.693056353
346.084295156
182.745893733
347.96858897
181.795293035
349.85249665
180.842796402
351.736401289
179.889945982
353.620685979
178.938283919
355.505733812
177.98935236
357.391927882
177.044693451
359.279651279
176.105849336
361.169287097
175.174362163
363.061218427
174.251774077
364.955828362
173.339627223
366.853499994
172.439463748
368.754616415
171.552825797
370.659560719
170.681255516
372.568715996
169.82629505
374.482465339
168.989486546
376.40119184
168.17237215
378.325278593
167.376494007
380.255108688
166.603394262
382.191065219
165.854615063
384.133531277
165.131698553
386.082889955
164.43618688
388.039524345
163.76962219
390.003817539
163.133546627
391.97615263
162.529502337
393.95691271
161.959031468
395.946480871
161.423676163
397.945240206
160.924978569
399.9535738
160.464480833
-20.4646988785
39.509888932
-19.8292752464
140.616124869
-19.1807468821
141.70484125
-18.5192847368
142.77623306
-17.8450597614
143.830495287
-17.1582429069
144.867822916
-16.4590051244
145.888410934
-15.7475173648
146.892454327
-15.0239505793
147.880148082
-14.2884757188
148.851687185
-13.5412637343
149.807266622
-12.7824855769
150.74708138
-12.0123121976
151.671326445
-11.2309145474
152.580196804
-10.4384635773
153.473887442
-9.63513023835
154.352593347
-8.82108548155
155.216509504
-7.99650025794
156.0658309
-7.16154551853
156.900752521
-6.31639221433
157.721469354
-5.46121129638
158.528176385
-4.59617371569
159.3210686
-3.72145042328
160.100340986
-2.83721237017
160.866188529
-1.94363050738
161.618806215
-1.04087578594
162.358389031
-0.129119156848
163.085131963
0.791468428861
163.799229997
1.72071602017
164.500878121
2.65845266606
165.190271319
3.60450741551
165.86760458
4.5587093175
166.533072888
5.520887421
167.18687123
6.49087077501
167.829194593
7.4684884285
168.460237963
8.45356943046
169.080196326
9.44594282985
169.689264669
10.4454376757
170.287637978
11.4518830169
170.87551124
12.4651079025
171.45307944
13.4849413814
172.020537565
14.5112125027
172.578080602
15.5437503153
173.125903537
16.5823838683
173.664201356
17.6269422105
174.193169046
18.6772543909
174.713001592
19.7331494586
175.223893982
20.7944564626
175.726041201
21.8610044517
176.219638237
22.932622475
176.704880075
24.0091395815
177.181961701
25.0903848201
177.651078103
26.1761872398
178.112424266
27.2663758897
178.566195177
28.3607798186
179.012585822
29.4592280756
179.451791188
30.5615497096
179.88400626
31.6675737697
180.309426026
32.7771293047
180.728245471
33.8900453638
181.140659583
35.0061509958
181.546863346
36.1252752497
181.947051749
37.2472471746
182.341419776
38.3718958194
182.730162415
39.499050233
183.113474651
40.6285394645
183.491551472
41.7601925629
183.864587863
42.8938385771
184.232778811
44.0293065561
184.596319302
45.1664255489
184.955404323
46.3050246044
185.310228859
47.4449327717
185.660987898
48.5859790997
186.007876426
49.7279926374
186.351089428
50.8708024338
186.690821892
52.0142375379
187.027268804
53.1581269986
187.360625149
54.3022998649
187.691085915
55.4465851858
188.018846088
56.5908120104
188.344100654
57.7348093875
188.667044599
58.8784063661
188.987872911
60.0214319952
189.306780574
61.1637153239
189.623962576
62.3050854011
189.939613904
63.4453712757
190.253929542
64.5844019967
190.567104478
65.7220066132
190.879333698
66.8580141741
191.190812188
67.9922537284
191.501734935
69.1245543251
191.812296926
70.254745013
192.122693145
71.3826548414
192.433118581
72.508112859
192.743768219
73.6309481149
193.054837045
74.7509896581
193.366520046
75.8680665375
193.679012208
76.9820078022
193.992508518
78.092642501
194.307203962
79.1997996831
194.623293526
80.303308397
194.940972197
2.251604645848815
-36.147981526862814
2.3372000594412725
-37.10988940644106
2.4190145353915256
-37.98875815630295
2.496925481175481
-38.78724361872341
2.570912979065767
-39.50799516644875
2.640980338965548
-40.153660651043396
2.707142748635377
-40.72688711005109
2.7694244360562834
-41.2303209436472
2.8278577233630813
-41.66660797336798
2.8824826482787245
-42.03839346609243
2.9333467918370673
-42.34832214447388
2.980505192101816
-42.59903819261668
3.024020297477719
-42.793185258486
3.0639619398801727
-42.93340645608385
3.1004073183589327
-43.022344366274254
3.1334409885491254
-43.06264103724817
3.163154855474019
-43.05693798548518
3.1896481680844175
-43.00787619561199
3.213027514623704
-42.918096120822575
3.2334068178775937
-42.790237683626465
3.2509073290359254
-42.626940275921534
3.265657618137169
-42.43084275965789
3.277793556501564
-42.20458346867103
3.2874582793082823
-41.95080021145621
3.294802093335136
-41.67213027897559
3.299982201363008
-41.371210467304444
3.303161601240504
-41.05067716832634
3.3045013817239806
-40.71316700635393
3.3042648550609215
-40.36130823939673
2.251604645848815
-36.147981526862814
3.22938973836267
-39.630065511747375
3.1564647893241045
-39.25585628042613
3.084041629564382
-38.87774369521794
3.012341209619933
-38.498359905865414
2.941571499478215
-38.120337987216935
2.871928677205972
-37.746311841215764
2.8035974274862667
-37.37891617209403
2.7367510429535855
-37.02078647826785
2.671551467121276
-36.67455904867951
2.608149317276485
-36.34287096123461
2.5466839007701765
-36.028360081445996
2.4872832311425555
-35.73366506149506
2.430064048928301
-35.46142533918192
2.375131853317754
-35.2142811355883
2.3225809558028345
-34.99487345251269
2.272494578503938
-34.8058440665827
2.224945050065685
-34.64983551834696
2.1799942360779028
-34.52949108778501
2.1376946149325136
-34.44745473315697
2.0980919524516253
-34.40636183271657
2.0611483100297505
-34.40733697368611
2.0267417629493423
-34.448311971641196
1.9936319362544737
-34.52687639405884
3.3025742331319634
-39.99774085077167
2.062765256938576
-34.775812538848164
2.166058964613626
-34.94112680208757
2.27211329040378
-35.13397897052778
2.380953266411467
-35.35187869832544
2.492597167136836
-35.592336905216776
2.6070425254708027
-35.852866568614026
2.724262640896711
-36.130982921157745
2.8442054208460945
-36.42420351557675
2.9667929242401385
-36.73004825038916
3.091921163362059
-37.04603937959456
3.2194600180620228
-37.36970151658188
3.349253208805237
-37.69856163373456
3.4811183104174006
-38.03014905803507
3.6148468066721193
-38.36199546349293
3.750204201433604
-38.69163485625484
3.8869302265900956
-39.01660354841653
4.024739237541752
-39.33444010877642
4.163321011021395
-39.642685263555755
4.302342505760009
-39.93888167821026
4.441452268726437
-40.22057341154075
4.580293658111032
-40.485304277263715
4.7185577401658065
-40.730611290975716
4.856353574366324
-40.95397879658833
4.989238634001822
-41.15345412795597
1.962298289847098
-34.640522246455824
5.316943387304832
-41.44868653570119
5.512104665836546
-41.53931707288689
5.703869682511026
-41.5958038735061
5.891329263308023
-41.61578585853323
6.0736123688152475
-41.59689930338415
6.249828501113996
-41.53678497201888
6.419053321964782
-41.433089896030424
6.5803238821650325
-41.2834679631709
6.732636746854837
-41.08558014474834
6.87494719409608
-40.837094588012114
7.006168893733161
-40.53568664429639
7.125173865888314
-40.179038855105816
7.230792686766051
-39.76484089299277
7.321815041461775
-39.29078943060775
7.396990942378466
-38.75458786429207
7.455033490555934
-38.15394569646347
7.4946258416556475
-37.4865769829408
7.5144421582257905
-36.75019566858869
7.513231473317944
-35.94249692328704
7.490404810276402
-35.06102648080664
9.66359422242732
-33.549567759221695
11.770271103360585
-32.869731795068446
13.88503989470314
-32.03379804595203
15.98693029332361
-31.038308747783777
18.05390350595212
-29.88335855161041
20.063633870504532
-28.572874304778683
21.9943679955756
-27.11468839211576
23.825795987223955
-25.520383925433414
25.53986358799108
-23.804913737149832
27.121457952596074
-21.986019845617804
28.558913038666674
-20.08350159151069
29.844300967621166
-18.11839534507356
30.973499583435625
-16.112134361444788
31.946049705798714
-14.085753736345705
32.764834651117496
-12.059194019969476
33.43562714085766
-10.050740660462894
33.96655394726844
-8.07661829441275
34.367527177253805
-6.150741894036745
34.649684580273515
-4.284613006316224
34.824871724767206
-2.487339840039347
24.808602401740245
24.566070035695702
26.31553589734375
22.9445226701701
27.75334747745643
21.182782015634828
29.10204642966022
19.28806480008401
30.34244323220139
17.27120982522574
31.45696831141464
15.146540686935566
32.4304577034174
12.931510479182023
33.250837914691544
10.646141465209396
33.90964881366875
8.31229616050772
34.40235884972947
5.952835937666929
34.728448972930494
3.5907355877174005
34.89126658750871
1.2482251582696975
34.89767447940244
-1.0539763071346293
34.757538198126326
-3.297285024399251
34.48310646277747
-5.46570387078318
34.08834211474891
-7.546090510600555
33.58825684484714
-9.528250219789559
32.99829335681795
-11.404875521623312
32.33378622030165
-13.171363588716545
31.60951971197545
-14.825545983354978
-12.16142625043851
34.11518728517795
-12.556610381386264
34.99707449262848
-12.927114134325208
35.799422946042654
-13.273465174604866
36.524864246596074
-13.59613138983643
37.176050626878514
-13.89558744994747
37.75563122316131
-14.172324316126975
38.26624868584865
-14.426851618261452
38.71053833185973
-14.65969844758051
39.09112786185199
-14.871413674089283
39.41063724748516
-15.062566090881873
39.67167867965503
-15.233744486642735
39.87685654296176
-15.385557684638385
40.028767401273065
-15.518634565473732
40.12999999013282
-15.633624080789588
40.18313521165162
-15.73119526206061
40.1907461311369
-15.812037226862856
40.1553979753567
-15.876859183237755
40.0796481304029
-15.926390433576117
39.96604614033148
-15.961380378664657
39.81713370600811
-15.982598522431346
39.63544468275423
-15.990834479445894
39.42350507712417
-15.986897988850288
39.18383304147746
-15.971618943422186
38.91893886135081
-15.945847461515797
38.63132492515096
-15.91045410153042
38.32348563297386
-15.86633071859086
37.99790703251956
-15.814396460062682
37.657064272955346
-15.755516839490099
37.30345597900252
-12.16142625043851
34.11518728517795
-14.411913762020646
36.65631863256599
-13.152177940550303
36.365999642230484
-11.912838073576637
36.070985152489975
-10.69495375629802
35.773705637787955
-9.499284717399291
35.476606722772694
-8.326289894052309
35.18214957454763
-7.176127199441339
34.89281100016495
-6.04865344381156
34.611083478900255
-4.943424300763809
34.339475174265935
-3.859694289089447
34.08050993885
-2.7964167594152514
33.83672731515706
-1.7522438806413163
33.61068253428652
-0.72552662203654
33.404946512197256
0.28568527441561287
33.222105841704135
1.2836433410070924
33.06476277911488
2.2709004708207203
32.93553521779951
3.250311090315307
32.83705663571394
4.225031538932683
32.77197597909053
5.198521018626792
32.742957371244344
6.1745428161904385
32.75267059935498
7.15686205093499
32.802356127146325
8.148712848146488
32.89018903147648
9.152010780002541
33.014244518238485
-15.690692544893523
36.93952405205647
10.852876676507663
32.89419128342859
11.551264367373193
32.640903322129425
12.265742459986285
32.40893312516177
12.99690470908368
32.19504650248557
13.745179691903417
31.996122220834287
14.510818499278713
31.80915577636687
15.293891659868649
31.631260336297288
16.094288116381847
31.459667050690683
16.911714818268592
31.29172517556195
17.74569653869935
31.124902125338032
18.595575786682986
30.95678349594054
19.460512764434043
30.78507307174882
20.339485349770598
30.60759282110751
21.231289097004407
30.42228288167479
22.13453725551409
30.227201529821734
23.047660814158803
30.020525124188566
23.968908591758037
29.800547998455997
24.89634742367693
29.565682244898035
25.827862577170038
29.314457237305334
26.76115879346287
29.045518437040997
27.693763417177195
28.75762380973103
28.62303891848245
28.44962949139603
29.546270552808096
28.1203894476277
30.459487522836582
27.77010483167909
10.169906627524966
33.172117738741996
31.310917231466306
27.66631249521528
31.236910691813648
27.915279512030416
31.136579096475316
28.142212403918116
31.008473573844924
28.345062264507447
30.85120358253431
28.52171867010344
30.66342327881472
28.67002528621601
30.443828114098608
28.787783763262702
30.19115371024276
28.872755027669115
29.90417542269995
28.922659786073435
29.581708162841608
28.935178736376958
29.222606341896437
28.907952643676825
28.825763896005242
28.838582332185005
28.39011439751573
28.724628594029028
27.91463130422818
28.563611971836124
27.398328487036395
28.353012290574053
26.840261413864425
28.090267602927806
26.23953012876092
27.7727715307498
25.59528820949845
27.397865268621654
24.906778622587524
26.96280557298821
24.173584748554276
26.46454064026843
24.173584748554276
26.46454064026843
-0.2710509372947172
-35.16562161574567
-2.8563331567685566
-35.05047464913923
-5.545426320725454
-34.72668511611514
-8.307123512928328
-34.17142243415338
-11.103901236993138
-33.36761588054366
-13.8933546431836
-32.30586802720422
-16.630303590192746
-30.985922847809938
-19.26938943789436
-29.417427537484862
-21.767871237039714
-27.619815242685217
-24.08827009010951
-25.621273510470612
-26.20052345901408
-23.45691758748494
-28.083396409835103
-21.16641817409049
-29.725030694830863
-18.791406611102058
-31.122658111742382
-16.372982754892394
-32.281625425499776
-13.949590392557537
-33.21395081525914
-11.5554265812195
-33.936650643383494
-9.219444416088514
-34.47004978277325
-6.964917817572676
-34.836236269560345
-4.80947552273383
-35.0577597867068
-2.765482050198699
-14.093609588962323
32.21900962143803
-16.424777365628835
31.095354970187017
-18.769231481357195
29.739037674942296
-21.089296991023694
28.141356837523062
-23.34376009770952
26.301393056889445
-25.489940778915354
24.22720230071552
-27.48620675029177
21.936336310164073
-29.294660469744287
19.45552055830963
-30.88366334437672
16.819445611066044
-32.22986042437318
14.068777816776809
-33.3194415745278
11.247631990514087
-34.14850481399108
8.400835149033398
-34.72253949656032
5.571325079567316
-35.05518168712955
2.7979723220119297
-35.166481395138874
0.1140110422655134
-35.080949368407325
-2.453854853826762
-34.825626385788155
-4.8857096792486026
-34.42835869875689
-7.168160820052702
-33.91639086527301
-9.293699097045959
0.2107342556533638
-34.26385959319228
0.2453693950849356
-34.15792414047104
0.2802630901271925
-34.10052439578993
0.31550073939703793
-34.08965034380395
0.3511908815034701
-34.123291953813435
0.3874427286673381
-34.19943929451526
0.42436055569640985
-34.31608256310645
0.46204183660077547
-34.47121209401607
0.5005765084054303
-34.66281836296841
0.540046649102635
-34.88889198758409
0.5805263347337757
-35.14742372794174
0.6220815895996168
-35.43640448550008
0.6647704005730759
-35.75382530147442
0.7086427965242592
-36.09767735388269
0.7537410223648635
-36.465951951248684
0.800099885811278
-36.85664052280356
0.8477474675551093
-37.2677345961049
0.8967066963094226
-37.69722575021467
0.9469992966483005
-38.1431054972397
0.9986576416853268
-38.60336492740464
1.0517721732264533
-39.07599328808729
1.1068233564030265
-39.5589680399782
1.1602487358070448
-40.05038764992244
0.1764527107023639
-34.42033994746572
1.4224023696433221
-41.03414979942181
1.6357094470250217
-41.522053125965016
1.8539822163860435
-42.00988449043706
2.077019538572472
-42.4956431156846
2.3046545514995387
-42.9773293579581
2.536703126601367
-43.4529462504446
2.7729509858162373
-43.92049988886902
3.0131494110862604
-44.37799955952309
3.2570135334165684
-44.82345778945768
3.5042215626705797
-45.25489036838863
3.7544144134541853
-45.67031635809448
4.007195520365769
-46.06775809489119
4.262130758914282
-46.445241187055814
4.518748442225558
-46.800794507403936
4.776539396617579
-47.13245017685634
5.034957156901612
-47.43824353301909
5.293418396216111
-47.71621306566138
5.551303901564722
-47.964400273786424
5.807961037294945
-48.18084930911195
6.062711157054764
-48.36360590258789
6.314879274586644
-48.51071307388764
6.564001790288273
-48.62018109361864
6.807035655806658
-48.69039103969658
1.2146572207411452
-40.548165612683135
6.968557809669221
-48.73558529977163
6.886997836342118
-48.71154447921711
6.800260111597879
-48.648871005411536
6.708706271558924
-48.549341330203674
6.612731742084179
-48.41472678644104
6.51273358377324
-48.246798237455096
6.409102454615265
-48.047327239033166
6.302219932801904
-47.81808642744625
6.192457448071252
-47.56084967310605
6.080175799391839
-47.277392151317
5.965724918289936
-46.96949037638865
5.849443748094416
-46.638922219735264
5.731660184758368
-46.28746691889316
5.612691056562767
-45.916905081486505
5.492842135829164
-45.52901868559525
5.372408187285998
-45.12559107502739
5.251673072905135
-44.708406949118256
5.130909961245322
-44.2792523417929
5.0103817572875755
-43.83991457717846
4.890342057338728
-43.39218217149002
4.771037544191472
-42.93784458590508
4.652715180266
-42.47869148469715
4.535650988515613
-42.01650976697886
4.420351530693665
-41.55306278376648
4.304828094032473
-41.09037150487532
7.044837278914258
-48.71917934703441
4.321085541593675
-40.137049894201795
4.448195832110912
-39.6508051829334
4.572268307829802
-39.1731360402776
4.693561018282367
-38.70582365173948
4.812407507613955
-38.25063951873574
4.929185734188479
-37.80934866329892
5.044310306134491
-37.38371042855417
5.158229900181652
-36.97547874395448
5.271426238116305
-36.58640222873677
5.384413633650183
-36.218224237344856
5.497738782115391
-35.87268287740136
5.61198067060792
-35.5515110150744
5.727750560711854
-35.256436269961625
5.845692030308328
-34.98918100068872
5.966481082787425
-34.751462277442755
6.090826356670277
-34.54499183287541
6.21946951168519
-34.37147597511023
6.353185959501673
-34.23261542379265
6.492786335959693
-34.13010498122722
6.639119749042607
-34.065632808693096
6.793081906678822
-34.0408786148723
6.955639508859463
-34.05750822168312
7.12792782608966
-34.11715182351668
7.311933768156678
-34.22125180344236
-2.168890579918582
-34.56121668502479
14.113533286997836
-32.236783771819574
16.271736698468317
-31.203086940396872
18.39384639120084
-30.00114105715238
20.455748462838812
-28.635020597501125
22.433918913602213
-27.11312102971857
24.306411453419912
-25.447994263817804
26.053779752899857
-23.655921254130647
27.659853985368443
-21.756252602466816
29.112307398635153
-19.77057428912019
30.40297344281828
-17.721773489962345
31.52790305422178
-15.633086029247067
32.48717984056327
-13.527202068467261
33.28453361808715
-11.42549218286345
33.926807167424556
-9.347395638285292
34.423336383944275
-7.309990560326753
34.78530118761864
-5.32774540316106
35.025095803661316
-3.4124351625478653
35.15575495428584
-1.5731952798217037
23.532981364262923
26.164877945511222
25.171953053997242
24.592170079958493
26.74855573612382
22.867374484748467
28.240795504324637
20.99665494970955
29.627244394853392
18.990219571186486
30.887972624529993
16.86224175311611
32.00546395571246
14.630527221321756
32.965433130976635
12.31593554227021
33.757469783535214
9.941593615107962
34.37545011717907
7.531963823305233
34.81768340327778
5.111846263666564
35.086790422406295
2.7053997206299414
35.18934001914067
0.33525931985801094
35.13529311588417
-1.9781879221018812
34.93731767355632
-4.217331332875574
34.61004220186709
-6.367654872810192
34.16931056282823
-8.417853969702719
33.63148944366094
-10.359776425925787
33.012865041226235
-12.188223478589094
32.32915006143827
-13.900651283276375
4.190972475680326
-40.63005685970239
35.211287145472454
20.700990997380927
-16.47444549170544
29.97915777709221
-16.039655004864244
30.035640488745344
-15.629427361430203
30.134122102813706
-15.241257386474132
30.27343637290565
-14.872709956286485
30.452393558736873
-14.521434477048444
30.66977224113367
-14.185168499624325
30.92431727754598
-13.861738917736318
31.214739121395183
-13.54906243913274
31.539713552546488
-13.245145787754552
31.897881556703965
-12.948085788403546
32.287849269679896
-12.656069386955181
32.70818795262741
-12.367373622425106
33.15743398717629
-12.080365544650448
33.634088887609664
-11.79350204734746
34.13661933407056
-11.505329543642262
34.663457244668336
-11.21448330547446
35.21299992326382
-10.919686002959793
35.78361039151042
-10.61974404568636
36.37361822143521
-10.3135366007497
36.981322036987706
-9.999971658227963
37.60499952253775
-9.677678481078175
38.24297749012317
-9.349111074628325
38.892697009251776
-16.936272666148426
29.965874020894034
-7.809627407161855
39.808465026194085
-6.575661650648698
40.060740348758515
-5.309227239651307
40.30761348032104
-4.010201831542133
40.54714388685028
-2.6786532194248025
40.77745214568421
-1.314887086985891
40.99670906407846
0.08054105454101546
41.20313295767136
1.5068218897421275
41.39498874167526
2.962890711580144
41.570587564874074
4.447426704354768
41.728286640321585
5.958852591831146
41.86648915625264
7.495334457832428
41.98364422124982
9.054781659634216
42.07824682223469
10.63484680260592
42.148837782302536
12.232925770960378
42.194003703311154
13.846157835642714
42.21237687166979
15.471425906175341
42.20263507795235
17.105357112096954
42.163501226573175
18.744324279417185
42.093742366892144
20.384450378745726
41.992166788866314
22.021626339390593
41.8576124150421
23.65163577487283
41.68886555048593
25.268465591514712
41.485761358223584
-9.011102693697836
39.55286531922954
27.47049895849159
40.62568365035014
28.049906228998225
39.97125415801574
28.605856739790966
39.28647067756211
29.137961270189862
38.574270485671406
29.645945535479427
37.83748122274426
30.12963087454341
37.0788334731383
30.588929421028524
36.30096391060138
31.023842493851987
35.50641634783318
31.4344599522301
34.69764215559559
31.820959903031508
33.87700045432749
32.183608553775514
33.04675820938837
32.52276013368413
32.20909028251515
32.83885684844694
31.3660794606414
33.13242885345875
30.519716472569712
33.404094238032656
29.671899998376006
33.65455901589604
28.82443667271366
33.88461712151428
27.979041083163764
34.09515041238109
27.13733576125975
34.28712867991004
26.3008511593396
34.46160967976061
25.47102559636201
34.61973921214161
24.64920511868928
34.762751367983924
23.836643079639657
34.89196951924305
23.034498454472953
35.00881325604854
22.2438240384503
35.114704496347656
21.46572614928084
26.868274261419685
41.246624186083636
34.43479587228262
20.894730040285395
33.67218134971307
21.081766497100688
32.924767637491186
21.263290050608447
32.19382080963004
21.44055205827874
31.48054146376404
21.61487829683054
30.786063653444103
21.787670780159544
30.11145462510632
21.960408211361994
29.457714734503327
22.13464613007804
28.825777417936933
22.312016966912978
28.216509186700364
22.494230063470326
27.630709632355206
22.68307167459392
27.069111442658937
22.88040496021725
26.532380428149736
23.088169966078993
26.021115565384605
23.308383590810422
25.535849066779463
23.54313953142477
25.077046496751507
23.79460819131242
24.645106975282317
24.065036519642547
24.240363554557234
24.3567477127701
23.86308397136213
24.672140617846537
23.513472301547154
25.013688422435393
23.191673093397696
25.383935379118157
22.897783766500083
25.7854869826962
22.631904201963152
26.220970680427513
22.39448387061168
26.69276085357248
-4.61004876156926
-34.32097369703911
-4.61004876156926
-34.32097369703911
-7.122776116399024
-33.88875691866775
-9.678957738712171
-33.249053553283574
-12.24634104246968
-32.39149450347142
-14.789794369999214
-31.31203870063453
-17.272951771129954
-30.01377887252977
-19.66010093912473
-28.507230945153594
-21.918118579851182
-26.81003287980971
-24.018237614153435
-24.946062755612587
-25.937450738585426
-22.944071876638446
-27.659411171425035
-20.83599670634797
-29.174770123707788
-18.655148708217325
-30.480972756124828
-16.434478541690083
-31.58160239333256
-14.205075690271656
-32.485405116999004
-11.995008940444848
-33.20514042487807
-9.828552002254668
-33.756392549256674
-7.725784565814934
-34.15644963256756
-5.702519933746061
-34.42332351773615
-3.7704884418558606
-19.04207106400449
28.92371543716851
-21.041817628608896
27.503157927431886
-23.00837562204765
25.88042573706352
-24.90963816596991
24.05601196244612
-26.71246051392467
22.03692896909436
-28.38434058610858
19.837111548526536
-29.895246762646337
17.477299737012572
-31.219400375267867
14.984352682235595
-32.336806161974266
12.390026325226188
-33.234348405737336
9.72933045707461
-33.906330630715814
7.038645342498654
-34.35441937482375
4.353809196052424
-34.587038397864205
1.7083793377243808
-34.61832975004691
-0.8677732502866604
-34.46683959970872
-3.349440715230969
-34.154095846548984
-5.716600563415398
-33.703225972997615
-7.954517214134086
-33.13772714742689
-10.05349812749688
-32.48045737266881
-12.008400141531752
-31.752875690833662
-13.817983588764378
9.782531920112149
-33.803906860394605
21.085945384092504
-29.235337330841844
21.245363223731452
-29.642355777988968
21.387759211847065
-30.029892926398276
21.513646652022796
-30.39827570556892
21.623532917571698
-30.74783489867555
21.717919719589318
-31.078904947557362
21.797303173710006
-31.391823904540843
21.86217382183799
-31.686933416562823
21.913016640263955
-31.964578718918375
21.95031104298968
-32.225108632844865
21.974530882806516
-32.468875564474274
21.986144451534326
-32.69623550486871
21.985614479292078
-32.907548029993265
21.97339813352989
-33.10317630132178
21.949947017634493
-33.28348706670769
21.915707168790615
-33.4488506611178
21.87111905586794
-33.59964100862058
21.81661757576833
-33.736235623650174
21.75263204931263
-33.85901561379711
21.67958621538739
-33.96836568313239
21.597898222710445
-34.06467413654369
21.50798061864546
-34.14833288655461
21.41024033246539
-34.21973746238558
21.30507865098595
-34.279287024388935
21.192891180286562
-34.327384385023464
21.074067785597517
-34.36443604385934
20.948992490463947
-34.390852244491555
20.818043300903685
-34.40704707470533
20.681591878951302
-34.41343865222453
20.540002889988536
-34.41044949607266
20.39363256717686
-34.39850734351023
20.242825122575994
-34.378047191727546
20.08790198149846
-34.34951742373707
19.929118719847814
-34.31340431061446
19.766363626342653
-34.27040352636266
19.603210382621842
-34.21911421216444
20.908984578009917
-28.808515874479795
19.07593529753789
-34.15401577334015
18.7131413373219
-34.14113231551721
18.349992385679826
-34.12290538598978
17.98695645069565
-34.09972151085654
17.624421185325204
-34.07201031044059
17.262739528507684
-34.040218529908174
16.902241114861415
-34.00480354720247
16.54323607711174
-33.96623120894077
16.186016566531816
-33.92497496537058
15.830857443112418
-33.88151547720892
15.478016619726805
-33.8363404194817
15.127735246131415
-33.78994437601409
14.78023781263284
-33.74282877966354
14.43573221042142
-33.69550187727555
14.094409766429479
-33.64847870805727
13.756445262371699
-33.60228109082735
13.421996942242703
-33.55743761673668
13.091206510161378
-33.514483646709806
12.764199117295185
-33.47396131173727
12.4410833355535
-33.43641951892508
12.121951109696262
-33.4024139622376
11.806877674167055
-33.372507144076735
11.49592140418585
-33.34726841416801
11.189123536572943
-33.32727404294121
10.886507609559963
-33.31310737045857
10.588078228050222
-33.30535913394152
10.29381797542667
-33.304628288920384
10.003678146687221
-33.31152447219176
9.717541679555609
-33.32667785680917
9.434963667858298
-33.350808134821534
9.158675709262546
-33.38379289966295
19.437506411622735
-34.16139411576259
8.93128547943757
-33.35881615052716
8.978566639735234
-33.30259403482495
9.028869151125164
-33.25858233651539
9.082484891324768
-33.227274529341315
9.139654140806456
-33.20917769599123
9.200605084601179
-33.204802026564494
9.265563689815288
-33.21465819230767
9.334757000636493
-33.23925646945264
9.408414459368686
-33.2791063879784
9.486768510562591
-33.33471657077993
9.57005490748994
-33.40659465114018
9.658512883327667
-33.49524722736891
9.752385256470482
-33.601179833611695
9.851918504185818
-33.72489691940305
9.957362822731099
-33.866901831768274
10.06897218658618
-34.027696797950625
10.187004416943921
-34.20778290375529
10.31172127237474
-34.40766006453211
10.443388580546213
-34.62782698329599
10.58227644235032
-34.86878108430062
10.728659567824991
-35.13101840515549
10.882817859617177
-35.41503340671744
11.04503749433431
-35.721318623366926
11.215613082162847
-36.050363962205836
11.394852416351227
-36.40265516338758
11.583088344399727
-36.778669949587965
11.780714380597146
-37.178866477575525
11.988327153219615
-37.603637142051696
12.207723532623348
-38.05298520495839
18.788641935134354
-29.665060445055005
20.800586328992424
-34.73585571986874
23.614464134329594
-32.887705117108226
26.36510959711164
-30.726618104726356
28.994652173317817
-28.25870148413972
31.445307712924105
-25.503660267909027
33.663463695543626
-22.49478331169746
35.60368818679116
-19.27748561714293
37.23206983165231
-15.906509367940231
38.528392093433595
-12.44214880621709
39.48686259583809
-8.946046420559668
40.11539372763559
-5.477157136524369
40.43368270226128
-2.088388698078546
40.47050352425548
1.1757587825023847
40.260673411815844
4.280448650376542
39.8421053700301
7.200743288357472
39.25324493434039
9.921029500313267
38.53105596275799
12.433896839535777
37.70960148153732
14.738725193348444
-7.085204905183886
39.86281394574351
-4.0624724991357795
40.283251872399404
-0.8521936229009839
40.47860953949001
2.5136330873029777
40.409475533887104
5.992293342927368
40.041684339119826
9.531527594826414
39.34963844726488
13.071919341385495
38.319303085438776
16.55036269661352
36.95036615288066
19.904232767814733
35.257135194823405
23.07570261213492
33.26794272535821
26.015591895793122
31.0231049789177
28.68621975185401
28.571749343884164
31.06294132537552
25.968013794622095
33.1343080066175
23.267180687483574
34.901028946181086
20.522237761005385
36.37406953065546
17.781201590456334
37.57228036121421
15.0853509299493
38.51992082049826
12.468350500525304
39.24435678075258
9.95613002558747
39.77410769603941
7.56732589527266
8.886405695545648
-33.42684232496515
-11.67642658823921
32.55738097779624
-35.403962380044334
4.330675100021523
-35.351262976614535
5.129664995099944
-35.26290310262616
5.94209991316643
-35.14040402747131
6.766509699174833
-34.98525855820728
7.601466268997143
-34.79893080266211
8.445585977562587
-34.582856111022764
9.297530210676655
-34.338441056709215
10.156005582012483
-34.067063428990664
11.019764011583476
-33.77007223026222
11.887602761174662
-33.448787675032634
12.758364451723253
-33.10450119020281
13.630937072473102
-32.73847541539354
14.504253985714058
-32.351944204045715
15.37729392930973
-31.946112624906974
16.24908101783427
-31.522156963556547
17.11868474255786
-31.081224725359135
17.985219971129197
-30.62443463802652
18.847846945987442
-30.152876656064578
19.70577128245023
-29.667611966333496
20.558243965670272
-29.169672995495016
21.40456134609468
-28.660063421132435
22.244065133328718
-28.13975818713406
23.0761423866457
-27.609703527406754
23.90022550134711
-27.070817001323416
24.71579218689078
-26.52398755153322
25.522365432983463
-25.970075599039024
26.319513452234162
-25.40991320993423
27.106849580339826
-24.844304404714663
27.8840320907031
-24.27402577665156
28.65076382378527
-23.699827852006525
29.40679137188357
-23.122438489909506
30.151903040841205
-22.542573082312657
30.885922736243373
-21.960975352503425
31.608685507654855
-21.378702943516675
32.31986635852854
-20.793289588395044
33.021280750310126
-35.41945324084519
3.5466258744321806
-19.91630999004377
33.69007096966101
-19.62430463267206
33.6625580098011
-19.331552738894967
33.62971291516905
-19.038321060832423
33.59203061719717
-18.744924675935454
33.549975541199615
-18.451683745709584
33.50400752663751
-18.158912706014473
33.45458830700281
-17.86691666428926
33.40218366923352
-17.575989959320143
33.34726431757787
-17.286415507251192
33.29030626575164
-16.998464475573467
33.23179103280262
-16.712396108585864
33.17220574793228
-16.428457629125347
33.112043209973564
-16.146884181567042
33.05180192267704
-15.867898798422619
32.9919861154454
-15.591712382203976
32.93310575580284
-15.318523697977703
32.87567655585957
-15.048519375322764
32.82021997469232
-14.781873919582612
32.76726321542978
-14.518749736471491
32.7173392185928
-14.259297175429204
32.670986646766096
-14.00365460622719
32.62874985825067
-13.751948555677643
32.59117885856065
-13.504293963812074
32.55882920862811
-13.260794698674275
32.532261840903914
-13.021544690168305
32.51204265252534
-12.78663076690259
32.4987414885135
-12.55614116780692
32.49292908887662
-12.330199591330384
32.495164877801415
-12.109203541285371
32.50591148230362
-11.890606149518497
32.526688904855774
-20.2076530777866
33.711544914497125
-11.554070488759663
32.539767100409705
-11.436523352027919
32.533212401252854
-11.323477662391959
32.53840933290084
-11.214924000835964
32.55594307611884
-11.110897071617273
32.58638262547319
-11.011439418352644
32.63029380200868
-10.916592350712413
32.688242506799554
-10.826392917358028
32.760795806197564
-10.740872692003343
32.848522366921856
-10.660057217727477
32.95199265481972
-10.583965724044738
33.071779034861066
-10.512610968612407
33.20845582753293
-10.445999138322783
33.36259934237441
-10.384129779083352
33.534787901292475
-10.326995736636043
33.725601856450794
-10.274583097148366
33.93562360805248
-10.226871116349706
34.165437623357406
-10.183832124475707
34.41563046144199
-10.145431387480166
34.686790809304625
-10.111626890448832
34.97950953646239
-10.08236898147328
35.29437978593549
-10.057599751183965
35.631997129937645
-10.03725188396843
35.99295986056808
-10.02124636212865
36.377869568349695
-10.009487417472712
36.78733241582444
-10.00184991160313
37.22196231900003
-9.99814147930384
37.682390493733664
-9.99795110322978
38.16930363755296
-9.999589140025847
38.68371120306574
16.808931260020405
-30.829996867845537
16.808931260020405
-30.829996867845537
14.694794514191907
-31.891878137875977
12.458423383640845
-32.83011671879049
10.11602936500492
-33.62580596598117
7.687505686587791
-34.26267843140897
5.1958218034420725
-34.72797593817313
2.6661824683219173
-35.01314536029389
0.12501402754875457
-35.11428838049224
-2.401136347265602
-35.03231966652075
-4.886691982441143
-34.77282154850542
-7.308035579798471
-34.34561824949226
-9.644319329586324
-33.7641226991673
-11.878045918131512
-33.04452908035181
-13.995399954159524
-32.20493218590235
-15.986337644055354
-31.264450830067616
-17.844465084448643
-30.24241959277316
-19.566750025737107
-29.157694874694286
-21.153118074513287
-28.028101482283034
-22.6059832469559
-26.870027882639164
-35.091045376787335
1.2835152276887811
-35.09988185328952
-1.0134943811259518
-34.95197107425536
-3.3746992458399916
-34.63567201624318
-5.779195528677491
-34.14282091751597
-8.203453953664308
-33.46938872969671
-10.622094663290625
-32.61592761856905
-13.008848625290454
-31.58774829474406
-15.337634584359805
-30.394797780538482
-17.583661304052384
-29.051241442484375
-19.724458107282317
-27.574787619344306
-21.740744346123776
-25.985821614711767
-23.617069081150518
-24.30643331345125
-25.34218176389325
-22.559426971937967
-26.90912729304418
-20.767393533618915
-28.315088606523204
-18.951908248376654
-29.561022491121136
-17.132893819085098
-30.65114722745973
-15.328166192532947
-31.592343979982658
-13.553159963682603
-32.39352916825037
-11.820815277304781
-33.06504503482938
15.194215098566048
-37.52838781189399
3.589557287882375
3.6158628447388548
3.639313566252866
3.6601592030218844
3.678615853348845
3.694871913416191
3.70909279897364
3.721424735206911
3.731997830981167
3.7409285976441438
3.7483220325664255
3.7542733587301367
3.758869490396396
3.762190279211861
3.764309583215442
3.7652961923005406
3.7652146368201733
3.764125900651085
3.7620880559520318
3.7591568335202714
3.7553861400014865
3.7508285311258684
3.745535648364843
3.739558624895088
3.732948465548574
3.7257564042717766
3.718034241648689
3.7098346642196858
3.7012115434472412
3.589557287882375
3.6828972630963817
3.673322914343957
3.663558446778169
3.6536675228653626
3.643716366388549
3.633773890321365
3.623911782720735
3.6142045441638615
3.6047294696972805
3.595566567999586
3.586798410372399
3.5785099025015623
3.570787972595244
3.5637211706442082
3.557399175297011
3.5519122069776423
3.54735034875111
3.5438027796977303
3.5413569293415117
3.5400973019890674
3.540060878154363
3.541187744808245
3.543402311389198
3.6922202277377734
3.5506782149159912
3.5555823550109538
3.5612554658557576
3.567614427480282
3.5745765953177155
3.5820602974255844
3.5899852521945292
3.5982729082622624
3.606846709627534
3.615632290097041
3.6245576022005004
3.6335529861624103
3.642551184786399
3.651487310136956
3.660298767582208
3.668925142447539
3.6773080539714234
3.6853909806525844
3.6931190604240403
3.7004388683055285
3.7072981731934123
3.713645673208741
3.719430693017845
3.724603341222816
3.546626059647332
3.732616821417703
3.7353678887421125
3.737313774352403
3.7384007708286773
3.738573222736564
3.737773026553383
3.735939071354007
3.733006612579588
3.728906565627834
3.7235647022520957
3.7169007283845334
3.708827216635667
3.6992483597513455
3.6880585022649988
3.6751403956164572
3.660363106072923
3.6435794831094075
3.6246230658526986
3.603304260058392
3.579405514391406
3.552876062862707
3.552876062862707
3.5528760628627065
3.552876062862707
3.552876062862706
3.552876062862707
3.552876062862706
3.552876062862706
3.552876062862706
3.552876062862706
3.5528760628627065
3.552876062862706
3.552876062862706
3.552876062862707
3.552876062862706
3.552876062862707
3.552876062862707
3.5528760628627065
3.5528760628627065
3.552876062862706
3.5528760628627065
3.552876062862706
3.552876062862707
3.552876062862707
3.5528760628627065
3.552876062862707
3.552876062862707
3.552876062862707
3.5528760628627065
3.5528760628627065
3.552876062862706
3.552876062862707
3.552876062862706
3.5528760628627065
3.552876062862707
3.552876062862707
3.5528760628627074
3.5528760628627065
3.552876062862706
3.552876062862706
3.589557287882374
3.6158112335465713
3.639214034265826
3.6600154335083017
3.6784315291537597
3.6946507179926913
3.7088384166028026
3.7211408510147463
3.7316881308877874
3.7405967682857426
3.7479717612048415
3.7539083331561653
3.7584933988297
3.761806810198918
3.7639224255262924
3.7649090348247687
3.7648311684623796
3.763749810225987
3.7617230320792756
3.7588065645189674
3.7550543137844046
3.7505188350931036
3.745251769296485
3.7393042488417225
3.732727277716337
3.7255720888910027
3.7178904817767395
3.7097351410825494
3.701159944753476
3.589557287882374
3.673452953997704
3.65509647603453
3.6372507566879198
3.6200165266048843
3.6034949445925224
3.587787223833331
3.5729942279729157
3.5592160444270458
3.5465515423067995
3.535097921726072
3.524950259996819
3.516201058618303
3.508939793035952
3.50325246516002
3.4992211569171854
3.4969235816566373
3.4964326296265034
3.49781590380464
3.50113524334731
3.506445969463541
3.5137527412065355
3.5229606070805124
3.5339580632258976
3.6922202277377734
3.5449603919445956
3.5445633081342254
3.545366387136495
3.547300190929368
3.5502947756552934
3.55428008283456
3.559186252244474
3.564943864017715
3.5714841156054415
3.578738939693429
3.5866410698340703
3.5951240607274584
3.60412227005094
3.613570808435958
3.6234054635174937
3.6335626033017396
3.6439790631707907
3.6545920198769526
3.6653388548609955
3.676157008022
3.68698382128596
3.6977563658703545
3.708411200624936
3.7188855249395694
3.546626059647332
3.732483628599901
3.7351141818495392
3.7369521754657913
3.7379439160911603
3.7380337709012696
3.737163658601259
3.7352724878654313
3.732295530351694
3.7281637139906256
3.7228028192547318
3.7161325569323953
3.7080655006298864
3.6985058402817326
3.6873479139319025
3.6744744631277126
3.659754541453033
3.643040984435257
3.6241673205469636
3.6029439663383234
3.579153529164113
3.579153529164113
3.5600986512245694
3.5600986512245694
3.5600986512245694
3.5600986512245694
3.5600986512245694
3.5600986512245694
3.5600986512245694
3.5600986512245694
3.5600986512245694
3.5600986512245694
3.5600986512245694
3.5600986512245694
3.5600986512245694
3.5600986512245694
3.5600986512245694
3.5600986512245694
3.560098651224569
3.5600986512245694
3.5600986512245694
3.5600986512245694
3.5600986512245694
3.5600986512245694
3.5600986512245694
3.5600986512245694
3.5600986512245694
3.5600986512245694
3.5600986512245694
3.5600986512245694
3.5600986512245694
3.5600986512245694
3.5600986512245694
3.560098651224569
3.5600986512245694
3.5600986512245694
3.560098651224569
3.5600986512245694
3.5600986512245694
3.5600986512245694
3.5600986512245694
3.5341100554707645
3.53102039817044
3.5293465349887065
3.529036655198732
3.5300331576227895
3.5322734171389922
3.5356905796445157
3.5402143651858986
3.5457718603973816
3.5522882834198697
3.55968770723364
3.5678937300704665
3.5768300845639147
3.5864211800542587
3.596592575030515
3.6072713790606294
3.618386585331828
3.629869336652886
3.641653128790634
3.6536739558395963
3.6658704022863637
3.6781836816780196
3.690557799129419
3.5386608070437933
3.715005073179581
3.7270000191006654
3.7388778073177282
3.7505945658912814
3.7621085034768926
3.7733797650826517
3.784370274748584
3.7950435707029646
3.805364635284523
3.8152997210247395
3.824816173765658
3.8338822533103234
3.8424669517781584
3.8505398095468633
3.858070728333302
3.865029780742431
3.871387015291428
3.877112255639845
3.8821748924296244
3.886543665497362
3.890186432663735
3.8930699075216673
3.8951597903404878
3.7029390189687517
3.896529016841655
3.895812089806076
3.894303954339414
3.892037927424842
3.8890458490170454
3.885358320198897
3.881004924574303
3.8760144352225145
3.8704150095083696
3.8642343738980074
3.857500000498674
3.8502392768680527
3.8424796703322417
3.8342488878553787
3.8255750322790867
3.8164867555073663
3.8070134090644734
3.7971851922022912
3.7870332975074406
3.776590053777529
3.765889065671312
3.754965349506481
3.7438554648231333
3.7325976463515955
3.7212317669627373
3.896419688561119
3.6980616707829634
3.6863646397295966
3.6747569436270004
3.6632888233847964
3.652012684294372
3.6409830841861908
3.6302566861882877
3.619892173971272
3.609950125879815
3.6004928443589956
3.5915841372920734
3.5832890486172757
3.5756735363117307
3.5688040970115478
3.5627473378336347
3.557569497533988
3.5533359209459916
3.5501104924825766
3.5479550365067727
3.5469286942773195
3.5470872887196
3.548482688951323
3.5511621820194175
3.5551678046842783
3.5446973787304845
3.560788579014852
3.5607885790148526
3.5607885790148526
3.5607885790148526
3.5607885790148526
3.5607885790148526
3.560788579014852
3.5607885790148526
3.560788579014853
3.560788579014852
3.560788579014853
3.560788579014852
3.560788579014853
3.560788579014852
3.560788579014853
3.5607885790148526
3.5607885790148526
3.5607885790148526
3.560788579014852
3.560788579014853
3.560788579014853
3.560788579014852
3.5607885790148526
3.5607885790148526
3.5607885790148526
3.5607885790148526
3.5607885790148535
3.560788579014852
3.560788579014853
3.5607885790148526
3.560788579014853
3.560788579014853
3.560788579014852
3.5607885790148517
3.560788579014852
3.560788579014852
3.560788579014853
3.560788579014853
3.7097999229389744
3.7097999229389744
3.5324467124924244
3.527833367165889
3.5247768403799475
3.523226534867905
3.523125938791106
3.5244133941822664
3.5270228903847247
3.5308848651540337
3.5359269951649823
3.5420749592691108
3.549253160499051
3.557385395512791
3.566395463148851
3.576207706511581
3.5867474855623667
3.5979415795462413
3.6097185203228985
3.62200885931827
3.6347453715711304
3.647863200134127
3.6612999383326645
3.6749955854532597
3.6888943784346986
3.5386608070437933
3.7029618186235504
3.7036898747319635
3.7051407584708986
3.7073324012467843
3.710282203120958
3.714005870770928
3.71851620660993
3.7238219090283042
3.7299264299050243
3.736826933004546
3.7445133938247137
3.7529678760732725
3.76216401199706
3.7720667036579942
3.7826320506158466
3.7938074974345977
3.8055321827912385
3.817737461809953
3.8303475651368153
3.8432803519290455
3.8564481056196294
3.869758259874896
3.8831160143689543
3.702939018968752
3.89266807649517
3.888372033037675
3.8835731079751454
3.878310625437968
3.8726219655704988
3.8665427792683955
3.860107181600518
3.8533479318586044
3.846296603923955
3.838983749702866
3.8314390577250967
3.823691508725943
3.815769529658109
3.807701147323422
3.799514142531128
3.791236205388126
3.782895092119414
3.7745187835070437
3.76613564475015
3.7577745863034524
3.749465224898492
3.741238043613446
3.7331245491533096
3.725157420323415
3.7173707680086507
3.89641968856112
3.695813928544724
3.682038073457425
3.6685230853014286
3.655321658276126
3.642488452477178
3.6300800691907655
3.6181549945777096
3.6067735073120546
3.5959975461561533
3.585890533804272
3.576517153615232
3.567943076625521
3.5602346369573956
3.5534584549144648
3.5476810083503967
3.5429681544643326
3.5393846059920606
3.5369933676283978
3.535855140615535
3.5360277055704628
3.5375652959547206
3.5405179784379297
3.54493106937795
3.5508447361006863
3.544697378730485
3.544697378730485
3.5446973787304845
3.544697378730484
3.544697378730485
3.544697378730484
3.5446973787304845
3.5446973787304845
3.5446973787304845
3.544697378730485
3.544697378730485
3.5446973787304845
3.544697378730484
3.5446973787304845
3.5446973787304845
3.544697378730485
3.5446973787304845
3.5446973787304845
3.5446973787304845
3.5446973787304845
3.544697378730485
3.5446973787304845
3.544697378730485
3.5446973787304845
3.544697378730484
3.5446973787304845
3.5446973787304845
3.544697378730485
3.544697378730484
3.5446973787304845
3.5446973787304845
3.5446973787304845
3.544697378730485
3.544697378730485
3.5446973787304845
3.5446973787304845
3.544697378730485
3.544697378730485
3.5446973787304845
3.544697378730485
3.5607885790148526
3.5847989504739344
3.5964801610305006
3.607337083342447
3.6174103327050733
3.6267375008887757
3.6353534709109625
3.6432906939398713
3.65057943378877
3.6572479835808123
3.663322858442847
3.6688289674603762
3.673789767659394
3.678227402329428
3.6821628257114734
3.685615915752601
3.688605576386727
3.691149830651055
3.693265905673481
3.6949703105457976
3.6962789078729625
3.697206979722468
3.697769288628372
3.697980134163565
3.697853405604519
3.6974026310589285
3.696641023490417
3.695581523901842
3.694236841998168
3.69261949455608
3.690741841704224
3.688616121265214
3.6862544811922073
3.6836690098381863
3.680871762038426
3.677874762244231
3.674690530384073
3.5722494534767972
3.6666383214764955
3.661848845473754
3.6569750245896535
3.6520298140789063
3.6470262960849538
3.6419777085715084
3.636897465071985
3.631799171357024
3.626696640207514
3.621603904516958
3.6165352287517583
3.611505118688465
3.6065283293380848
3.6016198709377876
3.5967950128504533
3.592069285254447
3.5874584784566523
3.582978639692981
3.5786460672158302
3.5744773015839066
3.5704891139191552
3.566698491055221
3.563122617395916
3.559778853352183
3.556684710249523
3.5538578214928203
3.551315909703923
3.5490767487463915
3.5471581156074516
3.545577686414376
3.5443541870609656
3.6713305308002817
3.5419365139799366
3.5407187403742575
3.5398675120499616
3.539399786424686
3.539332130127065
3.539680652641833
3.540460940603278
3.5416879921092503
3.543376151410049
3.545539044522031
3.5481895163735673
3.551339570193033
3.555000309729561
3.5591818850098647
3.5638934422323545
3.569143078448994
3.574937801542623
3.5812834960362467
3.5881848951909014
3.595645559718471
3.6036678634558683
3.612252986109821
3.6214009132683724
3.631110443583199
3.6413792030431185
3.6522036659281416
3.6635791816126155
3.675500003697962
3.687959294457346
3.558614461491868
3.70099523905201
3.7009952390520104
3.7009952390520104
3.70099523905201
3.7009952390520104
3.700995239052011
3.70099523905201
3.70099523905201
3.7009952390520104
3.7009952390520104
3.70099523905201
3.7009952390520104
3.700995239052011
3.7009952390520104
3.700995239052011
3.7009952390520104
3.7009952390520104
3.7009952390520104
3.7009952390520104
3.70099523905201
3.70099523905201
3.70099523905201
3.7009952390520104
3.70099523905201
3.7009952390520104
3.7009952390520104
3.7009952390520104
3.70099523905201
3.7009952390520104
3.70099523905201
3.7009952390520104
3.7009952390520104
3.7009952390520104
3.70099523905201
3.7009952390520104
3.70099523905201
3.7009952390520104
3.7009952390520104
3.5435035620158013
3.5435035620158013
3.5742496345436914
3.575752628799447
3.576831235360287
3.577555136243774
3.5779910416584793
3.5782027781472707
3.578251320566479
3.578194775264141
3.5780883224633433
3.5779841260770784
3.577931219340522
3.5779753748327816
3.578158967495483
3.5785208392450003
3.579096173490394
3.5799163873959894
3.581009049067855
3.5823978257876954
3.5841024683689495
3.586138835253619
3.588518958525153
3.5912511524909667
3.594340163895123
3.5977873614564646
3.601590961043616
3.6057462818373165
3.6102460278825825
3.615080588995954
3.6202383546972183
3.6257060349197516
3.6314689816790797
3.6375115068904376
3.643817194458795
3.650369217972718
3.657150801509578
3.6641418072092797
3.5722494534767972
3.667060318817019
3.6626670738550735
3.6581632862997537
3.6535616487128393
3.6488750213184638
3.6441164429227997
3.6392991463760476
3.6344365739847593
3.629542391922756
3.6246305032805486
3.6197150595868193
3.6148104706456636
3.60993141256725
3.60509283385691
3.60030995939545
3.595598292189055
3.5909736127198424
3.5864519757604865
3.5820497044526634
3.5777833815661166
3.5736698377061904
3.5697261364004502
3.5659695558954154
3.562417567558667
3.5590878108405852
3.5559980647439464
3.553166215999903
3.5506102246346445
3.548348090743271
3.54639785634727
3.544776685111049
3.671330530800282
3.5418335804008843
3.5405197170721747
3.5395792351680306
3.5390290959767925
3.5388858714951725
3.539165676628516
3.5398841031217754
3.541056153751827
3.542696176966986
3.544817802477593
3.547433878389919
3.5505564105871943
3.554196504945881
3.558364313089274
3.56306898227899
3.568318610094288
3.5741202044065887
3.580479649185169
3.587401676589924
3.5948898456762977
3.6029465280565254
3.61157290062176
3.620768945511436
3.63053345721101
3.6408640566389687
3.6517572116340746
3.6632082623580002
3.675211444832969
3.6877598563660046
3.5586144614918687
3.5586144614918687
3.558614461491868
3.558614461491868
3.5586144614918687
3.5586144614918687
3.558614461491868
3.5586144614918687
3.558614461491868
3.558614461491868
3.5586144614918687
3.558614461491868
3.5586144614918687
3.5586144614918687
3.558614461491869
3.5586144614918687
3.5586144614918687
3.5586144614918687
3.5586144614918687
3.5586144614918687
3.5586144614918687
3.5586144614918687
3.5586144614918687
3.5586144614918687
3.5586144614918687
3.558614461491868
3.5586144614918687
3.558614461491868
3.558614461491868
3.5586144614918687
3.5586144614918687
3.5586144614918687
3.5586144614918687
3.558614461491869
3.5586144614918687
3.5586144614918687
3.5586144614918687
3.5586144614918687
3.558614461491868
3.5586144614918687
3.7009952390520104
17.292499507822942
0.0
0.0
0.0
0.0
0.0
0.0
0.0
0.0
0.0
0.0
0.0
0.0
0.0
0.0
0.0
0.0
0.0
0.0
0.0
0.0
0.0
0.0
0.0
0.0
0.0
0.0
0.0
0.0
17.292499507822942
0.0
0.0
0.0
0.0
0.0
0.0
0.0
0.0
0.0
0.0
0.0
0.0
0.0
0.0
0.0
0.0
0.0
0.0
0.0
0.0
0.0
0.0
0.0
0.0
0.0
0.0
0.0
0.0
0.0
0.0
0.0
0.0
0.0
0.0
0.0
0.0
0.0
0.0
0.0
0.0
0.0
0.0
0.0
0.0
0.0
0.0
0.0
0.0
0.0
0.0
0.0
0.0
0.0
0.0
0.0
0.0
0.0
0.0
0.0
0.0
0.0
0.0
0.0
0.0
0.0
0.0
0.0
0.0
0.0
0.0
0.0
0.0
0.0
0.0
0.0
0.0
0.0
0.0
0.0
0.0
0.0
0.0
0.0
0.0
0.0
0.0
0.0
0.0
0.0
53.31130833608689
53.311308336086825
57.72255309782164
62.3543600976429
62.35436009764286
67.21775744745496
72.32432466475785
77.68622024292632
0.0
0.0
0.0
0.0
0.0
0.0
0.0
0.0
0.0
0.0
0.0
0.0
42.841397042375505
43.981047452693
45.02246566220886
45.96880440734646
46.8232135989289
47.58884028032595
48.26882873279269
48.8663205988241
49.384455009548766
45.447821613081494
50.195196208950094
50.494069867581096
50.72612007022826
46.4220671860294
46.520382384797124
51.052606581489236
51.04863145549055
50.99345943314624
46.41817819543907
42.03632217656401
41.878886908814195
41.689376195386856
54.6777767873038
54.35354473557462
58.78674453442958
58.36761553858067
57.920976098406435
40.02333403230941
61.83270023024876
42.841397042375505
55.40346144090542
45.74324103647456
49.08023165665918
52.520609017927164
47.4511389399364
46.71161303830072
46.02569424533516
41.56105755175816
41.03802640551612
40.57067396956596
40.1610583294819
39.811213804354296
39.52318101462287
35.84559143802909
35.70137769013767
50.410323798165535
50.385580821661264
35.651243451913736
39.215920957357945
39.424739972466
39.71386253844227
36.55904880813286
36.96332427039996
51.853675060516984
37.37225237015056
37.35741539973266
40.98941878581788
41.068760970716994
37.57214297702339
37.722178277971075
41.55981937558776
38.1265917891168
38.37676650261804
38.65619557144426
38.9628719621356
39.29479952894587
39.64997794881906
40.02638774832907
40.421975512152834
40.834639362204655
41.26221478944616
41.70246091288403
42.15304723046685
42.61154090747553
43.07539460136904
43.54193460999124
44.008347089636956
44.47172735066922
37.43455399640094
49.42375586031866
45.199331808607425
49.64510241006553
49.694361897256044
49.69882737532724
49.65560262225363
49.56178414104941
49.41446021269654
49.2107099567042
48.94760239683834
48.62219552989422
48.231535398234556
52.18063366198994
51.60164217388415
50.94160854253909
50.19724398922357
49.36524171613293
52.7390643114789
51.631558533580936
50.41771734117067
50.41771734117067
0.0
0.0
0.0
0.0
0.0
0.0
0.0
0.0
0.0
0.0
0.0
0.0
0.0
0.0
0.0
0.0
0.0
0.0
0.0
0.0
41.597755816352134
41.59775581635215
41.59775581635218
37.942307148493654
37.9423071484937
37.942307148493676
41.59775581635212
41.59775581635215
45.43597691760353
49.46610907391752
49.46610907391749
58.14096854038329
62.806350277836245
67.70500110216186
78.2493470015227
0.0
0.0
0.0
0.0
1.2177093019391643
0.0
0.0
0.0
0.0
0.0
0.0
0.0
0.0
0.0
0.0
0.0
0.0
0.0
0.0
0.0
0.0
0.0
0.0
0.0
0.0
0.0
0.0
0.0
0.0
0.0
0.0
0.0
0.0
1.0
0.0
0.0
0.0
0.0
0.0
0.0
0.0
0.0
0.0
0.0
0.0
0.0
0.0
0.0
0.0
0.0
0.0
0.0
0.0
0.0
0.0
0.0
0.0
0.0
0.0
0.0
0.0
0.0
0.0
0.0
0.0
0.0
0.0
0.0
0.0
0.0
0.0
0.0
0.0
0.0
0.0
0.0
0.0
0.0
0.0
0.0
0.0
0.0
0.0
0.0
0.0
0.0
0.0
0.0
0.0
0.0
0.0
0.0
0.0
0.0
0.0
0.0
0.0
0.0
0.0
0.0
0.0
0.0
0.0
0.0
0.0
0.0
0.0
0.0
0.0
0.0
0.0
0.0
0.0
0.0
0.0
0.0
0.0
0.0
0.0
0.0
0.0
0.0
0.0
1.5722870400647597
1.5938822208246308
1.6082790079978784
1.615477401584502
1.6514693695176204
1.658667763104244
1.6658661566908677
1.8314292091832123
0.0
0.0
0.0
0.0
0.0
0.0
0.0
0.0
0.0
0.0
0.0
0.0
1.2654331382980126
0.9294060802398902
0.9294060802398902
1.0677701629697054
1.4609606746751076
1.0677701629697054
1.5415867868640287
1.0677701629697054
1.0677701629697054
1.5737194406600783
1.585014467821696
1.1383640827298152
1.1383640827298152
1.6132520357257398
1.6245470628873573
1.635842090048975
1.6471371172105926
1.6527846307914014
1.6640796579530188
1.6753746851146365
1.686669712276254
1.6979647394378716
1.7036122530186804
0.9294060802398902
0.9294060802398902
0.9294060802398902
0.9294060802398902
1.825033795006069
0.9294060802398902
1.2654331382980126
1.8321611130015616
1.8321611130015616
1.83646467420665
1.8407682354117378
1.8407682354117378
1.7198541085905452
1.7162549117972334
1.7126557150039217
1.7090565182106097
1.705457321417298
1.705457321417298
1.7018581246239861
1.6982589278306741
1.6946597310373623
1.6910605342440506
0.9280160641337631
0.9280160641337631
1.0
1.0143967871732473
1.0359919679331184
1.0503887551063658
1.064785542279613
1.0791823294528604
1.8278575517964735
1.1079759037993553
1.1223726909726026
1.1295710845592262
1.1439678717324737
1.158364658905721
1.1727614460789684
1.179959839665592
1.1943566268388395
1.2087534140120868
1.2159518075987104
1.2303485947719577
1.2375469883585815
1.2519437755318288
1.2591421691184526
1.2735389562916999
1.2807373498783234
1.295134137051571
1.3095309242248183
1.3311261049846892
1.3311261049846892
1.3455228921579367
1.365769480364929
1.3909668079037474
1.4098648035578611
1.093579116626108
1.4161641354425658
1.441361462981384
1.428762799211975
1.4476607948660887
1.4539601267507933
1.4602594586354978
1.472858122404907
1.4859063170252758
1.4931047106118993
1.991931380138492
1.5146998913717704
1.521898284958394
1.5362950721316415
1.5290966785450177
1.5290966785450177
1.543493465718265
1.5506918593048888
1.5650886464781362
1.5650886464781362
1.5650886464781362
1.5650886464781362
0.0
0.0
0.0
0.0
0.0
0.0
0.0
0.0
0.0
0.0
0.0
0.0
0.0
0.0
0.0
0.0
0.0
0.0
0.0
0.0
1.1863679481666898
0.9294060802398902
0.9294060802398902
1.0847127037121318
1.0451801086464703
1.0056475135808087
1.709259766599489
1.7120835233898934
1.7177310369707022
1.7205547937611065
1.7233785505515111
1.7262023073419155
1.7290260641323199
1.7318498209227242
1.7346735777131286
0.0
0.0
0.0
0.0
