17.292499507822942
0.0
0.0
0.0
0.0
0.0
0.0
0.0
0.0
0.0
0.0
0.0
0.0
0.0
0.0
0.0
0.0
0.0
0.0
0.0
0.0
0.0
0.0
0.0
0.0
0.0
0.0
0.0
0.0
17.292499507822942
0.0
0.0
0.0
0.0
0.0
0.0
0.0
0.0
0.0
0.0
0.0
0.0
0.0
0.0
0.0
0.0
0.0
0.0
0.0
0.0
0.0
0.0
0.0
0.0
0.0
0.0
0.0
0.0
0.0
0.0
0.0
0.0
0.0
0.0
0.0
0.0
0.0
0.0
0.0
0.0
0.0
0.0
0.0
0.0
0.0
0.0
0.0
0.0
0.0
0.0
0.0
0.0
0.0
0.0
0.0
0.0
0.0
0.0
0.0
0.0
0.0
0.0
0.0
0.0
0.0
0.0
0.0
0.0
0.0
0.0
0.0
0.0
0.0
0.0
0.0
0.0
0.0
0.0
0.0
0.0
0.0
0.0
0.0
0.0
0.0
0.0
0.0
0.0
0.0
53.31130833608689
53.311308336086825
57.72255309782164
62.3543600976429
62.35436009764286
67.21775744745496
72.32432466475785
77.68622024292632
0.0
0.0
0.0
0.0
0.0
0.0
0.0
0.0
0.0
0.0
0.0
0.0
42.841397042375505
43.981047452693
45.02246566220886
45.96880440734646
46.8232135989289
47.58884028032595
48.26882873279269
48.8663205988241
49.384455009548766
45.447821613081494
50.195196208950094
50.494069867581096
50.72612007022826
46.4220671860294
46.520382384797124
51.052606581489236
51.04863145549055
50.99345943314624
46.41817819543907
42.03632217656401
41.878886908814195
41.689376195386856
54.6777767873038
54.35354473557462
58.78674453442958
58.36761553858067
57.920976098406435
40.02333403230941
61.83270023024876
42.841397042375505
55.40346144090542
45.74324103647456
49.08023165665918
52.520609017927164
47.4511389399364
46.71161303830072
46.02569424533516
41.56105755175816
41.03802640551612
40.57067396956596
40.1610583294819
39.811213804354296
39.52318101462287
35.84559143802909
35.70137769013767
50.410323798165535
50.385580821661264
35.651243451913736
39.215920957357945
39.424739972466
39.71386253844227
36.55904880813286
36.96332427039996
51.853675060516984
37.37225237015056
37.35741539973266
40.98941878581788
41.068760970716994
37.57214297702339
37.722178277971075
41.55981937558776
38.1265917891168
38.37676650261804
38.65619557144426
38.9628719621356
39.29479952894587
39.64997794881906
40.02638774832907
40.421975512152834
40.834639362204655
41.26221478944616
41.70246091288403
42.15304723046685
42.61154090747553
43.07539460136904
43.54193460999124
44.008347089636956
44.47172735066922
37.43455399640094
49.42375586031866
45.199331808607425
49.64510241006553
49.694361897256044
49.69882737532724
49.65560262225363
49.56178414104941
49.41446021269654
49.2107099567042
48.94760239683834
48.62219552989422
48.231535398234556
52.18063366198994
51.60164217388415
50.94160854253909
50.19724398922357
49.36524171613293
52.7390643114789
51.631558533580936
50.41771734117067
50.41771734117067
0.0
0.0
0.0
0.0
0.0
0.0
0.0
0.0
0.0
0.0
0.0
0.0
0.0
0.0
0.0
0.0
0.0
0.0
0.0
0.0
41.597755816352134
41.59775581635215
41.59775581635218
37.942307148493654
37.9423071484937
37.942307148493676
41.59775581635212
41.59775581635215
45.43597691760353
49.46610907391752
49.46610907391749
58.14096854038329
62.806350277836245
67.70500110216186
78.2493470015227
0.0
0.0
0.0
0.0
