1.2177093019391643
0.0
0.0
0.0
0.0
0.0
0.0
0.0
0.0
0.0
0.0
0.0
0.0
0.0
0.0
0.0
0.0
0.0
0.0
0.0
0.0
0.0
0.0
0.0
0.0
0.0
0.0
0.0
0.0
1.0
0.0
0.0
0.0
0.0
0.0
0.0
0.0
0.0
0.0
0.0
0.0
0.0
0.0
0.0
0.0
0.0
0.0
0.0
0.0
0.0
0.0
0.0
0.0
0.0
0.0
0.0
0.0
0.0
0.0
0.0
0.0
0.0
0.0
0.0
0.0
0.0
0.0
0.0
0.0
0.0
0.0
0.0
0.0
0.0
0.0
0.0
0.0
0.0
0.0
0.0
0.0
0.0
0.0
0.0
0.0
0.0
0.0
0.0
0.0
0.0
0.0
0.0
0.0
0.0
0.0
0.0
0.0
0.0
0.0
0.0
0.0
0.0
0.0
0.0
0.0
0.0
0.0
0.0
0.0
0.0
0.0
0.0
0.0
0.0
0.0
0.0
0.0
0.0
0.0
1.5722870400647597
1.5938822208246308
1.6082790079978784
1.615477401584502
1.6514693695176204
1.658667763104244
1.6658661566908677
1.8314292091832123
0.0
0.0
0.0
0.0
0.0
0.0
0.0
0.0
0.0
0.0
0.0
0.0
1.2654331382980126
0.9294060802398902
0.9294060802398902
1.0677701629697054
1.4609606746751076
1.0677701629697054
1.5415867868640287
1.0677701629697054
1.0677701629697054
1.5737194406600783
1.585014467821696
1.1383640827298152
1.1383640827298152
1.6132520357257398
1.6245470628873573
1.635842090048975
1.6471371172105926
1.6527846307914014
1.6640796579530188
1.6753746851146365
1.686669712276254
1.6979647394378716
1.7036122530186804
0.9294060802398902
0.9294060802398902
0.9294060802398902
0.9294060802398902
1.825033795006069
0.9294060802398902
1.2654331382980126
1.8321611130015616
1.8321611130015616
1.83646467420665
1.8407682354117378
1.8407682354117378
1.7198541085905452
1.7162549117972334
1.7126557150039217
1.7090565182106097
1.705457321417298
1.705457321417298
1.7018581246239861
1.6982589278306741
1.6946597310373623
1.6910605342440506
0.9280160641337631
0.9280160641337631
1.0
1.0143967871732473
1.0359919679331184
1.0503887551063658
1.064785542279613
1.0791823294528604
1.8278575517964735
1.1079759037993553
1.1223726909726026
1.1295710845592262
1.1439678717324737
1.158364658905721
1.1727614460789684
1.179959839665592
1.1943566268388395
1.2087534140120868
1.2159518075987104
1.2303485947719577
1.2375469883585815
1.2519437755318288
1.2591421691184526
1.2735389562916999
1.2807373498783234
1.295134137051571
1.3095309242248183
1.3311261049846892
1.3311261049846892
1.3455228921579367
1.365769480364929
1.3909668079037474
1.4098648035578611
1.093579116626108
1.4161641354425658
1.441361462981384
1.428762799211975
1.4476607948660887
1.4539601267507933
1.4602594586354978
1.472858122404907
1.4859063170252758
1.4931047106118993
1.991931380138492
1.5146998913717704
1.521898284958394
1.5362950721316415
1.5290966785450177
1.5290966785450177
1.543493465718265
1.5506918593048888
1.5650886464781362
1.5650886464781362
1.5650886464781362
1.5650886464781362
0.0
0.0
0.0
0.0
0.0
0.0
0.0
0.0
0.0
0.0
0.0
0.0
0.0
0.0
0.0
0.0
0.0
0.0
0.0
0.0
1.1863679481666898
0.9294060802398902
0.9294060802398902
1.0847127037121318
1.0451801086464703
1.0056475135808087
1.709259766599489
1.7120835233898934
1.7177310369707022
1.7205547937611065
1.7233785505515111
1.7262023073419155
1.7290260641323199
1.7318498209227242
1.7346735777131286
0.0
0.0
0.0
0.0
