80.0337411231 9.8592034378
82.3647790207 30.337367486
84.7029634573 30.8426959318
87.0480976075 31.3735655246
89.3999846457 31.9283530139
91.7584277466 32.505435149
94.1232300844 33.1031886795
96.4941948339 33.7199903546
98.8711251694 34.3542169238
101.253824265 35.0042451365
103.642095297 35.6684517422
106.035741437 36.3452134903
108.434565862 37.0329071301
110.838371745 37.729909411
113.246962262 38.4345970826
115.660140586 39.1453468942
118.077709892 39.8605355952
120.499473354 40.578539935
122.925234148 41.2977366631
125.354795447 42.0165025289
127.787960426 42.7332142817
130.22453226 43.4462486711
132.664314123 44.1539824463
135.107109189 44.8547923569
137.552720633 45.5470551522
140.00095163 46.2291475816
142.451605354 46.8994463947
144.90448498 47.5563283407
147.359393681 48.1981701691
149.816134633 48.8233486293
152.27451101 49.4302404707
154.734325987 50.0172224428
157.195382737 50.5826712949
159.657484437 51.1249637765
162.120434259 51.642476637
164.584035378 52.1335866258
167.04809097 52.5966704922
169.512404209 53.0301049859
171.976778268 53.432266856
174.441016323 53.8015328521
176.904921547 54.1362797236
179.368297117 54.4348842198
181.830946205 54.6957230903
184.292671987 54.9171730843
186.753277637 55.0976109514
189.212566329 55.235413441
191.670341239 55.3289573023
194.12640554 55.376619285
196.580562407 55.3767761383
199.032615014 55.3278046117
201.482367109 55.2280919358
203.929681474 55.0771063927
206.374530424 54.876322011
208.816898172 54.6274306918
211.256768931 54.3321243361
213.694126915 53.9920948449
216.128956337 53.6090341192
218.56124141 53.1846340602
220.990966346 52.7205865687
223.418115359 52.218583546
225.842672663 51.6803168929
228.26462247 51.1074785105
230.683948993 50.5017602998
233.100636446 49.864854162
235.514669042 49.1984519979
237.926030994 48.5042457087
240.334706514 47.7839271953
242.740679817 47.0391883588
245.143935115 46.2717211003
247.544456621 45.4832173207
249.942228549 44.6753689211
252.337235111 43.8498678026
254.729460521 43.008405866
257.118888992 42.1526750126
259.505504738 41.2843671433
261.88929197 40.4051741591
264.270234902 39.5167879611
266.648317748 38.6209004503
269.023524721 37.7192035277
271.395840033 36.8133890944
273.765247898 35.9051490514
276.13173253 34.9961752997
278.49527814 34.0881597404
280.855868942 33.1827942744
283.21348915 32.2817708029
285.568122976 31.3867812269
287.919754634 30.4995174473
290.268368337 29.6216713652
292.613948297 28.7549348817
294.956478729 27.9009998977
297.295943845 27.0615583144
299.632327858 26.2383020327
301.965614981 25.4329229537
304.295789428 24.6471129783
306.622835412 23.8825640077
308.946737146 23.1409679428
311.267478842 22.4240166848
313.585044715 21.7334021345
315.899418976 21.0708161931
318.210585841 20.4379507616
320.5185295 19.836497741
