201.018093368 91.363644699
202.942722133 191.875177238
204.880269076 192.385930276
206.830258794 192.895091147
208.792215884 193.401847183
210.765664941 193.905385718
212.750130562 194.404894086
214.745137344 194.899559619
216.750209883 195.388569652
218.764872775 195.871111518
220.788650617 196.346372549
222.821068005 196.81354008
224.861649536 197.271801444
226.909919805 197.720343974
228.96540341 198.158355003
231.027624947 198.585021866
233.096109012 198.999531895
235.170380202 199.401072424
237.249963113 199.788830786
239.334382341 200.161994315
241.423162483 200.519750344
243.515828135 200.861286206
245.611903894 201.185789235
247.710914356 201.492446764
249.812384117 201.780446127
251.915837774 202.048974657
254.020799924 202.297219687
256.126795162 202.524368551
258.233348085 202.729608582
260.33998329 202.912127114
262.446225372 203.07111148
264.551598929 203.205749013
266.655628557 203.315227047
268.757838851 203.398732915
270.85775441 203.455453951
272.954899828 203.484577487
275.048799702 203.485290858
277.138978629 203.456781397
279.224961206 203.398236437
281.306272028 203.308843311
283.382435692 203.187789354
285.452976794 203.034261898
287.517419931 202.847448276
289.575289699 202.626535823
291.626110695 202.370711871
293.669407514 202.079163754
295.704704754 201.751078806
297.731527011 201.385644359
299.749398881 200.982047748
301.75785243 200.539496792
303.756760776 200.058134806
305.746471867 199.539407533
307.727368795 198.984857119
309.699834652 198.396025709
311.66425253 197.774455451
313.621005521 197.121688488
315.570476718 196.439266968
317.513049214 195.728733036
319.449106099 194.991628837
321.379030468 194.229496518
323.303205411 193.443878224
325.222014021 192.636316101
327.135839391 191.808352295
329.045064612 190.961528951
330.950072778 190.097388216
332.851246979 189.217472235
334.74897031 188.323323155
336.643625861 187.41648312
338.535596725 186.498494276
340.425265994 185.57089877
342.313016761 184.635238747
344.199232118 183.693056353
346.084295156 182.745893733
347.96858897 181.795293035
349.85249665 180.842796402
351.736401289 179.889945982
353.620685979 178.938283919
355.505733812 177.98935236
357.391927882 177.044693451
359.279651279 176.105849336
361.169287097 175.174362163
363.061218427 174.251774077
364.955828362 173.339627223
366.853499994 172.439463748
368.754616415 171.552825797
370.659560719 170.681255516
372.568715996 169.82629505
374.482465339 168.989486546
376.40119184 168.17237215
378.325278593 167.376494007
380.255108688 166.603394262
382.191065219 165.854615063
384.133531277 165.131698553
386.082889955 164.43618688
388.039524345 163.76962219
390.003817539 163.133546627
391.97615263 162.529502337
393.95691271 161.959031468
395.946480871 161.423676163
397.945240206 160.924978569
399.9535738 160.464480833
