21.085945384092504 -29.235337330841844
21.245363223731452 -29.642355777988968
21.387759211847065 -30.029892926398276
21.513646652022796 -30.39827570556892
21.623532917571698 -30.74783489867555
21.717919719589318 -31.078904947557362
21.797303173710006 -31.391823904540843
21.86217382183799 -31.686933416562823
21.913016640263955 -31.964578718918375
21.95031104298968 -32.225108632844865
21.974530882806516 -32.468875564474274
21.986144451534326 -32.69623550486871
21.985614479292078 -32.907548029993265
21.97339813352989 -33.10317630132178
21.949947017634493 -33.28348706670769
21.915707168790615 -33.4488506611178
21.87111905586794 -33.59964100862058
21.81661757576833 -33.736235623650174
21.75263204931263 -33.85901561379711
21.67958621538739 -33.96836568313239
21.597898222710445 -34.06467413654369
21.50798061864546 -34.14833288655461
21.41024033246539 -34.21973746238558
21.30507865098595 -34.279287024388935
21.192891180286562 -34.327384385023464
21.074067785597517 -34.36443604385934
20.948992490463947 -34.390852244491555
20.818043300903685 -34.40704707470533
20.681591878951302 -34.41343865222453
20.540002889988536 -34.41044949607266
20.39363256717686 -34.39850734351023
20.242825122575994 -34.378047191727546
20.08790198149846 -34.34951742373707
19.929118719847814 -34.31340431061446
19.766363626342653 -34.27040352636266
19.603210382621842 -34.21911421216444
20.908984578009917 -28.808515874479795
19.07593529753789 -34.15401577334015
18.7131413373219 -34.14113231551721
18.349992385679826 -34.12290538598978
17.98695645069565 -34.09972151085654
17.624421185325204 -34.07201031044059
17.262739528507684 -34.040218529908174
16.902241114861415 -34.00480354720247
16.54323607711174 -33.96623120894077
16.186016566531816 -33.92497496537058
15.830857443112418 -33.88151547720892
15.478016619726805 -33.8363404194817
15.127735246131415 -33.78994437601409
14.78023781263284 -33.74282877966354
14.43573221042142 -33.69550187727555
14.094409766429479 -33.64847870805727
13.756445262371699 -33.60228109082735
13.421996942242703 -33.55743761673668
13.091206510161378 -33.514483646709806
12.764199117295185 -33.47396131173727
12.4410833355535 -33.43641951892508
12.121951109696262 -33.4024139622376
11.806877674167055 -33.372507144076735
11.49592140418585 -33.34726841416801
11.189123536572943 -33.32727404294121
10.886507609559963 -33.31310737045857
10.588078228050222 -33.30535913394152
10.29381797542667 -33.304628288920384
10.003678146687221 -33.31152447219176
9.717541679555609 -33.32667785680917
9.434963667858298 -33.350808134821534
9.158675709262546 -33.38379289966295
19.437506411622735 -34.16139411576259
8.93128547943757 -33.35881615052716
8.978566639735234 -33.30259403482495
9.028869151125164 -33.25858233651539
9.082484891324768 -33.227274529341315
9.139654140806456 -33.20917769599123
9.200605084601179 -33.204802026564494
9.265563689815288 -33.21465819230767
9.334757000636493 -33.23925646945264
9.408414459368686 -33.2791063879784
9.486768510562591 -33.33471657077993
9.57005490748994 -33.40659465114018
9.658512883327667 -33.49524722736891
9.752385256470482 -33.601179833611695
9.851918504185818 -33.72489691940305
9.957362822731099 -33.866901831768274
10.06897218658618 -34.027696797950625
10.187004416943921 -34.20778290375529
10.31172127237474 -34.40766006453211
10.443388580546213 -34.62782698329599
10.58227644235032 -34.86878108430062
10.728659567824991 -35.13101840515549
10.882817859617177 -35.41503340671744
11.04503749433431 -35.721318623366926
11.215613082162847 -36.050363962205836
11.394852416351227 -36.40265516338758
11.583088344399727 -36.778669949587965
11.780714380597146 -37.178866477575525
11.988327153219615 -37.603637142051696
12.207723532623348 -38.05298520495839
18.788641935134354 -29.665060445055005
20.800586328992424 -34.73585571986874
23.614464134329594 -32.887705117108226
26.36510959711164 -30.726618104726356
28.994652173317817 -28.25870148413972
31.445307712924105 -25.503660267909027
33.663463695543626 -22.49478331169746
35.60368818679116 -19.27748561714293
37.23206983165231 -15.906509367940231
38.528392093433595 -12.44214880621709
39.48686259583809 -8.946046420559668
40.11539372763559 -5.477157136524369
40.43368270226128 -2.088388698078546
40.47050352425548 1.1757587825023847
40.260673411815844 4.280448650376542
39.8421053700301 7.200743288357472
39.25324493434039 9.921029500313267
38.53105596275799 12.433896839535777
37.70960148153732 14.738725193348444
-7.085204905183886 39.86281394574351
-4.0624724991357795 40.283251872399404
-0.8521936229009839 40.47860953949001
2.5136330873029777 40.409475533887104
5.992293342927368 40.041684339119826
9.531527594826414 39.34963844726488
13.071919341385495 38.319303085438776
16.55036269661352 36.95036615288066
19.904232767814733 35.257135194823405
23.07570261213492 33.26794272535821
26.015591895793122 31.0231049789177
28.68621975185401 28.571749343884164
31.06294132537552 25.968013794622095
33.1343080066175 23.267180687483574
34.901028946181086 20.522237761005385
36.37406953065546 17.781201590456334
37.57228036121421 15.0853509299493
38.51992082049826 12.468350500525304
39.24435678075258 9.95613002558747
39.77410769603941 7.56732589527266
8.886405695545648 -33.42684232496515
-11.67642658823921 32.55738097779624
-35.403962380044334 4.330675100021523
-35.351262976614535 5.129664995099944
-35.26290310262616 5.94209991316643
-35.14040402747131 6.766509699174833
-34.98525855820728 7.601466268997143
-34.79893080266211 8.445585977562587
-34.582856111022764 9.297530210676655
-34.338441056709215 10.156005582012483
-34.067063428990664 11.019764011583476
-33.77007223026222 11.887602761174662
-33.448787675032634 12.758364451723253
-33.10450119020281 13.630937072473102
-32.73847541539354 14.504253985714058
-32.351944204045715 15.37729392930973
-31.946112624906974 16.24908101783427
-31.522156963556547 17.11868474255786
-31.081224725359135 17.985219971129197
-30.62443463802652 18.847846945987442
-30.152876656064578 19.70577128245023
-29.667611966333496 20.558243965670272
-29.169672995495016 21.40456134609468
-28.660063421132435 22.244065133328718
-28.13975818713406 23.0761423866457
-27.609703527406754 23.90022550134711
-27.070817001323416 24.71579218689078
-26.52398755153322 25.522365432983463
-25.970075599039024 26.319513452234162
-25.40991320993423 27.106849580339826
-24.844304404714663 27.8840320907031
-24.27402577665156 28.65076382378527
-23.699827852006525 29.40679137188357
-23.122438489909506 30.151903040841205
-22.542573082312657 30.885922736243373
-21.960975352503425 31.608685507654855
-21.378702943516675 32.31986635852854
-20.793289588395044 33.021280750310126
-35.41945324084519 3.5466258744321806
-19.91630999004377 33.69007096966101
-19.62430463267206 33.6625580098011
-19.331552738894967 33.62971291516905
-19.038321060832423 33.59203061719717
-18.744924675935454 33.549975541199615
-18.451683745709584 33.50400752663751
-18.158912706014473 33.45458830700281
-17.86691666428926 33.40218366923352
-17.575989959320143 33.34726431757787
-17.286415507251192 33.29030626575164
-16.998464475573467 33.23179103280262
-16.712396108585864 33.17220574793228
-16.428457629125347 33.112043209973564
-16.146884181567042 33.05180192267704
-15.867898798422619 32.9919861154454
-15.591712382203976 32.93310575580284
-15.318523697977703 32.87567655585957
-15.048519375322764 32.82021997469232
-14.781873919582612 32.76726321542978
-14.518749736471491 32.7173392185928
-14.259297175429204 32.670986646766096
-14.00365460622719 32.62874985825067
-13.751948555677643 32.59117885856065
-13.504293963812074 32.55882920862811
-13.260794698674275 32.532261840903914
-13.021544690168305 32.51204265252534
-12.78663076690259 32.4987414885135
-12.55614116780692 32.49292908887662
-12.330199591330384 32.495164877801415
-12.109203541285371 32.50591148230362
-11.890606149518497 32.526688904855774
-20.2076530777866 33.711544914497125
-11.554070488759663 32.539767100409705
-11.436523352027919 32.533212401252854
-11.323477662391959 32.53840933290084
-11.214924000835964 32.55594307611884
-11.110897071617273 32.58638262547319
-11.011439418352644 32.63029380200868
-10.916592350712413 32.688242506799554
-10.826392917358028 32.760795806197564
-10.740872692003343 32.848522366921856
-10.660057217727477 32.95199265481972
-10.583965724044738 33.071779034861066
-10.512610968612407 33.20845582753293
-10.445999138322783 33.36259934237441
-10.384129779083352 33.534787901292475
-10.326995736636043 33.725601856450794
-10.274583097148366 33.93562360805248
-10.226871116349706 34.165437623357406
-10.183832124475707 34.41563046144199
-10.145431387480166 34.686790809304625
-10.111626890448832 34.97950953646239
-10.08236898147328 35.29437978593549
-10.057599751183965 35.631997129937645
-10.03725188396843 35.99295986056808
-10.02124636212865 36.377869568349695
-10.009487417472712 36.78733241582444
-10.00184991160313 37.22196231900003
-9.99814147930384 37.682390493733664
-9.99795110322978 38.16930363755296
-9.999589140025847 38.68371120306574
16.808931260020405 -30.829996867845537
16.808931260020405 -30.829996867845537
14.694794514191907 -31.891878137875977
12.458423383640845 -32.83011671879049
10.11602936500492 -33.62580596598117
7.687505686587791 -34.26267843140897
5.1958218034420725 -34.72797593817313
2.6661824683219173 -35.01314536029389
0.12501402754875457 -35.11428838049224
-2.401136347265602 -35.03231966652075
-4.886691982441143 -34.77282154850542
-7.308035579798471 -34.34561824949226
-9.644319329586324 -33.7641226991673
-11.878045918131512 -33.04452908035181
-13.995399954159524 -32.20493218590235
-15.986337644055354 -31.264450830067616
-17.844465084448643 -30.24241959277316
-19.566750025737107 -29.157694874694286
-21.153118074513287 -28.028101482283034
-22.6059832469559 -26.870027882639164
-35.091045376787335 1.2835152276887811
-35.09988185328952 -1.0134943811259518
-34.95197107425536 -3.3746992458399916
-34.63567201624318 -5.779195528677491
-34.14282091751597 -8.203453953664308
-33.46938872969671 -10.622094663290625
-32.61592761856905 -13.008848625290454
-31.58774829474406 -15.337634584359805
-30.394797780538482 -17.583661304052384
-29.051241442484375 -19.724458107282317
-27.574787619344306 -21.740744346123776
-25.985821614711767 -23.617069081150518
-24.30643331345125 -25.34218176389325
-22.559426971937967 -26.90912729304418
-20.767393533618915 -28.315088606523204
-18.951908248376654 -29.561022491121136
-17.132893819085098 -30.65114722745973
-15.328166192532947 -31.592343979982658
-13.553159963682603 -32.39352916825037
-11.820815277304781 -33.06504503482938
15.194215098566048 -37.52838781189399
