0.2107342556533638 -34.26385959319228
0.2453693950849356 -34.15792414047104
0.2802630901271925 -34.10052439578993
0.31550073939703793 -34.08965034380395
0.3511908815034701 -34.123291953813435
0.3874427286673381 -34.19943929451526
0.42436055569640985 -34.31608256310645
0.46204183660077547 -34.47121209401607
0.5005765084054303 -34.66281836296841
0.540046649102635 -34.88889198758409
0.5805263347337757 -35.14742372794174
0.6220815895996168 -35.43640448550008
0.6647704005730759 -35.75382530147442
0.7086427965242592 -36.09767735388269
0.7537410223648635 -36.465951951248684
0.800099885811278 -36.85664052280356
0.8477474675551093 -37.2677345961049
0.8967066963094226 -37.69722575021467
0.9469992966483005 -38.1431054972397
0.9986576416853268 -38.60336492740464
1.0517721732264533 -39.07599328808729
1.1068233564030265 -39.5589680399782
1.1602487358070448 -40.05038764992244
0.1764527107023639 -34.42033994746572
1.4224023696433221 -41.03414979942181
1.6357094470250217 -41.522053125965016
1.8539822163860435 -42.00988449043706
2.077019538572472 -42.4956431156846
2.3046545514995387 -42.9773293579581
2.536703126601367 -43.4529462504446
2.7729509858162373 -43.92049988886902
3.0131494110862604 -44.37799955952309
3.2570135334165684 -44.82345778945768
3.5042215626705797 -45.25489036838863
3.7544144134541853 -45.67031635809448
4.007195520365769 -46.06775809489119
4.262130758914282 -46.445241187055814
4.518748442225558 -46.800794507403936
4.776539396617579 -47.13245017685634
5.034957156901612 -47.43824353301909
5.293418396216111 -47.71621306566138
5.551303901564722 -47.964400273786424
5.807961037294945 -48.18084930911195
6.062711157054764 -48.36360590258789
6.314879274586644 -48.51071307388764
6.564001790288273 -48.62018109361864
6.807035655806658 -48.69039103969658
1.2146572207411452 -40.548165612683135
6.968557809669221 -48.73558529977163
6.886997836342118 -48.71154447921711
6.800260111597879 -48.648871005411536
6.708706271558924 -48.549341330203674
6.612731742084179 -48.41472678644104
6.51273358377324 -48.246798237455096
6.409102454615265 -48.047327239033166
6.302219932801904 -47.81808642744625
6.192457448071252 -47.56084967310605
6.080175799391839 -47.277392151317
5.965724918289936 -46.96949037638865
5.849443748094416 -46.638922219735264
5.731660184758368 -46.28746691889316
5.612691056562767 -45.916905081486505
5.492842135829164 -45.52901868559525
5.372408187285998 -45.12559107502739
5.251673072905135 -44.708406949118256
5.130909961245322 -44.2792523417929
5.0103817572875755 -43.83991457717846
4.890342057338728 -43.39218217149002
4.771037544191472 -42.93784458590508
4.652715180266 -42.47869148469715
4.535650988515613 -42.01650976697886
4.420351530693665 -41.55306278376648
4.304828094032473 -41.09037150487532
7.044837278914258 -48.71917934703441
4.321085541593675 -40.137049894201795
4.448195832110912 -39.6508051829334
4.572268307829802 -39.1731360402776
4.693561018282367 -38.70582365173948
4.812407507613955 -38.25063951873574
4.929185734188479 -37.80934866329892
5.044310306134491 -37.38371042855417
5.158229900181652 -36.97547874395448
5.271426238116305 -36.58640222873677
5.384413633650183 -36.218224237344856
5.497738782115391 -35.87268287740136
5.61198067060792 -35.5515110150744
5.727750560711854 -35.256436269961625
5.845692030308328 -34.98918100068872
5.966481082787425 -34.751462277442755
6.090826356670277 -34.54499183287541
6.21946951168519 -34.37147597511023
6.353185959501673 -34.23261542379265
6.492786335959693 -34.13010498122722
6.639119749042607 -34.065632808693096
6.793081906678822 -34.0408786148723
6.955639508859463 -34.05750822168312
7.12792782608966 -34.11715182351668
7.311933768156678 -34.22125180344236
-2.168890579918582 -34.56121668502479
14.113533286997836 -32.236783771819574
16.271736698468317 -31.203086940396872
18.39384639120084 -30.00114105715238
20.455748462838812 -28.635020597501125
22.433918913602213 -27.11312102971857
24.306411453419912 -25.447994263817804
26.053779752899857 -23.655921254130647
27.659853985368443 -21.756252602466816
29.112307398635153 -19.77057428912019
30.40297344281828 -17.721773489962345
31.52790305422178 -15.633086029247067
32.48717984056327 -13.527202068467261
33.28453361808715 -11.42549218286345
33.926807167424556 -9.347395638285292
34.423336383944275 -7.309990560326753
34.78530118761864 -5.32774540316106
35.025095803661316 -3.4124351625478653
35.15575495428584 -1.5731952798217037
23.532981364262923 26.164877945511222
25.171953053997242 24.592170079958493
26.74855573612382 22.867374484748467
28.240795504324637 20.99665494970955
29.627244394853392 18.990219571186486
30.887972624529993 16.86224175311611
32.00546395571246 14.630527221321756
32.965433130976635 12.31593554227021
33.757469783535214 9.941593615107962
34.37545011717907 7.531963823305233
34.81768340327778 5.111846263666564
35.086790422406295 2.7053997206299414
35.18934001914067 0.33525931985801094
35.13529311588417 -1.9781879221018812
34.93731767355632 -4.217331332875574
34.61004220186709 -6.367654872810192
34.16931056282823 -8.417853969702719
33.63148944366094 -10.359776425925787
33.012865041226235 -12.188223478589094
32.32915006143827 -13.900651283276375
4.190972475680326 -40.63005685970239
35.211287145472454 20.700990997380927
-16.47444549170544 29.97915777709221
-16.039655004864244 30.035640488745344
-15.629427361430203 30.134122102813706
-15.241257386474132 30.27343637290565
-14.872709956286485 30.452393558736873
-14.521434477048444 30.66977224113367
-14.185168499624325 30.92431727754598
-13.861738917736318 31.214739121395183
-13.54906243913274 31.539713552546488
-13.245145787754552 31.897881556703965
-12.948085788403546 32.287849269679896
-12.656069386955181 32.70818795262741
-12.367373622425106 33.15743398717629
-12.080365544650448 33.634088887609664
-11.79350204734746 34.13661933407056
-11.505329543642262 34.663457244668336
-11.21448330547446 35.21299992326382
-10.919686002959793 35.78361039151042
-10.61974404568636 36.37361822143521
-10.3135366007497 36.981322036987706
-9.999971658227963 37.60499952253775
-9.677678481078175 38.24297749012317
-9.349111074628325 38.892697009251776
-16.936272666148426 29.965874020894034
-7.809627407161855 39.808465026194085
-6.575661650648698 40.060740348758515
-5.309227239651307 40.30761348032104
-4.010201831542133 40.54714388685028
-2.6786532194248025 40.77745214568421
-1.314887086985891 40.99670906407846
0.08054105454101546 41.20313295767136
1.5068218897421275 41.39498874167526
2.962890711580144 41.570587564874074
4.447426704354768 41.728286640321585
5.958852591831146 41.86648915625264
7.495334457832428 41.98364422124982
9.054781659634216 42.07824682223469
10.63484680260592 42.148837782302536
12.232925770960378 42.194003703311154
13.846157835642714 42.21237687166979
15.471425906175341 42.20263507795235
17.105357112096954 42.163501226573175
18.744324279417185 42.093742366892144
20.384450378745726 41.992166788866314
22.021626339390593 41.8576124150421
23.65163577487283 41.68886555048593
25.268465591514712 41.485761358223584
-9.011102693697836 39.55286531922954
27.47049895849159 40.62568365035014
28.049906228998225 39.97125415801574
28.605856739790966 39.28647067756211
29.137961270189862 38.574270485671406
29.645945535479427 37.83748122274426
30.12963087454341 37.0788334731383
30.588929421028524 36.30096391060138
31.023842493851987 35.50641634783318
31.4344599522301 34.69764215559559
31.820959903031508 33.87700045432749
32.183608553775514 33.04675820938837
32.52276013368413 32.20909028251515
32.83885684844694 31.3660794606414
33.13242885345875 30.519716472569712
33.404094238032656 29.671899998376006
33.65455901589604 28.82443667271366
33.88461712151428 27.979041083163764
34.09515041238109 27.13733576125975
34.28712867991004 26.3008511593396
34.46160967976061 25.47102559636201
34.61973921214161 24.64920511868928
34.762751367983924 23.836643079639657
34.89196951924305 23.034498454472953
35.00881325604854 22.2438240384503
35.114704496347656 21.46572614928084
26.868274261419685 41.246624186083636
34.43479587228262 20.894730040285395
33.67218134971307 21.081766497100688
32.924767637491186 21.263290050608447
32.19382080963004 21.44055205827874
31.48054146376404 21.61487829683054
30.786063653444103 21.787670780159544
30.11145462510632 21.960408211361994
29.457714734503327 22.13464613007804
28.825777417936933 22.312016966912978
28.216509186700364 22.494230063470326
27.630709632355206 22.68307167459392
27.069111442658937 22.88040496021725
26.532380428149736 23.088169966078993
26.021115565384605 23.308383590810422
25.535849066779463 23.54313953142477
25.077046496751507 23.79460819131242
24.645106975282317 24.065036519642547
24.240363554557234 24.3567477127701
23.86308397136213 24.672140617846537
23.513472301547154 25.013688422435393
23.191673093397696 25.383935379118157
22.897783766500083 25.7854869826962
22.631904201963152 26.220970680427513
22.39448387061168 26.69276085357248
-4.61004876156926 -34.32097369703911
-4.61004876156926 -34.32097369703911
-7.122776116399024 -33.88875691866775
-9.678957738712171 -33.249053553283574
-12.24634104246968 -32.39149450347142
-14.789794369999214 -31.31203870063453
-17.272951771129954 -30.01377887252977
-19.66010093912473 -28.507230945153594
-21.918118579851182 -26.81003287980971
-24.018237614153435 -24.946062755612587
-25.937450738585426 -22.944071876638446
-27.659411171425035 -20.83599670634797
-29.174770123707788 -18.655148708217325
-30.480972756124828 -16.434478541690083
-31.58160239333256 -14.205075690271656
-32.485405116999004 -11.995008940444848
-33.20514042487807 -9.828552002254668
-33.756392549256674 -7.725784565814934
-34.15644963256756 -5.702519933746061
-34.42332351773615 -3.7704884418558606
-19.04207106400449 28.92371543716851
-21.041817628608896 27.503157927431886
-23.00837562204765 25.88042573706352
-24.90963816596991 24.05601196244612
-26.71246051392467 22.03692896909436
-28.38434058610858 19.837111548526536
-29.895246762646337 17.477299737012572
-31.219400375267867 14.984352682235595
-32.336806161974266 12.390026325226188
-33.234348405737336 9.72933045707461
-33.906330630715814 7.038645342498654
-34.35441937482375 4.353809196052424
-34.587038397864205 1.7083793377243808
-34.61832975004691 -0.8677732502866604
-34.46683959970872 -3.349440715230969
-34.154095846548984 -5.716600563415398
-33.703225972997615 -7.954517214134086
-33.13772714742689 -10.05349812749688
-32.48045737266881 -12.008400141531752
-31.752875690833662 -13.817983588764378
9.782531920112149 -33.803906860394605
