40.5573191544
0.4231556373
42.8918980324
9.75767993394
45.2326906368
10.13346986
47.5795128435
10.5484306893
49.9321805284
11.0004676958
52.2905095674
11.4874861535
54.6543158365
12.0073913362
57.0234152115
12.5580885178
59.3976235684
13.1374829723
61.7767567831
13.7434799736
64.1606307314
14.3739847955
66.5490612895
15.0269027121
68.941864333
15.7001389971
71.338855738
16.3915989246
73.7398513804
17.0991877684
76.144667136
17.8208108025
78.5531188809
18.5543733007
80.9650224908
19.2977805369
83.3801938418
20.0489377852
85.7984488097
20.8057503193
88.2196032705
21.5661234133
90.6434731001
22.327962341
93.0698741744
23.0891723763
95.4986223692
23.8476587931
97.9295335606
24.6013268654
100.362423624
25.3480818671
102.797108437
26.085829072
105.233403873
26.8124737541
107.67112581
27.5259211874
110.110090122
28.2240766456
112.550112687
28.9048454028
114.99100938
29.5661327328
117.432596076
30.2058439095
119.874688653
30.8218842069
122.317102985
31.4121588989
124.759654948
31.9745732594
127.202160419
32.5070325623
129.644435274
33.0074420814
132.086295388
33.4737070909
134.527556637
33.9037328644
136.968034897
34.295424676
139.407546044
34.6466877995
141.845905955
34.9554275089
144.282930504
35.2195490781
146.718435568
35.436957781
149.152237023
35.6055588915
151.584150744
35.7232576835
154.013992608
35.787959431
156.441578491
35.7975694078
158.866724268
35.7499928878
161.289252847
35.6432686229
163.709104435
35.4776617646
166.126316136
35.2552766883
168.540927962
34.9782729251
170.952979922
34.6488100061
173.362512028
34.2690474624
175.76956429
33.8411448249
178.17417672
33.3672616249
180.576389329
32.8495573933
182.976242126
32.2901916613
185.373775123
31.6913239598
187.769028332
31.05511382
190.162041761
30.383720773
192.552855423
29.6793043498
194.941509329
28.9440240814
197.328043488
28.180039499
199.712497913
27.3895101336
202.094912613
26.5745955163
204.4753276
25.7374551782
206.853782884
24.8802486503
209.230318476
24.0051354637
211.604974388
23.1142751495
213.977790629
22.2098272387
216.348807211
21.2939512624
218.718064145
20.3688067517
221.085601441
19.4365532377
223.451459111
18.4993502513
225.815677164
17.5593573238
228.178295613
16.6187339861
230.539354467
15.6796397693
232.898893738
14.7442342046
235.256953436
13.8146768229
237.613573572
12.8931271554
239.968794158
11.981744733
242.322655203
11.082689087
244.675196719
10.1981197483
247.026458717
9.33019624797
249.376481207
8.48107811717
251.7253042
7.65292488693
254.072967708
6.84789608832
256.41951174
6.06815125241
258.764976308
5.31584991027
261.109401422
4.59315159297
263.452827094
3.90221583158
265.795293335
3.24520215717
268.136840154
2.6242701008
270.477507563
2.04157919356
272.817335573
1.49928896651
275.156364194
0.99955895071
277.494633438
0.544548677243
279.83218331
0.136417677176
199.859181207
66.743497493
201.654116475
167.35770631
203.465944511
168.006717284
205.294178833
168.688434772
207.138332962
169.400763132
208.997920416
170.141606721
210.872454715
170.908869898
212.761449379
171.700457019
214.664417927
172.514272442
216.580873878
173.348220525
218.510330752
174.200205626
220.452302068
175.068132101
222.406301345
175.94990431
224.371842104
176.843426609
226.348437862
177.746603355
228.335602141
178.657338907
230.332848458
179.573537623
232.339690334
180.493103859
234.355641288
181.413941973
236.380214839
182.333956324
238.412924507
183.251051268
240.45328381
184.163131163
242.50080627
185.068100368
244.555005404
185.963863238
246.615394732
186.848324133
248.681487775
187.719387409
250.75279805
188.574957425
252.828839078
189.412938538
254.909124377
190.231235105
256.993167468
191.027751484
259.08048187
191.800392033
261.170581102
192.547061109
263.262978683
193.265663071
265.357188133
193.954102275
267.452722971
194.610283079
269.549096717
195.232109841
271.64582289
195.817486918
273.742415009
196.364318669
275.838386595
196.87050945
277.933251165
197.333963619
280.026522241
197.752585534
282.11771334
198.124279553
284.206337983
198.446950033
286.291909689
198.718501332
288.373941977
198.936837807
290.451948366
199.099863816
292.525442377
199.205483716
294.593937528
199.251601866
296.656947339
199.236122622
298.713985329
199.156950343
300.764565018
199.011989386
302.808237029
198.799381297
304.844984813
198.520034541
306.875071781
198.176647257
308.898766044
197.771947616
310.91633571
197.308663792
312.928048889
196.789523956
314.934173689
196.217256282
316.934978221
195.594588941
318.930730593
194.924250106
320.921698915
194.208967949
322.908151295
193.451470644
324.890355844
192.654486362
326.86858067
191.820743276
328.843093883
190.952969559
330.814163592
190.053893382
332.782057906
189.126242918
334.747044935
188.17274634
336.709392787
187.196131821
338.669369573
186.199127532
340.627243401
185.184461646
342.583282381
184.154862335
344.537754622
183.113057773
346.490928233
182.061776131
348.443071323
181.003745582
350.394452002
179.941694298
352.34533838
178.878350453
354.295998564
177.816442217
356.246700665
176.758697764
358.197712792
175.707845267
360.149303054
174.666612897
362.101739561
173.637728827
364.055290421
172.623921229
366.010223744
171.627918277
367.96680764
170.652448142
369.925310216
169.700238997
371.885999584
168.774019015
373.849143852
167.876516367
375.815011129
167.010459227
377.783869524
166.178575766
379.755987148
165.383594158
381.731632108
164.628242574
383.711072515
163.915249187
385.694576478
163.24734217
387.682412106
162.627249695
389.674847508
162.057699934
391.672150793
161.541421061
393.674590071
161.081141246
395.682433452
160.679588664
397.695949043
160.339491486
399.71540495
160.063577884
-18.7632469479
40.209768967
-18.1361130046
141.286887462
-17.4962119809
142.348083872
-16.8437084372
143.393524908
-16.1787669338
144.42337728
-15.5015520313
145.4378077
-14.81222829
146.436982878
-14.1109602703
147.421069525
-13.3979125325
148.390234352
-12.6732496372
149.344644069
-11.9371361447
150.284465387
-11.1897366153
151.209865017
-10.4312156095
152.121009669
-9.66173768777
153.018066055
-8.88146741039
153.901200885
-8.09056933779
154.77058087
-7.28920803039
155.626372721
-6.47754804857
156.468743148
-5.65575395273
157.297858862
-4.82399030328
158.113886574
-3.98242166061
158.916992995
-3.13121258511
159.707344835
-2.2705276372
160.485108806
-1.40053137727
161.250451617
-0.521388365718
162.00353998
0.36673683706
162.744540605
1.26367967066
163.473620204
2.16927557469
164.190945486
3.08335998875
164.896683163
4.00576835243
165.590999946
4.93633610534
166.274062544
5.87489868709
166.94603767
6.82129153726
167.607092033
7.77535009547
168.257392345
8.73690980131
168.897105316
9.70580609439
169.526397657
10.6818744143
170.145436078
11.6649502007
170.754387291
12.654868893
171.353418007
13.6514659311
171.942694935
14.6545767543
172.522384787
15.6640368025
173.092654273
16.679681515
173.653670104
17.7013463316
174.205598992
18.7288666918
174.748607646
19.7620780353
175.282862778
20.8008158017
175.808531098
21.8449154305
176.325779317
22.8942123613
176.834774145
23.9485420338
177.335682294
25.0077398875
177.828670475
26.0716413621
178.313905397
27.1400818972
178.791553772
28.2128969323
179.26178231
29.289921907
179.724757723
30.370992261
180.180646721
31.4559434339
180.629616014
32.5446108653
181.071832314
33.6368299947
181.507462331
34.7324362617
181.936672777
35.831265106
182.359630361
36.9331519672
182.776501794
38.0379322849
183.187453788
39.1454414986
183.592653053
40.255515048
183.992266299
41.3679883727
184.386460238
42.4826969122
184.77540158
43.5994761062
185.159257037
44.7181613943
185.538193318
45.838588216
185.912377134
46.960592011
186.281975197
48.0840082189
186.647154217
49.2086722793
187.008080905
50.3344196318
187.364921971
51.4610857159
187.717844126
52.5885059713
188.067014082
53.7165158376
188.412598548
54.8449507544
188.754764236
55.9736461613
189.093677856
57.1024374978
189.42950612
58.2311602037
189.762415737
59.3596497184
190.092573418
60.4877414816
190.420145875
61.6152709329
190.745299818
62.7420735119
191.068201958
63.8679846582
191.389019005
64.9928398114
191.707917671
66.116474411
192.025064665
67.2387238968
192.3406267
68.3594237083
192.654770485
69.478409285
192.967662731
70.5955160667
193.27947015
71.7105794929
193.590359451
72.8234350031
193.900497346
73.9339180371
194.210050545
75.0418640344
194.51918576
76.1471084346
194.8280697
77.2494866772
195.136869077
78.348834202
195.445750601
79.4449864485
195.754880983
80.537778856
196.064426934
2.259390945641236
-36.017916654006946
2.3598061113835485
-36.765066470152135
2.458403524580241
-37.445464949450255
2.5547748786114823
-38.06131936053488
2.6487337556532253
-38.61482263299755
2.740141270208774
-39.10816429500514
2.8288811610291873
-39.54353203567288
2.9148535640249733
-39.923112095585815
2.997972936501853
-40.24908939740989
3.0781672266714963
-40.523647597286065
3.15537749609004
-40.74896910911438
3.2295577307036893
-40.927235116205864
3.3006747389822237
-41.06062557777194
3.3687080935382454
-41.15131923218558
3.4336500960444454
-41.20149359988268
3.4955057550839683
-41.21332498395033
3.554292771792447
-41.18898847162854
3.6100415301372095
-41.13065793482033
3.662795090142822
-41.04050603021732
3.7126091831057977
-40.92070420000166
3.7595522080169133
-40.773422671571886
3.8037052289590605
-40.60083045830934
3.8451619730252133
-40.40509535931187
3.88402882870038
-40.18838395949996
3.9204248445667247
-39.95286162990422
3.954481728203561
-39.70069252774252
3.9863438452005937
-39.43403959619256
4.016168218314888
-39.15506456475969
4.044124526619399
-38.86592794925054
4.07039510462036
-38.56878905175656
4.0951749413100345
-38.26580596105402
4.118671678941681
-37.959135552439385
4.141105611448097
-37.65093348791655
4.162709682198809
-37.34335421657336
4.183729480600348
-37.03855097531186
4.204423236464578
-36.73867578896246
4.225061810443634
-36.44587947181584
4.245928676358517
-36.16231163010405
4.2673198858804255
-35.89012066616085
4.289543991066665
-35.631453788739194
4.31292185069978
-35.38845703805433
4.337786049328429
-35.163275360611266
4.36447857361955
-34.95805290990291
4.393334546593849
-34.77493515011119
4.424902674320435
-34.616040347519814
2.259390945641236
-36.017916654006946
4.345894641644463
-34.39369981861383
4.2366897371047685
-34.33447888327584
4.131829615039692
-34.30803697389772
4.031268552880562
-34.316420521605394
3.9346798966240613
-34.359462194388634
3.8415331276750067
-34.435155506648826
3.7513151252793477
-34.54143617233943
3.6635370664758113
-34.67623766659991
3.5777345082452996
-34.83749121554552
3.493467424951575
-35.02312579143997
3.4103202272345357
-35.231068110072016
3.327901772488417
-35.459242629532994
3.2458453712689845
-35.70557154943741
3.1638087918161375
-35.96797481051723
3.08147426395891
-36.24437009394544
2.9985484836585954
-36.53267282148029
2.914762619638566
-36.83079615432713
2.8298723255987284
-37.13665099321171
2.743657765929896
-37.4481459763152
2.655923679332517
-37.76318747580838
2.566499568944323
-38.07967958764855
2.475240461938199
-38.39552408867133
2.3820322259749673
-38.708620140956285
2.286720201577708
-39.01686826564083
4.459428582259989
-34.48352638574581
2.26510106872513
-39.59519690209541
2.3411308604089527
-39.860852539582524
2.417177423242265
-40.113032260596356
2.493048299640094
-40.34964086212864
2.56853943211442
-40.56858403987343
2.6434343453299505
-40.76776843372857
2.7175039456965635
-40.945101638857295
2.7905064598417653
-41.09849220853775
2.862187417095214
-41.22584965514794
2.9322796511508784
-41.325084449312335
3.0005033144050515
-41.39410801798594
3.0665659052307603
-41.43083274252319
3.1301623124138303
-41.43317195335965
3.190974886472361
-41.399039923967614
3.2486735555405915
-41.32635185937361
3.30291602020381
-41.21302387775878
3.3533480959536917
-41.05697297748433
3.3996043508238074
-40.856116976672226
3.4413093822615224
-40.60837439122058
3.4780806281274863
-40.31166416640809
3.5095353964669016
-39.96390500715272
3.535311957192903
-39.563013365857884
3.5551539124107876
-39.10689539607501
3.569500794058058
-38.5933906262362
3.5715060663874283
-38.02103321594505
2.1892746540657697
-39.31816113018505
4.515141495109674
-36.5393611581587
5.418717325020907
-35.63175999471894
9.445993798124903
-33.97854284730666
11.697756148295923
-33.27056768309604
13.967024060518156
-32.383489801955825
16.22828746599248
-31.311513198527788
18.454255375395007
-30.053429611280215
20.6169315404249
-28.613114243610426
22.688839660356166
-26.999717178650545
24.644293937771067
-25.227503823589235
26.460596274485738
-23.31533867777051
28.11904512683776
-21.285851498479694
29.605663224757848
-19.164364792047987
30.91158781060585
-16.977688649744785
32.03311032606922
-14.752898552431834
32.97139403936342
-12.516203416431857
33.731930693343145
-10.291988367655893
34.323816540919154
-8.102085591117604
34.75893327801805
-5.96529380959217
35.05111249869822
-3.897138112008478
35.21534725259983
-1.9098405010055863
35.2670953955153
-0.012458896145901246
20.40127402856092
28.76727638953738
22.2799022040694
27.338144242753074
24.114308501404082
25.734573988305677
25.8785280929265
23.959757023060206
27.54647522673571
22.021804545570376
29.093123229288665
19.933849443243375
30.49572208628325
17.71381120190251
31.734939757865448
15.38381524281672
32.795813609127094
12.969301545413389
33.668417018720106
10.497898280800277
34.348180606120366
7.998166159177103
34.835850993458905
5.498332330989048
35.13711398457474
3.0251270544345505
35.26194531870976
0.6028143999539001
35.22377509534982
-1.7475242180534747
35.03855955921472
-4.008430724838979
34.72384766136747
-6.166244923015376
34.297913563611644
-8.211047317090188
33.77900486384823
-10.136419647419249
33.184734267400245
-11.939078040724114
-7.945942269809109
35.20308465156282
-7.9060199590680185
35.95790494564367
-7.843393474224833
36.648501466918
-7.7598685583545475
37.27683050109694
-7.657006913024468
37.84489708523721
-7.536289077565492
38.354718243387026
-7.399137697661828
38.80831773435714
-7.246923342666953
39.2077247385456
-7.080966444982089
39.5549734205902
-6.902538075848604
39.85210275354077
-6.712860298342818
40.10115643979067
-6.513106343968744
40.30418287100985
-6.304400707959786
40.46323510673278
-6.087819203833632
40.58037086163632
-5.864388996425703
40.65765249879411
-5.635088622492006
40.69714702421346
-5.4008480043409435
40.700926084368966
-5.162548458966057
40.671065964041475
-4.921022704381372
40.609647584587705
-4.677054864238727
40.51875650330881
-4.431380471126488
40.400482912207394
-4.184686469173002
40.256921638017076
-3.937611215958981
40.09017214137981
-3.690744484075225
39.902338516512756
-3.444627462410864
39.69552949114337
-3.1997527572177944
39.471858426300784
-2.956564393018212
39.23344331585143
-2.715457813484889
38.98240678666079
-2.4767798822615674
38.720876098387244
-2.240828883821763
38.45098314329933
-2.0078545244643067
38.17486444651185
-1.7780579334939972
37.89466116565015
-1.5515916648224106
37.612519090837424
-1.3285596992626694
37.33058864481481
-1.1090174480370933
37.05102488330917
-0.8929717584398418
36.775987494585706
-0.6803809236700147
36.50764080003381
-0.47115470095593537
36.24815375492634
-0.2651543476924587
35.99969994916363
-0.062192700891188224
35.764457610100614
0.137965624263785
35.544609608881075
0.3356036387517065
35.342343479144446
0.5310495969962972
35.15985149323832
0.7246603175877055
34.99933119446609
0.9170475758817815
34.862978175364994
-7.945942269809109
35.20308465156282
2.030028656564866
34.25927207193444
2.9487767310749575
33.79798885527309
3.867531654177526
33.37019281853316
4.789225823038777
32.97669874686576
5.716636420330758
32.616125131217956
6.652163358200113
32.28537517662022
7.597975447567109
31.981393634442753
8.556016875508902
31.701220864255625
9.52800728972096
31.44199283146066
10.515441836936901
31.200941105991348
11.51959118214873
30.97539286142122
12.54150151910278
30.762770874582756
13.581994576425132
30.560593525162552
14.641667621554632
30.36647479533193
15.720893463416473
30.178124268860532
16.819820455057084
29.99334713051484
17.938372496147565
29.81004416364005
19.07624903768351
29.62621174719229
20.23292509028579
29.43994184730572
21.407651244838007
29.24942199756433
22.599453733791904
29.052935239893507
23.80713467439614
28.84885988645275
25.029273772758273
28.635667856513106
26.26420534291495
28.411947114060666
1.1085465981134917
34.75300303163046
27.439569713730265
28.586632287452836
27.357501863255777
28.991646764926372
27.26266772687589
29.389677924358303
27.153925696157245
29.778964484981028
27.030191312352486
30.15770055465562
26.89043700513116
30.524035885805688
26.73369202953853
30.876075938089894
26.55904244770892
31.211881897234843
26.365631125887916
31.529470680504723
26.152657738376774
31.826814935496444
25.919378777274005
32.101843034535776
25.665107569833168
32.35243906533643
25.3892143047305
32.57644281394211
25.0911260754705
32.771649739140486
24.770326950072416
32.93581092930574
24.426358089121237
33.06663303021584
24.05881795352147
33.16177811720428
23.667362692732837
33.21886345731715
23.25170692288816
33.2354610314206
22.811625441570698
33.20909648117765
22.346957519259888
33.137246475389404
21.857619777228592
33.01733080365958
21.343657708502178
32.84668074829483
20.805606339858684
32.62231767653374
20.239646383617753
32.34392664387697
27.510071878169185
28.176349363040163
19.29821904363979
31.40487522429252
18.914011673710718
30.74591562787756
18.914011673710718
30.74591562787756
-0.2833244133215018
-35.26498757862135
-2.9148583055587594
-35.145458066470226
-5.6620009188695875
-34.80863926151412
-8.49196630718972
-34.22844036588662
-11.364529555778905
-33.38483322737032
-14.233537654173269
-32.266174664665996
-17.049264322768597
-30.871057767687066
-19.76141333800595
-29.209350635164462
-22.322422146675116
-27.302181069451763
-24.690626727448908
-25.180797712727205
-26.8328536367605
-22.88443985225967
-28.726109309795213
-20.457523446526924
-30.35820983645282
-17.946551679066413
-31.727385492452232
-15.397163097688932
-32.841052237557754
-12.851650072014287
-33.714034478876485
-10.347149404576596
-34.36654262428262
-7.914566930468633
-34.82216975245877
-5.578182085092571
-35.106099204111786
-3.3558039743947212
-35.243633995291525
-1.2593190419561413
-10.174907882001825
33.76641632208368
-12.666987039549866
32.9127188330496
-15.209004620726429
31.818010624333887
-17.762167213945162
30.46645758054838
-20.282244261496068
28.850133264172484
-22.721670284116378
26.970823516225913
-25.032324828289944
24.841141989338595
-27.16870663669392
22.48468370541969
-29.091100032169354
19.935082657511558
-30.768292618530367
17.23403002736131
-32.17946483303731
14.428501817680768
-33.31502106271365
11.567583724981127
-34.17632651219123
8.699329156641696
-34.77449871719728
5.8680372026041905
-35.128531618191225
3.112215929726169
-35.26308173101811
0.4633448769959738
-35.20622509051878
-2.054589136354993
-34.9874234876744
-4.4249089637676775
-34.635848011678014
-6.637594003510761
0.36331684650164675
-33.965307433899
0.35336579959309233
-33.81213067119367
0.3440443012671608
-33.7140570666829
0.33529430205555855
-33.66884903894672
0.3270567139368268
-33.6742690248966
0.3192737323456356
-33.728079454489034
0.31188941950799176
-33.82804274436677
0.30484990211616037
-33.97192129592497
0.29810345429203267
-34.15747749404076
0.2916005402581163
-34.38247370675529
0.2852938422868192
-34.644672285335474
0.27913828495920257
-34.94183556400441
0.2730910624156877
-35.27172585928443
0.2671116750400415
-35.63210547071179
0.26116198465757634
-36.020736679575606
0.255206304193365
-36.435381749406645
0.249211552868843
-36.87380292457394
0.24314754317774145
-37.333762429690466
0.2369875538476265
-37.813022466033686
0.23070958961702104
-38.3093452070774
0.22429953006516712
-38.82049278342765
0.2177605757060519
-39.34422724053408
0.21115103220483888
-39.878310369139854
0.2048488003005673
-40.420502515131204
0.19601976555949818
-40.96857846457445
0.37393821740496946
-34.175825132274895
0.4284219123371713
-42.0557211609877
0.6769611373878774
-42.589844529673115
0.9318795589906017
-43.12042879636451
1.1929776290322707
-43.645244000542874
1.4600620423827877
-44.16206366577518
1.7329048071923125
-44.668664983924
2.0112330165373464
-45.16282885992982
2.294725444717585
-45.64233992614234
2.583011194012272
-46.104986547192084
2.875669091545376
-46.54856081976041
3.172227405730439
-46.97085857039173
3.472163721335619
-47.36967934983434
3.774904912628301
-47.74282642396375
4.079827201763919
-48.088106757197465
4.386256327020362
-48.40333098328199
4.693467900415726
-48.68631335097436
5.000688155933119
-48.93487161510606
5.307095621289534
-49.146826795633416
5.611825319275965
-49.320002577330484
5.913981391415916
-49.45222350583788
6.212687613521837
-49.541307773636106
6.507441033183227
-49.58501672448642
6.793363419230559
-49.581732896041245
0.1867542037076646
-41.520290847061034
7.01989270153922
-49.45391851582812
6.96189530859624
-49.332230053920114
6.898119261536181
-49.166471032965234
6.828881526336261
-48.95898335300558
6.754568343509504
-48.71209894536295
6.675580406383688
-48.42814760113197
6.592319157579652
-48.109458927523605
6.505182223389966
-47.758363000239854
6.414561590185713
-47.377190623635926
6.320842779323243
-46.968273448653235
6.224404440235787
-46.5339440314074
6.125618139831488
-46.076535863342514
6.024848255586619
-45.59838338664366
5.922451933400566
-45.10182200159119
5.818779098243397
-44.58918806586456
5.7141725271869745
-44.062818886373975
5.608968023619184
-43.525052698505164
5.503494794761934
-42.97822861995908
5.398076305823224
-42.424686546807834
5.2930324356530605
-41.86676688988925
5.188685963198338
-41.306809781722706
5.085388534494371
-40.74715189964286
4.983702464289422
-40.19010422913769
4.881940044638952
-39.63825305293065
7.072247517311837
-49.52912975247375
4.8529700793987445
-38.531660859400745
4.922140191020446
-37.98230375692981
4.989578961609084
-37.448039011778405
5.055702846947895
-36.93118682191326
5.121001165268751
-36.43405693827171
5.186007967807711
-35.958952104776245
5.251295014237257
-35.508168916695666
5.3174694409912036
-35.083998104762514
5.385172841379301
-34.688724645740166
5.4550808648729685
-34.32462780940128
5.527903041055936
-33.99398117666183
5.60438272024561
-33.69905264155642
5.6852970934064615
-33.442104401047516
5.771457289487671
-33.225392930440506
5.863708578844069
-33.051168937808654
5.962930756639764
-32.9216772799887
6.070038874822558
-32.8391568045794
6.185984721752618
-32.80584003223106
6.311760090802352
-32.82395245424817
6.448404965948498
-32.89571077628793
6.597032094578594
-33.02331764547259
6.758925302102398
-33.20894055409576
6.936227742943686
-33.454564159623914
-1.9042463135075707
-34.395375440054664
13.922741067166953
-31.579497956210503
16.16979469151488
-30.49008280775797
18.381055446081007
-29.21034424100094
20.527224538380324
-27.744196920087575
22.579509939116008
-26.101209567739232
24.511021814785863
-24.29644458732122
26.298090234606775
-22.349896196675246
27.921372413275265
-20.285570550242653
29.366642416087757
-18.130298486106483
30.625199212338146
-15.912403438647544
31.693880060357287
-13.66035785436705
32.574714929465415
-11.401550651281667
33.27429515627779
-9.161260385044613
33.80295071952804
-6.961891455835655
34.173834720040475
-4.822492147949475
34.4020038041574
-2.7585402386806663
34.50356432571698
-0.7819583178091136
34.49493130518175
1.098692058983744
17.99277354643658
29.45110371609752
19.95343641911893
28.159683681779143
21.883607326283993
26.6873591870513
23.75607281004801
25.035103647346432
25.543003366299956
23.209101426355772
27.217224106952244
21.220983056908977
28.75356502390065
19.087689970397065
30.130162257831614
16.830945674751035
31.32957679159756
14.476361008522503
32.339614357049015
12.052250961004262
33.15376771919006
9.588279095420205
33.77125244465577
7.11406482322235
34.196659382465214
4.657885471899704
34.43929112493231
2.245581617719097
34.51227835668129
-0.10026275792583306
34.431582396481986
-2.3608353741743713
34.2149839462225
-4.5213143608264375
33.881139706930355
-6.570828117455704
33.448763943420545
-8.502211515071252
32.93596668390575
-10.311620075736528
4.781921983976588
-39.09375558343274
35.44705362603844
17.166679722962442
-20.62844501264155
26.97565838873959
-20.648476394645883
26.757597816444047
-20.701321581316137
26.583857409861025
-20.78614962282589
26.45220967965659
-20.902101172036083
26.360451474331313
-21.048287378380053
26.306404818844243
-21.22378961012032
26.287917125414793
-21.427659360634692
26.30286126516421
-21.658918209206234
26.349135597772374
-21.916557801649986
26.42466398683854
-22.19953983856317
26.52739580988691
-22.506796065804366
26.655305966454392
-22.837228264419508
26.806394886535884
-23.189708238826114
26.978688542826944
-23.563077798072754
27.17023846707886
-23.956148727468047
27.37912177834434
-24.367702738338295
27.603441229960794
-24.796491376709668
27.841325297748796
-25.241235839639756
28.090928354146826
-25.700626573847842
28.350431053466252
-26.173322270083304
28.618041291792736
-26.657946848456845
28.891997088597407
-27.15307739971911
29.170578112705982
-27.65715977196524
29.452186361707277
-28.169628118317576
29.734276126723728
-20.642037722489306
27.240285092590284
-27.259652836130442
30.79529291657883
-25.782656107762733
31.58432564144229
-24.25634437519375
32.381065525040015
-22.679981761120416
33.1837042638285
-21.05319942468003
33.99037018969955
-19.376008622395773
34.799115782969295
-17.648803969104478
35.607914548542624
-15.87236451967894
36.41465997266539
-14.047854194257468
37.217165102922536
-12.176821960413179
38.01316235256567
-10.261201908416979
38.8003033969662
-8.303313267151793
39.57615910823131
-6.305860374443739
40.33821950376921
-4.271932594356485
41.083893691075104
-2.205004151447895
41.810509791260415
-0.10893380864814617
42.515314810998376
2.0120357873291255
43.19547439664714
4.1532795538000755
43.84807230079508
6.309793597707369
44.47010905836427
8.476206097113504
45.05849802069358
10.646820830656111
45.61004950430112
12.815921885829766
46.12135985470982
14.97365047984158
46.590312549729816
-28.68834602922692
30.01579969390258
18.201681703501947
45.92999332980966
19.26655135681841
44.8081343777304
20.307679861915403
43.652306671580874
21.32301080934201
42.467262785996866
22.310764834399095
41.257540789618986
23.26939237474204
40.02748144594375
24.19756185824133
38.78123251422045
25.094155764451102
37.52275018455941
25.958269047560407
36.25579965255068
26.789208418196097
34.983955381487505
27.5864919831173
33.7106012346016
28.34984904966541
32.43893054694132
29.07922001253354
31.171946167438108
29.77475628486752
29.912460486117993
30.436820253076462
28.663095452625384
31.065985245593367
27.426282591824958
31.663035508629946
26.20426302029469
32.22896618296676
24.99908746962069
32.76498327429391
23.812616330692634
33.27250359650043
22.646519757427598
33.75315461909247
21.502277972180906
34.20877387450997
20.38118248017591
34.64140484220434
19.284344564566368
35.05335239284125
18.212580793710885
17.115735045479482
47.01279605422815
34.281606782412894
17.62868826092108
33.145668905258105
18.076953751952487
32.04060944332423
18.513280125171406
30.9676278848587
18.939652326757653
29.927758219463954
19.35822711591797
28.921869581472833
19.77133174659062
27.95066641792846
20.18146363398631
27.014688553264932
20.59129023880297
26.114311225758797
21.00364901485287
25.249745118654687
21.421547377858502
24.421036395042336
21.848162679386974
23.62806674426713
22.286842177922694
22.87055345014278
22.74110300047525
22.14804949698089
23.21463208502533
21.459943744104066
23.7112860879364
20.805461228361935
24.23509122388421
20.18366372409423
24.790242971222142
19.593450861127963
25.381105485223145
19.033562581461013
26.01221030833156
18.502585280469873
26.68825314944951
17.998970228876033
27.414084223277143
17.521107261361294
28.194669609729374
17.06784060596027
29.03482077500695
-4.269581388109486
-34.1824323367301
-4.269581388109486
-34.1824323367301
-6.69769554803068
-33.79066261603512
-9.163111131445959
-33.20700829761083
-11.637019601648944
-32.42295144609233
-14.088361363983523
-31.435427144587038
-16.485189062092104
-30.247422159117974
-18.796200591711283
-28.86816324259263
-20.992293506653255
-27.312847142239605
-23.0479813830529
-25.601924924725296
-24.9425289422837
-23.760013797305817
-26.660703226776008
-21.814557275787166
-28.193093682462973
-19.794379866434042
-29.536012299453404
-17.728282012969004
-30.69103434740765
-15.643798016180938
-31.66427284496592
-13.566201785480587
-32.46549302266126
-11.51780224176278
-33.10716868374246
-9.517530532183514
-33.603565563996455
-7.5807906626561135
-33.96991355970036
-5.719526067018904
-22.57712891416645
26.018094774174614
-24.31613627858971
24.400686919959355
-25.995204808158803
22.60348054319735
-27.586198104518814
20.631763856322777
-29.061128607323354
18.496453977815207
-30.39357036490631
16.214156967240484
-31.560103296316555
13.806805771453867
-32.5416401867472
11.300869862143514
-33.32448981827858
8.726189548495455
-33.901037953801534
6.114542610836082
-34.2699778271477
3.4980888227185574
-34.43608300332019
0.9078507990113565
-34.40957489460132
-1.6276244215564475
-34.205183039741314
-4.083314695515924
-33.84102116773437
-6.43842309962443
-33.3374046482555
-8.676719253456127
-32.71571893227252
-10.78655368638971
-31.997420847664216
-12.760605972377903
-31.20322261480669
-14.595441210721901
-30.352478392058686
-16.29095028365242
9.43313788664409
-33.19824271857232
21.28983783655178
-29.5313203040036
21.445410569539977
-29.935382664493588
21.583928373496295
-30.31986625733984
21.705906473127328
-30.685098587230584
21.811854184542607
-31.03141101621135
21.902275150536497
-31.359138591793467
21.97766739955464
-31.668620005189084
22.03852336432804
-31.960197576944466
22.0853298891748
-32.23421725201584
22.118568232381993
-32.49102859728755
22.13871406722121
-32.730984801294085
22.146237481552404
-32.954442674074244
22.141602976823016
-33.16176264755035
22.12526946667537
-33.35330877651103
22.097690274798584
-33.52944873970284
22.059313132118184
-33.69055384142942
22.01058017291865
-33.836999013542155
21.951927929950667
-33.96916281871037
21.883787327311733
-34.08742745440266
21.806583670252635
-34.192178758295995
21.720736631046076
-34.2838062171071
21.626660227121203
-34.362702978500465
21.52476278829556
-34.429265870778266
21.41544690343503
-34.48389543258429
21.299109333007483
-34.52699596433982
21.17614085509371
-34.55897561630417
21.046925980367412
-34.580246553194485
20.911842381928754
-34.59122528269302
20.77125964127594
-34.59233337810909
20.625536113786293
-34.58399928523701
20.475009525169597
-34.56666374200495
20.319959358354236
-34.54080145760949
20.160343562049896
-34.50707286452959
19.999332021638338
-34.464287547294134
21.116687386582406
-29.107356728162088
19.471000108242336
-34.414364968022596
19.10508485065334
-34.40810755643426
18.738209209817235
-34.39553419514189
18.370858782184314
-34.377027237171205
18.00344671319936
-34.35300803635653
17.636353589484756
-34.32391395519551
17.26993741125664
-34.29019261682757
16.90453691579419
-34.25229998897484
16.54047290637532
-34.21069961799341
16.178048855668234
-34.16586228092902
15.817551206535153
-34.11826581155279
15.459249533197863
-34.068395007230464
15.10339663211715
-34.01674157592731
14.750228574845465
-33.963804104359724
14.399964739620291
-33.91008803970678
14.052807828624875
-33.856105677122116
13.7089438764534
-33.802376153531014
13.368542250445415
-33.74942544372942
13.03175564396351
-33.6977863605166
12.698720060186563
-33.64799855683714
12.369554783279526
-33.600608532375816
12.044362329053186
-33.556169645824326
11.723228360007425
-33.51524213606859
11.406221534984681
-33.47839316124842
11.09339322820447
-33.44619687199824
10.784776965826843
-33.419234558460204
10.480387185182344
-33.39809497454786
10.180216131804123
-33.38337514971107
9.884224549119118
-33.37568282425684
9.592304435956578
-33.37564619169771
9.30401834722312
-33.38398209717195
9.022121855753035
-33.400574568851994
19.835117687515286
-34.41412402674365
8.78361548984126
-33.34093355275917
8.82505627581822
-33.266570592364616
8.869274702717561
-33.203949861853914
8.916557638302272
-33.15356905843851
8.967140153760354
-33.11593932153755
9.021245132234235
-33.09157487095936
9.079093172666305
-33.08099041584467
9.140905893112276
-33.08470029046913
9.2069072545032
-33.10321810805547
9.277324164968917
-33.13705660159479
9.352386785886466
-33.186727544374094
9.432328700853027
-33.25274170470564
9.517387018172315
-33.33560881883008
9.607802439854268
-33.43583757195651
9.703819314944951
-33.553935583099616
9.805685688205614
-33.69040939100094
9.913653352444001
-33.845764438017056
10.027977913515812
-34.020505050084836
10.148918879506098
-34.21513440833033
10.27673979276986
-34.43015450733455
10.411708436455442
-34.666066088588025
10.55409717566367
-34.92336853185918
10.704183551281034
-35.20255966432538
10.862251380907253
-35.5041354078694
11.028592958520832
-35.82858907331615
11.20351389241371
-36.176409809402685
11.387345197760737
-36.54807872342107
11.580479573640304
-36.94405724642266
11.78351650854772
-37.36474059202075
11.998278016729401
-37.81013196993135
18.9741688887847
-29.983765119061417
20.533482088673438
-34.545464897976586
23.331606496791608
-32.7207758157119
26.067905740949115
-30.585573756007875
28.685001027724596
-28.145758965475494
31.125566378394154
-25.420703163511917
33.3363735755006
-22.44324460807462
35.27226469613376
-19.258254721263853
36.899465849221954
-15.919875996543055
38.19774999760507
-12.48779111066753
39.16117145270013
-9.023063900661981
39.79736658975604
-5.584142210203424
40.12566466090023
-2.2235258541758753
40.17441549009381
1.0145795841210088
39.97799107498777
4.095517221475632
39.573868541486306
6.994423519087661
39.00009001742967
9.69566966926925
38.29326359076482
12.191759318138224
37.48715196166377
14.481935972318524
-6.822569441637015
39.60385811909299
-3.8206356966872477
40.00519684461514
-0.6339905391745759
40.1822235285635
2.7054054893378634
40.09605732290228
6.155007154064833
39.71308246203782
9.662865196524152
39.00823077117198
13.170010305918595
37.96793199853269
16.61389975836265
36.592230958528376
19.932551535764716
34.8956504592949
23.068814353033744
32.906577397968164
25.97416582173655
30.665220390014127
28.61151900325578
28.220453788511946
30.956723285642724
25.626047590671305
32.99870330695758
22.936839620195997
34.73841408309647
20.2053363915212
36.18694593259016
17.479072509003487
37.363169073459304
14.798872541220788
38.29127788322411
12.197994497986855
38.99851074201382
9.702019975666815
39.51321801081302
7.329299702779679
8.74433643095572
-33.426627015390096
-13.096886229804312
31.97302588632033
-35.74557033624501
4.783873742308572
-35.716948035833646
5.586797552795531
-35.653425544276345
6.40249757330983
-35.55646115408008
7.229518784716134
-35.42748662280892
8.066448231935283
-35.26790692976669
8.911917196870803
-35.07910021665944
9.764601741554344
-34.86241776739938
10.623222888708284
-34.61918400105595
11.486546693807924
-34.350696468498555
12.35338427733123
-34.05822585189119
13.222591840737465
-33.74301596455578
14.09307067455589
-33.406283751556806
14.963767162550027
-33.04921929103535
15.83367278377628
-32.672985795778835
16.701824113147666
-32.27871961546329
17.56730282100449
-31.86753023950524
18.429235671682903
-31.440500301461157
19.286794521364612
-30.99868558456015
20.139196314498747
-30.543115029321484
20.98570307835243
-30.07479074547774
21.825621915520657
-29.59468802857544
22.658304991902412
-29.10375538670648
23.483149518954008
-28.602914581626564
24.299597724225748
-28.093060698860484
25.107136803641282
-27.575062268616808
25.905298836836067
-27.049761491147912
26.69366063083683
-26.51797468672988
27.471843407131956
-25.98049328543587
28.23951211343143
-25.4380863015368
28.99637370355896
-24.891507755743884
29.742171976843082
-24.34152636424885
30.476666936717464
-23.789133359879546
31.199490300575633
-23.23275992177346
31.9120801136514
-35.73780931774776
3.9952080110343218
-22.36466635840216
32.62454532371805
-22.052857596598976
32.629034163013785
-21.73937838249483
32.627302576288315
-21.424576495009703
32.6198004347965
-21.1088308783839
32.60695398682688
-20.792520154935225
32.58918775015536
-20.47601475362317
32.56692998474958
-20.159674286598797
32.540614516535356
-19.843846500539907
32.51068146691685
-19.52886680058523
32.47757758411399
-19.215058012866418
32.44175640831085
-18.902730257626175
32.40367836048449
-18.592180877671137
32.363810792633814
-18.283694396485718
32.322628016942076
-17.97754249433363
32.280611324347234
-17.673983994306145
32.23824899434803
-17.373264856744903
32.19603630139176
-17.075618179268716
32.15447551651047
-16.781264203637015
32.11407590674443
-16.49041032978274
32.07535372999129
-16.20325114121503
32.03883222563158
-15.919968448072591
32.00504159770637
-15.640731360483812
31.974518984884128
-15.365696418902921
31.947808407620272
-15.0950078373155
31.92546066889625
-14.828797990609125
31.90803315466914
-14.567188487812764
31.89608939429141
-14.310292856287361
31.890197961337577
-14.058224594906235
31.89092917482168
-13.811129387937228
31.898841903616415
-13.569410604130212
31.914391197010758
-13.330683653318516
31.939175850506132
-22.67470847014972
32.61320931768901
-12.918443502098121
31.956410881941224
-12.745362768865967
31.95007394854852
-12.577336858846564
31.954728402347513
-12.414336651592677
31.970972849044557
-12.256371263036392
31.9993894177544
-12.103453784541834
32.04055779455359
-11.9555927158084
32.09505873127566
-11.812789107088747
32.163475215758695
-11.675035413638255
32.24639294081095
-11.54231497163547
32.34440051725181
-11.414601732814553
32.45808958258095
-11.291860116443516
32.588054859648736
-11.174044918824322
32.7348941922975
-11.061101250822787
32.89920856847411
-10.952964487937713
33.08160213732023
-10.84956022306963
33.28268222418026
-10.750804213673476
33.5030593455308
-10.65660231473619
33.743347227148206
-10.566850385178178
34.00416282798548
-10.481434148553085
34.286126375538686
-10.400228973754345
34.589861419915565
-10.323099512957782
34.9159949240877
-10.249899069972855
35.26515741937328
-10.180468429518989
35.63798329455648
-10.114633517227631
36.03511137257314
-10.052200253505433
36.457186179813846
-9.992941689002066
36.904861116592826
-9.936559413262941
37.378807970852506
-9.882529190321605
37.87975496980533
-9.82902041073828
38.408753141638044
16.96670355626115
-31.16370045692784
16.96670355626115
-31.16370045692784
14.82215596772099
-32.23893528334524
12.552934706088084
-33.18838781863107
10.175582993120843
-33.99268695595097
7.710434313994046
-34.63516216830452
5.1809905403808845
-35.10274337933794
2.6130553918319066
-35.38668107147643
0.03368818585983391
-35.483011721685955
-2.5299329627424676
-35.39272093155877
-5.0516379773706
-35.12159178455266
-7.507284844753258
-34.679762542366234
-9.875593488943686
-34.08104911789398
-12.138741394147203
-33.34210870807644
-14.282700139399594
-32.48152909675227
-16.29732155738158
-31.518923931353925
-18.176205651712486
-30.47410054196554
-19.916397335077953
-29.366347626602618
-21.51796519598728
-28.213869453859914
-22.98351416874784
-27.033374413678672
-35.44231383650069
1.6993074030796436
-35.477452527874966
-0.6289816114540656
-35.3538660841264
-3.024798942215284
-35.0593461842569
-5.46694621041766
-34.585213299546844
-7.931473807560451
-33.92700756923261
-10.392469058525165
-33.08496438500998
-12.8230412686613
-32.06421286472141
-15.196430801375797
-30.874664132764416
-17.48714872196608
-29.53059199734478
-19.67204595413314
-28.049944802860807
-21.731218380284886
-26.4534572348525
-23.648675566699282
-24.76364945622729
-25.41273148137097
-23.003805721561122
-27.016109602602697
-21.197016250571842
-28.455786016347588
-19.365347896644515
-29.732617721571287
-17.52918563880575
-30.850816951508037
-15.706762819979254
-31.817335800661994
-13.913877042452917
-32.64122058659373
-12.163772922355395
-33.33298492527399
14.96092474757171
-37.29857587630795
3.585980142407335
3.6066038094418853
3.6250361270291456
3.6414461889856136
3.655983239800458
3.6687798470787287
3.679954487955995
3.6896136806040563
3.6978537566910994
3.704762347827083
3.710419642520526
3.7148994576666277
3.718270159295627
3.720595460102042
3.7219351158075935
3.7223455380036468
3.7218803378669056
3.720590812332637
3.718526382216166
3.715734990033505
3.7122634637745153
3.7081578517722
3.703463732698982
3.69822650393255
3.6924916507278214
3.686304997937896
3.6797129454031965
3.6727626875639188
3.665502417243858
3.657981513049799
3.6502507093091463
3.6423622469257295
3.6343700030932213
3.626329597312895
3.6182984707395383
3.610335935465237
3.6025031901132913
3.5948632978162047
3.5874811225555034
3.580423219927712
3.5737576785526146
3.5675539087927786
3.561882376173147
3.5568142782206014
3.5524211493330817
3.585980142407335
3.545793425668098
3.5437058019806207
3.542579639264258
3.5424768020209876
3.5433916875486506
3.545262247588381
3.548022486322803
3.551604680451234
3.5559399471061046
3.5609587714447386
3.566591487516746
3.5727687079620503
3.579421699880009
3.5864827058462843
3.5938852104251606
3.6015641537162084
3.6094560942806804
3.6174993245783935
3.6256339423277377
3.6338018815786457
3.6419469072944817
3.6500145771723997
3.6579521746005317
3.665708607510742
3.5487744647104984
3.680341438499774
3.6871164931346656
3.69351357003285
3.699487623129255
3.7049942686829955
3.709989568842203
3.7144298005081096
3.7182712087409553
3.721469743417455
3.723980777190611
3.7257588021887234
3.7267571021685004
3.7269273958924245
3.7262194466697043
3.7245806316684407
3.7219554633090826
3.718285053253391
3.713506507425413
3.707552237774309
3.7003491731604
3.6918178474324983
3.6818713369508203
3.670414011438016
3.6573400392604536
3.642532054113751
3.6732343163366084
3.605967045653108
3.5846691644865745
3.5629504498555793
3.5629504498555793
3.5629504498555797
3.562950449855579
3.5629504498555797
3.5629504498555793
3.562950449855579
3.5629504498555793
3.5629504498555797
3.5629504498555793
3.562950449855579
3.5629504498555793
3.562950449855579
3.5629504498555797
3.5629504498555793
3.56295044985558
3.5629504498555793
3.5629504498555784
3.56295044985558
3.5629504498555793
3.5629504498555793
3.5629504498555797
3.562950449855579
3.5629504498555793
3.562950449855579
3.5629504498555797
3.56295044985558
3.5629504498555793
3.562950449855579
3.56295044985558
3.5629504498555793
3.56295044985558
3.5629504498555793
3.5629504498555793
3.5629504498555797
3.5629504498555797
3.562950449855579
3.5629504498555793
3.5629504498555793
3.5629504498555793
3.585980142407335
3.6059540109585027
3.6237651281167036
3.6395827401903933
3.6535562158114776
3.665818237442756
3.67648739045657
3.6856702952577733
3.693463379908819
3.6999543666066623
3.705223528624687
3.7093447617686333
3.7123865050866685
3.7144125383590767
3.715482678422678
3.715653391976984
3.714978339266458
3.713508860223571
3.7112944125635834
3.7083829695821153
3.7048213839089827
3.700655722361981
3.6959315759315268
3.6906943481387784
3.6849895242038073
3.678862922766723
3.672360931280936
3.665530725633714
3.6584204739420656
3.65107952396815
3.643558573076877
3.6359098191156036
3.628187090155371
3.620445950540398
3.6127437802696716
3.605139824320409
3.5976952082858427
3.590472916401697
3.583537727940218
3.5769561080390093
3.5707960491897612
3.5651268600888435
3.5600188994038273
3.555543254664004
3.551771308374314
3.585980142407335
3.5357097403818396
3.524192915425538
3.51433451323973
3.5062374995887184
3.499935430990059
3.4954029112766287
3.492607528282342
3.4915115312101133
3.4920718911464537
3.494240373495756
3.49796363206755
3.503183334729157
3.509836329649477
3.517854859365152
3.52716682728913
3.5376961181998743
3.5493629707826573
3.5620843970960556
3.5757746406841235
3.5903456627486348
3.605707643987266
3.6217694886479856
3.638439316193951
3.655624963873886
3.5487744647104984
3.6794554257936105
3.685413874805618
3.691064118174144
3.696361445674026
3.701261778967441
3.7057214546149524
3.7096969925130345
3.7131448489367194
3.716021152885344
3.7182814237798754
3.7198802679487373
3.720771050617996
3.7209055391775823
3.7202335126652253
3.7187023310795526
3.716256456839357
3.712836918916869
3.7083807081105586
3.7028200892351464
3.696081812786883
3.6880862046826324
3.678746108272318
3.6679656522243773
3.6556388726107185
3.641646112579511
3.6732343163366084
3.6071371997769432
3.58623192186453
3.58623192186453
3.562922891220595
3.562922891220595
3.562922891220595
3.562922891220595
3.562922891220595
3.562922891220595
3.562922891220595
3.562922891220595
3.562922891220595
3.562922891220595
3.562922891220595
3.562922891220595
3.562922891220595
3.562922891220595
3.562922891220595
3.562922891220595
3.562922891220595
3.562922891220595
3.5629228912205946
3.5629228912205946
3.562922891220595
3.562922891220595
3.562922891220595
3.562922891220595
3.562922891220595
3.562922891220595
3.562922891220595
3.562922891220595
3.562922891220595
3.5629228912205946
3.562922891220595
3.562922891220595
3.5629228912205946
3.562922891220595
3.562922891220595
3.562922891220595
3.562922891220595
3.5629228912205946
3.562922891220595
3.525396840561122
3.5208742409404006
3.51796694001251
3.5166226333214023
3.516781178072079
3.518375510277035
3.5213326264928275
3.525574600168718
3.531019604005104
3.537582912351939
3.5451778610813083
3.5537167463611667
3.563111648028984
3.573275167550614
3.5841210744008336
3.5955648584981263
3.6075241892020817
3.6199192840830423
3.632673192449252
3.645712000205378
3.65896496329871
3.6723645777027887
3.6858465940233756
3.699349986094818
3.7128168402163757
3.5315783823679627
3.7390473181717123
3.751742141433262
3.764230335945224
3.776467739598132
3.788412363836224
3.800024195093537
3.8112649870449045
3.8220980486291314
3.832488029594223
3.8424007043552493
3.8518027544806777
3.8606615496333623
3.8689449264781333
3.8766209646636733
3.883657758689535
3.890023184111503
3.895684656168012
3.90060887847713
3.9047615789734906
3.908107229188065
3.910608739826517
3.9122270982421923
3.912921801812958
3.7261923592794792
3.911015781631504
3.9084375623756133
3.9049585172888426
3.90061702750238
3.89544990288347
3.8894927009271285
3.882780026146275
3.8753458135127077
3.86722359924122
3.858446781810125
3.8490488756469667
3.839063759476187
3.828525920957552
3.817470698875176
3.8059345236896323
3.793955156939414
3.7815719295118786
3.7688259783471363
3.755760480670544
3.742420884261468
3.7288551317398695
3.715113876397542
3.7012506891174013
3.6873221701487564
3.9126528843107855
3.659349412230342
3.6454474633955867
3.631752931330398
3.61833979770511
3.6052855622258146
3.5926711266513296
3.5805805989522193
3.5691010101902094
3.5583219363567373
3.548335018677911
3.539233377881028
3.5311109207194886
3.5240615405505
3.5181782178704197
3.5135520314199225
3.510271095446165
3.5084194438697303
3.5080758869329585
3.509312870059198
3.51219536780278
3.516779846714111
3.523113326624845
3.5312325234220068
3.539452331781708
3.5413193749994814
3.541319374999482
3.541319374999482
3.5413193749994814
3.5413193749994814
3.541319374999481
3.5413193749994805
3.541319374999482
3.541319374999481
3.541319374999481
3.5413193749994814
3.5413193749994805
3.541319374999481
3.541319374999481
3.5413193749994805
3.5413193749994814
3.5413193749994814
3.5413193749994822
3.541319374999482
3.5413193749994814
3.5413193749994822
3.541319374999482
3.5413193749994814
3.5413193749994814
3.541319374999481
3.541319374999482
3.541319374999481
3.541319374999481
3.541319374999482
3.5413193749994805
3.5413193749994814
3.541319374999481
3.541319374999481
3.541319374999482
3.541319374999481
3.541319374999481
3.5413193749994814
3.5413193749994822
3.673388346263929
3.6733883462639283
3.5251561726977907
3.52041205283775
3.517302406942122
3.515774954627351
3.515769574707576
3.5172192224941523
3.520050911566132
3.524186730126963
3.5295448633637423
3.5360405958443906
3.5435872713886303
3.552097191840514
3.56148244044163
3.571655619790633
3.5825304982259336
3.5940225622647963
3.6060494756084656
3.618531447925641
3.631391518405737
3.6445557606719117
3.6579534163583323
3.671516965477685
3.6851821425416795
3.6988879156361607
3.712576169276118
3.5315783823679623
3.71666738517005
3.707983238716086
3.7002808580652777
3.693712211067342
3.688436280158847
3.6846138634233374
3.682401375524736
3.6819438913393228
3.683367807734363
3.6867736211436393
3.6922293969867015
3.6997655146084494
3.7093711931933453
3.720993142311655
3.734536458207205
3.7498676420025965
3.7668193933041176
3.7851966706501963
3.8047834312068494
3.8253494666255192
3.8466568137220456
3.868465173552238
3.8905415782011916
3.726192359279479
3.900053985095404
3.8872112203457796
3.874213993385187
3.8611481948126944
3.848096069455168
3.8351358716473745
3.822341475544809
3.8097819814685003
3.797521347400812
3.7856180723760557
3.7741249565615065
3.7630889599508697
3.752551177582978
3.742546944092867
3.733106074399766
3.7242532410203624
3.71600848204265
3.7083878277957494
3.7014040290760932
3.6950673656368043
3.689386510899575
3.684369427697342
3.6800242741256026
3.6763601502292733
3.9126528843107855
3.651921347963383
3.63110795501383
3.61104287675396
3.5918232080326287
3.573548137918256
3.556318587987165
3.540236780634446
3.525405734388616
3.5119286836455346
3.499908421425591
3.48944656534403
3.4806427491524725
3.473593744881254
3.468392523744229
3.4651272675932896
3.4638803465612007
3.464727282604064
3.467735722548443
3.4729644478622004
3.480462452139006
3.490268123395738
3.5024085954700377
3.5168996053700234
3.539452331781708
3.539452331781708
3.5394523317817086
3.5394523317817086
3.539452331781708
3.5394523317817086
3.539452331781708
3.5394523317817086
3.539452331781708
3.5394523317817086
3.539452331781708
3.5394523317817086
3.539452331781708
3.5394523317817086
3.539452331781708
3.539452331781708
3.539452331781708
3.539452331781708
3.539452331781708
3.5394523317817086
3.5394523317817086
3.539452331781708
3.5394523317817086
3.5394523317817086
3.5394523317817086
3.5394523317817086
3.539452331781708
3.5394523317817086
3.5394523317817086
3.539452331781708
3.5394523317817086
3.5394523317817086
3.539452331781709
3.5394523317817086
3.5394523317817086
3.5394523317817086
3.539452331781708
3.5394523317817086
3.539452331781708
3.5394523317817086
3.5413193749994814
3.5947182187075595
3.6061593173511444
3.616785559355729
3.626636685931238
3.6357494985011485
3.644158162986082
3.651894477770165
3.6589881104939836
3.6654668081136053
3.671356583854646
3.6766818842184277
3.681465738633242
3.6857298940170584
3.6894949361759966
3.6927803996697786
3.6956048675709914
3.697986062333567
3.699940928848912
3.7014857105812977
3.7026360195871906
3.703406901147827
3.703812893569994
3.703868083749703
3.7035861588941548
3.7029804548944463
3.702064001624997
3.700849565538731
3.6993496897894587
3.697576732099195
3.6955429004871854
3.6932602866557356
3.6907408953650056
3.687996653428425
3.6850398736039445
3.5824192353514657
3.6773309704596016
3.672657284898098
3.6678734600563567
3.6629921088821247
3.658025938884189
3.6529877823592267
3.647890618571783
3.6427475932394597
3.6375720363687156
3.6323774786560032
3.6271776664695214
3.6219865753770932
3.616818422117679
3.611687674900883
3.6066090619626947
3.6015975781578287
3.596668489534904
3.591837335664006
3.587119929624781
3.582532355428889
3.5780909627592608
3.5738123588405166
3.569713397258583
3.565811163600375
3.5621229577337736
3.5586662725576343
3.55545876902021
3.552518247042387
3.549862611235082
3.54750982624692
3.545477815623508
3.5437856265074323
3.6818819118341697
3.540337114428769
3.53855757125143
3.5371288181200367
3.536068496317526
3.5353939301352195
3.5351220602635087
3.5352693771280403
3.535851853519093
3.536884876847035
3.538383181531134
3.5403607822259042
3.5428309084541785
3.5458059414007166
3.5492973535205428
3.5533156516610185
3.5578703243762066
3.562969794053277
3.5686213744710864
3.574831234310441
3.5816043671175954
3.5889445680838388
3.596854418007778
3.605335274598297
3.614387271288425
3.6240093235262565
3.634199142452065
3.644953255553496
3.6562670334740703
3.6681347194615523
3.680549434552818
3.5690544895884218
3.6935491523951365
3.6935491523951365
3.6935491523951365
3.6935491523951365
3.6935491523951365
3.6935491523951365
3.6935491523951365
3.693549152395136
3.6935491523951365
3.693549152395136
3.6935491523951365
3.6935491523951365
3.693549152395136
3.6935491523951365
3.6935491523951365
3.693549152395136
3.693549152395136
3.693549152395136
3.693549152395137
3.6935491523951365
3.693549152395136
3.6935491523951365
3.693549152395136
3.6935491523951365
3.693549152395136
3.693549152395136
3.693549152395136
3.693549152395136
3.6935491523951365
3.693549152395136
3.693549152395136
3.6935491523951365
3.6935491523951365
3.6935491523951365
3.693549152395136
3.6935491523951365
3.6935491523951365
3.693549152395136
3.5424495661385227
3.542449566138523
3.5853024999697354
3.5877114524408755
3.589714472029704
3.5913765748708166
3.5927595623237076
3.593922121051367
3.5949198767297013
3.595805408715449
3.5966282334595743
3.597434764241863
3.5982682547560834
3.599168733797746
3.6001729381147953
3.6013142501055437
3.6026226465395994
3.60412466387321
3.6058433849415947
3.60779845093755
3.6100061015323224
3.6124792449492853
3.6152275587192952
3.618257620666398
3.621573068754807
3.625174787364722
3.6290611169299307
3.6332280830859776
3.637669641192534
3.6423779317943925
3.647343542687856
3.6525557737811263
3.6580029028552272
3.6636724600531654
3.669551612542233
3.675624679419771
3.582419235351466
3.6776733281857927
3.6733219073416925
3.668839883270247
3.664239640681901
3.659533693130227
3.6547346979915627
3.6498554750331778
3.6449090248573337
3.639908546452669
3.634867453572401
3.6297993897891034
3.6247182421276176
3.619638153145962
3.614573531335513
3.609539059762133
3.604549702725067
3.599620710378047
3.594767621081291
3.5900062613924857
3.5853527434712458
3.5808234597812003
3.5764350749073817
3.57220451431344
3.5681489499223957
3.5642857823686644
3.560632619814741
3.557207253295958
3.554027628723802
3.5511118162471567
3.548477980854156
3.546144389487222
3.544128457309548
3.6818819118341697
3.5400546535383857
3.5380107171532744
3.5363356462232716
3.5350471113924335
3.534162467790414
3.5336986855270256
3.53367228229436
3.5340992557437265
3.5349950156339243
3.5363743161663526
3.538251189180531
3.5406388787673984
3.5435497780491123
3.546995368777118
3.550986164446186
3.5555316576021547
3.5606402719625168
3.5663193199692595
3.572574966292566
3.5794121977854645
3.5868348002496973
3.594845342374686
3.603445166998052
3.6126343898376434
3.622411905613877
3.6327754013485483
3.643721376063219
3.655245164700948
3.6673409560070707
3.680001716833398
3.5690544895884218
3.5690544895884218
3.5690544895884218
3.5690544895884218
3.5690544895884218
3.5690544895884218
3.5690544895884218
3.5690544895884218
3.5690544895884218
3.5690544895884218
3.5690544895884218
3.5690544895884218
3.5690544895884213
3.5690544895884218
3.5690544895884218
3.5690544895884218
3.5690544895884218
3.5690544895884218
3.5690544895884218
3.5690544895884213
3.5690544895884218
3.5690544895884213
3.5690544895884218
3.5690544895884213
3.5690544895884218
3.5690544895884218
3.5690544895884218
3.5690544895884213
3.5690544895884218
3.5690544895884218
3.5690544895884218
3.5690544895884218
3.5690544895884213
3.5690544895884218
3.5690544895884218
3.5690544895884213
3.5690544895884218
3.5690544895884218
3.5690544895884213
3.5690544895884218
3.693549152395136
25.635232849195035
0.0
0.0
0.0
0.0
0.0
0.0
0.0
0.0
0.0
0.0
0.0
0.0
0.0
0.0
0.0
0.0
0.0
0.0
0.0
0.0
0.0
0.0
0.0
0.0
0.0
0.0
0.0
0.0
0.0
0.0
0.0
0.0
0.0
0.0
0.0
0.0
0.0
0.0
0.0
0.0
0.0
0.0
0.0
0.0
25.635232849195035
0.0
0.0
0.0
0.0
0.0
0.0
0.0
0.0
0.0
0.0
0.0
0.0
0.0
0.0
0.0
0.0
0.0
0.0
0.0
0.0
0.0
0.0
0.0
0.0
0.0
0.0
0.0
0.0
0.0
0.0
0.0
0.0
0.0
0.0
0.0
0.0
0.0
0.0
0.0
0.0
0.0
0.0
0.0
0.0
0.0
0.0
0.0
0.0
0.0
0.0
0.0
0.0
0.0
0.0
0.0
0.0
0.0
0.0
0.0
0.0
0.0
0.0
0.0
0.0
0.0
0.0
0.0
0.0
0.0
0.0
0.0
0.0
0.0
53.85110156486173
58.30701152291527
58.307011522915104
62.98571697887129
67.89835770762538
73.0566304728168
78.4728168762682
0.0
0.0
0.0
0.0
0.0
0.0
0.0
0.0
0.0
0.0
0.0
0.0
0.0
17.2307522268029
39.72267299433025
40.43651648055373
37.31182251539267
41.65928769768607
42.17325951139787
42.625621337936835
43.018851093200475
43.35541035544134
43.63774507148331
43.86828626642374
48.29327560963849
48.4403949943011
48.53863633279336
53.07405813716954
53.08311937169131
53.04729756024214
52.96940291448734
57.54018258199619
52.69858223936507
52.511225565339814
52.292936546960654
52.04647966499349
51.77461293059492
51.480088782503266
51.165654985392386
50.83405552895502
50.48803152856721
50.13032212594457
54.177659799494705
53.771720718169846
49.01446223617135
52.951489864223966
48.262339386263996
56.600407791457734
51.74505867300195
51.36126694307885
55.35380084654453
50.639243889208466
50.30705001989154
45.92463265717866
45.66501383967918
41.5944384518717
45.22946874505185
41.25279533738488
17.2307522268029
40.595503459575745
40.130654084677204
36.245043289997454
35.95275162143676
50.56238096999486
46.36718688975823
46.23775383579699
46.187105153440264
46.21299380954914
38.946462294939316
35.65651053721861
35.84311350249972
43.208702113381946
43.556565186576385
43.96405685458745
48.37026361970639
48.93789716456575
49.56443378742708
46.153842740953685
46.83127485534755
47.55625029337692
48.3262587221106
49.13860111346786
49.99037800445794
44.92435376595165
55.737019239742494
56.070116813920095
51.7937611710539
52.06885768127648
52.32463863223249
52.5585106579769
52.767874900957445
52.95012496287752
53.10264485802539
53.22280696892444
53.30797000656827
53.35547697843563
53.36265316222697
53.32680409164441
53.24521355210323
53.11514159053661
57.62900716783034
52.69846306315503
57.05462874631729
56.671471245504314
56.220155048828964
55.69749801361713
55.100278517536935
54.42523860933231
53.6689826989362
50.87847262716457
51.848516270630086
55.11954277425979
55.11954277425979
0.0
0.0
0.0
0.0
0.0
0.0
0.0
0.0
0.0
0.0
0.0
0.0
0.0
0.0
0.0
0.0
0.0
0.0
0.0
0.0
38.04961679265034
41.7154039171094
41.715403917109406
41.71540391710939
38.04961679265034
41.7154039171094
45.564480397791435
45.56448039779142
49.6060107025075
53.84961752245941
62.983981202405914
73.0546171595469
84.1574933022949
0.0
0.0
0.0
0.0
0.0
0.0
1.337824778871117
0.0
0.0
0.0
0.0
0.0
0.0
0.0
0.0
0.0
0.0
0.0
0.0
0.0
0.0
0.0
0.0
0.0
0.0
0.0
0.0
0.0
0.0
0.0
0.0
0.0
0.0
0.0
0.0
0.0
0.0
0.0
0.0
0.0
0.0
0.0
0.0
0.0
0.0
0.0
0.0
0.0
0.0
0.0
0.0
1.0
0.0
0.0
0.0
0.0
0.0
0.0
0.0
0.0
0.0
0.0
0.0
0.0
0.0
0.0
0.0
0.0
0.0
0.0
0.0
0.0
0.0
0.0
0.0
0.0
0.0
0.0
0.0
0.0
0.0
0.0
0.0
0.0
0.0
0.0
0.0
0.0
0.0
0.0
0.0
0.0
0.0
0.0
0.0
0.0
0.0
0.0
0.0
0.0
0.0
0.0
0.0
0.0
0.0
0.0
0.0
0.0
0.0
0.0
0.0
0.0
0.0
0.0
0.0
0.0
0.0
0.0
0.0
0.0
0.0
0.0
0.0
0.0
0.0
1.397266139788452
1.4035654716731565
1.441361462981384
1.4539601267507933
1.472858122404907
1.5003031041985229
1.5362950721316415
0.0
0.0
0.0
0.0
0.0
0.0
0.0
0.0
0.0
0.0
0.0
0.0
0.0
1.3415783875252405
1.0169425407424264
1.0338850814848526
1.0621226493888967
1.0734176765505141
1.0903602172929405
1.1129502716161757
1.1355403259394108
1.152482866681837
1.175072921005072
1.208958002489925
1.2371955703939688
1.299708450297265
0.9294060802398902
1.4475229893102872
0.9294060802398902
1.5511293863368434
1.5624244134984608
1.5737194406600783
1.5906619814025047
1.6019570085641224
1.6132520357257398
1.6301945764681662
1.641489603629784
1.6527846307914014
1.6640796579530188
1.6753746851146365
1.686669712276254
1.6979647394378716
1.7036122530186804
1.8222100382156647
1.8222100382156647
1.825033795006069
1.825033795006069
1.8278575517964735
1.8278575517964735
1.8278575517964735
1.8321611130015616
1.7306516989704808
1.7306516989704808
1.727052502177169
1.727052502177169
1.723453305383857
1.723453305383857
1.7198541085905452
1.0037536086541234
1.7162549117972334
1.7126557150039217
1.7090565182106097
1.705457321417298
1.705457321417298
0.9280160641337631
0.9280160641337631
0.9280160641337631
1.6874613374507388
1.6874613374507388
1.179959839665592
1.0143967871732473
1.043190361519742
1.0503887551063658
1.0719839358662369
1.1007775102127315
1.1223726909726026
1.1439678717324737
1.1511662653190973
1.1727614460789684
1.1871582332522157
1.201555020425463
1.2159518075987104
1.2303485947719577
1.7198541085905452
1.2375469883585815
1.2519437755318288
1.2591421691184526
1.2663405627050761
1.2735389562916999
1.2735389562916999
1.2807373498783234
1.2879357434649472
1.2879357434649472
1.295134137051571
1.3023325306381945
1.3023325306381945
1.3095309242248183
1.3167293178114419
1.3167293178114419
1.3239277113980656
1.3311261049846892
1.3311261049846892
1.338324498571313
1.3455228921579367
1.338324498571313
1.338324498571313
1.3455228921579367
1.5146998913717704
1.5146998913717704
1.2447453819452052
1.365769480364929
1.3783681441343383
1.3783681441343383
0.0
0.0
0.0
0.0
0.0
0.0
0.0
0.0
0.0
0.0
0.0
0.0
0.0
0.0
0.0
0.0
0.0
0.0
0.0
0.0
1.709259766599489
1.7120835233898934
0.9294060802398902
0.9294060802398902
1.7233785505515111
1.7262023073419155
1.7290260641323199
1.7346735777131286
1.7374973345035332
1.7403210912939375
1.743144848084342
1.7459686048747463
1.751616118455555
0.0
0.0
0.0
0.0
0.0
0.0
