25.635232849195035
0.0
0.0
0.0
0.0
0.0
0.0
0.0
0.0
0.0
0.0
0.0
0.0
0.0
0.0
0.0
0.0
0.0
0.0
0.0
0.0
0.0
0.0
0.0
0.0
0.0
0.0
0.0
0.0
0.0
0.0
0.0
0.0
0.0
0.0
0.0
0.0
0.0
0.0
0.0
0.0
0.0
0.0
0.0
0.0
25.635232849195035
0.0
0.0
0.0
0.0
0.0
0.0
0.0
0.0
0.0
0.0
0.0
0.0
0.0
0.0
0.0
0.0
0.0
0.0
0.0
0.0
0.0
0.0
0.0
0.0
0.0
0.0
0.0
0.0
0.0
0.0
0.0
0.0
0.0
0.0
0.0
0.0
0.0
0.0
0.0
0.0
0.0
0.0
0.0
0.0
0.0
0.0
0.0
0.0
0.0
0.0
0.0
0.0
0.0
0.0
0.0
0.0
0.0
0.0
0.0
0.0
0.0
0.0
0.0
0.0
0.0
0.0
0.0
0.0
0.0
0.0
0.0
0.0
0.0
53.85110156486173
58.30701152291527
58.307011522915104
62.98571697887129
67.89835770762538
73.0566304728168
78.4728168762682
0.0
0.0
0.0
0.0
0.0
0.0
0.0
0.0
0.0
0.0
0.0
0.0
0.0
17.2307522268029
39.72267299433025
40.43651648055373
37.31182251539267
41.65928769768607
42.17325951139787
42.625621337936835
43.018851093200475
43.35541035544134
43.63774507148331
43.86828626642374
48.29327560963849
48.4403949943011
48.53863633279336
53.07405813716954
53.08311937169131
53.04729756024214
52.96940291448734
57.54018258199619
52.69858223936507
52.511225565339814
52.292936546960654
52.04647966499349
51.77461293059492
51.480088782503266
51.165654985392386
50.83405552895502
50.48803152856721
50.13032212594457
54.177659799494705
53.771720718169846
49.01446223617135
52.951489864223966
48.262339386263996
56.600407791457734
51.74505867300195
51.36126694307885
55.35380084654453
50.639243889208466
50.30705001989154
45.92463265717866
45.66501383967918
41.5944384518717
45.22946874505185
41.25279533738488
17.2307522268029
40.595503459575745
40.130654084677204
36.245043289997454
35.95275162143676
50.56238096999486
46.36718688975823
46.23775383579699
46.187105153440264
46.21299380954914
38.946462294939316
35.65651053721861
35.84311350249972
43.208702113381946
43.556565186576385
43.96405685458745
48.37026361970639
48.93789716456575
49.56443378742708
46.153842740953685
46.83127485534755
47.55625029337692
48.3262587221106
49.13860111346786
49.99037800445794
44.92435376595165
55.737019239742494
56.070116813920095
51.7937611710539
52.06885768127648
52.32463863223249
52.5585106579769
52.767874900957445
52.95012496287752
53.10264485802539
53.22280696892444
53.30797000656827
53.35547697843563
53.36265316222697
53.32680409164441
53.24521355210323
53.11514159053661
57.62900716783034
52.69846306315503
57.05462874631729
56.671471245504314
56.220155048828964
55.69749801361713
55.100278517536935
54.42523860933231
53.6689826989362
50.87847262716457
51.848516270630086
55.11954277425979
55.11954277425979
0.0
0.0
0.0
0.0
0.0
0.0
0.0
0.0
0.0
0.0
0.0
0.0
0.0
0.0
0.0
0.0
0.0
0.0
0.0
0.0
38.04961679265034
41.7154039171094
41.715403917109406
41.71540391710939
38.04961679265034
41.7154039171094
45.564480397791435
45.56448039779142
49.6060107025075
53.84961752245941
62.983981202405914
73.0546171595469
84.1574933022949
0.0
0.0
0.0
0.0
0.0
0.0
