-18.7632469479 40.209768967
-18.1361130046 141.286887462
-17.4962119809 142.348083872
-16.8437084372 143.393524908
-16.1787669338 144.42337728
-15.5015520313 145.4378077
-14.81222829 146.436982878
-14.1109602703 147.421069525
-13.3979125325 148.390234352
-12.6732496372 149.344644069
-11.9371361447 150.284465387
-11.1897366153 151.209865017
-10.4312156095 152.121009669
-9.66173768777 153.018066055
-8.88146741039 153.901200885
-8.09056933779 154.77058087
-7.28920803039 155.626372721
-6.47754804857 156.468743148
-5.65575395273 157.297858862
-4.82399030328 158.113886574
-3.98242166061 158.916992995
-3.13121258511 159.707344835
-2.2705276372 160.485108806
-1.40053137727 161.250451617
-0.521388365718 162.00353998
0.36673683706 162.744540605
1.26367967066 163.473620204
2.16927557469 164.190945486
3.08335998875 164.896683163
4.00576835243 165.590999946
4.93633610534 166.274062544
5.87489868709 166.94603767
6.82129153726 167.607092033
7.77535009547 168.257392345
8.73690980131 168.897105316
9.70580609439 169.526397657
10.6818744143 170.145436078
11.6649502007 170.754387291
12.654868893 171.353418007
13.6514659311 171.942694935
14.6545767543 172.522384787
15.6640368025 173.092654273
16.679681515 173.653670104
17.7013463316 174.205598992
18.7288666918 174.748607646
19.7620780353 175.282862778
20.8008158017 175.808531098
21.8449154305 176.325779317
22.8942123613 176.834774145
23.9485420338 177.335682294
25.0077398875 177.828670475
26.0716413621 178.313905397
27.1400818972 178.791553772
28.2128969323 179.26178231
29.289921907 179.724757723
30.370992261 180.180646721
31.4559434339 180.629616014
32.5446108653 181.071832314
33.6368299947 181.507462331
34.7324362617 181.936672777
35.831265106 182.359630361
36.9331519672 182.776501794
38.0379322849 183.187453788
39.1454414986 183.592653053
40.255515048 183.992266299
41.3679883727 184.386460238
42.4826969122 184.77540158
43.5994761062 185.159257037
44.7181613943 185.538193318
45.838588216 185.912377134
46.960592011 186.281975197
48.0840082189 186.647154217
49.2086722793 187.008080905
50.3344196318 187.364921971
51.4610857159 187.717844126
52.5885059713 188.067014082
53.7165158376 188.412598548
54.8449507544 188.754764236
55.9736461613 189.093677856
57.1024374978 189.42950612
58.2311602037 189.762415737
59.3596497184 190.092573418
60.4877414816 190.420145875
61.6152709329 190.745299818
62.7420735119 191.068201958
63.8679846582 191.389019005
64.9928398114 191.707917671
66.116474411 192.025064665
67.2387238968 192.3406267
68.3594237083 192.654770485
69.478409285 192.967662731
70.5955160667 193.27947015
71.7105794929 193.590359451
72.8234350031 193.900497346
73.9339180371 194.210050545
75.0418640344 194.51918576
76.1471084346 194.8280697
77.2494866772 195.136869077
78.348834202 195.445750601
79.4449864485 195.754880983
80.537778856 196.064426934
