40.5573191544 0.4231556373
42.8918980324 9.75767993394
45.2326906368 10.13346986
47.5795128435 10.5484306893
49.9321805284 11.0004676958
52.2905095674 11.4874861535
54.6543158365 12.0073913362
57.0234152115 12.5580885178
59.3976235684 13.1374829723
61.7767567831 13.7434799736
64.1606307314 14.3739847955
66.5490612895 15.0269027121
68.941864333 15.7001389971
71.338855738 16.3915989246
73.7398513804 17.0991877684
76.144667136 17.8208108025
78.5531188809 18.5543733007
80.9650224908 19.2977805369
83.3801938418 20.0489377852
85.7984488097 20.8057503193
88.2196032705 21.5661234133
90.6434731001 22.327962341
93.0698741744 23.0891723763
95.4986223692 23.8476587931
97.9295335606 24.6013268654
100.362423624 25.3480818671
102.797108437 26.085829072
105.233403873 26.8124737541
107.67112581 27.5259211874
110.110090122 28.2240766456
112.550112687 28.9048454028
114.99100938 29.5661327328
117.432596076 30.2058439095
119.874688653 30.8218842069
122.317102985 31.4121588989
124.759654948 31.9745732594
127.202160419 32.5070325623
129.644435274 33.0074420814
132.086295388 33.4737070909
134.527556637 33.9037328644
136.968034897 34.295424676
139.407546044 34.6466877995
141.845905955 34.9554275089
144.282930504 35.2195490781
146.718435568 35.436957781
149.152237023 35.6055588915
151.584150744 35.7232576835
154.013992608 35.787959431
156.441578491 35.7975694078
158.866724268 35.7499928878
161.289252847 35.6432686229
163.709104435 35.4776617646
166.126316136 35.2552766883
168.540927962 34.9782729251
170.952979922 34.6488100061
173.362512028 34.2690474624
175.76956429 33.8411448249
178.17417672 33.3672616249
180.576389329 32.8495573933
182.976242126 32.2901916613
185.373775123 31.6913239598
187.769028332 31.05511382
190.162041761 30.383720773
192.552855423 29.6793043498
194.941509329 28.9440240814
197.328043488 28.180039499
199.712497913 27.3895101336
202.094912613 26.5745955163
204.4753276 25.7374551782
206.853782884 24.8802486503
209.230318476 24.0051354637
211.604974388 23.1142751495
213.977790629 22.2098272387
216.348807211 21.2939512624
218.718064145 20.3688067517
221.085601441 19.4365532377
223.451459111 18.4993502513
225.815677164 17.5593573238
228.178295613 16.6187339861
230.539354467 15.6796397693
232.898893738 14.7442342046
235.256953436 13.8146768229
237.613573572 12.8931271554
239.968794158 11.981744733
242.322655203 11.082689087
244.675196719 10.1981197483
247.026458717 9.33019624797
249.376481207 8.48107811717
251.7253042 7.65292488693
254.072967708 6.84789608832
256.41951174 6.06815125241
258.764976308 5.31584991027
261.109401422 4.59315159297
263.452827094 3.90221583158
265.795293335 3.24520215717
268.136840154 2.6242701008
270.477507563 2.04157919356
272.817335573 1.49928896651
275.156364194 0.99955895071
277.494633438 0.544548677243
279.83218331 0.136417677176
