199.859181207 66.743497493
201.654116475 167.35770631
203.465944511 168.006717284
205.294178833 168.688434772
207.138332962 169.400763132
208.997920416 170.141606721
210.872454715 170.908869898
212.761449379 171.700457019
214.664417927 172.514272442
216.580873878 173.348220525
218.510330752 174.200205626
220.452302068 175.068132101
222.406301345 175.94990431
224.371842104 176.843426609
226.348437862 177.746603355
228.335602141 178.657338907
230.332848458 179.573537623
232.339690334 180.493103859
234.355641288 181.413941973
236.380214839 182.333956324
238.412924507 183.251051268
240.45328381 184.163131163
242.50080627 185.068100368
244.555005404 185.963863238
246.615394732 186.848324133
248.681487775 187.719387409
250.75279805 188.574957425
252.828839078 189.412938538
254.909124377 190.231235105
256.993167468 191.027751484
259.08048187 191.800392033
261.170581102 192.547061109
263.262978683 193.265663071
265.357188133 193.954102275
267.452722971 194.610283079
269.549096717 195.232109841
271.64582289 195.817486918
273.742415009 196.364318669
275.838386595 196.87050945
277.933251165 197.333963619
280.026522241 197.752585534
282.11771334 198.124279553
284.206337983 198.446950033
286.291909689 198.718501332
288.373941977 198.936837807
290.451948366 199.099863816
292.525442377 199.205483716
294.593937528 199.251601866
296.656947339 199.236122622
298.713985329 199.156950343
300.764565018 199.011989386
302.808237029 198.799381297
304.844984813 198.520034541
306.875071781 198.176647257
308.898766044 197.771947616
310.91633571 197.308663792
312.928048889 196.789523956
314.934173689 196.217256282
316.934978221 195.594588941
318.930730593 194.924250106
320.921698915 194.208967949
322.908151295 193.451470644
324.890355844 192.654486362
326.86858067 191.820743276
328.843093883 190.952969559
330.814163592 190.053893382
332.782057906 189.126242918
334.747044935 188.17274634
336.709392787 187.196131821
338.669369573 186.199127532
340.627243401 185.184461646
342.583282381 184.154862335
344.537754622 183.113057773
346.490928233 182.061776131
348.443071323 181.003745582
350.394452002 179.941694298
352.34533838 178.878350453
354.295998564 177.816442217
356.246700665 176.758697764
358.197712792 175.707845267
360.149303054 174.666612897
362.101739561 173.637728827
364.055290421 172.623921229
366.010223744 171.627918277
367.96680764 170.652448142
369.925310216 169.700238997
371.885999584 168.774019015
373.849143852 167.876516367
375.815011129 167.010459227
377.783869524 166.178575766
379.755987148 165.383594158
381.731632108 164.628242574
383.711072515 163.915249187
385.694576478 163.24734217
387.682412106 162.627249695
389.674847508 162.057699934
391.672150793 161.541421061
393.674590071 161.081141246
395.682433452 160.679588664
397.695949043 160.339491486
399.71540495 160.063577884
