21.28983783655178 -29.5313203040036
21.445410569539977 -29.935382664493588
21.583928373496295 -30.31986625733984
21.705906473127328 -30.685098587230584
21.811854184542607 -31.03141101621135
21.902275150536497 -31.359138591793467
21.97766739955464 -31.668620005189084
22.03852336432804 -31.960197576944466
22.0853298891748 -32.23421725201584
22.118568232381993 -32.49102859728755
22.13871406722121 -32.730984801294085
22.146237481552404 -32.954442674074244
22.141602976823016 -33.16176264755035
22.12526946667537 -33.35330877651103
22.097690274798584 -33.52944873970284
22.059313132118184 -33.69055384142942
22.01058017291865 -33.836999013542155
21.951927929950667 -33.96916281871037
21.883787327311733 -34.08742745440266
21.806583670252635 -34.192178758295995
21.720736631046076 -34.2838062171071
21.626660227121203 -34.362702978500465
21.52476278829556 -34.429265870778266
21.41544690343503 -34.48389543258429
21.299109333007483 -34.52699596433982
21.17614085509371 -34.55897561630417
21.046925980367412 -34.580246553194485
20.911842381928754 -34.59122528269302
20.77125964127594 -34.59233337810909
20.625536113786293 -34.58399928523701
20.475009525169597 -34.56666374200495
20.319959358354236 -34.54080145760949
20.160343562049896 -34.50707286452959
19.999332021638338 -34.464287547294134
21.116687386582406 -29.107356728162088
19.471000108242336 -34.414364968022596
19.10508485065334 -34.40810755643426
18.738209209817235 -34.39553419514189
18.370858782184314 -34.377027237171205
18.00344671319936 -34.35300803635653
17.636353589484756 -34.32391395519551
17.26993741125664 -34.29019261682757
16.90453691579419 -34.25229998897484
16.54047290637532 -34.21069961799341
16.178048855668234 -34.16586228092902
15.817551206535153 -34.11826581155279
15.459249533197863 -34.068395007230464
15.10339663211715 -34.01674157592731
14.750228574845465 -33.963804104359724
14.399964739620291 -33.91008803970678
14.052807828624875 -33.856105677122116
13.7089438764534 -33.802376153531014
13.368542250445415 -33.74942544372942
13.03175564396351 -33.6977863605166
12.698720060186563 -33.64799855683714
12.369554783279526 -33.600608532375816
12.044362329053186 -33.556169645824326
11.723228360007425 -33.51524213606859
11.406221534984681 -33.47839316124842
11.09339322820447 -33.44619687199824
10.784776965826843 -33.419234558460204
10.480387185182344 -33.39809497454786
10.180216131804123 -33.38337514971107
9.884224549119118 -33.37568282425684
9.592304435956578 -33.37564619169771
9.30401834722312 -33.38398209717195
9.022121855753035 -33.400574568851994
19.835117687515286 -34.41412402674365
8.78361548984126 -33.34093355275917
8.82505627581822 -33.266570592364616
8.869274702717561 -33.203949861853914
8.916557638302272 -33.15356905843851
8.967140153760354 -33.11593932153755
9.021245132234235 -33.09157487095936
9.079093172666305 -33.08099041584467
9.140905893112276 -33.08470029046913
9.2069072545032 -33.10321810805547
9.277324164968917 -33.13705660159479
9.352386785886466 -33.186727544374094
9.432328700853027 -33.25274170470564
9.517387018172315 -33.33560881883008
9.607802439854268 -33.43583757195651
9.703819314944951 -33.553935583099616
9.805685688205614 -33.69040939100094
9.913653352444001 -33.845764438017056
10.027977913515812 -34.020505050084836
10.148918879506098 -34.21513440833033
10.27673979276986 -34.43015450733455
10.411708436455442 -34.666066088588025
10.55409717566367 -34.92336853185918
10.704183551281034 -35.20255966432538
10.862251380907253 -35.5041354078694
11.028592958520832 -35.82858907331615
11.20351389241371 -36.176409809402685
11.387345197760737 -36.54807872342107
11.580479573640304 -36.94405724642266
11.78351650854772 -37.36474059202075
11.998278016729401 -37.81013196993135
18.9741688887847 -29.983765119061417
20.533482088673438 -34.545464897976586
23.331606496791608 -32.7207758157119
26.067905740949115 -30.585573756007875
28.685001027724596 -28.145758965475494
31.125566378394154 -25.420703163511917
33.3363735755006 -22.44324460807462
35.27226469613376 -19.258254721263853
36.899465849221954 -15.919875996543055
38.19774999760507 -12.48779111066753
39.16117145270013 -9.023063900661981
39.79736658975604 -5.584142210203424
40.12566466090023 -2.2235258541758753
40.17441549009381 1.0145795841210088
39.97799107498777 4.095517221475632
39.573868541486306 6.994423519087661
39.00009001742967 9.69566966926925
38.29326359076482 12.191759318138224
37.48715196166377 14.481935972318524
-6.822569441637015 39.60385811909299
-3.8206356966872477 40.00519684461514
-0.6339905391745759 40.1822235285635
2.7054054893378634 40.09605732290228
6.155007154064833 39.71308246203782
9.662865196524152 39.00823077117198
13.170010305918595 37.96793199853269
16.61389975836265 36.592230958528376
19.932551535764716 34.8956504592949
23.068814353033744 32.906577397968164
25.97416582173655 30.665220390014127
28.61151900325578 28.220453788511946
30.956723285642724 25.626047590671305
32.99870330695758 22.936839620195997
34.73841408309647 20.2053363915212
36.18694593259016 17.479072509003487
37.363169073459304 14.798872541220788
38.29127788322411 12.197994497986855
38.99851074201382 9.702019975666815
39.51321801081302 7.329299702779679
8.74433643095572 -33.426627015390096
-13.096886229804312 31.97302588632033
-35.74557033624501 4.783873742308572
-35.716948035833646 5.586797552795531
-35.653425544276345 6.40249757330983
-35.55646115408008 7.229518784716134
-35.42748662280892 8.066448231935283
-35.26790692976669 8.911917196870803
-35.07910021665944 9.764601741554344
-34.86241776739938 10.623222888708284
-34.61918400105595 11.486546693807924
-34.350696468498555 12.35338427733123
-34.05822585189119 13.222591840737465
-33.74301596455578 14.09307067455589
-33.406283751556806 14.963767162550027
-33.04921929103535 15.83367278377628
-32.672985795778835 16.701824113147666
-32.27871961546329 17.56730282100449
-31.86753023950524 18.429235671682903
-31.440500301461157 19.286794521364612
-30.99868558456015 20.139196314498747
-30.543115029321484 20.98570307835243
-30.07479074547774 21.825621915520657
-29.59468802857544 22.658304991902412
-29.10375538670648 23.483149518954008
-28.602914581626564 24.299597724225748
-28.093060698860484 25.107136803641282
-27.575062268616808 25.905298836836067
-27.049761491147912 26.69366063083683
-26.51797468672988 27.471843407131956
-25.98049328543587 28.23951211343143
-25.4380863015368 28.99637370355896
-24.891507755743884 29.742171976843082
-24.34152636424885 30.476666936717464
-23.789133359879546 31.199490300575633
-23.23275992177346 31.9120801136514
-35.73780931774776 3.9952080110343218
-22.36466635840216 32.62454532371805
-22.052857596598976 32.629034163013785
-21.73937838249483 32.627302576288315
-21.424576495009703 32.6198004347965
-21.1088308783839 32.60695398682688
-20.792520154935225 32.58918775015536
-20.47601475362317 32.56692998474958
-20.159674286598797 32.540614516535356
-19.843846500539907 32.51068146691685
-19.52886680058523 32.47757758411399
-19.215058012866418 32.44175640831085
-18.902730257626175 32.40367836048449
-18.592180877671137 32.363810792633814
-18.283694396485718 32.322628016942076
-17.97754249433363 32.280611324347234
-17.673983994306145 32.23824899434803
-17.373264856744903 32.19603630139176
-17.075618179268716 32.15447551651047
-16.781264203637015 32.11407590674443
-16.49041032978274 32.07535372999129
-16.20325114121503 32.03883222563158
-15.919968448072591 32.00504159770637
-15.640731360483812 31.974518984884128
-15.365696418902921 31.947808407620272
-15.0950078373155 31.92546066889625
-14.828797990609125 31.90803315466914
-14.567188487812764 31.89608939429141
-14.310292856287361 31.890197961337577
-14.058224594906235 31.89092917482168
-13.811129387937228 31.898841903616415
-13.569410604130212 31.914391197010758
-13.330683653318516 31.939175850506132
-22.67470847014972 32.61320931768901
-12.918443502098121 31.956410881941224
-12.745362768865967 31.95007394854852
-12.577336858846564 31.954728402347513
-12.414336651592677 31.970972849044557
-12.256371263036392 31.9993894177544
-12.103453784541834 32.04055779455359
-11.9555927158084 32.09505873127566
-11.812789107088747 32.163475215758695
-11.675035413638255 32.24639294081095
-11.54231497163547 32.34440051725181
-11.414601732814553 32.45808958258095
-11.291860116443516 32.588054859648736
-11.174044918824322 32.7348941922975
-11.061101250822787 32.89920856847411
-10.952964487937713 33.08160213732023
-10.84956022306963 33.28268222418026
-10.750804213673476 33.5030593455308
-10.65660231473619 33.743347227148206
-10.566850385178178 34.00416282798548
-10.481434148553085 34.286126375538686
-10.400228973754345 34.589861419915565
-10.323099512957782 34.9159949240877
-10.249899069972855 35.26515741937328
-10.180468429518989 35.63798329455648
-10.114633517227631 36.03511137257314
-10.052200253505433 36.457186179813846
-9.992941689002066 36.904861116592826
-9.936559413262941 37.378807970852506
-9.882529190321605 37.87975496980533
-9.82902041073828 38.408753141638044
16.96670355626115 -31.16370045692784
16.96670355626115 -31.16370045692784
14.82215596772099 -32.23893528334524
12.552934706088084 -33.18838781863107
10.175582993120843 -33.99268695595097
7.710434313994046 -34.63516216830452
5.1809905403808845 -35.10274337933794
2.6130553918319066 -35.38668107147643
0.03368818585983391 -35.483011721685955
-2.5299329627424676 -35.39272093155877
-5.0516379773706 -35.12159178455266
-7.507284844753258 -34.679762542366234
-9.875593488943686 -34.08104911789398
-12.138741394147203 -33.34210870807644
-14.282700139399594 -32.48152909675227
-16.29732155738158 -31.518923931353925
-18.176205651712486 -30.47410054196554
-19.916397335077953 -29.366347626602618
-21.51796519598728 -28.213869453859914
-22.98351416874784 -27.033374413678672
-35.44231383650069 1.6993074030796436
-35.477452527874966 -0.6289816114540656
-35.3538660841264 -3.024798942215284
-35.0593461842569 -5.46694621041766
-34.585213299546844 -7.931473807560451
-33.92700756923261 -10.392469058525165
-33.08496438500998 -12.8230412686613
-32.06421286472141 -15.196430801375797
-30.874664132764416 -17.48714872196608
-29.53059199734478 -19.67204595413314
-28.049944802860807 -21.731218380284886
-26.4534572348525 -23.648675566699282
-24.76364945622729 -25.41273148137097
-23.003805721561122 -27.016109602602697
-21.197016250571842 -28.455786016347588
-19.365347896644515 -29.732617721571287
-17.52918563880575 -30.850816951508037
-15.706762819979254 -31.817335800661994
-13.913877042452917 -32.64122058659373
-12.163772922355395 -33.33298492527399
14.96092474757171 -37.29857587630795
