2.259390945641236 -36.017916654006946
2.3598061113835485 -36.765066470152135
2.458403524580241 -37.445464949450255
2.5547748786114823 -38.06131936053488
2.6487337556532253 -38.61482263299755
2.740141270208774 -39.10816429500514
2.8288811610291873 -39.54353203567288
2.9148535640249733 -39.923112095585815
2.997972936501853 -40.24908939740989
3.0781672266714963 -40.523647597286065
3.15537749609004 -40.74896910911438
3.2295577307036893 -40.927235116205864
3.3006747389822237 -41.06062557777194
3.3687080935382454 -41.15131923218558
3.4336500960444454 -41.20149359988268
3.4955057550839683 -41.21332498395033
3.554292771792447 -41.18898847162854
3.6100415301372095 -41.13065793482033
3.662795090142822 -41.04050603021732
3.7126091831057977 -40.92070420000166
3.7595522080169133 -40.773422671571886
3.8037052289590605 -40.60083045830934
3.8451619730252133 -40.40509535931187
3.88402882870038 -40.18838395949996
3.9204248445667247 -39.95286162990422
3.954481728203561 -39.70069252774252
3.9863438452005937 -39.43403959619256
4.016168218314888 -39.15506456475969
4.044124526619399 -38.86592794925054
4.07039510462036 -38.56878905175656
4.0951749413100345 -38.26580596105402
4.118671678941681 -37.959135552439385
4.141105611448097 -37.65093348791655
4.162709682198809 -37.34335421657336
4.183729480600348 -37.03855097531186
4.204423236464578 -36.73867578896246
4.225061810443634 -36.44587947181584
4.245928676358517 -36.16231163010405
4.2673198858804255 -35.89012066616085
4.289543991066665 -35.631453788739194
4.31292185069978 -35.38845703805433
4.337786049328429 -35.163275360611266
4.36447857361955 -34.95805290990291
4.393334546593849 -34.77493515011119
4.424902674320435 -34.616040347519814
2.259390945641236 -36.017916654006946
4.345894641644463 -34.39369981861383
4.2366897371047685 -34.33447888327584
4.131829615039692 -34.30803697389772
4.031268552880562 -34.316420521605394
3.9346798966240613 -34.359462194388634
3.8415331276750067 -34.435155506648826
3.7513151252793477 -34.54143617233943
3.6635370664758113 -34.67623766659991
3.5777345082452996 -34.83749121554552
3.493467424951575 -35.02312579143997
3.4103202272345357 -35.231068110072016
3.327901772488417 -35.459242629532994
3.2458453712689845 -35.70557154943741
3.1638087918161375 -35.96797481051723
3.08147426395891 -36.24437009394544
2.9985484836585954 -36.53267282148029
2.914762619638566 -36.83079615432713
2.8298723255987284 -37.13665099321171
2.743657765929896 -37.4481459763152
2.655923679332517 -37.76318747580838
2.566499568944323 -38.07967958764855
2.475240461938199 -38.39552408867133
2.3820322259749673 -38.708620140956285
2.286720201577708 -39.01686826564083
4.459428582259989 -34.48352638574581
2.26510106872513 -39.59519690209541
2.3411308604089527 -39.860852539582524
2.417177423242265 -40.113032260596356
2.493048299640094 -40.34964086212864
2.56853943211442 -40.56858403987343
2.6434343453299505 -40.76776843372857
2.7175039456965635 -40.945101638857295
2.7905064598417653 -41.09849220853775
2.862187417095214 -41.22584965514794
2.9322796511508784 -41.325084449312335
3.0005033144050515 -41.39410801798594
3.0665659052307603 -41.43083274252319
3.1301623124138303 -41.43317195335965
3.190974886472361 -41.399039923967614
3.2486735555405915 -41.32635185937361
3.30291602020381 -41.21302387775878
3.3533480959536917 -41.05697297748433
3.3996043508238074 -40.856116976672226
3.4413093822615224 -40.60837439122058
3.4780806281274863 -40.31166416640809
3.5095353964669016 -39.96390500715272
3.535311957192903 -39.563013365857884
3.5551539124107876 -39.10689539607501
3.569500794058058 -38.5933906262362
3.5715060663874283 -38.02103321594505
2.1892746540657697 -39.31816113018505
4.515141495109674 -36.5393611581587
5.418717325020907 -35.63175999471894
9.445993798124903 -33.97854284730666
11.697756148295923 -33.27056768309604
13.967024060518156 -32.383489801955825
16.22828746599248 -31.311513198527788
18.454255375395007 -30.053429611280215
20.6169315404249 -28.613114243610426
22.688839660356166 -26.999717178650545
24.644293937771067 -25.227503823589235
26.460596274485738 -23.31533867777051
28.11904512683776 -21.285851498479694
29.605663224757848 -19.164364792047987
30.91158781060585 -16.977688649744785
32.03311032606922 -14.752898552431834
32.97139403936342 -12.516203416431857
33.731930693343145 -10.291988367655893
34.323816540919154 -8.102085591117604
34.75893327801805 -5.96529380959217
35.05111249869822 -3.897138112008478
35.21534725259983 -1.9098405010055863
35.2670953955153 -0.012458896145901246
20.40127402856092 28.76727638953738
22.2799022040694 27.338144242753074
24.114308501404082 25.734573988305677
25.8785280929265 23.959757023060206
27.54647522673571 22.021804545570376
29.093123229288665 19.933849443243375
30.49572208628325 17.71381120190251
31.734939757865448 15.38381524281672
32.795813609127094 12.969301545413389
33.668417018720106 10.497898280800277
34.348180606120366 7.998166159177103
34.835850993458905 5.498332330989048
35.13711398457474 3.0251270544345505
35.26194531870976 0.6028143999539001
35.22377509534982 -1.7475242180534747
35.03855955921472 -4.008430724838979
34.72384766136747 -6.166244923015376
34.297913563611644 -8.211047317090188
33.77900486384823 -10.136419647419249
33.184734267400245 -11.939078040724114
-7.945942269809109 35.20308465156282
-7.9060199590680185 35.95790494564367
-7.843393474224833 36.648501466918
-7.7598685583545475 37.27683050109694
-7.657006913024468 37.84489708523721
-7.536289077565492 38.354718243387026
-7.399137697661828 38.80831773435714
-7.246923342666953 39.2077247385456
-7.080966444982089 39.5549734205902
-6.902538075848604 39.85210275354077
-6.712860298342818 40.10115643979067
-6.513106343968744 40.30418287100985
-6.304400707959786 40.46323510673278
-6.087819203833632 40.58037086163632
-5.864388996425703 40.65765249879411
-5.635088622492006 40.69714702421346
-5.4008480043409435 40.700926084368966
-5.162548458966057 40.671065964041475
-4.921022704381372 40.609647584587705
-4.677054864238727 40.51875650330881
-4.431380471126488 40.400482912207394
-4.184686469173002 40.256921638017076
-3.937611215958981 40.09017214137981
-3.690744484075225 39.902338516512756
-3.444627462410864 39.69552949114337
-3.1997527572177944 39.471858426300784
-2.956564393018212 39.23344331585143
-2.715457813484889 38.98240678666079
-2.4767798822615674 38.720876098387244
-2.240828883821763 38.45098314329933
-2.0078545244643067 38.17486444651185
-1.7780579334939972 37.89466116565015
-1.5515916648224106 37.612519090837424
-1.3285596992626694 37.33058864481481
-1.1090174480370933 37.05102488330917
-0.8929717584398418 36.775987494585706
-0.6803809236700147 36.50764080003381
-0.47115470095593537 36.24815375492634
-0.2651543476924587 35.99969994916363
-0.062192700891188224 35.764457610100614
0.137965624263785 35.544609608881075
0.3356036387517065 35.342343479144446
0.5310495969962972 35.15985149323832
0.7246603175877055 34.99933119446609
0.9170475758817815 34.862978175364994
-7.945942269809109 35.20308465156282
2.030028656564866 34.25927207193444
2.9487767310749575 33.79798885527309
3.867531654177526 33.37019281853316
4.789225823038777 32.97669874686576
5.716636420330758 32.616125131217956
6.652163358200113 32.28537517662022
7.597975447567109 31.981393634442753
8.556016875508902 31.701220864255625
9.52800728972096 31.44199283146066
10.515441836936901 31.200941105991348
11.51959118214873 30.97539286142122
12.54150151910278 30.762770874582756
13.581994576425132 30.560593525162552
14.641667621554632 30.36647479533193
15.720893463416473 30.178124268860532
16.819820455057084 29.99334713051484
17.938372496147565 29.81004416364005
19.07624903768351 29.62621174719229
20.23292509028579 29.43994184730572
21.407651244838007 29.24942199756433
22.599453733791904 29.052935239893507
23.80713467439614 28.84885988645275
25.029273772758273 28.635667856513106
26.26420534291495 28.411947114060666
1.1085465981134917 34.75300303163046
27.439569713730265 28.586632287452836
27.357501863255777 28.991646764926372
27.26266772687589 29.389677924358303
27.153925696157245 29.778964484981028
27.030191312352486 30.15770055465562
26.89043700513116 30.524035885805688
26.73369202953853 30.876075938089894
26.55904244770892 31.211881897234843
26.365631125887916 31.529470680504723
26.152657738376774 31.826814935496444
25.919378777274005 32.101843034535776
25.665107569833168 32.35243906533643
25.3892143047305 32.57644281394211
25.0911260754705 32.771649739140486
24.770326950072416 32.93581092930574
24.426358089121237 33.06663303021584
24.05881795352147 33.16177811720428
23.667362692732837 33.21886345731715
23.25170692288816 33.2354610314206
22.811625441570698 33.20909648117765
22.346957519259888 33.137246475389404
21.857619777228592 33.01733080365958
21.343657708502178 32.84668074829483
20.805606339858684 32.62231767653374
20.239646383617753 32.34392664387697
27.510071878169185 28.176349363040163
19.29821904363979 31.40487522429252
18.914011673710718 30.74591562787756
18.914011673710718 30.74591562787756
-0.2833244133215018 -35.26498757862135
-2.9148583055587594 -35.145458066470226
-5.6620009188695875 -34.80863926151412
-8.49196630718972 -34.22844036588662
-11.364529555778905 -33.38483322737032
-14.233537654173269 -32.266174664665996
-17.049264322768597 -30.871057767687066
-19.76141333800595 -29.209350635164462
-22.322422146675116 -27.302181069451763
-24.690626727448908 -25.180797712727205
-26.8328536367605 -22.88443985225967
-28.726109309795213 -20.457523446526924
-30.35820983645282 -17.946551679066413
-31.727385492452232 -15.397163097688932
-32.841052237557754 -12.851650072014287
-33.714034478876485 -10.347149404576596
-34.36654262428262 -7.914566930468633
-34.82216975245877 -5.578182085092571
-35.106099204111786 -3.3558039743947212
-35.243633995291525 -1.2593190419561413
-10.174907882001825 33.76641632208368
-12.666987039549866 32.9127188330496
-15.209004620726429 31.818010624333887
-17.762167213945162 30.46645758054838
-20.282244261496068 28.850133264172484
-22.721670284116378 26.970823516225913
-25.032324828289944 24.841141989338595
-27.16870663669392 22.48468370541969
-29.091100032169354 19.935082657511558
-30.768292618530367 17.23403002736131
-32.17946483303731 14.428501817680768
-33.31502106271365 11.567583724981127
-34.17632651219123 8.699329156641696
-34.77449871719728 5.8680372026041905
-35.128531618191225 3.112215929726169
-35.26308173101811 0.4633448769959738
-35.20622509051878 -2.054589136354993
-34.9874234876744 -4.4249089637676775
-34.635848011678014 -6.637594003510761
