0.36331684650164675 -33.965307433899
0.35336579959309233 -33.81213067119367
0.3440443012671608 -33.7140570666829
0.33529430205555855 -33.66884903894672
0.3270567139368268 -33.6742690248966
0.3192737323456356 -33.728079454489034
0.31188941950799176 -33.82804274436677
0.30484990211616037 -33.97192129592497
0.29810345429203267 -34.15747749404076
0.2916005402581163 -34.38247370675529
0.2852938422868192 -34.644672285335474
0.27913828495920257 -34.94183556400441
0.2730910624156877 -35.27172585928443
0.2671116750400415 -35.63210547071179
0.26116198465757634 -36.020736679575606
0.255206304193365 -36.435381749406645
0.249211552868843 -36.87380292457394
0.24314754317774145 -37.333762429690466
0.2369875538476265 -37.813022466033686
0.23070958961702104 -38.3093452070774
0.22429953006516712 -38.82049278342765
0.2177605757060519 -39.34422724053408
0.21115103220483888 -39.878310369139854
0.2048488003005673 -40.420502515131204
0.19601976555949818 -40.96857846457445
0.37393821740496946 -34.175825132274895
0.4284219123371713 -42.0557211609877
0.6769611373878774 -42.589844529673115
0.9318795589906017 -43.12042879636451
1.1929776290322707 -43.645244000542874
1.4600620423827877 -44.16206366577518
1.7329048071923125 -44.668664983924
2.0112330165373464 -45.16282885992982
2.294725444717585 -45.64233992614234
2.583011194012272 -46.104986547192084
2.875669091545376 -46.54856081976041
3.172227405730439 -46.97085857039173
3.472163721335619 -47.36967934983434
3.774904912628301 -47.74282642396375
4.079827201763919 -48.088106757197465
4.386256327020362 -48.40333098328199
4.693467900415726 -48.68631335097436
5.000688155933119 -48.93487161510606
5.307095621289534 -49.146826795633416
5.611825319275965 -49.320002577330484
5.913981391415916 -49.45222350583788
6.212687613521837 -49.541307773636106
6.507441033183227 -49.58501672448642
6.793363419230559 -49.581732896041245
0.1867542037076646 -41.520290847061034
7.01989270153922 -49.45391851582812
6.96189530859624 -49.332230053920114
6.898119261536181 -49.166471032965234
6.828881526336261 -48.95898335300558
6.754568343509504 -48.71209894536295
6.675580406383688 -48.42814760113197
6.592319157579652 -48.109458927523605
6.505182223389966 -47.758363000239854
6.414561590185713 -47.377190623635926
6.320842779323243 -46.968273448653235
6.224404440235787 -46.5339440314074
6.125618139831488 -46.076535863342514
6.024848255586619 -45.59838338664366
5.922451933400566 -45.10182200159119
5.818779098243397 -44.58918806586456
5.7141725271869745 -44.062818886373975
5.608968023619184 -43.525052698505164
5.503494794761934 -42.97822861995908
5.398076305823224 -42.424686546807834
5.2930324356530605 -41.86676688988925
5.188685963198338 -41.306809781722706
5.085388534494371 -40.74715189964286
4.983702464289422 -40.19010422913769
4.881940044638952 -39.63825305293065
7.072247517311837 -49.52912975247375
4.8529700793987445 -38.531660859400745
4.922140191020446 -37.98230375692981
4.989578961609084 -37.448039011778405
5.055702846947895 -36.93118682191326
5.121001165268751 -36.43405693827171
5.186007967807711 -35.958952104776245
5.251295014237257 -35.508168916695666
5.3174694409912036 -35.083998104762514
5.385172841379301 -34.688724645740166
5.4550808648729685 -34.32462780940128
5.527903041055936 -33.99398117666183
5.60438272024561 -33.69905264155642
5.6852970934064615 -33.442104401047516
5.771457289487671 -33.225392930440506
5.863708578844069 -33.051168937808654
5.962930756639764 -32.9216772799887
6.070038874822558 -32.8391568045794
6.185984721752618 -32.80584003223106
6.311760090802352 -32.82395245424817
6.448404965948498 -32.89571077628793
6.597032094578594 -33.02331764547259
6.758925302102398 -33.20894055409576
6.936227742943686 -33.454564159623914
-1.9042463135075707 -34.395375440054664
13.922741067166953 -31.579497956210503
16.16979469151488 -30.49008280775797
18.381055446081007 -29.21034424100094
20.527224538380324 -27.744196920087575
22.579509939116008 -26.101209567739232
24.511021814785863 -24.29644458732122
26.298090234606775 -22.349896196675246
27.921372413275265 -20.285570550242653
29.366642416087757 -18.130298486106483
30.625199212338146 -15.912403438647544
31.693880060357287 -13.66035785436705
32.574714929465415 -11.401550651281667
33.27429515627779 -9.161260385044613
33.80295071952804 -6.961891455835655
34.173834720040475 -4.822492147949475
34.4020038041574 -2.7585402386806663
34.50356432571698 -0.7819583178091136
34.49493130518175 1.098692058983744
17.99277354643658 29.45110371609752
19.95343641911893 28.159683681779143
21.883607326283993 26.6873591870513
23.75607281004801 25.035103647346432
25.543003366299956 23.209101426355772
27.217224106952244 21.220983056908977
28.75356502390065 19.087689970397065
30.130162257831614 16.830945674751035
31.32957679159756 14.476361008522503
32.339614357049015 12.052250961004262
33.15376771919006 9.588279095420205
33.77125244465577 7.11406482322235
34.196659382465214 4.657885471899704
34.43929112493231 2.245581617719097
34.51227835668129 -0.10026275792583306
34.431582396481986 -2.3608353741743713
34.2149839462225 -4.5213143608264375
33.881139706930355 -6.570828117455704
33.448763943420545 -8.502211515071252
32.93596668390575 -10.311620075736528
4.781921983976588 -39.09375558343274
35.44705362603844 17.166679722962442
-20.62844501264155 26.97565838873959
-20.648476394645883 26.757597816444047
-20.701321581316137 26.583857409861025
-20.78614962282589 26.45220967965659
-20.902101172036083 26.360451474331313
-21.048287378380053 26.306404818844243
-21.22378961012032 26.287917125414793
-21.427659360634692 26.30286126516421
-21.658918209206234 26.349135597772374
-21.916557801649986 26.42466398683854
-22.19953983856317 26.52739580988691
-22.506796065804366 26.655305966454392
-22.837228264419508 26.806394886535884
-23.189708238826114 26.978688542826944
-23.563077798072754 27.17023846707886
-23.956148727468047 27.37912177834434
-24.367702738338295 27.603441229960794
-24.796491376709668 27.841325297748796
-25.241235839639756 28.090928354146826
-25.700626573847842 28.350431053466252
-26.173322270083304 28.618041291792736
-26.657946848456845 28.891997088597407
-27.15307739971911 29.170578112705982
-27.65715977196524 29.452186361707277
-28.169628118317576 29.734276126723728
-20.642037722489306 27.240285092590284
-27.259652836130442 30.79529291657883
-25.782656107762733 31.58432564144229
-24.25634437519375 32.381065525040015
-22.679981761120416 33.1837042638285
-21.05319942468003 33.99037018969955
-19.376008622395773 34.799115782969295
-17.648803969104478 35.607914548542624
-15.87236451967894 36.41465997266539
-14.047854194257468 37.217165102922536
-12.176821960413179 38.01316235256567
-10.261201908416979 38.8003033969662
-8.303313267151793 39.57615910823131
-6.305860374443739 40.33821950376921
-4.271932594356485 41.083893691075104
-2.205004151447895 41.810509791260415
-0.10893380864814617 42.515314810998376
2.0120357873291255 43.19547439664714
4.1532795538000755 43.84807230079508
6.309793597707369 44.47010905836427
8.476206097113504 45.05849802069358
10.646820830656111 45.61004950430112
12.815921885829766 46.12135985470982
14.97365047984158 46.590312549729816
-28.68834602922692 30.01579969390258
18.201681703501947 45.92999332980966
19.26655135681841 44.8081343777304
20.307679861915403 43.652306671580874
21.32301080934201 42.467262785996866
22.310764834399095 41.257540789618986
23.26939237474204 40.02748144594375
24.19756185824133 38.78123251422045
25.094155764451102 37.52275018455941
25.958269047560407 36.25579965255068
26.789208418196097 34.983955381487505
27.5864919831173 33.7106012346016
28.34984904966541 32.43893054694132
29.07922001253354 31.171946167438108
29.77475628486752 29.912460486117993
30.436820253076462 28.663095452625384
31.065985245593367 27.426282591824958
31.663035508629946 26.20426302029469
32.22896618296676 24.99908746962069
32.76498327429391 23.812616330692634
33.27250359650043 22.646519757427598
33.75315461909247 21.502277972180906
34.20877387450997 20.38118248017591
34.64140484220434 19.284344564566368
35.05335239284125 18.212580793710885
17.115735045479482 47.01279605422815
34.281606782412894 17.62868826092108
33.145668905258105 18.076953751952487
32.04060944332423 18.513280125171406
30.9676278848587 18.939652326757653
29.927758219463954 19.35822711591797
28.921869581472833 19.77133174659062
27.95066641792846 20.18146363398631
27.014688553264932 20.59129023880297
26.114311225758797 21.00364901485287
25.249745118654687 21.421547377858502
24.421036395042336 21.848162679386974
23.62806674426713 22.286842177922694
22.87055345014278 22.74110300047525
22.14804949698089 23.21463208502533
21.459943744104066 23.7112860879364
20.805461228361935 24.23509122388421
20.18366372409423 24.790242971222142
19.593450861127963 25.381105485223145
19.033562581461013 26.01221030833156
18.502585280469873 26.68825314944951
17.998970228876033 27.414084223277143
17.521107261361294 28.194669609729374
17.06784060596027 29.03482077500695
-4.269581388109486 -34.1824323367301
-4.269581388109486 -34.1824323367301
-6.69769554803068 -33.79066261603512
-9.163111131445959 -33.20700829761083
-11.637019601648944 -32.42295144609233
-14.088361363983523 -31.435427144587038
-16.485189062092104 -30.247422159117974
-18.796200591711283 -28.86816324259263
-20.992293506653255 -27.312847142239605
-23.0479813830529 -25.601924924725296
-24.9425289422837 -23.760013797305817
-26.660703226776008 -21.814557275787166
-28.193093682462973 -19.794379866434042
-29.536012299453404 -17.728282012969004
-30.69103434740765 -15.643798016180938
-31.66427284496592 -13.566201785480587
-32.46549302266126 -11.51780224176278
-33.10716868374246 -9.517530532183514
-33.603565563996455 -7.5807906626561135
-33.96991355970036 -5.719526067018904
-22.57712891416645 26.018094774174614
-24.31613627858971 24.400686919959355
-25.995204808158803 22.60348054319735
-27.586198104518814 20.631763856322777
-29.061128607323354 18.496453977815207
-30.39357036490631 16.214156967240484
-31.560103296316555 13.806805771453867
-32.5416401867472 11.300869862143514
-33.32448981827858 8.726189548495455
-33.901037953801534 6.114542610836082
-34.2699778271477 3.4980888227185574
-34.43608300332019 0.9078507990113565
-34.40957489460132 -1.6276244215564475
-34.205183039741314 -4.083314695515924
-33.84102116773437 -6.43842309962443
-33.3374046482555 -8.676719253456127
-32.71571893227252 -10.78655368638971
-31.997420847664216 -12.760605972377903
-31.20322261480669 -14.595441210721901
-30.352478392058686 -16.29095028365242
9.43313788664409 -33.19824271857232
