80.0792512389
9.9291378564
82.4362509298
30.3150184489
84.7989168199
30.7328991312
87.1670939871
31.181054286
89.5406275091
31.6577582955
91.9193624636
32.1612855423
94.3031439283
32.6899104088
96.691816981
33.2419072774
99.0852266993
33.8155505305
101.483218161
34.4091145507
103.885636444
35.0208737204
106.292326625
35.6491024219
108.703133783
36.2920750377
111.117902996
36.9480659504
113.53647934
37.6153495422
115.958707894
38.2922001958
118.384433735
38.9768922934
120.813501942
39.6677002175
123.245757591
40.3628983507
125.681045761
41.0607610753
128.119211529
41.7595627737
130.560099973
42.4575778285
133.003556171
43.153080622
135.4494252
43.8443455367
137.897552138
44.529646955
140.347782063
45.2072592595
142.799960053
45.8754568324
145.253931185
46.5325140563
147.709540537
47.1767053136
150.166633187
47.8063049867
152.625054212
48.4195874582
155.084648691
49.0148271103
157.5452617
49.5902983257
160.006738318
50.1442754866
162.468923622
50.6750329756
164.931662691
51.180845175
167.394800601
51.6599864675
169.85818243
52.1107312353
172.321653257
52.5313538609
174.785058159
52.9201287267
177.248242213
53.2753302153
179.711050498
53.595232709
182.17332809
53.8781105903
184.634920069
54.1222382416
187.095671511
54.3258900454
189.555427494
54.4873403841
192.014033096
54.6048636402
194.471333395
54.676734196
196.927173468
54.7012264341
199.381398394
54.6766147369
201.833853929
54.6011939764
204.284427336
54.4745095806
206.733070618
54.2980576144
209.179741392
54.0735033824
211.624397277
53.802512189
214.066995893
53.486749339
216.507494857
53.1278801369
218.945851789
52.7275698872
221.382024307
52.2874838945
223.81597003
51.8092874635
226.247646577
51.2946458987
228.677011566
50.7452245046
231.104022616
50.1626885859
233.528637346
49.5487034471
235.950813375
48.9049343928
238.370508321
48.2330467276
240.787679802
47.534705756
243.202285438
46.8115767827
245.614282848
46.0653251122
248.023629649
45.2976160491
250.430283462
44.5101148979
252.834201903
43.7044869633
255.235342593
42.8823975498
257.63366315
42.0455119621
260.029121192
41.1954955045
262.421674339
40.3340134819
264.811280208
39.4627311987
267.19789642
38.5833139595
269.581480591
37.6974270689
271.961990342
36.8067358314
274.33938329
35.9129055517
276.713617055
35.0176015343
279.084649256
34.1224890838
281.45243751
33.2292335048
283.816939437
32.3395001018
286.178112655
31.4549541795
288.535914783
30.5772610424
290.89030344
29.708085995
293.241236244
28.8490943421
295.588670815
28.001951388
297.93256477
27.1683224375
300.272875729
26.3498727951
302.609561311
25.5482677653
304.942579133
24.7651726528
307.271886815
24.0022527622
309.597441976
23.2611733979
311.919202233
22.5435998646
314.237125207
21.8511974669
316.551168515
21.1856315093
318.861289776
20.5485672965
321.1674466
19.9416701329
198.938705757
25.525019294
201.147930996
225.631245466
203.346474774
225.696086675
205.534581437
225.72049207
207.712495332
225.705410802
209.880460806
225.65179202
212.038722206
225.560584873
214.187523878
225.432738512
216.327110169
225.269202085
218.457725425
225.070924744
220.579613995
224.838855636
222.693020224
224.573943912
224.798188459
224.277138722
226.895363048
223.949389215
228.984788336
223.59164454
231.066708671
223.204853848
233.141368399
222.789966288
235.209011868
222.347931009
237.269883423
221.879697162
239.324227413
221.386213896
241.372288182
220.86843036
243.414310079
220.327295704
245.450537451
219.763759078
247.481214643
219.178769632
249.506586002
218.573276515
251.526895877
217.948228876
253.542388612
217.304575866
255.553308555
216.643266634
257.559900054
215.965250329
259.562407454
215.271476102
261.561075102
214.562893102
263.556147345
213.840450478
265.54786853
213.10509738
267.536483004
212.357782958
269.522235114
211.599456362
271.505369206
210.83106674
273.486129627
210.053563244
275.464760723
209.267895021
277.441506843
208.475011223
279.416612332
207.675860998
281.390321537
206.871393497
283.362878805
206.062557869
285.334528482
205.250303263
287.305514917
204.435578829
289.276082454
203.619333717
291.246475442
202.802517076
293.216938227
201.986078057
295.187715155
201.170965808
297.159050574
200.35812948
299.13118883
199.548518221
301.10436196
198.743033168
303.078640795
197.941946699
305.053982872
197.145089297
307.030343373
196.352282266
309.007677479
195.563346909
310.985940373
194.77810453
312.965087238
193.996376433
314.945073256
193.217983921
316.925853608
192.442748298
318.907383477
191.670490868
320.889618046
190.901032935
322.872512496
190.134195801
324.856022011
189.369800772
326.840101771
188.60766915
328.82470696
187.847622239
330.809792759
187.089481343
332.795314352
186.333067765
334.781226919
185.57820281
336.767485644
184.824707781
338.754045709
184.072403981
340.740862296
183.321112715
342.727890587
182.570655285
344.715085764
181.820852996
346.70240301
181.071527152
348.689797507
180.322499055
350.677224437
179.573590011
352.664638983
178.824621321
354.651996326
178.075414291
356.639251649
177.325790223
358.626360135
176.575570422
360.613276965
175.824576191
362.599957322
175.072628834
364.586356387
174.319549654
366.572429345
173.565159956
368.558131375
172.809281042
370.543417662
172.051734217
372.528243386
171.292340784
374.512563731
170.530922046
376.496333878
169.767299309
378.47950901
169.001293875
380.462044309
168.232727047
382.443894957
167.461420131
384.425016137
166.687194428
386.405363031
165.909871244
388.384890821
165.129271881
390.363554689
164.345217644
392.341309818
163.557529836
394.31811139
162.76602976
396.293914586
161.970538721
398.26867459
161.170878022
400.24234658
160.366868967
-20.917097362
39.498376335
-20.2790038481
140.576759353
-19.6283998286
141.639050029
-18.9654441452
142.685411983
-18.2902956398
143.716008831
-17.6031131542
144.731004194
-16.90405553
145.730561689
-16.1932816091
146.714844935
-15.4709502333
147.68401755
-14.7372202444
148.638243152
-13.9922504841
149.577685361
-13.2361997942
150.502507793
-12.4692270165
151.412874069
-11.6914909928
152.308947806
-10.9031505649
153.190892623
-10.1043645745
154.058872138
-9.29529186345
154.913049969
-8.47609127351
155.753589735
-7.64692164647
156.580655055
-6.8079418241
157.394409547
-5.9593106482
158.195016828
-5.10118696053
158.982640519
-4.23372960289
159.757444237
-3.35709741706
160.5195916
-2.47144924481
161.269246227
-1.57694392794
162.006571736
-0.673740308216
162.731731746
0.238002772573
163.444889876
1.15812647264
164.146209743
2.08647195022
164.835854966
3.02288036351
165.513989164
3.96719287074
166.180775955
4.91925063012
166.836378957
5.87889479988
167.480961789
6.84596653823
168.114688069
7.82030700338
168.737721415
8.80175735356
169.350225447
9.79015874699
169.952363782
10.7853523419
170.54430004
11.7871792964
171.126197837
12.7954807689
171.698220793
13.8100979175
172.260532527
14.8308719004
172.813296656
15.8576438759
173.356676799
16.8902550021
173.890836574
17.9285464373
174.415939601
18.9723593397
174.932149496
20.0215348676
175.43962988
21.0759141791
175.93854437
22.1353384324
176.429056584
23.1996487859
176.911330141
24.2686863976
177.38552866
25.3422924258
177.851815758
26.4203080288
178.310355055
27.5025743647
178.761310169
28.5889325917
179.204844718
29.6792238682
179.64112232
30.7732893522
180.070306594
31.8709702021
180.492561159
32.972107576
180.908049632
34.0765426322
181.316935633
35.1841165288
181.71938278
36.2946704242
182.115554691
37.4080454764
182.505614984
38.5240828438
182.889727278
39.6426236845
183.268055192
40.7635091567
183.640762343
41.8865804188
184.008012351
43.0116786288
184.369968833
44.1386449451
184.726795408
45.2673205258
185.078655695
46.3975465292
185.425713312
47.5291641134
185.768131878
48.6620144367
186.10607501
49.7959386573
186.439706327
50.9307779334
186.769189448
52.0663734233
187.094687991
53.2025662851
187.416365575
54.3391976771
187.734385817
55.4761087575
188.048912337
56.6131406845
188.360108753
57.7501346164
188.668138683
58.8869317113
188.973165745
60.0233731274
189.275353559
61.159300023
189.574865742
62.2945535564
189.871865913
63.4289748856
190.16651769
64.562405169
190.458984692
65.6946855648
190.749430537
66.8256572311
191.038018844
67.9551613262
191.324913231
69.0830390083
191.610277316
70.2091314357
191.894274719
71.3332797665
192.177069056
72.4553251589
192.458823947
73.5751087713
192.739703011
74.6924717617
193.019869865
75.8072552884
193.299488128
76.9193005097
193.578721418
78.0284485837
193.857733355
79.134540668
194.136687555
2.463738213334892
-35.2507483248824
2.5479368659278236
-35.95461935654947
2.6296063720346723
-36.60082811903064
2.7085430043718333
-37.19120914405109
2.784683472542497
-37.727587046946944
2.8579937888332694
-38.21178429433555
2.928453391763611
-38.64562231385005
2.996051176772937
-39.03092177096118
3.06078417302065
-39.36950266216129
3.1226570138897785
-39.66318435167307
3.181681696114296
-39.91378558808733
3.2378774591760333
-40.123124513197425
3.291270720088491
-40.293018666262945
3.341895035861839
-40.4252849866422
3.3897910806607428
-40.521739815802775
3.4350066309966536
-40.58419889787488
3.4775965555207193
-40.61447738049452
3.5176228072524793
-40.61438981559296
3.5551544167266655
-40.585750160049585
3.59026748459695
-40.5303717758307
3.623045171907876
-40.450067431285866
3.653577684427262
-40.34664930264315
3.681962243325586
-40.22192897655879
3.7083030225463745
-40.077717456657524
3.7327109937681087
-39.91582517847363
3.755303463044527
-39.73806205515374
3.7762022192594884
-39.54623765983525
3.7955205762071955
-39.342162501090556
3.813538275572313
-39.12763080345035
2.463738213334892
-35.2507483248824
3.7484595590593415
-38.682407183630055
3.6668133217378625
-38.45523630121843
3.585568449591136
-38.22474957974237
3.504910776094505
-37.99275110453389
3.4250122271081125
-37.76104612375825
3.346032818959344
-37.53144085163283
3.268121159090043
-37.305742418887405
3.1914146145036852
-37.085758856956154
3.116039381077286
-36.87329909065481
3.042110517909549
-36.67017293505113
2.969731968589514
-36.47819109389958
2.8989965787630183
-36.29916515796148
2.829986115917876
-36.1349076038196
2.7627712973494454
-35.987231791759505
2.697411836041397
-35.85795196319251
2.6339565237554154
-35.74888323561959
2.572443395707211
-35.66184159190611
2.512900091983397
-35.59864385890492
2.4553447602038716
-35.56110765139765
2.3997875738286893
-35.55103358192914
2.346160773869485
-35.56897783882654
2.294352360431276
-35.61344644984424
2.2433212043789297
-35.682811308182785
3.83029344025735
-38.904460680855316
2.2995460497884324
-35.87539079333257
2.4077164217983977
-35.99513200298603
2.5179062298111035
-36.13288427665938
2.630119367931087
-36.286948496491135
2.7443574355115175
-36.45562634025546
2.860608005068684
-36.637221000438274
2.978841693058996
-36.83003736340459
3.099011188362681
-37.03238206901388
3.2210508699597824
-37.2425635324314
3.3448766419388676
-37.45889195435081
3.470385863139768
-37.6796793236031
3.5974573270976293
-37.90323941633318
3.7259512776452084
-38.127887792028375
3.855709461220016
-38.35194178579013
3.9865552310170074
-38.57372049351481
4.1182937406497615
-38.791544746363265
4.250712311593475
-39.00373706182644
4.383581173967087
-39.20862154609373
4.516655100892137
-39.40452367937419
4.6496774981137605
-39.5897697773622
4.78239267676463
-39.762685377579025
4.914594948266199
-39.92158878277167
5.04647229492042
-40.0647458649417
5.173990596871533
-40.190977083151864
2.193471071119916
-35.77535552470538
5.459441002269273
-40.36997610937012
5.617654865052145
-40.41924573832716
5.77319692261932
-40.44450103956766
5.925446736457275
-40.44412989971628
6.073834163269623
-40.4165146081983
6.217785902901994
-40.36003888620461
6.356712152184514
-40.2730896397014
6.4900021798223975
-40.154057539009905
6.617022590272995
-40.00133724283436
6.737116585748424
-39.81332748987139
6.849603677128073
-39.588431126797616
6.953779660089879
-39.32505509483631
7.0489168317234885
-39.0216103735372
7.134264550356704
-38.676511852969576
7.209050460165713
-38.28817806753944
7.272483259242847
-37.855030597420885
7.323759677910289
-37.37549256632697
7.362085463310848
-36.84798412743306
7.386759367855063
-36.27090440098051
7.397761136902659
-35.642505025715046
9.652196308561145
-34.41167718922192
11.819889393941708
-33.72860262846953
13.997334721530365
-32.88469311469484
16.162872200998663
-31.876166375027
18.29369389382282
-30.702918171947896
20.366655782010127
-29.368822802613824
22.35917310280047
-27.88181842551202
24.250130751391566
-26.25375361914236
26.020733909652847
-24.499996476678533
27.655227915935654
-22.638833659706716
29.141430190501353
-20.690709678654148
30.471038434553577
-18.677372333231943
31.639704487770246
-16.620996374489376
32.64688780137152
-14.543353720475858
33.49552264052903
-12.465086585821485
34.191546379722695
-10.405122619051086
34.74334176335151
-8.380252005111378
35.161144450488166
-6.404868576803288
35.45646026594545
-4.490862496631159
35.64152650590887
-2.6476421364701572
25.340583955310365
25.202841612764292
26.891240790391407
23.541231686286256
28.37121754079908
21.734820813774203
29.759798169259682
19.790978588213992
31.037077949330524
17.720841202420363
32.18481799536778
15.53917343874085
33.18726661730034
13.264002225061592
34.03187626092705
10.916034935596635
34.7098515285316
8.517900411575052
35.21647998893292
6.093271513998285
35.551220742866235
3.665941113304438
35.717552051722464
1.2589265215710626
35.72260426105038
-1.106329680791891
35.57662380345869
-3.4106098137128917
35.292325718320626
-5.63738999415353
34.88419515989415
-7.773117045345256
34.36779374095238
-9.807302072107952
33.75911638899072
-11.73245418438942
33.074031260072275
-13.543887062508261
32.3278215964865
-15.23943474607763
-8.905875599193124
34.19606180921631
-9.244962439820796
34.82804871182181
-9.575093887259925
35.40233514407226
-9.896134299730008
35.92088563673221
-10.2078585653379
36.38568563357281
-10.51005352494768
36.79871507754511
-10.802532461394875
37.16194463737338
-11.085138721824649
37.47733476354734
-11.357746925588032
37.746835374460076
-11.62026344744271
37.97238573024773
-11.87262663736918
38.155914375323576
-12.114806930834334
38.29933911005587
-12.346806908241518
38.40456697494994
-12.568661329207856
38.47349424168397
-12.78043715356604
38.508006407995886
-12.982233554659501
38.50997819362455
-13.174181928617102
38.481273537873406
-13.356445901375679
38.42374559779471
-13.52922133470993
38.339236746411906
-13.692736332300086
38.22957857010826
-13.847251247900928
38.09659186600408
-13.993058697994883
37.94208663697672
-14.130483585094183
37.7678620819137
-14.259883147708024
37.57570657569493
-14.381647083268504
37.367397618331616
-14.496197915688668
37.14470168372649
-14.603992463687916
36.90937361490316
-14.705532115881567
36.663152390417814
-14.801224291826287
36.40781820265897
-8.905875599193124
34.19606180921631
-13.737281873964378
35.992464926450275
-12.59374256326285
35.83446050891293
-11.462031323638797
35.67271517623835
-10.342906201285103
35.50890325968148
-9.236928192359983
35.34470902290346
-8.144459658469742
35.181827314061955
-7.065663929495088
35.02196372828579
-6.000505170068607
34.86683466219934
-4.948748324201233
34.71816733439613
-3.909959087731238
34.57769979436971
-2.883503890953591
34.447180926163966
-1.8685498837295142
34.32837044831609
-0.8640649183576556
34.22303891165893
0.13118247512983316
34.13296769342952
1.1186231297385234
34.05994898669531
2.099887315712948
34.00578577957426
3.0768048878479135
33.972291812384
4.051405609061817
33.96129148492914
5.025919959177855
33.9746196216637
6.002778586820028
34.014103906150325
6.984378661865435
34.08038654138991
7.972800999566914
34.1721274003606
8.969083502179018
34.288035186986455
-14.891705245374027
36.145059463107756
10.682913451191837
34.10321078962994
11.401002658647002
33.79589275981782
12.130082221296135
33.50223878555564
12.870556682998881
33.22006290041789
13.622717853535903
32.94725555369101
14.38673432715052
32.681786646464815
15.162648863337324
32.42170628923995
15.950377515394848
32.16514505336697
16.749709283098156
31.910314068621595
17.560305957696812
31.655505066279872
18.38170204717295
31.399090396353685
19.213304740508306
31.13952303193536
20.054393894016243
30.875336564137427
20.90412203391415
30.60514518730666
21.761514375264483
30.32764366937424
22.625468865646866
30.04160729806879
23.494756272620748
29.745891778277183
24.368020364030002
29.439433025856964
25.243778308879826
29.121246713225325
26.12042168184371
28.790427131207508
26.996219481153958
28.44614377534343
27.86933020240531
28.08762768877699
28.737886360509663
27.714075861206766
29.598856768817257
27.32593807534876
9.975370698697787
34.426433996022155
30.366672177611974
27.144788583499853
30.26543101404883
27.353155530105084
30.14584356580758
27.545780791861326
30.006921133696494
27.721268882733334
29.847719546357325
27.878177310577144
29.66732601668855
28.01503144589431
29.46485586221837
28.13032823271902
29.239451421638137
28.222537417402233
28.99028163500816
28.290102027445943
28.71654187470392
28.331438570899547
28.41745389402314
28.34493710585934
28.092265855124708
28.328961228334972
27.74025244338668
28.281847979225557
27.36071511814987
28.201907624608314
26.952982643924713
28.087423188078432
26.516412277460404
27.936649396913193
26.050392754144696
27.747810029953012
25.55435326353097
27.519089942743353
25.027799371672813
27.24860314789785
24.47056450895178
26.934169341839375
24.47056450895178
26.934169341839375
-0.026323604883188523
-34.56870885792429
-2.5992022018014893
-34.470864116674804
-5.284497120560772
-34.162412315568304
-8.0505334850981
-33.61822772903744
-10.858538832626394
-32.819025876105044
-13.664097097924596
-31.753563194303037
-16.419395612107635
-30.42038416537846
-19.076078164107344
-28.828797528044333
-21.588376106969598
-26.998858162895186
-23.91610655793454
-24.960291908261578
-26.0271325098485
-22.750487870612687
-27.898976699488898
-20.411845192375022
-29.519441522736216
-17.988854805736388
-30.886264362750538
-15.525301889187016
-32.00598469324835
-13.061901425583507
-32.89228608895167
-10.634558800376439
-33.5640959916793
-8.273317671735171
-34.04369152517003
-6.0019490480321664
-34.354993567382294
-3.8380648797575994
-34.52215656208352
-1.7936084687306
-11.048445296063719
32.755582449042116
-13.45579998242971
31.842389543954646
-15.902542303392423
30.693736711663547
-18.350638780727124
29.295910659601994
-20.757191588209082
27.64299771020665
-23.076518074000816
25.738504980212454
-25.262837584996404
23.59629975632199
-27.273286879332645
21.240624939811205
-29.070881990038757
18.705083409526623
-30.627017036021897
16.030662884339264
-31.923155672998
13.2630485527892
-32.95151462639487
10.449593717585039
-33.714720653115364
7.636356219985039
-34.22459176507658
4.865556859184771
-34.500309489034535
2.173699656562846
-34.56629276405224
-0.4095480264111906
-34.45006140324365
-2.8617467303816895
-34.18030976085935
-5.1674703373904975
-33.785326089063126
-7.317654411884867
0.03749700721022009
-34.60604882736382
0.04579332707305639
-34.438809770842255
0.054118660426922816
-34.32624809825475
0.06249435974888229
-34.266124254608826
0.07094971394545269
-34.256198684614986
0.07951471216870232
-34.2942318386433
0.08821823940044737
-34.37798417470583
0.09708748118174526
-34.505216158508404
0.10614769400814339
-34.67368826367388
0.11542211295153493
-34.881160971617106
0.12493192294098776
-35.12539477171492
0.13469626972675997
-35.40415016065802
0.14473230789155878
-35.715187642328715
0.15505529892382697
-36.05626772698179
0.16567879425636534
-36.425150929876736
0.1766149828347352
-36.819597769317596
0.18787539163758993
-37.23736876112875
0.19947243084925503
-37.67622440935938
0.21142325993017153
-38.13392517909378
0.22376138852899885
-38.608231419481825
0.23658308263719618
-39.09690305146276
0.25037221082436645
-39.59769738433522
0.26165331443294804
-40.10839832976629
0.02926696263969575
-34.830204780248465
0.501954728522378
-41.133358843179025
0.737404263274243
-41.64269443738294
0.978852063129807
-42.152518717577436
1.2261435518764188
-42.660595587983636
1.4791453711875988
-43.164692217027465
1.73769502226736
-43.662579376090434
2.0015882793828723
-44.15203152308419
2.270574998334439
-44.630826830315385
2.544357444953846
-45.09674719423688
2.822589542329183
-45.547578239801226
3.1048765041277875
-45.98110932017539
3.3907746514245787
-46.395133515192896
3.6797913296512093
-46.78744762735127
3.971384893006814
-47.15585217389943
4.264964751887874
-47.49815137411298
4.5598915044102455
-47.81215312616888
4.855477214566633
-48.09566896356162
5.150985993754716
-48.34651396924218
5.445635299554226
-48.56250658424551
5.738599199423049
-48.74146813170151
6.029018176783552
-48.88122138683519
6.316038371531192
-48.97958485688929
6.599086287462967
-49.034332742652055
6.874175472380898
-49.043733236614884
0.2730317798436488
-40.62674892678288
7.07402383249223
-48.94809338683942
6.999842728337683
-48.84562811672154
6.920008435657621
-48.70043203176877
6.834909651480132
-48.514811549443976
6.7449835298328935
-48.29106585196948
6.650673232224847
-48.03149307356367
6.552417317010622
-47.73839184679784
6.450646204763302
-47.414061818158956
6.3457807671903765
-47.06080385353488
6.238231689498548
-46.68092013132292
6.128399156737601
-46.276714188594156
6.016672692158238
-45.85049094491316
5.9034310755260435
-45.40455671468405
5.789042310464993
-44.941219213050175
5.673863629963364
-44.46278755612698
5.558241543410816
-43.971572256276005
5.442511944990827
-43.4698852108163
5.327000333487888
-42.96003967642852
5.212022266397867
-42.44435021817324
5.097884370078987
-41.92513259365191
4.984886875010545
-41.404703463635116
4.873331230336191
-40.88537952095325
4.763550571885673
-40.36947400724887
4.656123011513046
-39.85927232367774
4.548984351468505
-39.357362182863255
7.142508665720754
-49.005470878890776
4.548623554132632
-38.354124657247354
4.651331612255319
-37.85819530935447
4.7524494135233795
-37.38039646782403
4.852431858061095
-36.923013598085674
4.951818842971079
-36.48832035730237
5.051202312178987
-36.078582361322475
5.151218026028516
-35.69605812546635
5.252542826697095
-35.34299937512239
5.355893556444016
-35.0216511684373
5.462026582002466
-34.73425194720906
5.57173757997316
-34.48303355864704
5.6858614546801505
-34.27022125828117
5.805272342466992
-34.098033701089264
5.930883695323985
-33.9686829176749
6.063648468462361
-33.88437426968176
6.204559480281887
-33.84730636720511
6.354650103383904
-33.859670913977396
6.514995662870604
-33.923652394559866
6.686716525856582
-34.04142738633786
6.870985835792169
-34.21516283637345
7.069052725680592
-34.44701089196349
7.282335181677581
-34.73908822179084
7.513070103600228
-35.09333126071496
-2.461176375942756
-35.02713612670448
13.895445461504664
-33.598116924354
15.884446561010861
-32.70475841351845
17.8422519035592
-31.67918737035646
19.752389205290967
-30.524743833796833
21.598859986649757
-29.24732659087519
23.366645624982766
-27.855282042598134
25.042178012107968
-26.359176501668458
26.613744067813514
-24.771465280219843
28.071799015188674
-23.106080703725297
29.409171591093468
-21.377967437570703
30.62115406303633
-19.602596493424272
31.70547970724965
-17.795488809509948
32.66219902584601
-15.971775738227649
33.49347251160037
-14.145817917352247
34.20330171058947
-12.330896866432795
34.79722163847566
-10.538986273784474
35.281976601282054
-8.780603199256973
35.665198723594926
-7.064733925824697
31.522421430053726
18.117776150021996
32.51543809762228
16.26847106386799
33.41749497275532
14.324381144820421
34.2160560605933
12.295461483594238
34.89991480897396
10.193763375837932
35.4596218271177
8.033186498147131
35.88785464342578
5.8291298260168105
36.17970204871955
3.5980585184366305
36.33284166511572
1.3570121494839498
36.34759807877737
-0.8769146708070537
36.22687905384436
-3.0870859162562283
35.97599762643961
-5.257799940909223
35.602396897806386
-7.374700032359158
35.11530101366276
-9.425099477250626
34.52531949722123
-11.398209466885959
33.844032682118325
-13.285266924225596
33.083583825667574
-15.079567191608646
32.25629926245722
-16.77641270734054
31.37435252954873
-18.372992918624107
30.449482591076105
-19.868212686901842
4.444186026883017
-38.86586085986713
28.9895648439429
26.2661580742012
-2.3320114140453825
34.19829458506092
-1.3659851552325506
33.783351217303476
-0.4098587009980861
33.42407528549322
0.5408653754798536
33.11711168732873
1.4904461476055815
32.85917122021951
2.442897202272178
32.647029897595786
3.4019848593856636
32.477528776468404
4.37122758192757
32.34757389684424
5.353895744747518
32.25413625437204
6.353011536036973
32.19425178314526
7.37134891759996
32.16502134080642
8.41143361758131
32.16361069010139
9.475543148733777
32.18725047329724
10.565706856267667
32.23323617090918
11.683706012532554
32.2989280308754
12.831074000259264
32.38175093855526
14.009096683525541
32.47919415615405
15.218813228437085
32.58881075276497
16.461018156188487
32.70821617678706
17.736267506115183
32.835083978085265
19.04490348816438
32.967128693930846
20.387227053090896
33.10198605479317
21.761179147268592
33.238822593228235
-3.312623310649002
34.67233116464615
23.83672129659928
33.45042474736712
24.51740099385472
33.51950623356527
25.20822830531722
33.58017585702254
25.90781454737578
33.6306860823253
26.614727764126656
33.66934061285775
27.32746597484902
33.69451296219583
28.044450486214828
33.70465109558148
28.764023664196657
33.69827897655463
29.48444804338709
33.67399718391499
30.203905923967
33.63048319131423
30.920499171172708
33.56649150413884
31.63224911011247
33.48085373066448
32.337096469234666
33.37247861810019
33.03290135165548
33.2403520665068
33.71744322692672
33.08353712566546
34.38842094203807
32.90117397130177
35.04345275957468
32.69247984810693
35.68007644844056
32.45674894747975
36.29574949227725
32.193352129573356
36.887849621277894
31.90173622385703
37.45367641458887
31.58142192351724
37.9904577190357
31.231995356490785
38.495394595744244
30.85304907391523
38.96505893978855
30.444972923221655
23.167721901031
33.374600171824426
39.24089622573416
30.09217977304985
39.04927985132139
30.148906921721874
38.82413311791328
30.178596713515418
38.567551161299434
30.182381605271843
38.28161927062723
30.161404829469944
37.96840594402886
30.116829512019137
37.629961152874785
30.049840950939796
37.26831576410939
29.96164737544467
36.885481309634145
29.85348024844336
36.48344988259498
29.726594403010665
36.064194087034025
29.582268109247735
35.62966701251128
29.421803108057958
35.18180222233195
29.246524627366796
34.72251375095402
29.057781387450348
34.25369610865641
28.856945596596972
33.77722429576505
28.645412936069306
33.29495383233888
28.42460252877177
32.808720814855235
28.195956875864482
32.32034203360706
27.960941728489615
31.831615231228056
27.721045801877835
31.344319751785974
27.477780059679475
30.86021848818183
27.232675563999777
30.38106567520049
26.98727487529021
29.908661439550826
26.743071845744737
29.444113325663068
26.502326662394864
39.39692587446365
30.007229757905463
28.776904919264837
25.74536385655017
28.57205011655492
25.239442639567073
28.376847388719113
24.74979596653219
28.193250569449106
24.27770046871416
28.023261371474064
23.824372984088598
27.86892095820599
23.39097985918957
27.73230783778598
22.978639273960795
27.615537161208692
22.588422014721317
27.52076044361189
22.221351782249883
27.450165438268414
21.878405328484263
27.405976077073262
21.560512522143938
27.39045244097298
21.26855637783541
27.405890749121852
21.003373064952086
27.454623360641165
20.76575189953661
27.539018790470323
20.55643531734671
27.661481744669175
20.37611881694312
27.824453192769113
20.225450848120374
28.030410515877804
20.105032582998632
28.281867837463892
20.01541740935548
28.581376851946004
19.95710965920003
28.931529314502598
19.93056079159416
29.334967004027817
19.936154119797806
29.794451468363206
19.97409789350749
-5.085999724118125
-34.743204532663015
-5.085999724118125
-34.743204532663015
-7.818380834066943
-34.232010976944935
-10.623369145646222
-33.46792019811684
-13.458379669732068
-32.431923641028874
-16.27487023823784
-31.11408448148049
-19.020928940930787
-29.515452166894647
-21.64454971645833
-27.64907090598072
-24.097202713823066
-25.53982137292863
-26.337206559437078
-23.223031779630503
-28.332421397180525
-20.742023820369383
-30.06190734368917
-18.144954705141373
-31.516395770436134
-15.481422803909851
-32.697639324948426
-12.79929829981981
-33.616881197912136
-10.142137492542957
-34.29277861373731
-7.547382946517672
-34.74912495151585
-5.045390916086063
-35.012659271583345
-2.659200091041157
-35.11116242921699
-0.4048793169914404
-35.07194459604227
1.7077343600004156
-5.8104719435185075
34.629410479905204
-8.39594465486735
34.09495223261925
-11.066674472157075
33.32396090682337
-13.785412518083689
32.294272806465955
-16.507946500014015
30.99105284989301
-19.185004808247925
29.4090673925524
-21.76501570528029
27.554341685859356
-24.197464564305818
25.444849440532153
-26.436432572043827
23.110012705664275
-28.443820179038653
20.58899579908399
-30.19179226364932
17.92800419178971
-31.66412594790546
15.17698199074394
-32.85635403677017
12.386188025482284
-33.77481395753091
9.603103484101382
-34.43487600607753
6.870005010060169
-34.85870373170212
4.222372382630539
-35.072893253666194
1.6881389780231473
-35.106270705519734
-0.712328255056633
-34.988030493709914
-2.9657000123765727
-34.74630060756439
-5.064804880837414
9.889092845632376
-34.9874650142973
21.97473654601004
-29.91207749041557
22.151410815288532
-30.279155607513687
22.311832872605688
-30.626664355841328
22.45644926063549
-30.954959789069264
22.58570264420616
-31.26440062166239
22.700032007195016
-31.555348083445352
22.79987270145842
-31.828165883694084
22.885656462512515
-32.08322019912987
22.957811415751102
-32.320879669882274
23.016762078421966
-32.54151539733121
23.062929360484752
-32.74550094375854
23.096730564318865
-32.93321233209045
23.118579384456933
-33.10502804672254
23.128885906078796
-33.261329033375986
23.128056604175747
-33.4024987006657
23.116494341443207
-33.52892292070632
23.094598366113228
-33.640990030703605
23.062764309090625
-33.7390908349864
23.021384179729058
-33.82361860707056
22.97084636079417
-33.89496909341503
22.911535601015643
-33.95354051787008
22.843833004617412
-33.999733588027595
22.768116016643944
-34.033951505161
22.684758400084007
-34.056599977557
22.594130201995352
-34.068087243011036
22.49659769801662
-34.06882410256259
22.392523301478967
-34.05922397874926
22.28226540327286
-34.03970301554574
22.16617807576083
-34.010680265506494
22.044610479615862
-33.97257806207611
21.917905560355564
-33.9258228404037
21.786396789287842
-33.87084718814987
21.65039838667255
-33.80809599758686
21.5101662150564
-33.73805107392246
21.3656240340819
-33.66140339371259
21.220041128787216
-33.57673890306623
21.781358262501602
-29.525077631196396
20.64322975792497
-33.49207826958457
20.21431210044139
-33.492536383976244
19.78560515964024
-33.487413909423594
19.35760130562055
-33.47706919198515
18.93071601258549
-33.46190518289362
18.505329268677432
-33.44234338026902
18.081795928221055
-33.41881731552573
17.66044916127163
-33.3917703814719
17.241601832988987
-33.36165496431718
16.825547129708024
-33.328932049262846
16.412558871054042
-33.29407102376132
16.002891676517603
-33.25754957137656
15.596781059515976
-33.21985361232478
15.194443481472671
-33.18147726745937
14.796076383452323
-33.14292283720448
14.401858202990976
-33.10470078834146
14.011948380626592
-33.067329746439924
13.626487357801462
-33.03133649263222
13.245596565526593
-32.99725596353716
12.869378401755764
-32.9656312552608
12.4979161919157
-32.93701363182882
12.13127412262699
-32.911962541129895
11.769497128672725
-32.89104564314084
11.412610692867709
-32.87483885992779
11.060620473001933
-32.863926470457756
10.713511554113992
-32.85890130077968
10.371246802243974
-32.86036514343684
10.03376274728528
-32.868929805828145
9.700957230940162
-32.885220258056364
9.372639996228905
-32.909887222379695
9.048186813258305
-32.94369530531799
8.731212773441037
-32.9863322031494
21.071498991845438
-33.4859082331468
8.468715815303256
-32.95809053523769
8.520888826050466
-32.88919621054956
8.575937794077447
-32.832874186279554
8.634186057833737
-32.78960319521528
8.695887414753415
-32.75987955555223
8.76127877741547
-32.74420375411239
8.830593340212658
-32.7430770905236
8.904064971781281
-32.75700055832161
8.98192997580211
-32.786474395288366
9.064427896617879
-32.83199787829892
9.151801928198715
-32.89406921783663
9.24429914292292
-32.97318549942733
9.342170633162809
-33.06984264572151
9.445671611689015
-33.18453538981947
9.555061495548884
-33.317757250941696
9.670603991378712
-33.47000050922736
9.792567198636405
-33.64175617459691
9.921223751590674
-33.833513941483574
10.056851034777267
-34.04576212133142
10.199731532655818
-34.278987531158606
10.350153434744314
-34.53367530101664
10.508411753728666
-34.810308517283005
10.674810557271854
-35.10936751099143
10.849667873834008
-35.43132829256237
11.033327953797539
-35.77665864022643
11.226198049035503
-36.14580636544477
11.428895527464107
-36.53915237667809
11.643277668055447
-36.95668212474317
19.60529855870202
-30.472609374690634
19.958001945830517
-33.78489958044844
22.672005950951473
-32.026886009894554
25.324600597588102
-29.973419656478967
27.86185625819087
-27.63074821966768
30.230128137691537
-25.01760648242572
32.379751794269794
-22.165129259091657
34.26863997920945
-19.1154805146532
35.8652634324294
-15.919301500166426
37.1505872988092
-12.632305596537606
38.11872546357287
-9.311500972642364
38.77631245679308
-6.011561659328862
39.14080891282198
-2.7817906069139724
39.23809829872802
0.33604051856349315
39.09977769226671
3.3088768103513644
38.76050441030881
6.112657293615541
38.255664704875215
8.731861160080598
37.61951681401504
11.158549906273606
36.88385716244093
13.391129980379304
-4.478948914816911
38.98307707132955
-1.5456009759284512
39.209085668425985
1.5491004525584486
39.2089475645374
4.77221592032808
38.94826358825932
8.081380070014816
38.39834081695102
11.42615042473875
37.539104515185244
14.750413487534516
36.36160864534901
17.995679558616615
34.86971176471562
21.104899507853062
33.08057584284444
24.026299243638746
31.02383319298056
26.71669936994924
28.739506886975505
29.14388260280198
26.274995493146236
31.28776175163361
23.681580308412123
33.14032806499267
21.01094802895429
34.70455983148186
18.31214919756428
35.992599373608215
15.629269709800838
37.02354846542761
12.999928475145225
37.82120066343984
10.454571330598696
38.41195220008319
8.016433715143165
38.82304091393836
5.701997503106043
8.41865730761522
-33.039189929603765
-11.574417826764588
32.070153009285235
-36.285945016964845
5.678749299996213
-36.17130871345863
6.489829843544328
-36.021659874544376
7.3121149173609865
-35.83854037269056
8.144206087440466
-35.62346279032184
8.984746080703417
-35.37791018304725
9.832420552375027
-35.10333602113787
10.685958527616208
-34.8011641701375
11.544132548383743
-34.47278888411695
12.40575873208391
-34.119574802423145
13.269696797769825
-33.742856949038924
14.13485007911379
-33.34394073237733
15.000165530940677
-32.924101946414986
15.864633732895044
-32.484586771014605
16.727288890790845
-32.02661177415642
17.58720883754043
-31.551363913405346
18.443515032744813
-31.060000538624934
19.295372561951268
-30.553649395462493
20.141990135298897
-30.033408629397446
20.98262008508962
-29.500346792110584
21.81655836287203
-28.955502849599007
22.643144534860852
-28.399886193729206
23.461761775372395
-27.834476659611873
24.271836857727692
-27.26022455026333
25.07284013961126
-26.678050676221538
25.864285541850677
-26.088846416998678
26.645730512980435
-25.4934738250456
27.416775971804213
-24.892765806005045
28.177066205537017
-24.287526454545095
28.926288682025017
-23.678531724426424
29.664173672804964
-23.06653090379327
30.390493425492394
-22.452250302307192
31.1050600940697
-21.836404312119534
31.807719529840057
-21.219739651416333
32.49832644570611
-20.603345068707206
33.1765705673466
-19.984486217869385
33.84431467947417
-36.36399928281129
4.880300507890894
-19.105469646136907
34.438563234952085
-18.8440872212381
34.370931213929794
-18.581979971296448
34.29798732870387
-18.319376823479708
34.220235644830865
-18.056562372905603
34.13814794760495
-17.79383003282399
34.052190040432606
-17.531470323176062
33.9628283199491
-17.269766966915718
33.87053196652951
-17.00899532952766
33.77577382076552
-16.749421710437318
33.679030781443146
-16.491302989730094
33.58078400436062
-16.234886438768473
33.48151900842589
-15.980409613750604
33.38172573656371
-15.728100293191746
33.28189859075286
-15.47817644154626
33.182536453864884
-15.23084618854568
33.08414270219782
-14.986307819724486
32.98722521230866
-14.74474977611481
32.89229636373628
-14.506350662737887
32.79987303740262
-14.271279268133863
32.71047660996885
-14.039694599219693
32.6246329419082
-13.811745940956477
32.54287235671288
-13.587572958717182
32.4657296046351
-13.367305879489198
32.39374379722449
-13.151065830712636
32.32745828552359
-12.938965519470003
32.267420415153595
-12.731110728268465
32.214180986849414
-12.527604055528606
32.168292906082115
-12.328556139252541
32.13030713307154
-12.134130552212032
32.100756479139335
-11.944858072553252
32.080042184214705
-11.757391542677432
32.069966027340655
-19.36628193871511
34.500162953706024
-11.375329124042636
32.058079230511396
-11.181636498774779
32.05722800151631
-10.992822608310881
32.06834888372117
-10.808760655325038
32.09204948043788
-10.629379490454433
32.128916303394305
-10.454615767325123
32.179532040537055
-10.28440197794724
32.24447987285677
-10.118662461072049
32.32434491477923
-9.957311800800092
32.419714790362804
-9.800254093382328
32.53117989707687
-9.647382573288105
32.659333538157654
-9.498579402930858
32.80477199647942
-9.353715539978019
32.9680945781642
-9.212650641233445
33.14990364280814
-9.07523297874502
33.35080462595343
-8.941299351519206
33.57140606042719
-8.810674975761145
33.81231960054515
-8.683173330416956
34.07416005238858
-8.558595921682958
34.357545420039884
-8.436731898467464
34.66309697841166
-8.317357386001135
34.991439399108884
-8.200234253208663
35.343200981797594
-8.085107651815832
35.719014116013966
-7.971700605924738
36.11951629521295
-7.859700489504547
36.54535265136897
-7.748718462072205
36.99718355680804
-7.638127215541871
37.47571503125306
-7.525925207568548
37.981911586443914
17.54706682924635
-31.70249358281285
17.54706682924635
-31.70249358281285
15.344538751200664
-32.82518521183435
13.010430472108009
-33.818284294280375
10.561896029836893
-34.661131053865546
8.020177967133813
-35.33587976906517
5.409953368326118
-35.828481104156
2.7584093134373475
-36.129473172714114
0.09411793704977356
-36.23449731253703
-2.554191132137742
-36.14448452169205
-5.158849955442101
-35.86549763791885
-7.694355842769699
-35.40825527815743
-10.13827146235337
-34.787398658622905
-12.471864128846967
-34.02058580962279
-14.680461843507828
-33.12750660311818
-16.753536563104838
-32.128907020112536
-18.68455104323889
-31.045695450270216
-20.470621821046613
-29.898182151060922
-22.112057241322162
-28.70547993388753
-23.61182745723655
-27.48507336370085
-36.147105527225385
2.516826510103442
-36.23441843753978
0.12072353376478873
-36.1583173962649
-2.350263123417193
-35.9052889814542
-4.874205251791466
-35.46548125869832
-7.426122323746483
-34.83347688132858
-9.978804639648729
-34.00883935252531
-12.50385938710339
-32.99636139190969
-14.972901808694914
-31.805975543859816
-17.3587895137224
-30.452326714714758
-19.636788213417105
-28.95404699013384
-21.785564407915842
-27.332807160994626
-23.787923540700405
-25.612240805072425
-25.631246060644628
-23.81684261994372
-27.307611783075416
-21.970933685687612
-28.813637858789107
-20.09776612362002
-30.15008209804077
-18.218813461074795
-31.321278545884553
-16.353266215033905
-32.33447599356697
-14.517728943461542
-33.19914456733045
-12.726097747663964
-33.92630380391046
14.543795647099586
-36.444742961175706
3.564923243768161
3.5847622352710133
3.6026451192168247
3.6187173349043174
3.6331081636926257
3.645933198260386
3.6572963769128966
3.6672916749940723
3.676004522569499
3.683513001727614
3.6898888652630544
3.6951984096567014
3.6995032284632616
3.7028608670533574
3.7053253955634586
3.7069479136720855
3.7077769983514486
3.7078591036634987
3.7072389200378586
3.705959699126003
3.704063549275279
3.7015917056820333
3.6985847785454107
3.6950829819061126
3.6911263452239154
3.686754909309175
3.682008907757144
3.6769289348407597
3.6715560933068643
3.564923243768161
3.6600581360589484
3.654020404408564
3.6478633916969194
3.6416326005230806
3.635374667198009
3.6291374043938545
3.622969822156669
3.6169221253847335
3.6110456856716384
3.6053929855158113
3.6000175329071307
3.5949737444617615
3.590316795602741
3.5861024366168404
3.582386773987697
3.5792260169900287
3.5766761902967086
3.5747928142965297
3.5736305556560386
3.573242356133108
3.573644548455537
3.574794192036707
3.5766414194721943
3.665932154911258
3.5821016448295895
3.585615857102345
3.589625469431508
3.5940780130575227
3.5989212993508994
3.6041036243574514
3.6095739421985518
3.615282008294256
3.621178493332209
3.6272150693358327
3.6333444692396317
3.639520521683253
3.6456981627736043
3.651833426595363
3.657883416179638
3.6638062566154397
3.6695610317769143
3.675107706032698
3.680407032067291
3.6854204456238717
3.690109947554215
3.694437971696966
3.6983672217416013
3.7018609718650177
3.579135341164499
3.7071480079979064
3.708872318258925
3.7100161645736
3.710540456270425
3.710405042492356
3.7095684542032474
3.7079876170239743
3.705617533562878
3.70241093063821
3.6983178653465854
3.6932852824045486
3.687256513579521
3.6801707079726853
3.671962179240191
3.662559652759562
3.651885391369851
3.639854173012531
3.6263720859350954
3.6113350942980325
3.5946272765133807
3.576263002146904
3.576263002146904
3.576263002146904
3.576263002146904
3.5762630021469044
3.5762630021469035
3.576263002146904
3.576263002146904
3.576263002146904
3.5762630021469035
3.5762630021469035
3.5762630021469044
3.576263002146904
3.576263002146905
3.576263002146905
3.5762630021469035
3.5762630021469044
3.576263002146904
3.5762630021469035
3.576263002146904
3.5762630021469035
3.5762630021469044
3.576263002146904
3.5762630021469035
3.576263002146904
3.5762630021469044
3.5762630021469035
3.5762630021469035
3.576263002146904
3.576263002146903
3.576263002146904
3.5762630021469044
3.576263002146903
3.576263002146904
3.576263002146904
3.5762630021469044
3.5762630021469044
3.5762630021469044
3.5762630021469035
3.576263002146904
3.564923243768161
3.584468001511994
3.602077529505215
3.617897278620291
3.632056559754744
3.644670995756638
3.6558445532427433
3.665671233378543
3.6742364893430506
3.6816184235368024
3.6878888062183095
3.69311394845727
3.6973554555052783
3.7006708815266838
3.7031143025408926
3.704736821193543
3.705587014505147
3.705711333665865
3.705154463313647
3.7039596463899005
3.702168979616035
3.6998236836496723
3.6969643512411077
3.6936311760717806
3.68986416432106
3.685703330549096
3.681188878907311
3.676361369396984
3.6712618977183458
3.564923243768161
3.6513056360479754
3.6371396001606606
3.623512075723607
3.6105006163482787
3.5981819479087327
3.58663160473821
3.5759235574597827
3.566129840622127
3.5573201887321697
3.549561689042822
3.5429184585257656
3.537451351158129
3.5332177000633673
3.5302710971107376
3.528661210651482
3.5284336400773424
3.529629804142588
3.532286858616327
3.5364376375814985
3.5421101160271307
3.5492928876366157
3.55791283820708
3.567888980320014
3.665932154911258
3.576194575521185
3.5742299555842862
3.5732045206762932
3.573080409075567
3.57381900864605
3.575381042781251
3.5777266275998074
3.5808153067992934
3.584606067873098
3.5890573432147304
3.5941269993623175
3.599772317632354
3.6059499690899437
3.6126159864575866
3.619725735088999
3.6272338846882644
3.63509438281897
3.6432604307246796
3.6516844613331143
3.660318118533114
3.6691122355718897
3.678016805335221
3.686980889533921
3.695953923405413
3.5791353411644993
3.7069774073576696
3.708547328992752
3.7095529595696752
3.7099552285672304
3.7097140116035203
3.7087878648339254
3.7071337358715053
3.7047066454728794
3.7014593345024247
3.697341869888923
3.6923012019245416
3.6862806636979566
3.6792194014239152
3.6710517217773933
3.6617063393012823
3.6511055026837544
3.639163973738659
3.6257878266078105
3.6108730292931495
3.594303792865689
3.594303792865689
3.5429491945386453
3.5429491945386453
3.5429491945386453
3.5429491945386453
3.5429491945386453
3.5429491945386453
3.5429491945386453
3.5429491945386453
3.5429491945386453
3.5429491945386453
3.5429491945386453
3.5429491945386453
3.5429491945386453
3.5429491945386453
3.5429491945386453
3.5429491945386453
3.5429491945386453
3.5429491945386453
3.5429491945386453
3.5429491945386453
3.5429491945386453
3.5429491945386453
3.5429491945386453
3.5429491945386453
3.5429491945386453
3.5429491945386453
3.5429491945386453
3.5429491945386453
3.5429491945386453
3.5429491945386453
3.5429491945386453
3.5429491945386453
3.5429491945386453
3.5429491945386453
3.5429491945386453
3.5429491945386453
3.5429491945386453
3.5429491945386453
3.5429491945386453
3.544029075412426
3.5391850035148575
3.535911555022404
3.5341588981919494
3.533869676650944
3.5349798600134297
3.5374196570643517
3.54111446405982
3.545985821887936
3.551952357967436
3.5589306918055077
3.566836286629483
3.5755842333879673
3.585089957177293
3.595269839845661
3.606041755848895
3.6173255212530524
3.629043258296463
3.6411196795960192
3.6534822976821713
3.6660615661699265
3.6787909588310814
3.6916070256198332
3.550485316813268
3.7168938953292705
3.7292827096760033
3.74156398912377
3.753688550079981
3.765609637034075
3.7772827526086017
3.788665471478581
3.7997172448959278
3.8103991986709302
3.820673926434972
3.830505279267032
3.8398581523819
3.848698269065325
3.8569919616584705
3.864705949058019
3.871807109786418
3.87826224934464
3.8840378602160834
3.889099872389488
3.8934133918687315
3.896942423691446
3.8996495734572654
3.9014957004570907
3.9024401702047133
3.7044492722314875
3.901096002976984
3.8988290838765423
3.8956826010571626
3.8916959447935087
3.8869069910765703
3.8813524197197453
3.875068012680274
3.868088935923852
3.8604500079761976
3.8521859578935476
3.8433316749055058
3.8339224515428008
3.8239942216675864
3.8135837944246744
3.8027290846978796
3.791469340278453
3.7798453655096025
3.76789974064516
3.7556770357703835
3.743224017467026
3.7305898459444027
3.7178262597174867
3.704987744782677
3.6921316890094458
3.679318374978636
3.9024421167307195
3.653845515656604
3.6413386079195407
3.6291637550277582
3.6173969464676707
3.6061170092771744
3.595405363798866
3.5853456948988414
3.5760235351311405
3.567525756521467
3.5599399694245397
3.5533538298388803
3.5478542596732017
3.5435265884161202
3.5404536286010497
3.5387147017232925
3.5383846352423363
3.539532754992851
3.5422219001040913
3.54650748943348
3.55243666876069
3.5600475663097515
3.569368676794576
3.5804183420359963
3.5585855795079704
3.5934190664925505
3.5934190664925514
3.593419066492551
3.5934190664925505
3.593419066492551
3.593419066492552
3.593419066492551
3.5934190664925514
3.593419066492551
3.59341906649255
3.5934190664925514
3.5934190664925505
3.5934190664925505
3.5934190664925505
3.593419066492551
3.593419066492552
3.5934190664925514
3.5934190664925514
3.5934190664925514
3.593419066492552
3.5934190664925505
3.5934190664925505
3.593419066492551
3.5934190664925514
3.593419066492552
3.5934190664925514
3.5934190664925514
3.593419066492552
3.593419066492551
3.5934190664925505
3.59341906649255
3.593419066492551
3.5934190664925505
3.5934190664925514
3.5934190664925505
3.593419066492551
3.59341906649255
3.5934190664925505
3.6666114742645495
3.66661147426455
3.5344953852616112
3.5207848872903638
3.5093516345754106
3.500183465911112
3.4932585354698573
3.4885456561330166
3.486004712536583
3.485587134144248
3.4872364176928277
3.490888689613644
3.4964733007516333
3.503913447173072
3.5131268120359866
3.5240262240151403
3.53652032787242
3.550514262356199
3.565910339799948
3.582608720941704
3.600508077045055
3.6195062292923357
3.6395007453591606
3.6603893778217955
3.6820734180993204
3.550485316813269
3.715389164767116
3.726392676666943
3.7374096257787865
3.7483922249905235
3.75929498489765
3.7700745429409914
3.780689474497794
3.7911000944664095
3.801268252572422
3.8111571243353097
3.8207309988258933
3.829955063937564
3.838795189371568
3.847217707147998
3.855189189113981
3.8626762205056453
3.8696451682763584
3.876061942560705
3.881891749150973
3.887098830496404
3.891646191932784
3.895495308127057
3.898605791767805
3.9009354133090044
3.704449272231486
3.9009793807976703
3.8986051350268696
3.8953606316305303
3.891285268504483
3.8864169282238614
3.880792296410674
3.874447160118349
3.8674166897164466
3.8597357074496763
3.8514389454113847
3.842561295187658
3.833138050985582
3.823205147663773
3.8127993946837595
3.8019587065665017
3.790722330061077
3.7791310677895886
3.767227497606371
3.755056186519552
3.7426638973572
3.7300997859000407
3.7174155855623328
3.7046657765719537
3.691907740320907
3.6792017500246166
3.9024421167307204
3.6535790297427
3.640827539246126
3.6284300748787564
3.6164626996418625
3.605004308751965
3.5941363837994267
3.5839426635277762
3.5745087268217364
3.5659214843987153
3.55826857760948
3.5516376857158454
3.5461157461338426
3.5417880960923123
3.538737548099174
3.5370434158748214
3.5367805113914232
3.5380181373544564
3.540819102256471
3.5452387870875763
3.5513242931847446
3.5591136996480666
3.5686354547908006
3.579907907467766
3.558585579507971
3.558585579507971
3.55858557950797
3.558585579507971
3.5585855795079704
3.5585855795079704
3.5585855795079704
3.558585579507971
3.55858557950797
3.55858557950797
3.55858557950797
3.5585855795079704
3.5585855795079704
3.5585855795079704
3.55858557950797
3.5585855795079704
3.558585579507971
3.5585855795079704
3.5585855795079713
3.5585855795079704
3.5585855795079704
3.5585855795079704
3.558585579507971
3.5585855795079704
3.5585855795079713
3.5585855795079704
3.5585855795079704
3.558585579507971
3.55858557950797
3.5585855795079704
3.5585855795079704
3.558585579507971
3.5585855795079704
3.5585855795079704
3.558585579507971
3.5585855795079704
3.5585855795079704
3.5585855795079704
3.558585579507971
3.5585855795079704
3.593419066492551
3.61405684336568
3.6247895371501793
3.6347423731292703
3.6439518532923088
3.6524518529742305
3.6602738866518787
3.6674473428590635
3.6739996925366087
3.679956674496082
3.6853424610314987
3.690179806338842
3.694490179934558
3.6982938870145583
3.7016101773274706
3.704457344050445
3.706852813799976
3.7088132288865934
3.7103545227070778
3.711491989052689
3.712240346069427
3.7126137954361305
3.7126260773099293
3.712290521525754
3.711620095404357
3.710627448612711
3.7093249552988423
3.707724753874745
3.705838784605312
3.703678825287615
3.7012565251278313
3.6985834370235375
3.6956710482763993
3.6925308096046163
3.6891741612651754
3.6856125448745196
3.6818577361062896
3.602504861209733
3.672315029505216
3.6666318871863632
3.6608842279712857
3.655084832513911
3.6492466053913124
3.6433826045998394
3.6375060614683083
3.6316303975286672
3.6257692396747903
3.6199364338497317
3.614146057295075
3.6084124292717688
3.6027501201949406
3.597173958994344
3.591699038619741
3.586340719489636
3.581114630742403
3.576036669126427
3.571122995336611
3.566390027643403
3.561854432616675
3.5575331127907592
3.553443191096843
3.5496019918798236
3.546027018372451
3.5427359264305434
3.539746494300658
3.5370765878906396
3.5347441199561613
3.5327669951208196
3.53116296886463
3.529951486533891
3.677920899232142
3.5272053465147515
3.52562675712299
3.5244296108359388
3.5236313103794235
3.523248858060223
3.523298784218911
3.523797077066851
3.524759112745207
3.5261995858124133
3.528132440807703
3.5305708054882046
3.533526926513498
3.537012108220907
3.541036655269257
3.5456098197703567
3.550739753609615
3.5564334665530692
3.562696790634739
3.569534351371703
3.576949546126956
3.5849445299523977
3.5935202090747107
3.602676242116805
3.6124110489540646
3.6227218269020454
3.6336045732224087
3.6450541098419142
3.657064076980877
3.5900150028920055
3.6696848410791847
3.669684841079184
3.6696848410791842
3.669684841079184
3.6696848410791842
3.6696848410791842
3.6696848410791842
3.6696848410791842
3.6696848410791842
3.6696848410791842
3.6696848410791842
3.6696848410791842
3.6696848410791842
3.6696848410791842
3.6696848410791847
3.6696848410791842
3.6696848410791842
3.6696848410791842
3.6696848410791842
3.6696848410791842
3.6696848410791847
3.6696848410791847
3.6696848410791842
3.6696848410791842
3.6696848410791847
3.6696848410791842
3.6696848410791847
3.669684841079184
3.6696848410791842
3.6696848410791842
3.6696848410791847
3.6696848410791842
3.669684841079184
3.6696848410791847
3.6696848410791842
3.669684841079184
3.6696848410791847
3.6696848410791842
3.5291476650498472
3.529147665049847
3.6035290340690556
3.6041082244598375
3.6043101632111
3.604199888324885
3.603839839935831
3.6032899050808385
3.602607413921901
3.6018470938337512
3.60106098841752
3.600298348720804
3.5996055043032626
3.599025721927544
3.5985990598569293
3.598362225627559
3.5983484451013372
3.598587350019435
3.5991048907592136
3.599923280032307
3.601060972164528
3.6025326813825496
3.6043494410525545
3.606518704419524
3.609044485952945
3.6119275409638965
3.6151655800764755
3.618753513936081
3.6226837229452165
3.626946346121136
3.6315295830946233
3.636420003187089
3.641602856056606
3.647062379317434
3.652782101574625
3.6587451532131205
3.6649347303213036
3.6713304732145597
3.602504861209733
3.6733384157994675
3.6686183483536077
3.6637726188570214
3.6588133640437754
3.653752908335321
3.6486037762122985
3.643378708558263
3.6380906789194416
3.632752908889626
3.6273788822798347
3.621982357911043
3.616577380862823
3.611178292086429
3.605799736177306
3.600456667217393
3.595164352480604
3.5899383738576534
3.584794626835464
3.579749316838274
3.5748189527775733
3.570020337615764
3.5653705557948365
3.5608869573656925
3.5565871386534873
3.5524889193699414
3.5486103160634883
3.54496951190228
3.5415848229271165
3.538474661625184
3.5356575019184646
3.53315188323696
3.5309753975660905
3.677920899232142
3.5268440954707643
3.5249289190885023
3.5234198650976634
3.5223343871291855
3.521689540387878
3.5215019052604912
3.5217875159188643
3.5225617899499855
3.523839458657909
3.525634498531909
3.527960064427269
3.53082842521286
3.534250902520233
3.538237813367786
3.5427984172769698
3.5479408685802385
3.553672174516512
3.5599981596059056
3.566923436847818
3.574451386056319
3.5825841396531697
3.5913225760556866
3.6006663206924494
3.610613754391298
3.6211620283720762
3.63230708313034
3.6440436586151335
3.6563651861898028
3.5900150028920055
3.5900150028920055
3.5900150028920055
3.5900150028920055
3.5900150028920055
3.590015002892006
3.590015002892005
3.590015002892005
3.590015002892006
3.5900150028920055
3.5900150028920055
3.5900150028920055
3.5900150028920055
3.5900150028920055
3.5900150028920055
3.5900150028920055
3.590015002892006
3.5900150028920055
3.5900150028920055
3.5900150028920055
3.5900150028920055
3.5900150028920055
3.5900150028920055
3.590015002892006
3.5900150028920055
3.5900150028920055
3.5900150028920055
3.5900150028920055
3.5900150028920055
3.5900150028920055
3.590015002892006
3.5900150028920055
3.5900150028920055
3.5900150028920055
3.5900150028920055
3.5900150028920055
3.590015002892006
3.590015002892006
3.590015002892006
3.5900150028920055
3.6696848410791842
16.8717193491001
0.0
0.0
0.0
0.0
0.0
0.0
0.0
0.0
0.0
0.0
0.0
0.0
0.0
0.0
0.0
0.0
0.0
0.0
0.0
0.0
0.0
0.0
0.0
0.0
0.0
0.0
0.0
0.0
16.8717193491001
0.0
0.0
0.0
0.0
0.0
0.0
0.0
0.0
0.0
0.0
0.0
0.0
0.0
0.0
0.0
0.0
0.0
0.0
0.0
0.0
0.0
0.0
0.0
0.0
0.0
0.0
0.0
0.0
0.0
0.0
0.0
0.0
0.0
0.0
0.0
0.0
0.0
0.0
0.0
0.0
0.0
0.0
0.0
0.0
0.0
0.0
0.0
0.0
0.0
0.0
0.0
0.0
0.0
0.0
0.0
0.0
0.0
0.0
0.0
0.0
0.0
0.0
0.0
0.0
0.0
0.0
0.0
0.0
0.0
0.0
0.0
0.0
0.0
0.0
0.0
0.0
0.0
0.0
0.0
0.0
0.0
0.0
0.0
0.0
0.0
0.0
0.0
0.0
0.0
54.57279027135969
59.08841636892468
59.08841636892459
63.82982377136815
63.82982377136792
68.80830154393361
68.80830154393371
74.03570320512716
0.0
0.0
0.0
0.0
0.0
0.0
0.0
0.0
0.0
0.0
0.0
0.0
16.87171934910012
46.55682384162896
47.38392862340387
48.13949113351673
48.82596020757906
49.44577323482588
50.001356565356346
50.49512598641961
50.929487217493524
51.30683641053895
51.62956065386651
47.515763365926894
52.120640369700716
52.293729270207095
52.42166109922748
52.50678526125972
48.112142225254914
52.55797871865845
57.18797116771529
43.81287694154758
57.017492020077576
56.88392581339614
56.721508074601395
56.532760092114444
56.32020112796227
51.51684871470787
60.61008440879975
60.31819376918593
50.77821788514882
16.87171934910012
45.570163990199234
53.42766691658128
48.41054485260503
52.02319802853851
51.38627259190829
50.796158082369644
54.554268971297056
54.02258772624866
57.979650252208025
57.53155567229402
52.7830896817437
61.399941806105545
61.14054535973168
56.43237392789691
65.60963814766272
60.848743877593606
60.9215725072464
56.54624286268061
52.442118010235724
52.740440107198864
48.93446756295167
49.358103491785165
49.852971278088354
59.692391374962554
50.268754149051965
46.082604622166706
46.035374130771956
46.02966096134114
46.063671007513236
42.2383514577034
42.33754137735173
42.468510617625526
42.62980411394371
42.81998406746721
43.03761786105979
39.47787701814915
39.72251244083168
39.98818791351532
40.27350694924765
40.57702446593966
40.89723695699026
41.23257307512457
41.58138466978743
41.941938299510916
42.31240719962258
42.69086347585358
43.0752683151784
43.46352346506151
46.309212912496385
48.17908353049649
48.25478031955553
48.303331210166114
48.32276605154558
48.311111186372784
48.266388719792594
48.18661588376813
48.06980442434256
52.33497667534549
52.11993228348652
51.857874039688085
51.546599686480555
51.18389770075208
50.76754664688282
50.29531453783934
49.76495820290224
53.5359340233824
52.824597569702824
52.042575748951045
51.1873745876488
51.1873745876488
0.0
0.0
0.0
0.0
0.0
0.0
0.0
0.0
0.0
0.0
0.0
0.0
0.0
0.0
0.0
0.0
0.0
0.0
0.0
0.0
40.89045911661223
40.890459116612234
37.2971649262756
44.66341801646576
40.890459116612185
37.297164926275585
40.89045911661221
40.89045911661221
44.66341801646572
44.663418016465705
48.62502486131189
48.62502486131187
52.78471204840032
61.73843871860829
66.55379659856159
71.60992237251259
0.0
0.0
0.0
1.2177093019391643
0.0
0.0
0.0
0.0
0.0
0.0
0.0
0.0
0.0
0.0
0.0
0.0
0.0
0.0
0.0
0.0
0.0
0.0
0.0
0.0
0.0
0.0
0.0
0.0
0.0
0.0
0.0
0.0
1.0
0.0
0.0
0.0
0.0
0.0
0.0
0.0
0.0
0.0
0.0
0.0
0.0
0.0
0.0
0.0
0.0
0.0
0.0
0.0
0.0
0.0
0.0
0.0
0.0
0.0
0.0
0.0
0.0
0.0
0.0
0.0
0.0
0.0
0.0
0.0
0.0
0.0
0.0
0.0
0.0
0.0
0.0
0.0
0.0
0.0
0.0
0.0
0.0
0.0
0.0
0.0
0.0
0.0
0.0
0.0
0.0
0.0
0.0
0.0
0.0
0.0
0.0
0.0
0.0
0.0
0.0
0.0
0.0
0.0
0.0
0.0
0.0
0.0
0.0
0.0
0.0
0.0
0.0
0.0
0.0
0.0
0.0
0.0
0.0
0.0
0.0
0.0
0.0
0.0
1.5938822208246308
1.6010806144112546
1.6226757951711255
1.6298741887577493
1.658667763104244
1.6658661566908677
1.680262943864115
1.8314292091832123
0.0
0.0
0.0
0.0
0.0
0.0
0.0
0.0
0.0
0.0
0.0
0.0
1.221462910593288
1.487836045404748
0.9294060802398902
0.9294060802398902
0.9294060802398902
0.9294060802398902
0.9294060802398902
0.9294060802398902
0.9294060802398902
0.9294060802398902
0.9294060802398902
1.6245470628873573
0.9294060802398902
1.641489603629784
1.6527846307914014
0.9294060802398902
1.6697271715338275
1.6810221986954452
1.686669712276254
1.6979647394378716
0.9294060802398902
0.9294060802398902
0.9294060802398902
0.9294060802398902
0.9294060802398902
1.825033795006069
0.9294060802398902
1.8278575517964735
1.8278575517964735
1.0037536086541234
1.8321611130015616
1.83646467420665
1.83646467420665
1.8407682354117378
1.8407682354117378
1.8450717966168262
1.8493753578219143
1.8493753578219143
1.8536789190270024
1.7018581246239861
1.6982589278306741
1.6946597310373623
1.6946597310373623
1.6910605342440506
1.6874613374507388
0.9280160641337631
1.1655630524923446
1.0143967871732473
1.0287935743464947
0.9280160641337631
0.9280160641337631
0.9280160641337631
1.093579116626108
0.9294060802398902
1.1223726909726026
1.13676947814585
1.1511662653190973
1.3455228921579367
1.1727614460789684
0.9280160641337631
1.1943566268388395
1.2087534140120868
1.2159518075987104
1.2303485947719577
1.2375469883585815
1.2519437755318288
1.2591421691184526
1.2735389562916999
1.2807373498783234
1.3023325306381945
1.3023325306381945
1.3167293178114419
1.3239277113980656
1.338324498571313
1.3527212857445603
1.365769480364929
1.3846674760190427
1.4098648035578611
0.9280160641337631
1.4161641354425658
1.4224634673272702
1.428762799211975
1.441361462981384
1.4539601267507933
1.4665587905202024
1.4859063170252758
1.4931047106118993
1.5003031041985229
1.5003031041985229
1.5075014977851469
1.5290966785450177
1.5362950721316415
1.5362950721316415
0.9280160641337631
0.9280160641337631
1.5506918593048888
1.5650886464781362
1.5650886464781362
0.9280160641337631
0.9280160641337631
0.0
0.0
0.0
0.0
0.0
0.0
0.0
0.0
0.0
0.0
0.0
0.0
0.0
0.0
0.0
0.0
0.0
0.0
0.0
0.0
1.2146055160707336
1.175072921005072
1.1468353531010282
1.1129502716161757
0.9294060802398902
1.0395325950656615
1.0056475135808087
1.709259766599489
1.7120835233898934
1.7149072801802978
1.7177310369707022
1.7233785505515111
1.7262023073419155
1.7290260641323199
1.7318498209227242
1.7346735777131286
0.0
0.0
0.0
