16.8717193491001
0.0
0.0
0.0
0.0
0.0
0.0
0.0
0.0
0.0
0.0
0.0
0.0
0.0
0.0
0.0
0.0
0.0
0.0
0.0
0.0
0.0
0.0
0.0
0.0
0.0
0.0
0.0
0.0
16.8717193491001
0.0
0.0
0.0
0.0
0.0
0.0
0.0
0.0
0.0
0.0
0.0
0.0
0.0
0.0
0.0
0.0
0.0
0.0
0.0
0.0
0.0
0.0
0.0
0.0
0.0
0.0
0.0
0.0
0.0
0.0
0.0
0.0
0.0
0.0
0.0
0.0
0.0
0.0
0.0
0.0
0.0
0.0
0.0
0.0
0.0
0.0
0.0
0.0
0.0
0.0
0.0
0.0
0.0
0.0
0.0
0.0
0.0
0.0
0.0
0.0
0.0
0.0
0.0
0.0
0.0
0.0
0.0
0.0
0.0
0.0
0.0
0.0
0.0
0.0
0.0
0.0
0.0
0.0
0.0
0.0
0.0
0.0
0.0
0.0
0.0
0.0
0.0
0.0
0.0
54.57279027135969
59.08841636892468
59.08841636892459
63.82982377136815
63.82982377136792
68.80830154393361
68.80830154393371
74.03570320512716
0.0
0.0
0.0
0.0
0.0
0.0
0.0
0.0
0.0
0.0
0.0
0.0
16.87171934910012
46.55682384162896
47.38392862340387
48.13949113351673
48.82596020757906
49.44577323482588
50.001356565356346
50.49512598641961
50.929487217493524
51.30683641053895
51.62956065386651
47.515763365926894
52.120640369700716
52.293729270207095
52.42166109922748
52.50678526125972
48.112142225254914
52.55797871865845
57.18797116771529
43.81287694154758
57.017492020077576
56.88392581339614
56.721508074601395
56.532760092114444
56.32020112796227
51.51684871470787
60.61008440879975
60.31819376918593
50.77821788514882
16.87171934910012
45.570163990199234
53.42766691658128
48.41054485260503
52.02319802853851
51.38627259190829
50.796158082369644
54.554268971297056
54.02258772624866
57.979650252208025
57.53155567229402
52.7830896817437
61.399941806105545
61.14054535973168
56.43237392789691
65.60963814766272
60.848743877593606
60.9215725072464
56.54624286268061
52.442118010235724
52.740440107198864
48.93446756295167
49.358103491785165
49.852971278088354
59.692391374962554
50.268754149051965
46.082604622166706
46.035374130771956
46.02966096134114
46.063671007513236
42.2383514577034
42.33754137735173
42.468510617625526
42.62980411394371
42.81998406746721
43.03761786105979
39.47787701814915
39.72251244083168
39.98818791351532
40.27350694924765
40.57702446593966
40.89723695699026
41.23257307512457
41.58138466978743
41.941938299510916
42.31240719962258
42.69086347585358
43.0752683151784
43.46352346506151
46.309212912496385
48.17908353049649
48.25478031955553
48.303331210166114
48.32276605154558
48.311111186372784
48.266388719792594
48.18661588376813
48.06980442434256
52.33497667534549
52.11993228348652
51.857874039688085
51.546599686480555
51.18389770075208
50.76754664688282
50.29531453783934
49.76495820290224
53.5359340233824
52.824597569702824
52.042575748951045
51.1873745876488
51.1873745876488
0.0
0.0
0.0
0.0
0.0
0.0
0.0
0.0
0.0
0.0
0.0
0.0
0.0
0.0
0.0
0.0
0.0
0.0
0.0
0.0
40.89045911661223
40.890459116612234
37.2971649262756
44.66341801646576
40.890459116612185
37.297164926275585
40.89045911661221
40.89045911661221
44.66341801646572
44.663418016465705
48.62502486131189
48.62502486131187
52.78471204840032
61.73843871860829
66.55379659856159
71.60992237251259
0.0
0.0
0.0
