1.2177093019391643
0.0
0.0
0.0
0.0
0.0
0.0
0.0
0.0
0.0
0.0
0.0
0.0
0.0
0.0
0.0
0.0
0.0
0.0
0.0
0.0
0.0
0.0
0.0
0.0
0.0
0.0
0.0
0.0
1.0
0.0
0.0
0.0
0.0
0.0
0.0
0.0
0.0
0.0
0.0
0.0
0.0
0.0
0.0
0.0
0.0
0.0
0.0
0.0
0.0
0.0
0.0
0.0
0.0
0.0
0.0
0.0
0.0
0.0
0.0
0.0
0.0
0.0
0.0
0.0
0.0
0.0
0.0
0.0
0.0
0.0
0.0
0.0
0.0
0.0
0.0
0.0
0.0
0.0
0.0
0.0
0.0
0.0
0.0
0.0
0.0
0.0
0.0
0.0
0.0
0.0
0.0
0.0
0.0
0.0
0.0
0.0
0.0
0.0
0.0
0.0
0.0
0.0
0.0
0.0
0.0
0.0
0.0
0.0
0.0
0.0
0.0
0.0
0.0
0.0
0.0
0.0
0.0
0.0
1.5938822208246308
1.6010806144112546
1.6226757951711255
1.6298741887577493
1.658667763104244
1.6658661566908677
1.680262943864115
1.8314292091832123
0.0
0.0
0.0
0.0
0.0
0.0
0.0
0.0
0.0
0.0
0.0
0.0
1.221462910593288
1.487836045404748
0.9294060802398902
0.9294060802398902
0.9294060802398902
0.9294060802398902
0.9294060802398902
0.9294060802398902
0.9294060802398902
0.9294060802398902
0.9294060802398902
1.6245470628873573
0.9294060802398902
1.641489603629784
1.6527846307914014
0.9294060802398902
1.6697271715338275
1.6810221986954452
1.686669712276254
1.6979647394378716
0.9294060802398902
0.9294060802398902
0.9294060802398902
0.9294060802398902
0.9294060802398902
1.825033795006069
0.9294060802398902
1.8278575517964735
1.8278575517964735
1.0037536086541234
1.8321611130015616
1.83646467420665
1.83646467420665
1.8407682354117378
1.8407682354117378
1.8450717966168262
1.8493753578219143
1.8493753578219143
1.8536789190270024
1.7018581246239861
1.6982589278306741
1.6946597310373623
1.6946597310373623
1.6910605342440506
1.6874613374507388
0.9280160641337631
1.1655630524923446
1.0143967871732473
1.0287935743464947
0.9280160641337631
0.9280160641337631
0.9280160641337631
1.093579116626108
0.9294060802398902
1.1223726909726026
1.13676947814585
1.1511662653190973
1.3455228921579367
1.1727614460789684
0.9280160641337631
1.1943566268388395
1.2087534140120868
1.2159518075987104
1.2303485947719577
1.2375469883585815
1.2519437755318288
1.2591421691184526
1.2735389562916999
1.2807373498783234
1.3023325306381945
1.3023325306381945
1.3167293178114419
1.3239277113980656
1.338324498571313
1.3527212857445603
1.365769480364929
1.3846674760190427
1.4098648035578611
0.9280160641337631
1.4161641354425658
1.4224634673272702
1.428762799211975
1.441361462981384
1.4539601267507933
1.4665587905202024
1.4859063170252758
1.4931047106118993
1.5003031041985229
1.5003031041985229
1.5075014977851469
1.5290966785450177
1.5362950721316415
1.5362950721316415
0.9280160641337631
0.9280160641337631
1.5506918593048888
1.5650886464781362
1.5650886464781362
0.9280160641337631
0.9280160641337631
0.0
0.0
0.0
0.0
0.0
0.0
0.0
0.0
0.0
0.0
0.0
0.0
0.0
0.0
0.0
0.0
0.0
0.0
0.0
0.0
1.2146055160707336
1.175072921005072
1.1468353531010282
1.1129502716161757
0.9294060802398902
1.0395325950656615
1.0056475135808087
1.709259766599489
1.7120835233898934
1.7149072801802978
1.7177310369707022
1.7233785505515111
1.7262023073419155
1.7290260641323199
1.7318498209227242
1.7346735777131286
0.0
0.0
0.0
