80.0792512389 9.9291378564
82.4362509298 30.3150184489
84.7989168199 30.7328991312
87.1670939871 31.181054286
89.5406275091 31.6577582955
91.9193624636 32.1612855423
94.3031439283 32.6899104088
96.691816981 33.2419072774
99.0852266993 33.8155505305
101.483218161 34.4091145507
103.885636444 35.0208737204
106.292326625 35.6491024219
108.703133783 36.2920750377
111.117902996 36.9480659504
113.53647934 37.6153495422
115.958707894 38.2922001958
118.384433735 38.9768922934
120.813501942 39.6677002175
123.245757591 40.3628983507
125.681045761 41.0607610753
128.119211529 41.7595627737
130.560099973 42.4575778285
133.003556171 43.153080622
135.4494252 43.8443455367
137.897552138 44.529646955
140.347782063 45.2072592595
142.799960053 45.8754568324
145.253931185 46.5325140563
147.709540537 47.1767053136
150.166633187 47.8063049867
152.625054212 48.4195874582
155.084648691 49.0148271103
157.5452617 49.5902983257
160.006738318 50.1442754866
162.468923622 50.6750329756
164.931662691 51.180845175
167.394800601 51.6599864675
169.85818243 52.1107312353
172.321653257 52.5313538609
174.785058159 52.9201287267
177.248242213 53.2753302153
179.711050498 53.595232709
182.17332809 53.8781105903
184.634920069 54.1222382416
187.095671511 54.3258900454
189.555427494 54.4873403841
192.014033096 54.6048636402
194.471333395 54.676734196
196.927173468 54.7012264341
199.381398394 54.6766147369
201.833853929 54.6011939764
204.284427336 54.4745095806
206.733070618 54.2980576144
209.179741392 54.0735033824
211.624397277 53.802512189
214.066995893 53.486749339
216.507494857 53.1278801369
218.945851789 52.7275698872
221.382024307 52.2874838945
223.81597003 51.8092874635
226.247646577 51.2946458987
228.677011566 50.7452245046
231.104022616 50.1626885859
233.528637346 49.5487034471
235.950813375 48.9049343928
238.370508321 48.2330467276
240.787679802 47.534705756
243.202285438 46.8115767827
245.614282848 46.0653251122
248.023629649 45.2976160491
250.430283462 44.5101148979
252.834201903 43.7044869633
255.235342593 42.8823975498
257.63366315 42.0455119621
260.029121192 41.1954955045
262.421674339 40.3340134819
264.811280208 39.4627311987
267.19789642 38.5833139595
269.581480591 37.6974270689
271.961990342 36.8067358314
274.33938329 35.9129055517
276.713617055 35.0176015343
279.084649256 34.1224890838
281.45243751 33.2292335048
283.816939437 32.3395001018
286.178112655 31.4549541795
288.535914783 30.5772610424
290.89030344 29.708085995
293.241236244 28.8490943421
295.588670815 28.001951388
297.93256477 27.1683224375
300.272875729 26.3498727951
302.609561311 25.5482677653
304.942579133 24.7651726528
307.271886815 24.0022527622
309.597441976 23.2611733979
311.919202233 22.5435998646
314.237125207 21.8511974669
316.551168515 21.1856315093
318.861289776 20.5485672965
321.1674466 19.9416701329
