-20.917097362 39.498376335
-20.2790038481 140.576759353
-19.6283998286 141.639050029
-18.9654441452 142.685411983
-18.2902956398 143.716008831
-17.6031131542 144.731004194
-16.90405553 145.730561689
-16.1932816091 146.714844935
-15.4709502333 147.68401755
-14.7372202444 148.638243152
-13.9922504841 149.577685361
-13.2361997942 150.502507793
-12.4692270165 151.412874069
-11.6914909928 152.308947806
-10.9031505649 153.190892623
-10.1043645745 154.058872138
-9.29529186345 154.913049969
-8.47609127351 155.753589735
-7.64692164647 156.580655055
-6.8079418241 157.394409547
-5.9593106482 158.195016828
-5.10118696053 158.982640519
-4.23372960289 159.757444237
-3.35709741706 160.5195916
-2.47144924481 161.269246227
-1.57694392794 162.006571736
-0.673740308216 162.731731746
0.238002772573 163.444889876
1.15812647264 164.146209743
2.08647195022 164.835854966
3.02288036351 165.513989164
3.96719287074 166.180775955
4.91925063012 166.836378957
5.87889479988 167.480961789
6.84596653823 168.114688069
7.82030700338 168.737721415
8.80175735356 169.350225447
9.79015874699 169.952363782
10.7853523419 170.54430004
11.7871792964 171.126197837
12.7954807689 171.698220793
13.8100979175 172.260532527
14.8308719004 172.813296656
15.8576438759 173.356676799
16.8902550021 173.890836574
17.9285464373 174.415939601
18.9723593397 174.932149496
20.0215348676 175.43962988
21.0759141791 175.93854437
22.1353384324 176.429056584
23.1996487859 176.911330141
24.2686863976 177.38552866
25.3422924258 177.851815758
26.4203080288 178.310355055
27.5025743647 178.761310169
28.5889325917 179.204844718
29.6792238682 179.64112232
30.7732893522 180.070306594
31.8709702021 180.492561159
32.972107576 180.908049632
34.0765426322 181.316935633
35.1841165288 181.71938278
36.2946704242 182.115554691
37.4080454764 182.505614984
38.5240828438 182.889727278
39.6426236845 183.268055192
40.7635091567 183.640762343
41.8865804188 184.008012351
43.0116786288 184.369968833
44.1386449451 184.726795408
45.2673205258 185.078655695
46.3975465292 185.425713312
47.5291641134 185.768131878
48.6620144367 186.10607501
49.7959386573 186.439706327
50.9307779334 186.769189448
52.0663734233 187.094687991
53.2025662851 187.416365575
54.3391976771 187.734385817
55.4761087575 188.048912337
56.6131406845 188.360108753
57.7501346164 188.668138683
58.8869317113 188.973165745
60.0233731274 189.275353559
61.159300023 189.574865742
62.2945535564 189.871865913
63.4289748856 190.16651769
64.562405169 190.458984692
65.6946855648 190.749430537
66.8256572311 191.038018844
67.9551613262 191.324913231
69.0830390083 191.610277316
70.2091314357 191.894274719
71.3332797665 192.177069056
72.4553251589 192.458823947
73.5751087713 192.739703011
74.6924717617 193.019869865
75.8072552884 193.299488128
76.9193005097 193.578721418
78.0284485837 193.857733355
79.134540668 194.136687555
