0.03749700721022009 -34.60604882736382
0.04579332707305639 -34.438809770842255
0.054118660426922816 -34.32624809825475
0.06249435974888229 -34.266124254608826
0.07094971394545269 -34.256198684614986
0.07951471216870232 -34.2942318386433
0.08821823940044737 -34.37798417470583
0.09708748118174526 -34.505216158508404
0.10614769400814339 -34.67368826367388
0.11542211295153493 -34.881160971617106
0.12493192294098776 -35.12539477171492
0.13469626972675997 -35.40415016065802
0.14473230789155878 -35.715187642328715
0.15505529892382697 -36.05626772698179
0.16567879425636534 -36.425150929876736
0.1766149828347352 -36.819597769317596
0.18787539163758993 -37.23736876112875
0.19947243084925503 -37.67622440935938
0.21142325993017153 -38.13392517909378
0.22376138852899885 -38.608231419481825
0.23658308263719618 -39.09690305146276
0.25037221082436645 -39.59769738433522
0.26165331443294804 -40.10839832976629
0.02926696263969575 -34.830204780248465
0.501954728522378 -41.133358843179025
0.737404263274243 -41.64269443738294
0.978852063129807 -42.152518717577436
1.2261435518764188 -42.660595587983636
1.4791453711875988 -43.164692217027465
1.73769502226736 -43.662579376090434
2.0015882793828723 -44.15203152308419
2.270574998334439 -44.630826830315385
2.544357444953846 -45.09674719423688
2.822589542329183 -45.547578239801226
3.1048765041277875 -45.98110932017539
3.3907746514245787 -46.395133515192896
3.6797913296512093 -46.78744762735127
3.971384893006814 -47.15585217389943
4.264964751887874 -47.49815137411298
4.5598915044102455 -47.81215312616888
4.855477214566633 -48.09566896356162
5.150985993754716 -48.34651396924218
5.445635299554226 -48.56250658424551
5.738599199423049 -48.74146813170151
6.029018176783552 -48.88122138683519
6.316038371531192 -48.97958485688929
6.599086287462967 -49.034332742652055
6.874175472380898 -49.043733236614884
0.2730317798436488 -40.62674892678288
7.07402383249223 -48.94809338683942
6.999842728337683 -48.84562811672154
6.920008435657621 -48.70043203176877
6.834909651480132 -48.514811549443976
6.7449835298328935 -48.29106585196948
6.650673232224847 -48.03149307356367
6.552417317010622 -47.73839184679784
6.450646204763302 -47.414061818158956
6.3457807671903765 -47.06080385353488
6.238231689498548 -46.68092013132292
6.128399156737601 -46.276714188594156
6.016672692158238 -45.85049094491316
5.9034310755260435 -45.40455671468405
5.789042310464993 -44.941219213050175
5.673863629963364 -44.46278755612698
5.558241543410816 -43.971572256276005
5.442511944990827 -43.4698852108163
5.327000333487888 -42.96003967642852
5.212022266397867 -42.44435021817324
5.097884370078987 -41.92513259365191
4.984886875010545 -41.404703463635116
4.873331230336191 -40.88537952095325
4.763550571885673 -40.36947400724887
4.656123011513046 -39.85927232367774
4.548984351468505 -39.357362182863255
7.142508665720754 -49.005470878890776
4.548623554132632 -38.354124657247354
4.651331612255319 -37.85819530935447
4.7524494135233795 -37.38039646782403
4.852431858061095 -36.923013598085674
4.951818842971079 -36.48832035730237
5.051202312178987 -36.078582361322475
5.151218026028516 -35.69605812546635
5.252542826697095 -35.34299937512239
5.355893556444016 -35.0216511684373
5.462026582002466 -34.73425194720906
5.57173757997316 -34.48303355864704
5.6858614546801505 -34.27022125828117
5.805272342466992 -34.098033701089264
5.930883695323985 -33.9686829176749
6.063648468462361 -33.88437426968176
6.204559480281887 -33.84730636720511
6.354650103383904 -33.859670913977396
6.514995662870604 -33.923652394559866
6.686716525856582 -34.04142738633786
6.870985835792169 -34.21516283637345
7.069052725680592 -34.44701089196349
7.282335181677581 -34.73908822179084
7.513070103600228 -35.09333126071496
-2.461176375942756 -35.02713612670448
13.895445461504664 -33.598116924354
15.884446561010861 -32.70475841351845
17.8422519035592 -31.67918737035646
19.752389205290967 -30.524743833796833
21.598859986649757 -29.24732659087519
23.366645624982766 -27.855282042598134
25.042178012107968 -26.359176501668458
26.613744067813514 -24.771465280219843
28.071799015188674 -23.106080703725297
29.409171591093468 -21.377967437570703
30.62115406303633 -19.602596493424272
31.70547970724965 -17.795488809509948
32.66219902584601 -15.971775738227649
33.49347251160037 -14.145817917352247
34.20330171058947 -12.330896866432795
34.79722163847566 -10.538986273784474
35.281976601282054 -8.780603199256973
35.665198723594926 -7.064733925824697
31.522421430053726 18.117776150021996
32.51543809762228 16.26847106386799
33.41749497275532 14.324381144820421
34.2160560605933 12.295461483594238
34.89991480897396 10.193763375837932
35.4596218271177 8.033186498147131
35.88785464342578 5.8291298260168105
36.17970204871955 3.5980585184366305
36.33284166511572 1.3570121494839498
36.34759807877737 -0.8769146708070537
36.22687905384436 -3.0870859162562283
35.97599762643961 -5.257799940909223
35.602396897806386 -7.374700032359158
35.11530101366276 -9.425099477250626
34.52531949722123 -11.398209466885959
33.844032682118325 -13.285266924225596
33.083583825667574 -15.079567191608646
32.25629926245722 -16.77641270734054
31.37435252954873 -18.372992918624107
30.449482591076105 -19.868212686901842
4.444186026883017 -38.86586085986713
28.9895648439429 26.2661580742012
-2.3320114140453825 34.19829458506092
-1.3659851552325506 33.783351217303476
-0.4098587009980861 33.42407528549322
0.5408653754798536 33.11711168732873
1.4904461476055815 32.85917122021951
2.442897202272178 32.647029897595786
3.4019848593856636 32.477528776468404
4.37122758192757 32.34757389684424
5.353895744747518 32.25413625437204
6.353011536036973 32.19425178314526
7.37134891759996 32.16502134080642
8.41143361758131 32.16361069010139
9.475543148733777 32.18725047329724
10.565706856267667 32.23323617090918
11.683706012532554 32.2989280308754
12.831074000259264 32.38175093855526
14.009096683525541 32.47919415615405
15.218813228437085 32.58881075276497
16.461018156188487 32.70821617678706
17.736267506115183 32.835083978085265
19.04490348816438 32.967128693930846
20.387227053090896 33.10198605479317
21.761179147268592 33.238822593228235
-3.312623310649002 34.67233116464615
23.83672129659928 33.45042474736712
24.51740099385472 33.51950623356527
25.20822830531722 33.58017585702254
25.90781454737578 33.6306860823253
26.614727764126656 33.66934061285775
27.32746597484902 33.69451296219583
28.044450486214828 33.70465109558148
28.764023664196657 33.69827897655463
29.48444804338709 33.67399718391499
30.203905923967 33.63048319131423
30.920499171172708 33.56649150413884
31.63224911011247 33.48085373066448
32.337096469234666 33.37247861810019
33.03290135165548 33.2403520665068
33.71744322692672 33.08353712566546
34.38842094203807 32.90117397130177
35.04345275957468 32.69247984810693
35.68007644844056 32.45674894747975
36.29574949227725 32.193352129573356
36.887849621277894 31.90173622385703
37.45367641458887 31.58142192351724
37.9904577190357 31.231995356490785
38.495394595744244 30.85304907391523
38.96505893978855 30.444972923221655
23.167721901031 33.374600171824426
39.24089622573416 30.09217977304985
39.04927985132139 30.148906921721874
38.82413311791328 30.178596713515418
38.567551161299434 30.182381605271843
38.28161927062723 30.161404829469944
37.96840594402886 30.116829512019137
37.629961152874785 30.049840950939796
37.26831576410939 29.96164737544467
36.885481309634145 29.85348024844336
36.48344988259498 29.726594403010665
36.064194087034025 29.582268109247735
35.62966701251128 29.421803108057958
35.18180222233195 29.246524627366796
34.72251375095402 29.057781387450348
34.25369610865641 28.856945596596972
33.77722429576505 28.645412936069306
33.29495383233888 28.42460252877177
32.808720814855235 28.195956875864482
32.32034203360706 27.960941728489615
31.831615231228056 27.721045801877835
31.344319751785974 27.477780059679475
30.86021848818183 27.232675563999777
30.38106567520049 26.98727487529021
29.908661439550826 26.743071845744737
29.444113325663068 26.502326662394864
39.39692587446365 30.007229757905463
28.776904919264837 25.74536385655017
28.57205011655492 25.239442639567073
28.376847388719113 24.74979596653219
28.193250569449106 24.27770046871416
28.023261371474064 23.824372984088598
27.86892095820599 23.39097985918957
27.73230783778598 22.978639273960795
27.615537161208692 22.588422014721317
27.52076044361189 22.221351782249883
27.450165438268414 21.878405328484263
27.405976077073262 21.560512522143938
27.39045244097298 21.26855637783541
27.405890749121852 21.003373064952086
27.454623360641165 20.76575189953661
27.539018790470323 20.55643531734671
27.661481744669175 20.37611881694312
27.824453192769113 20.225450848120374
28.030410515877804 20.105032582998632
28.281867837463892 20.01541740935548
28.581376851946004 19.95710965920003
28.931529314502598 19.93056079159416
29.334967004027817 19.936154119797806
29.794451468363206 19.97409789350749
-5.085999724118125 -34.743204532663015
-5.085999724118125 -34.743204532663015
-7.818380834066943 -34.232010976944935
-10.623369145646222 -33.46792019811684
-13.458379669732068 -32.431923641028874
-16.27487023823784 -31.11408448148049
-19.020928940930787 -29.515452166894647
-21.64454971645833 -27.64907090598072
-24.097202713823066 -25.53982137292863
-26.337206559437078 -23.223031779630503
-28.332421397180525 -20.742023820369383
-30.06190734368917 -18.144954705141373
-31.516395770436134 -15.481422803909851
-32.697639324948426 -12.79929829981981
-33.616881197912136 -10.142137492542957
-34.29277861373731 -7.547382946517672
-34.74912495151585 -5.045390916086063
-35.012659271583345 -2.659200091041157
-35.11116242921699 -0.4048793169914404
-35.07194459604227 1.7077343600004156
-5.8104719435185075 34.629410479905204
-8.39594465486735 34.09495223261925
-11.066674472157075 33.32396090682337
-13.785412518083689 32.294272806465955
-16.507946500014015 30.99105284989301
-19.185004808247925 29.4090673925524
-21.76501570528029 27.554341685859356
-24.197464564305818 25.444849440532153
-26.436432572043827 23.110012705664275
-28.443820179038653 20.58899579908399
-30.19179226364932 17.92800419178971
-31.66412594790546 15.17698199074394
-32.85635403677017 12.386188025482284
-33.77481395753091 9.603103484101382
-34.43487600607753 6.870005010060169
-34.85870373170212 4.222372382630539
-35.072893253666194 1.6881389780231473
-35.106270705519734 -0.712328255056633
-34.988030493709914 -2.9657000123765727
-34.74630060756439 -5.064804880837414
9.889092845632376 -34.9874650142973
