21.97473654601004 -29.91207749041557
22.151410815288532 -30.279155607513687
22.311832872605688 -30.626664355841328
22.45644926063549 -30.954959789069264
22.58570264420616 -31.26440062166239
22.700032007195016 -31.555348083445352
22.79987270145842 -31.828165883694084
22.885656462512515 -32.08322019912987
22.957811415751102 -32.320879669882274
23.016762078421966 -32.54151539733121
23.062929360484752 -32.74550094375854
23.096730564318865 -32.93321233209045
23.118579384456933 -33.10502804672254
23.128885906078796 -33.261329033375986
23.128056604175747 -33.4024987006657
23.116494341443207 -33.52892292070632
23.094598366113228 -33.640990030703605
23.062764309090625 -33.7390908349864
23.021384179729058 -33.82361860707056
22.97084636079417 -33.89496909341503
22.911535601015643 -33.95354051787008
22.843833004617412 -33.999733588027595
22.768116016643944 -34.033951505161
22.684758400084007 -34.056599977557
22.594130201995352 -34.068087243011036
22.49659769801662 -34.06882410256259
22.392523301478967 -34.05922397874926
22.28226540327286 -34.03970301554574
22.16617807576083 -34.010680265506494
22.044610479615862 -33.97257806207611
21.917905560355564 -33.9258228404037
21.786396789287842 -33.87084718814987
21.65039838667255 -33.80809599758686
21.5101662150564 -33.73805107392246
21.3656240340819 -33.66140339371259
21.220041128787216 -33.57673890306623
21.781358262501602 -29.525077631196396
20.64322975792497 -33.49207826958457
20.21431210044139 -33.492536383976244
19.78560515964024 -33.487413909423594
19.35760130562055 -33.47706919198515
18.93071601258549 -33.46190518289362
18.505329268677432 -33.44234338026902
18.081795928221055 -33.41881731552573
17.66044916127163 -33.3917703814719
17.241601832988987 -33.36165496431718
16.825547129708024 -33.328932049262846
16.412558871054042 -33.29407102376132
16.002891676517603 -33.25754957137656
15.596781059515976 -33.21985361232478
15.194443481472671 -33.18147726745937
14.796076383452323 -33.14292283720448
14.401858202990976 -33.10470078834146
14.011948380626592 -33.067329746439924
13.626487357801462 -33.03133649263222
13.245596565526593 -32.99725596353716
12.869378401755764 -32.9656312552608
12.4979161919157 -32.93701363182882
12.13127412262699 -32.911962541129895
11.769497128672725 -32.89104564314084
11.412610692867709 -32.87483885992779
11.060620473001933 -32.863926470457756
10.713511554113992 -32.85890130077968
10.371246802243974 -32.86036514343684
10.03376274728528 -32.868929805828145
9.700957230940162 -32.885220258056364
9.372639996228905 -32.909887222379695
9.048186813258305 -32.94369530531799
8.731212773441037 -32.9863322031494
21.071498991845438 -33.4859082331468
8.468715815303256 -32.95809053523769
8.520888826050466 -32.88919621054956
8.575937794077447 -32.832874186279554
8.634186057833737 -32.78960319521528
8.695887414753415 -32.75987955555223
8.76127877741547 -32.74420375411239
8.830593340212658 -32.7430770905236
8.904064971781281 -32.75700055832161
8.98192997580211 -32.786474395288366
9.064427896617879 -32.83199787829892
9.151801928198715 -32.89406921783663
9.24429914292292 -32.97318549942733
9.342170633162809 -33.06984264572151
9.445671611689015 -33.18453538981947
9.555061495548884 -33.317757250941696
9.670603991378712 -33.47000050922736
9.792567198636405 -33.64175617459691
9.921223751590674 -33.833513941483574
10.056851034777267 -34.04576212133142
10.199731532655818 -34.278987531158606
10.350153434744314 -34.53367530101664
10.508411753728666 -34.810308517283005
10.674810557271854 -35.10936751099143
10.849667873834008 -35.43132829256237
11.033327953797539 -35.77665864022643
11.226198049035503 -36.14580636544477
11.428895527464107 -36.53915237667809
11.643277668055447 -36.95668212474317
19.60529855870202 -30.472609374690634
19.958001945830517 -33.78489958044844
22.672005950951473 -32.026886009894554
25.324600597588102 -29.973419656478967
27.86185625819087 -27.63074821966768
30.230128137691537 -25.01760648242572
32.379751794269794 -22.165129259091657
34.26863997920945 -19.1154805146532
35.8652634324294 -15.919301500166426
37.1505872988092 -12.632305596537606
38.11872546357287 -9.311500972642364
38.77631245679308 -6.011561659328862
39.14080891282198 -2.7817906069139724
39.23809829872802 0.33604051856349315
39.09977769226671 3.3088768103513644
38.76050441030881 6.112657293615541
38.255664704875215 8.731861160080598
37.61951681401504 11.158549906273606
36.88385716244093 13.391129980379304
-4.478948914816911 38.98307707132955
-1.5456009759284512 39.209085668425985
1.5491004525584486 39.2089475645374
4.77221592032808 38.94826358825932
8.081380070014816 38.39834081695102
11.42615042473875 37.539104515185244
14.750413487534516 36.36160864534901
17.995679558616615 34.86971176471562
21.104899507853062 33.08057584284444
24.026299243638746 31.02383319298056
26.71669936994924 28.739506886975505
29.14388260280198 26.274995493146236
31.28776175163361 23.681580308412123
33.14032806499267 21.01094802895429
34.70455983148186 18.31214919756428
35.992599373608215 15.629269709800838
37.02354846542761 12.999928475145225
37.82120066343984 10.454571330598696
38.41195220008319 8.016433715143165
38.82304091393836 5.701997503106043
8.41865730761522 -33.039189929603765
-11.574417826764588 32.070153009285235
-36.285945016964845 5.678749299996213
-36.17130871345863 6.489829843544328
-36.021659874544376 7.3121149173609865
-35.83854037269056 8.144206087440466
-35.62346279032184 8.984746080703417
-35.37791018304725 9.832420552375027
-35.10333602113787 10.685958527616208
-34.8011641701375 11.544132548383743
-34.47278888411695 12.40575873208391
-34.119574802423145 13.269696797769825
-33.742856949038924 14.13485007911379
-33.34394073237733 15.000165530940677
-32.924101946414986 15.864633732895044
-32.484586771014605 16.727288890790845
-32.02661177415642 17.58720883754043
-31.551363913405346 18.443515032744813
-31.060000538624934 19.295372561951268
-30.553649395462493 20.141990135298897
-30.033408629397446 20.98262008508962
-29.500346792110584 21.81655836287203
-28.955502849599007 22.643144534860852
-28.399886193729206 23.461761775372395
-27.834476659611873 24.271836857727692
-27.26022455026333 25.07284013961126
-26.678050676221538 25.864285541850677
-26.088846416998678 26.645730512980435
-25.4934738250456 27.416775971804213
-24.892765806005045 28.177066205537017
-24.287526454545095 28.926288682025017
-23.678531724426424 29.664173672804964
-23.06653090379327 30.390493425492394
-22.452250302307192 31.1050600940697
-21.836404312119534 31.807719529840057
-21.219739651416333 32.49832644570611
-20.603345068707206 33.1765705673466
-19.984486217869385 33.84431467947417
-36.36399928281129 4.880300507890894
-19.105469646136907 34.438563234952085
-18.8440872212381 34.370931213929794
-18.581979971296448 34.29798732870387
-18.319376823479708 34.220235644830865
-18.056562372905603 34.13814794760495
-17.79383003282399 34.052190040432606
-17.531470323176062 33.9628283199491
-17.269766966915718 33.87053196652951
-17.00899532952766 33.77577382076552
-16.749421710437318 33.679030781443146
-16.491302989730094 33.58078400436062
-16.234886438768473 33.48151900842589
-15.980409613750604 33.38172573656371
-15.728100293191746 33.28189859075286
-15.47817644154626 33.182536453864884
-15.23084618854568 33.08414270219782
-14.986307819724486 32.98722521230866
-14.74474977611481 32.89229636373628
-14.506350662737887 32.79987303740262
-14.271279268133863 32.71047660996885
-14.039694599219693 32.6246329419082
-13.811745940956477 32.54287235671288
-13.587572958717182 32.4657296046351
-13.367305879489198 32.39374379722449
-13.151065830712636 32.32745828552359
-12.938965519470003 32.267420415153595
-12.731110728268465 32.214180986849414
-12.527604055528606 32.168292906082115
-12.328556139252541 32.13030713307154
-12.134130552212032 32.100756479139335
-11.944858072553252 32.080042184214705
-11.757391542677432 32.069966027340655
-19.36628193871511 34.500162953706024
-11.375329124042636 32.058079230511396
-11.181636498774779 32.05722800151631
-10.992822608310881 32.06834888372117
-10.808760655325038 32.09204948043788
-10.629379490454433 32.128916303394305
-10.454615767325123 32.179532040537055
-10.28440197794724 32.24447987285677
-10.118662461072049 32.32434491477923
-9.957311800800092 32.419714790362804
-9.800254093382328 32.53117989707687
-9.647382573288105 32.659333538157654
-9.498579402930858 32.80477199647942
-9.353715539978019 32.9680945781642
-9.212650641233445 33.14990364280814
-9.07523297874502 33.35080462595343
-8.941299351519206 33.57140606042719
-8.810674975761145 33.81231960054515
-8.683173330416956 34.07416005238858
-8.558595921682958 34.357545420039884
-8.436731898467464 34.66309697841166
-8.317357386001135 34.991439399108884
-8.200234253208663 35.343200981797594
-8.085107651815832 35.719014116013966
-7.971700605924738 36.11951629521295
-7.859700489504547 36.54535265136897
-7.748718462072205 36.99718355680804
-7.638127215541871 37.47571503125306
-7.525925207568548 37.981911586443914
17.54706682924635 -31.70249358281285
17.54706682924635 -31.70249358281285
15.344538751200664 -32.82518521183435
13.010430472108009 -33.818284294280375
10.561896029836893 -34.661131053865546
8.020177967133813 -35.33587976906517
5.409953368326118 -35.828481104156
2.7584093134373475 -36.129473172714114
0.09411793704977356 -36.23449731253703
-2.554191132137742 -36.14448452169205
-5.158849955442101 -35.86549763791885
-7.694355842769699 -35.40825527815743
-10.13827146235337 -34.787398658622905
-12.471864128846967 -34.02058580962279
-14.680461843507828 -33.12750660311818
-16.753536563104838 -32.128907020112536
-18.68455104323889 -31.045695450270216
-20.470621821046613 -29.898182151060922
-22.112057241322162 -28.70547993388753
-23.61182745723655 -27.48507336370085
-36.147105527225385 2.516826510103442
-36.23441843753978 0.12072353376478873
-36.1583173962649 -2.350263123417193
-35.9052889814542 -4.874205251791466
-35.46548125869832 -7.426122323746483
-34.83347688132858 -9.978804639648729
-34.00883935252531 -12.50385938710339
-32.99636139190969 -14.972901808694914
-31.805975543859816 -17.3587895137224
-30.452326714714758 -19.636788213417105
-28.95404699013384 -21.785564407915842
-27.332807160994626 -23.787923540700405
-25.612240805072425 -25.631246060644628
-23.81684261994372 -27.307611783075416
-21.970933685687612 -28.813637858789107
-20.09776612362002 -30.15008209804077
-18.218813461074795 -31.321278545884553
-16.353266215033905 -32.33447599356697
-14.517728943461542 -33.19914456733045
-12.726097747663964 -33.92630380391046
14.543795647099586 -36.444742961175706
