76.1519534803
9.0503732606
78.5087958436
29.4826681647
80.8722665154
29.9430224951
83.2421806803
30.4298308609
85.6183535229
30.9414878714
88.0006002278
31.476388136
90.3887359796
32.0329262639
92.7825759631
32.6094968645
95.1819353628
33.2044945471
97.5866293633
33.816313921
99.9964731492
34.4433495955
102.411281905
35.0839961798
104.830870816
35.7366482834
107.255055066
36.3997005154
109.68364984
37.0715474853
112.116470323
37.7505838022
114.553331698
38.4352040756
116.994049152
39.1238029147
119.438437868
39.8147749289
121.886313031
40.5065147274
124.337489826
41.1974169195
126.791783437
41.8858761145
129.249009049
42.5702869219
131.708981846
43.2490439507
134.171517014
43.9205418105
136.636429736
44.5831751104
139.103535198
45.2353384598
141.572648584
45.8754264679
144.043585079
46.5018337442
146.516159866
47.1129548978
148.990188132
47.7071845381
151.46548506
48.2829172745
153.941865836
48.8385477161
156.419145643
49.3724704724
158.897139667
49.8830801526
161.375663091
50.368771366
163.854531102
50.8279387219
166.333558882
51.2589768297
168.812561617
51.6602802986
171.291354492
52.030243738
173.769752691
52.3672617571
176.247571399
52.6697289652
178.7246258
52.9360399718
181.20073108
53.164589386
183.675702422
53.3537718171
186.149355011
53.5019818746
188.621504032
53.6076141676
191.091964669
53.6690633056
193.560552107
53.6847238977
196.027081532
53.6529905534
198.491368126
53.5722578818
200.953234988
53.4410691058
203.412604381
53.259830261
205.869466145
53.0302166655
208.323811417
52.7539280411
210.775631332
52.4326641093
213.224917029
52.0681245919
215.671659645
51.6620092103
218.115850316
51.2160176864
220.557480179
50.7318497417
222.996540372
50.2112050978
225.433022031
49.6557834764
227.866916294
49.0672845992
230.298214297
48.4474081878
232.726907178
47.7978539638
235.152986073
47.1203216488
237.576442121
46.4165109646
239.997266456
45.6881216327
242.415450218
44.9368533748
244.830984542
44.1644059125
247.243860566
43.3724789675
249.654069426
42.5627722614
252.061602261
41.7369855159
254.466450206
40.8968184525
256.868604399
40.043970793
259.268055976
39.180142259
261.664796076
38.307032572
264.058815835
37.4263414538
266.450106389
36.539768626
268.838658877
35.6490138103
271.224464434
34.7557767282
273.607514198
33.8617571014
275.987799307
32.9686546516
278.365310896
32.0781691004
280.740040104
31.1920001694
283.111978067
30.3118475803
285.481115921
29.4394110547
287.847444805
28.5763903143
290.210955855
27.7244850807
292.571640208
26.8853950755
294.929489002
26.0608200204
297.284493373
25.252459637
299.636644458
24.462013647
301.985933394
23.6911817719
304.332351318
22.9416637336
306.675889368
22.2151592535
309.016538681
21.5133680533
311.354290392
20.8379898547
313.68913564
20.1907243793
316.021065562
19.5732713487
318.35007129
18.9873304846
200.72888068
36.152642971
202.912745154
235.905808847
205.083466417
235.624060842
207.241398924
235.308324372
209.386897133
234.959524853
211.520315499
234.578587702
213.64200848
234.166438335
215.752330532
233.724002169
217.85163611
233.252204619
219.940279672
232.751971102
222.018615675
232.224227034
224.086998573
231.669897831
226.145782825
231.08990891
228.195322886
230.485185688
230.235973213
229.856653579
232.268088263
229.205238001
234.292022491
228.531864369
236.308130355
227.837458101
238.31676631
227.122944612
240.318284814
226.389249319
242.313040322
225.637297637
244.301387291
224.868014984
246.283680178
224.082326775
248.260273439
223.281158427
250.231521531
222.465435356
252.197778909
221.636082978
254.159400031
220.794026709
256.116739353
219.940191967
258.070151331
219.075504166
260.019990422
218.200888724
261.966611082
217.317271057
263.910367768
216.42557658
265.851614936
215.526730711
267.790707043
214.621658865
269.727998545
213.711286458
271.663843898
212.796538908
273.59859756
211.87834163
275.532613986
210.957620041
277.466247633
210.035299556
279.399852957
209.112305593
281.333784416
208.189563566
283.268396464
207.267998894
285.20404356
206.348536991
287.141080158
205.432103275
289.079860717
204.519623161
291.020739691
203.612022066
292.964071538
202.710225406
294.910210715
201.815158597
296.859511677
200.927747056
298.812328881
200.048916199
300.768976972
199.17948933
302.729456225
198.319483415
304.693617723
197.468532757
306.661311649
196.626269349
308.632388185
195.792325184
310.606697514
194.966332254
312.584089818
194.147922553
314.564415281
193.336728073
316.547524084
192.532380808
318.533266411
191.73451275
320.521492444
190.942755892
322.512052366
190.156742226
324.504796359
189.376103747
326.499574607
188.600472446
328.496237291
187.829480317
330.494634594
187.062759352
332.494616699
186.299941544
334.496033789
185.540658887
336.498736046
184.784543373
338.502573654
184.031226994
340.507396793
183.280341745
342.513055648
182.531519617
344.519400401
181.784392603
346.526281235
181.038592697
348.533548331
180.293751892
350.541051874
179.549502179
352.548642044
178.805475552
354.556169026
178.061304005
356.563483002
177.316619529
358.570434154
176.571054118
360.576872665
175.824239764
362.582648718
175.075808461
364.587612495
174.325392201
366.591614179
173.572622978
368.594503953
172.817132783
370.596131999
172.05855361
372.5963485
171.296517453
374.595003638
170.530656302
376.591947597
169.760602153
378.587030558
168.985986996
380.580102705
168.206442826
382.57101422
167.421601636
384.559615286
166.631095417
386.545756086
165.834556163
388.529286801
165.031615867
390.510057615
164.221906522
392.487918711
163.40506012
394.46272027
162.580708655
396.434312476
161.748484119
398.402545512
160.908018505
400.36726955
160.058943806
-20.0140692555
41.639545507
-19.3646852677
142.716437581
-18.7026417209
143.775032197
-18.0281117407
144.815561885
-17.3412684525
145.838259177
-16.6422849821
146.843356604
-15.9313344549
147.831086699
-15.2085899966
148.801681993
-14.4742247327
149.755375017
-13.7284117889
150.692398304
-12.9713242907
151.612984384
-12.2031353636
152.517365789
-11.4240181334
153.405775051
-10.6341457255
154.278444702
-9.8336912655
155.135607273
-9.02282787907
155.977495296
-8.20172869174
156.804341302
-7.3705668291
157.616377823
-6.52951541673
158.413837391
-5.67874758022
159.196952537
-4.81843644515
159.965955793
-3.94875513709
160.72107969
-3.06987678164
161.46255676
-2.18197450438
162.190619535
-1.28522143088
162.905500546
-0.379790686739
163.607432326
0.534144602472
164.296647404
1.45641131117
164.973378314
2.38683631376
165.637857587
3.32524648467
166.290317754
4.27146869832
166.930991346
5.22532982912
167.560110897
6.18665675149
168.177908937
7.15527633985
168.784617997
8.13101546861
169.38047061
9.11370101219
169.965699307
10.103159845
170.540536619
11.0992188415
171.105215079
12.101704876
171.659967218
13.1104448231
172.205025567
14.125265557
172.740622658
15.1459939523
173.266991023
16.1724568833
173.784363193
17.2044812245
174.292971701
18.2418938502
174.793049076
19.284521635
175.284827852
20.3321914531
175.76854056
21.3847301791
176.244419731
22.4419646874
176.712697897
23.5037218523
177.17360759
24.5698285482
177.62738134
25.6401116497
178.074251681
26.7143980311
178.514451143
27.7925145668
178.948212258
28.8742881313
179.375767558
29.9595455989
179.797349575
31.0481138442
180.213190839
32.1398197414
180.623523882
33.234490165
181.028581237
34.3319519895
181.428595434
35.4320320892
181.823799006
36.5345573386
182.214424484
37.6393546121
182.600704399
38.7462507841
182.982871284
39.855072729
183.361157669
40.9656473213
183.735796087
42.0778014353
184.107019068
43.1913619455
184.475059146
44.3061557263
184.84014885
45.4220096521
185.202520714
46.5387505973
185.562407268
47.6562054364
185.920041044
48.7742010437
186.275654573
49.8925642937
186.629480389
51.0111220608
186.981751021
52.1297012194
187.332699001
53.2481286439
187.682556862
54.3662312088
188.031557134
55.4838357884
188.37993235
56.6007692573
188.727915041
57.7168584897
189.075737738
58.8319303601
189.423632974
59.945811743
189.771833279
61.0583295127
190.120571186
62.1693105437
190.470079226
63.2785817104
190.820589931
64.3859698872
191.172335832
65.4913019485
191.525549461
66.5944047688
191.880463349
67.6951052223
192.237310028
68.7932301837
192.59632203
69.8886065273
192.957731887
70.9810611274
193.321772129
72.0704208586
193.688675289
73.1565125952
194.058673899
74.2391632117
194.432000489
75.3181995825
194.808887591
76.3934485819
195.189567738
77.4647370845
195.57427346
78.5318919646
195.963237289
79.594740096
196.356691757
1.936375591068341
-35.60412382279949
2.0172432007957184
-36.2867679291956
2.0967735352928543
-36.91153097132239
2.174652558644837
-37.48026184906759
2.250742795249792
-37.99479969842154
2.324943566818604
-38.456981492665534
2.397171026059624
-38.86864312836501
2.467353164931268
-39.23161969665051
2.5354281506009073
-39.547745573716995
2.601343659747343
-39.8188544573262
2.6650565758829856
-40.04677938306395
2.7265328379719733
-40.233352732267186
2.7857473589928787
-40.38040623714576
2.8426839794106797
-40.489770982600724
2.8973354394859
-40.56327740821442
2.9497033622100446
-40.602755308854384
2.999798242746081
-40.610033835312684
3.047639442125032
-40.586941494595635
3.093255184130257
-40.53530615001099
3.1366825550963995
-40.45695502104672
3.177967507172056
-40.35371468307341
3.2171648667985266
-40.22741106629701
3.2543383527604988
-40.079869454160075
3.28956061419089
-39.91291447984074
3.32291331587345
-39.72837011835766
3.3544873531602093
-39.5280596674928
3.3843834981400676
-39.31380568798033
3.4127149866213813
-39.087429769241304
3.4396256292369003
-38.85075088099815
3.46504513650072
-38.60560763291326
1.936375591068341
-35.60412382279949
3.4230532571415893
-38.10383386807474
3.35718640441101
-37.8507477571837
3.2918003152738606
-37.59636819662183
3.2270505444245146
-37.342513924622956
3.163088319239108
-37.091003956019776
3.1000577572970087
-36.84365783581527
3.03809517193352
-36.602295701700875
2.977328842419979
-36.36873830582687
2.9178789240202434
-36.144807022364525
2.859857409982112
-35.93232385148308
2.803368116486979
-35.733111420990525
2.748506680283839
-35.548992986203366
2.6953605662177154
-35.38179243036122
2.6440090856483778
-35.23333426318498
2.5945234312900425
-35.10544361896739
2.546966740856732
-34.99994625233725
2.5013942172794827
-34.91866853107215
2.4578533706395262
-34.863437421090346
2.4163845517762184
-34.836080452496574
2.37701181281264
-34.83827211885604
2.339622344806287
-34.86966435383456
2.3040330822354917
-34.9284797990045
2.270200951645222
-35.012902135740156
2.236724716493427
-35.12119985668411
3.4892604761220127
-38.353806295006166
2.3321113284082458
-35.386648161659046
2.462396705071143
-35.540020269769094
2.5950577661563727
-35.70980550398487
2.7300873416378693
-35.89417811435335
2.867478123471045
-36.091313350529134
3.007205376213733
-36.2993885425225
3.1492226198936066
-36.51658337013399
3.2934601977229363
-36.74107995168985
3.439824712328601
-36.97106287866125
3.588198782117786
-37.204719228690614
3.738440937969642
-37.440238570594666
3.890385595258067
-37.67581296172803
4.043843081843818
-37.90963694176005
4.19859972739502
-38.13990751670218
4.354418047152251
-38.36482413196613
4.511037101297262
-38.58258861930998
4.6681732268350515
-38.79140509070526
4.825521657730633
-38.98947970451055
4.9827605832939525
-39.17502007923916
5.139563330951205
-39.34623353595968
5.295647104948102
-39.501320065376575
5.451114169245045
-39.63842309972998
5.6018737796391065
-39.75629006998549
2.2043297229441237
-35.251508359764244
5.882939094131984
-39.91832032483024
6.013153800029443
-39.95877642614938
6.139831845196284
-39.972435731518495
6.2623368463375755
-39.95756310042553
6.380085231461351
-39.912416485700504
6.492492978356893
-39.83525461703087
6.598962324202489
-39.72433891669484
6.698877371007995
-39.57793413019843
6.791602380965685
-39.39430856820883
6.876481083973317
-39.17173419814848
6.952836466625683
-38.90848666230557
7.019970893038078
-38.60284523795126
7.0771666100988
-38.2530927228715
7.123686933488614
-37.857515181035346
7.158778976266717
-37.414401365864364
7.181680558884921
-36.92204126477811
7.191641013074332
-36.37872172458389
7.188004467347241
-35.78270893775276
7.170792941172067
-35.132125839892566
9.358745695248615
-33.892665926923314
11.514141785426887
-33.222333806754904
13.68094868086763
-32.39028508386165
15.837170358600531
-31.39240289711871
17.959570863388308
-30.228343305998376
20.024516157361006
-28.901862868783244
22.008908367800927
-27.420920427296103
23.891139594574895
-25.79752649954837
25.65198506280285
-24.047340538198853
27.275359201908316
-22.18904470745054
28.74887299517593
-20.243547765389543
30.064154121493118
-18.23308974314207
31.216918744101633
-16.180324741689162
32.206810442991866
-14.10745496932571
33.0370435042675
-12.0354759407137
33.71390184588108
-9.98357385652355
34.24615041696825
-7.968695391389371
34.64441378577146
-6.005290839136151
34.920568791474295
-4.105216182160705
35.087186999750486
-2.27776931819389
24.283112003349117
25.42890866819034
25.864688199503917
23.81841365340705
27.379789781776935
22.060055215888873
28.80709126939638
20.16061549702865
30.125960275086015
18.130787134768973
31.317354144721605
15.985063465512134
32.36469114565574
13.741386089790083
33.25461945001308
11.420560838118874
33.977613370406345
9.045480322987139
34.52834308605094
6.640214481048062
34.90578890200578
4.229045489347815
35.11309959650714
1.8355275394650903
35.15722162757339
-0.5183551408531883
35.04834745356521
-2.81287493439255
34.79924410621072
-5.031056972319085
34.42452660134842
-7.158972893887761
33.93993583002117
-9.185841304769493
33.36166957995391
-11.10395999003699
32.705801152069625
-12.908504778774503
31.987805336854194
-14.597233791163525
-10.825662790828389
33.97363991035104
-11.100663318377002
34.60474144855253
-11.360147513672871
35.180007621825
-11.604545861716574
35.70122693292511
-11.834156647809735
36.17022958258653
-12.049267185858
36.58884884025469
-12.250171137033462
36.95891552561953
-12.437172839623656
37.28225662870483
-12.610588752544174
37.560694849896905
-12.770748033007735
37.79604841618909
-12.917992799122842
37.990130997300575
-13.05267826121144
38.14475166352537
-13.175172792831532
38.26171486384668
-13.28585797098448
38.34282041240701
-13.38512860043842
38.38986348130547
-13.473392728530314
38.404634595600925
-13.551071654486947
38.38891963049739
-13.618599935033387
38.34449980963392
-13.676425387270044
38.27315170428709
-13.72500908908377
38.17664723343138
-13.764825376711315
38.056753664940324
-13.796361837880085
37.915233618122265
-13.820119297219492
37.75384506951424
-13.836611785311987
37.57434136482486
-13.846366469053805
37.378471245598426
-13.849923476388426
37.16797891703386
-13.847835368183837
36.94460424956148
-13.840665025829082
36.71008359046699
-13.828970858874897
36.46615543821789
-13.813506416374906
36.21448386228021
-10.825662790828389
33.97363991035104
-12.619369590692344
35.72389605256911
-11.457441272397688
35.48803219203422
-10.30975415130149
35.25094020224023
-9.176866425681567
35.01432295702937
-8.059126160375314
34.779885415619205
-6.956673559509966
34.549333750420715
-5.869441533529738
34.32437512788357
-4.7971558871593345
34.10671763594373
-3.739335392722694
33.89807025342886
-2.695291821306199
33.70014283596988
-1.6641299550408633
33.51464610765166
-0.6447475889037833
33.343291654124485
0.3641644754701474
33.18779191692137
1.3641224451642984
33.04986018494578
2.356849564971128
32.93121058232138
3.3442761704500015
32.83355804729819
4.328539788262248
32.75861829436899
5.311985338401399
32.70810773829612
6.297165580757451
32.683743326178885
7.286810120434154
32.687098082150285
8.283362838006951
32.7178459342121
9.288866014269132
32.77431402428724
10.305261297144682
32.85475909270467
11.333149502170954
32.95786152829594
-13.794754860466384
35.956837101234605
13.028172784859237
32.80031466191069
13.693933051575556
32.532217577116306
14.372034361738997
32.27511307949304
15.06253120320909
32.026807952119405
15.765374741670001
31.785187489741162
16.480398514780347
31.54822084897527
17.207314857227516
31.313962384162913
17.945713710855017
31.08055209050891
18.69506215125074
30.846215779061907
19.454704175261327
30.609265151921953
20.22386059974147
30.368097835709108
21.001629012944818
30.121197390873014
21.786983757909468
29.867133306384176
22.578775938575603
29.604560975379854
23.375733454300615
29.332221646463367
24.176461077875018
29.04894232623849
24.979440622625418
28.75363558109781
25.78303131829324
28.445299098391175
26.585470756563325
28.1230145860389
27.38487773455074
27.785944470289053
28.179263633612322
27.43331868280145
28.96661208213493
27.06434216861605
29.743808600456703
26.679437612327995
12.374695901895791
33.08163860061329
30.35769292762609
26.5503164949573
30.186662991267326
26.807286738446514
29.9949650266434
27.046805380886333
29.78167311997356
27.267245386170874
29.54591800606312
27.466920689599657
29.28687463586516
27.644100635065154
29.003759079220004
27.797013575430952
28.695827507784486
27.92384805922751
28.362375812478945
28.02275328605875
28.002739466099683
28.091839281601885
27.616293516608835
28.12917693392626
27.202452690533846
28.132797922550047
26.76067165229449
28.100694509332193
26.29044556589031
28.030819070918685
25.791311361246585
27.921083035515284
25.26285092396631
27.769354197016654
24.704700688744936
27.57344863465028
24.11659003483345
27.331098361023017
23.49861009991031
27.03972482182626
23.49861009991031
27.03972482182626
-0.5504850589052239
-34.905904045960014
-3.124954070720733
-34.77009969962311
-5.803225833731048
-34.42452237851038
-8.553790000790315
-33.8460905820484
-11.338683416885544
-33.01756243936688
-14.114949513205538
-31.929506280327985
-16.83679462463489
-30.58181678438531
-19.458256396418236
-28.984503257380382
-21.9360817377801
-27.157567804560042
-24.232447744818515
-25.129935283650962
-26.31717202604797
-22.937559321280105
-28.16914852393372
-20.620966090423796
-29.776886236551086
-18.222574382379126
-31.13818158576592
-15.784131860755386
-32.25908178702257
-13.34454245465291
-33.15237163337436
-10.93825516928916
-33.83583398881224
-8.594271891637117
-34.33050552502947
-6.335736852313733
-34.65909274786229
-4.180007291970366
-34.84464845692986
-2.1390757300340475
-12.902837383531775
32.4382792163823
-15.261519882375815
31.39763019633317
-17.642799004386163
30.124023873922884
-20.00902394095661
28.60706437221531
-22.318583629848618
26.844105420432594
-24.52797050790859
24.84157470509894
-26.594334544358446
22.61562604060715
-28.478257704483568
20.191929308089104
-30.14640132151635
17.60453516648261
-31.573670134486264
14.893909000141488
-32.744606549834145
12.104375777478328
-33.65386127668487
9.281314143778129
-34.30574586681751
6.468459753850144
-34.71301653111131
3.7056246945202567
-34.89513392721158
1.0270342096603002
-34.87627663392638
-1.5396425623132153
-34.68336274845993
-3.973602839311866
-34.344273467882765
-6.260674965938538
-33.88639730656566
-8.392690191316795
0.4720278354865002
-34.98351804561878
0.5008680656295894
-34.70346304308603
0.5302237587342233
-34.486771926259195
0.5601924655483685
-34.33094761871979
0.5908897414441014
-34.233492924539775
0.6224295767791261
-34.191910773123084
0.6549195076033527
-34.20370428122607
0.6884589900917604
-34.26637677274536
0.7231387561383826
-34.37743178692517
0.7590405286645705
-34.53437308145962
0.7962368912894817
-34.73470463391956
0.8347912363390719
-34.97593064177204
0.8747577638650625
-35.25555552098015
0.9161815287640991
-35.57108390422502
0.9590985540396275
-35.920020636434316
1.003536061833472
-36.29987076600668
1.0495129502367888
-36.70813952847854
1.0970408533088971
-37.142332308536595
1.1461268001065434
-37.59995454714161
1.1967811995002933
-38.078511459909464
1.2490497873673405
-38.57550691434653
1.3032372673503119
-39.08843556608545
1.3569159968709243
-39.61488803874613
0.44376052560772905
-35.32943216896217
1.5693826380689586
-40.68798931183727
1.7314068734945067
-41.22935377054799
1.8974891046903508
-41.77391920167938
2.06747104003108
-42.31919580829137
2.241208799820413
-42.86269480809213
2.418538297771647
-43.401929649751764
2.5992665881723838
-43.93441631756784
2.7831689837508407
-44.45767343235693
2.9699879055908696
-44.96922229155015
3.1594323640227344
-45.46658688686509
3.351177704106533
-45.94729391276559
3.544865475696497
-46.40887276992211
3.740103369666201
-46.848855565838534
3.9364651956850025
-47.264777113587286
4.133490893821033
-47.6541749271442
4.330686584897251
-48.014589213948
4.527524679785074
-48.343562859580345
4.723444097907986
-48.638641399985886
4.917850715973657
-48.89737296478987
5.110118364716186
-49.1173081523674
5.299591329052987
-49.29599971765441
5.4855918563083605
-49.431001634586124
5.667450197576272
-49.519865345828805
5.8447149072376305
-49.5601135116483
6.014367165530189
-49.54995273652463
1.4118314417331135
-40.15230811551535
6.143965923578207
-49.39887729274807
6.105156128964097
-49.262564672334065
6.0613073819095575
-49.083517755718646
6.012695815574148
-48.864086506733514
5.959639001630364
-48.60661569394466
5.902463458620446
-48.31344894714283
5.8414965320099554
-47.98692977047392
5.777063691433625
-47.62940188007465
5.7094874546396
-47.2432093385722
5.6390869052064545
-46.830696615296176
5.566177461018015
-46.39420861513935
5.491070763717289
-45.936090693001375
5.414074636831458
-45.45868865918837
5.335493094502908
-44.96434877881953
5.255626403387055
-44.455417765297994
5.1747712221994675
-43.934242764432554
5.093220882778951
-43.403171322690184
5.011265968303121
-42.864551321692204
4.929195597800117
-42.32073083160694
4.847300648102532
-41.77405774516231
4.7658834289201195
-41.2268786760153
4.685296393497254
-40.68153455466381
4.606213126478451
-40.14032979092096
4.525961700425796
-39.60594951457162
6.177729530737793
-49.49007206519323
4.564027552469383
-38.53370401827101
4.678491598710593
-38.00131292520456
4.790541376534293
-37.48567297666554
4.900619212932384
-36.98909940195048
5.009269214578126
-36.51389331105821
5.117095335279771
-36.06234646578815
5.224750899824812
-35.636742470940334
5.332935120823777
-35.23935716907238
5.442391717291514
-34.87245879593118
5.553908302808395
-34.53830804706362
5.668316102392396
-34.239158106021705
5.786489833371661
-33.97725465194358
5.909347687849788
-33.754835851496864
6.037851402706565
-33.5741323361259
6.173006437306071
-33.437367156136816
6.315862325095452
-33.346755695963736
6.467513355041376
-33.30450551383527
6.629099955551396
-33.31281601868969
6.801811755447375
-33.373877756455755
6.986895250823409
-33.48987062647532
7.1856768178718085
-33.66295852570735
7.39965477894043
-33.89526792796616
7.6311438846163355
-34.18873793160961
-2.101570878053195
-35.68389511656747
13.71647635871318
-32.68049307179484
15.59916128838529
-31.82487263468164
17.451646982203613
-30.847955665218905
19.25926171766406
-29.75293580817339
21.007781107310734
-28.54521823462005
22.683852219063226
-27.232319027553757
24.27538727041855
-25.823669839625182
25.771902672659053
-24.33033875115092
27.16478362633211
-22.76468496705644
28.447460835652578
-21.13996979938193
29.615493357789376
-19.469948749020944
30.666559156505343
-17.76846928171713
31.600361674413477
-16.04909633471695
32.41846597345017
-14.32478324593498
33.12408132083192
-12.607600396811534
33.72180843960416
-10.908528162745313
34.217369195568324
-9.23731543517593
34.617334641745344
-7.602400503537382
31.578185147662055
16.092686969389007
32.433888654079
14.289829176360854
33.20054525716279
12.404843640362884
33.8675208432216
10.447362492453152
34.425461828974164
8.428756075282365
34.86664023601776
6.36189828328591
35.18524528174049
4.26085268209593
35.37760073355099
2.1404946746534677
35.44229242299747
0.016090913674645435
35.38019727916304
-2.097138908672889
35.19441316034482
-4.184451387423877
34.89009662729052
-6.231974683284363
34.474222629194855
-8.227048390976876
33.95528509051843
-10.158492286574017
33.342960145164454
-12.016794908491363
32.64775418797308
-13.794219716839876
31.880657260484952
-15.484832700234591
31.052819058088176
-17.084460180538372
30.175260657429817
-18.590588892526654
29.258630535049406
-20.002222134758938
4.447102257972233
-39.08048350218576
28.841869390475154
26.743363276152223
8.972490899405813
33.56700924555179
9.630847444989172
32.865828006460816
10.296430056094039
32.23081283805874
10.972402658943139
31.657300984230176
11.661744546455196
31.140748099780808
12.36723238060631
30.676732608215247
13.091435694296024
30.260956790829823
13.836715392958098
29.8892471476274
14.605223156985971
29.55755454030728
15.39890117215569
29.26195425452957
16.219481998032876
28.99864602790538
17.068488501628963
28.763954059953903
17.94723382636849
28.55432700967873
18.85682138544692
28.366337981937534
19.798144877817833
28.196684496219405
20.771888336451013
28.04218842424862
21.7785262388104
27.89979586339834
22.818323758691946
27.766576854646246
23.89133740487341
27.639724677669932
24.99741694203928
27.51655373279945
26.13621308331068
27.39449107077624
27.307231343878072
27.27101709698718
28.509106422338334
27.144464500641675
8.318137846705127
34.339107203720346
30.26160044378915
27.236943182998658
30.789608586663405
27.461747009527784
31.32341233571873
27.68495241002057
31.86114981547985
27.904900038602108
32.4009425347806
28.119952780489086
32.94088704978577
28.328504930031414
33.479052880682104
28.528984485319143
34.0134818172906
28.719853912328944
34.542187641762894
28.899610450109122
35.06315600293584
29.06678624878208
35.574344354326
29.219948437839975
36.07368192145225
29.357699161575226
36.559069684397855
29.478675597525353
37.028380369568424
29.581549965045213
37.47945844711904
29.66502952587001
37.910120135243346
29.72785657771459
38.31815341165219
29.768808436377356
38.70131803965103
29.786697399050922
39.05734562272255
29.780370667191505
39.383939727196434
29.74871017410149
39.67877619157309
29.690632151560067
39.93950405626708
29.60508582662456
40.16374928539091
29.49104820609989
40.349140819448735
29.34748757018687
40.49325719754751
29.174061697601218
29.741291523535125
27.012158253927907
40.35886414382111
29.11388199701355
40.085158547851165
29.22867822130081
39.77776182523536
29.31683803421518
39.43897730692606
29.379273756381536
39.071083418221235
29.416927291780695
38.67632965505214
29.430775767320426
38.25693557852469
29.421832941241945
37.815090481239736
29.39114967151005
37.352953255313366
29.33981410156821
36.872652334216355
29.26895174256768
36.37628566625864
29.17972551148054
35.865920704570556
29.073335747758875
35.343594406854834
28.951020216308734
34.81131324443436
28.814054099375653
34.271053223362344
28.663749975180934
33.72475992470589
28.501457774895243
33.174348582314224
28.328564699382184
32.62170424023117
28.146495050043
32.06868209972532
27.956709854038024
31.517108389445184
27.760705926883844
30.96878297504003
27.560013057139486
30.425489801518154
27.356182746053094
29.889069985916194
27.150709378170404
29.36043289791212
26.94609674060996
40.59657855256063
28.971527143019955
28.66451325319116
26.114556378072365
28.492078642399917
25.50211474244665
28.326435584783724
24.907431708762317
28.169598863464444
24.33173092069984
28.0236488331347
23.7761517238487
27.890720108275048
23.241761365282372
27.772998735478836
22.729558043070682
27.67272125106399
22.240471922017576
27.592174304853643
21.77536553921675
27.5336944897262
21.335033986841893
27.499668257730605
20.920205001602483
27.49253187686122
20.531539009829572
27.514771408751926
20.169629147886013
27.568922700612518
19.835001266798884
27.65757138773523
19.52811392113273
27.783352909321934
19.249358337367966
27.948952546147666
18.9990583464554
28.157105502035563
18.777470242025657
28.41059708729756
18.584782462083098
28.712263183866582
18.421114789218592
29.06499164230462
18.28651594368074
29.471727878802653
18.180953951065447
29.935514059591867
18.104248701737276
-4.824371013148749
-35.41867325540525
-4.824371013148749
-35.41867325540525
-7.693878971150468
-34.90789591515016
-10.67298691358664
-34.11516262877956
-13.713139575942876
-33.01070695723402
-16.75584107716793
-31.575287182262656
-19.735726065404265
-29.803658961895792
-22.58502565056068
-27.706923091696495
-25.238895634613385
-25.313141211449107
-27.640791404452443
-22.665913204219606
-29.746988237460016
-19.82104088200427
-31.529508449376465
-16.84182495415405
-32.97707859467235
-13.793812315907132
-34.09417311455107
-10.73984778666312
-34.898562491798174
-7.73610411329409
-35.41798000241175
-4.829457877901945
-35.686534722840975
-2.0562612482694647
-35.7413760329172
0.5576828124307838
-35.61992937740442
2.996264673621141
-35.35783953541622
5.251681086416738
5.9161356286975035
35.252748971796876
3.202827385982914
35.60195033395311
0.2917041255043955
35.74453635940509
-2.789187084901812
35.6367423630596
-5.999159819406145
35.23871524767739
-9.285488683104745
34.51864236556244
-12.585627879152753
33.456822050714294
-15.831040453365375
32.04894895327422
-18.952254679528778
30.30790348090656
-21.884420882819512
28.26356476931531
-24.57246237831575
25.960567472840893
-26.974978496305823
23.454370722095888
-29.06635004638835
20.80635157413448
-30.83691154999937
18.07876812460364
-32.29144735755196
15.330342409747999
-33.44652819053914
12.612958528637904
-34.32728878681738
9.96966475826099
-34.96418208337451
7.433904901618092
-35.390093681327386
5.029735586742163
-35.63802743259981
2.7727191633723294
9.918882917396957
-34.026050502309815
19.887703137058807
-28.409872031070847
20.13525417694294
-28.882342806074234
20.364451000267607
-29.33198654058205
20.57577985251364
-29.759208726112675
20.769723040326323
-30.164417423788876
20.946758942288973
-30.548023256217647
21.107362011635644
-30.910439406497304
21.25200277589926
-31.252081617051758
21.381147837154604
-31.573368190727706
21.49525987089151
-31.874719990524454
21.594797625423045
-32.15656044052544
21.68021592060694
-32.41931552619863
21.75196564680823
-32.66341379548632
21.81049376315841
-32.88928635938754
21.856243295919306
-33.09736689341101
21.88965333594235
-33.28809163864119
21.911159035930503
-33.46189940385672
21.921191606410865
-33.61923156761074
21.92017831057285
-33.76053208134559
21.908542457359044
-33.886247473912306
21.886703391358658
-33.99682685731962
21.855076478446037
-34.09272193540076
21.81407308457645
-34.17438701696
21.7641005427881
-34.242279035336196
21.705562100917568
-34.29685758007284
21.63885683457337
-34.33858494943715
21.564379495014187
-34.367926242107075
21.48252022718728
-34.38534952779884
21.393664005275824
-34.3913261870905
21.29818939239339
-34.38633166074922
21.196465439091902
-34.37084732109622
21.08884237963871
-34.34536608634767
20.975614418740392
-34.31041487922144
20.856759236777087
-34.266711831635945
20.735437962579805
-34.21305409181744
19.621307615714194
-27.91417135035678
20.263687900967653
-34.16387441859959
19.91476464635471
-34.16918965687046
19.563986114625607
-34.16736499490611
19.21188673577191
-34.158807762251115
18.858928647728874
-34.14396614414753
18.50554113197291
-34.12330538165787
18.15213047219421
-34.09730182249717
17.79908323966325
-34.06644093769867
17.446767606970877
-34.03121652890158
17.09553394435891
-33.99213036806128
16.745715117128004
-33.949692017706354
16.397626644672986
-33.904418734243734
16.0515667901832
-33.856835413186985
15.707816613018746
-33.80747455704298
15.366639999141842
-33.756876255335584
15.028283678288325
-33.70558817300849
14.69297723156675
-33.65416554374153
14.360933091008334
-33.60317116637299
14.03234653181065
-33.55317540565244
13.707395654785081
-33.504756195904804
13.386241354900207
-33.458499048619444
13.069027268409435
-33.41499706791376
12.755879681873857
-33.37485097687994
12.446907370762226
-33.33866916432828
12.142201298702446
-33.307067774272696
11.841834013905995
-33.28067088409608
11.54585832036986
-33.2601108981917
11.254303954563753
-33.24602953256877
10.967167614240466
-33.239080769417626
10.684373072190574
-33.2399426762496
10.405491970178083
-33.249400141159384
10.13351844197809
-33.26722636176487
20.609873100503282
-34.151219402146154
9.880781374572408
-33.21447581940163
9.898216899106984
-33.145890998620814
9.919009523073314
-33.08947919652468
9.943460513298788
-33.045782081782335
9.971814104128939
-33.01535818047961
10.004299959178788
-32.99877029319879
10.041143788950933
-32.99658234940861
10.08257089209728
-33.00935835736854
10.12880757476394
-33.037661983401904
10.180081799339888
-33.082056360097454
10.236623512841248
-33.14310398802769
10.298664829523922
-33.22136668183154
10.36644014230636
-33.3174055363375
10.440186199563634
-33.43178090351003
10.520142166543089
-33.56505237339397
10.606549684093466
-33.71777875527695
10.699652935566974
-33.890518056069965
10.79969873425415
-34.08382745191099
10.90693664925665
-34.29826324669597
11.021619200149843
-34.53438080751016
11.144002176519834
-34.79273445880787
11.274345193426456
-35.07387729874108
11.412912719472516
-35.37836085747668
11.55997613130397
-35.706734417120344
11.715818230400998
-36.05954351278555
11.880744534422476
-36.437326189135234
12.05511714886839
-36.84060176776123
12.239490252844604
-37.26982591858646
12.435558498227095
-37.725076160346816
17.50353280940683
-28.597413433545555
20.978646907397007
-34.34497477164831
23.809551554580594
-32.446666591503146
26.58058936416181
-30.218424631079046
29.229037358919925
-27.66485664523242
31.691542828582612
-24.80578624584416
33.908847826116215
-21.6765070349374
35.83053948037066
-18.326302373255658
37.41908198985627
-14.815303613723586
38.65248271142548
-11.210106974215336
39.525211857104324
-7.578822189589658
40.04735056658146
-3.986305398200699
40.242273805873765
-0.49022144331163986
40.14339078089557
2.8616594386307384
39.79052808630401
6.032809688979768
39.22646828334149
8.998061132621814
38.49400296023329
11.742770296141686
37.63368468414507
14.26137073442601
36.682311595966866
16.55563149223829
-12.562423076238204
38.2343620920239
-9.618662025662218
39.078923462225504
-6.441737053131391
39.726375896483574
-3.0571385321508586
40.128977337151696
0.4968585309118225
40.24219240710744
4.16964999903027
40.02867643347682
7.900246069957774
39.462222823410656
11.620691471600082
38.53103227078503
15.26063457336042
37.23968247110537
18.75243322694419
35.60936907892915
22.03603225439211
33.67631512819932
25.062885499972282
31.488612045399464
27.798413338300307
29.102046904013548
30.222808114450714
26.57560512589484
32.33032051707201
23.9672963304956
34.12739234615346
21.33077611766865
35.63010544701072
18.71300360619037
36.86140162146418
16.1529560338507
37.84843381888422
13.681263669264553
38.62028202034706
11.320544810178234
9.866047428944022
-33.294796921343504
-11.430929573118483
32.7904901304949
-33.89794847212599
5.1265016879588075
-33.90607394214942
5.944716012347271
-33.87111688986256
6.779714025184319
-33.79491297971014
7.629785838558803
-33.679262728122794
8.493272255977558
-33.525931485634885
9.368564913942834
-33.3366494337742
10.254106317272658
-33.11311158330652
11.148389850259804
-32.85697777545555
12.049959781245803
-32.56987268184424
12.957411264060568
-32.253385805848225
13.869390338685264
-31.909071483391642
14.784593931056435
-31.538448884661143
15.70176985278053
-31.14300201544969
16.61971680028134
-30.72417971954082
17.537284353976247
-30.283395680973456
18.45337297681351
-29.82202842766128
19.36693401273689
-29.341421335488185
20.27696968428819
-28.8428826341161
21.18253308953763
-28.3276854151641
22.08272819802312
-27.797067643195742
22.976709844656654
-27.252232171933443
23.863683721109396
-26.69434676859285
24.74290636316735
-26.12454415077748
25.613685130850058
-25.54392204571089
26.47537817702792
-24.95354328863184
27.32739439513307
-24.35443599469519
28.169193327703937
-23.747593878328118
29.000284997069514
-23.133976890768146
29.820229565823894
-22.51451262369127
30.628636591580317
-21.89009981668989
31.425163162624727
-21.2616188796722
32.20950830546735
-20.629973982856296
32.98139061687547
-19.99638768248535
33.74039168427885
-19.358438436810953
34.48806194743614
-33.84486979382888
4.3268306375837255
-18.489036199291785
35.18325535613994
-18.25685656276094
35.13560594167308
-18.022637093405855
35.08082276515293
-17.786651694486405
35.019453975173434
-17.549226437220277
34.952019025313604
-17.31069495724216
34.87903237795513
-17.07138730456593
34.80100943061959
-16.83162622721701
34.718468490685865
-16.591725685492495
34.63193156545873
-16.351990177201035
34.54192472082434
-16.112714401137147
34.44897826042373
-15.874183076715308
34.35362682155929
-15.636670842129641
34.2564094296805
-15.40044219487039
34.15786953081772
-15.165751456255835
34.058555010632375
-14.932842751341205
33.95901820632872
-14.70194999909547
33.85981591324017
-14.473296910538815
33.76150938693425
-14.24709699532345
33.664664343007416
-14.023553577517859
33.56985095262161
-13.802859824434186
33.47764383257538
-13.585198796914913
33.388622028960725
-13.37074353554458
33.30336898752455
-13.15965721355833
33.22247250004523
-12.952093423378486
33.146524605424304
-12.748196750637653
33.07612138934422
-12.548104038858952
33.0118625436472
-12.35194755245941
32.954350263812955
-12.159864467186768
32.90418594063851
-11.972034833559782
32.8619569260683
-11.788947323561267
32.828143892518625
-11.607806818723134
32.804373166191795
-18.719266493793853
35.223028231637045
-11.462076236926535
32.701444016689294
-11.497550058188637
32.62362281596387
-11.537186948604045
32.557723256976686
-11.581166182639869
32.504322253270146
-11.629727504122904
32.463975521523196
-11.68313071121375
32.437231670114215
-11.741645551145332
32.424635722741215
-11.805548349427433
32.426730293034666
-11.875120659075655
32.444056055666294
-11.950648643706828
32.47715196233173
-12.03242276480556
32.52655535041606
-12.120737608559644
32.59280200440651
-12.215891780002572
32.676426193074235
-12.318187830712397
32.7779606959661
-12.42793220119313
32.89793682485271
-12.545435166032505
33.036884444584786
-12.671010771940459
33.195331997548834
-12.804976757218483
33.3738065362418
-12.947654435899224
33.57283377029745
-13.099368518630662
33.792938139344045
-13.260446819006674
34.034642933103925
-13.431219743431967
34.29847050068477
-13.61201934602768
34.58494263684622
-13.803177441733311
34.89458135626322
-14.005021455739602
35.22791059299658
-14.217864049948233
35.585460451959705
-14.441972002687407
35.96777996029118
-14.677441729350264
36.375488074004636
-14.923327928021017
36.80963072474526
15.589681315331992
-29.684129638335392
15.589681315331992
-29.684129638335392
13.547696616737234
-30.669946727700065
11.389606716649435
-31.53510067748583
9.131327364070064
-32.261503010078414
6.792322499476317
-32.83367282169664
4.395003240023602
-33.239579756959856
1.9638977371877075
-33.471313412786515
-0.47534554540235874
-33.525509131280614
-2.897036029514549
-33.40348631719162
-5.2765053257517565
-33.11108888947065
-7.591066268212202
-32.65825207831436
-9.820792335500862
-32.05834920581658
-11.949069221118584
-31.32739153916313
-13.962900050167917
-30.483161550077682
-15.852973669090659
-29.544355497222
-17.613527418638725
-28.529797892238463
-19.242049653825163
-27.457771960209016
-20.73887278586841
-26.34549053387846
-22.106706075344775
-25.208714017129623
-33.46083791345389
2.1349571491437587
-33.52881611638959
-0.06485161869287026
-33.44775971418688
-2.330898110413756
-33.205801986483586
-4.643321045712469
-32.79437242652423
-6.979602642668169
-32.20886259197254
-9.31530388288786
-31.44909117807841
-11.624989461157554
-30.519508651920006
-13.883274381229128
-29.42910869142367
-16.06590419265237
-28.191047350243387
-18.150773129413764
-26.822005265353518
-20.11879095384367
-25.341356962828655
-21.954528990201737
-23.770229395775083
-23.646604626697325
-22.130536867362324
-25.18779573248581
-20.44407202333811
-26.57490611467287
-18.731715657772085
-27.808425780965905
-17.01280600419456
-28.89204298354055
-15.304685401559318
-29.83206866206919
-13.62242225450872
-30.63682959803411
-11.978691182548971
-31.316076916693078
15.361813895816226
-37.198058981090725
3.5739382192626916
3.592995990850925
3.6101348227092664
3.6254948509227845
3.6392008099517468
3.6513643668733646
3.6620860479900856
3.6714568444031
3.679559560843782
3.6864699574826036
3.692257723633444
3.696987314134395
3.7007186729391353
3.703507863515644
3.705407621983705
3.7064678458215363
3.706736028677166
3.706257649874345
3.7050765256770646
3.7032351281152724
3.7007748761368635
3.6977364029693396
3.6941598028626665
3.690084859727125
3.68555125963633
3.680598788690425
3.675267517213649
3.669597970958068
3.663631289039537
3.6574093806728016
3.5739382192626916
3.6443338607778566
3.6375687793453326
3.6307258937031537
3.6238525884142616
3.6169975650606108
3.6102108683447685
3.603543887798805
3.5970493327694393
3.5907811782084433
3.584794579015184
3.5791457507336233
3.5738918147109304
3.569090606299392
3.5648004451067403
3.561079867103134
3.5579873191465103
3.5555808175150787
3.5539175730631043
3.5530535867945336
3.553038814367526
3.5538631341166083
3.5554734618907977
3.5578142665862162
3.560828777201673
3.650975022684644
3.568501525334309
3.5730538684777318
3.5780588849340837
3.5834592896042436
3.5891984915767448
3.5952207813942185
3.6014714809202437
3.607897058205214
3.614445209383448
3.6210649096973144
3.6277064359747437
3.6343213627723956
3.6408625345474235
3.6472840159069473
3.6535410220446107
3.6595898310751402
3.6653876798526834
3.6708926445189083
3.6760635066281306
3.680859605110166
3.685240672055647
3.689166631477104
3.6925979643201385
3.564459600527767
3.6975787327138554
3.6990447397651733
3.699849830362754
3.6999508778364714
3.6993033124107617
3.6978607967742247
3.6955748642425745
3.6923945157153977
3.6882657684292215
3.683131147407429
3.6769291084970313
3.6695933791923694
3.6610522002573354
3.6512274470149286
3.6400336038629697
3.627376558585734
3.6131521736054797
3.5972445761975806
3.579524062517656
3.5599387285884982
3.5599387285884982
3.5599387285884987
3.559938728588498
3.5599387285884982
3.5599387285884987
3.559938728588498
3.5599387285884987
3.559938728588498
3.5599387285884982
3.5599387285884987
3.5599387285884987
3.559938728588498
3.559938728588498
3.559938728588498
3.5599387285884987
3.559938728588499
3.5599387285884987
3.559938728588498
3.559938728588499
3.5599387285884987
3.5599387285884987
3.559938728588498
3.559938728588499
3.5599387285884987
3.559938728588498
3.5599387285884982
3.5599387285884982
3.5599387285884982
3.559938728588498
3.5599387285884982
3.559938728588499
3.5599387285884982
3.559938728588499
3.559938728588498
3.5599387285884987
3.5599387285884987
3.5599387285884987
3.5599387285884982
3.5599387285884987
3.5739382192626916
3.592963456431009
3.6100720140861355
3.6254040115226926
3.6390841805991694
3.6512241880962346
3.6619245606260646
3.6712762897807654
3.6793621808219346
3.6862579944326828
3.6920334203959944
3.696752913962487
3.700476419434726
3.7032600005618748
3.7051563936747574
3.7062154963909837
3.7064848024253787
3.706009791095335
3.704834278585043
3.703000736771176
3.700550584375136
3.6975244543253756
3.693962440501659
3.689904326375826
3.685389797521283
3.680458639492391
3.675150922070544
3.669507170661778
3.663568525589183
3.657376872423627
3.5739382192626916
3.6346151752409175
3.618771680800959
3.6035297073548183
3.5889742888031924
3.575189896654587
3.562259972040848
3.5502664367927306
3.5392891958688995
3.529405643088204
3.520690182119147
3.5132137739004783
3.507043520417253
3.502242292986334
3.4988684107959585
3.49697537298636
3.496611644824091
3.497820496056004
3.5006398872710864
3.5051023983702803
3.5112307854959335
3.5189843865673827
3.528276697507887
3.5390162994056236
3.5511101169126476
3.650975022684644
3.5636838728874234
3.563794271831465
3.564744236500573
3.5664868476770004
3.5689750297242795
3.572161668096013
3.5759996897352786
3.580442114006476
3.585442078116907
3.5909528403526547
3.596927764399814
3.60332028769925
3.6100838767314958
3.617171971605064
3.624537922164311
3.632134917212759
3.63991590809834
3.647833527333732
3.655840002239849
3.6638870624470106
3.67192583545059
3.6799066831115423
3.6877802910175923
3.564459600527767
3.697095586097341
3.698126309248594
3.6985440721201512
3.698305886921656
3.6973673143754473
3.6956821314410853
3.693201967421416
3.689875900171573
3.6856500045181906
3.6804668435484817
3.674264891584944
3.666977875029182
3.6585340141044638
3.648855144432886
3.637855692193317
3.6254414699991613
3.6115082527302897
3.5959400857804233
3.5786073141378587
3.5786073141378587
3.552780324822871
3.5527803248228707
3.552780324822871
3.552780324822871
3.552780324822871
3.552780324822871
3.552780324822871
3.552780324822871
3.552780324822871
3.552780324822871
3.552780324822871
3.552780324822871
3.552780324822871
3.552780324822871
3.552780324822871
3.552780324822871
3.552780324822871
3.552780324822871
3.552780324822871
3.552780324822871
3.5527803248228707
3.5527803248228707
3.552780324822871
3.552780324822871
3.552780324822871
3.552780324822871
3.552780324822871
3.552780324822871
3.552780324822871
3.552780324822871
3.552780324822871
3.552780324822871
3.552780324822871
3.552780324822871
3.552780324822871
3.552780324822871
3.552780324822871
3.552780324822871
3.552780324822871
3.5549680579909255
3.5469436234658387
3.5406940048120132
3.536180321679084
3.533353431644763
3.5321547543675043
3.532517232585415
3.5343663955410682
3.537621488855896
3.542196635209516
3.5480019923997648
3.5549448788406526
3.5629308410652785
3.5718646429078613
3.5816511612096447
3.592196178056612
3.6034070642966074
3.6151933531185128
3.6274672060451367
3.6401437762152464
3.6531414756737473
3.666382151369932
3.679791287290707
3.564795267740046
3.7066762601042225
3.7200314660290763
3.733302755654702
3.74643272996999
3.759367019993387
3.772054090386047
3.784445024251569
3.7964932949283914
3.808154528452948
3.8193862593334056
3.8301476815314004
3.840399395870611
3.850103154520574
3.859221602665195
3.8677180169290257
3.875556039723948
3.8826994081285675
3.8891116755338984
3.894755923739049
3.8995944626868835
3.903588514415153
3.9066978769597163
3.9088805622564435
3.9100923916782158
3.9102941054941454
3.693297723824507
3.9076030054796735
3.904785517920731
3.9010905864729613
3.8965565334454397
3.8912202685499477
3.885117601209407
3.8782835343705555
3.8707525434275105
3.862558843360024
3.8537366467192395
3.844320414647519
3.834345102712215
3.8238464028911623
3.812860982690538
3.8014267219616706
3.7895829475411644
3.777370665418911
3.764832789632436
3.752014366542493
3.7389627926330116
3.725728023288959
3.7123627696763837
3.6989226823907138
3.685466446409395
3.9095029805931287
3.658498852971009
3.6451423715200115
3.6320588248553065
3.6193236817501404
3.6070156473694723
3.595216486681321
3.584010762807092
3.573485485630515
3.563729665026945
3.5548337645031225
3.546889053492305
3.5399868596498485
3.534217726221242
3.529670483880261
3.526431250932623
3.5245823805593757
3.5242013782814094
3.5253598168244697
3.528122278634706
3.532545358108229
3.538676754909489
3.5465544832573865
3.556206164866996
3.5764307265982715
3.5679059113261813
3.567905911326181
3.5679059113261813
3.567905911326181
3.567905911326181
3.5679059113261804
3.5679059113261804
3.567905911326181
3.567905911326181
3.5679059113261813
3.5679059113261817
3.567905911326181
3.56790591132618
3.5679059113261804
3.5679059113261813
3.5679059113261804
3.5679059113261813
3.5679059113261813
3.567905911326181
3.5679059113261813
3.5679059113261804
3.5679059113261804
3.567905911326181
3.5679059113261817
3.5679059113261804
3.5679059113261813
3.567905911326181
3.5679059113261804
3.567905911326181
3.5679059113261804
3.5679059113261804
3.567905911326181
3.5679059113261817
3.5679059113261813
3.567905911326181
3.56790591132618
3.567905911326181
3.5679059113261804
3.672056111148987
3.672056111148987
3.5480500392171
3.533624063304574
3.5215108563206625
3.511691697551433
3.5041361570878493
3.4988027265105237
3.495639588338636
3.4945855008584035
3.4955707679347485
3.4985182624820976
3.503344473796464
3.5099605517559618
3.518273324649663
3.5281862716614896
3.5396004353087482
3.552415263378529
3.5665293737389914
3.5818412385687637
3.598249787256675
3.615654928626655
3.6339579916735056
3.6530620530277518
3.6728731849833
3.564795267740046
3.7065677121150618
3.719822997498585
3.7330029964706752
3.746050324075379
3.7589106259778964
3.7715323804843046
3.7838666829365293
3.795867017365718
3.8074890188968724
3.818690229493958
3.8294298489260794
3.839668482167076
3.8493678838742946
3.8584907000548454
3.867000206492095
3.8748600430952855
3.882033942785603
3.888485453154736
3.894177648585597
3.899072830040756
3.9031322091409693
3.9063155724420575
3.9085809208135305
3.909884075232558
3.9101855843240356
3.6932977238245073
3.907291900489266
3.9041890673810116
3.9002345900455575
3.895466830557061
3.889922734977515
3.883638145219058
3.8766480927321907
3.868987077378592
3.86068933454239
3.851789093099028
3.84232082642379
3.832319498218229
3.821820804491664
3.8108614126784066
3.799479198457704
3.7877134804019077
3.775605252159993
3.763197411380949
3.7505349840477193
3.737665342412183
3.724638414157915
3.711506880777141
3.6983263715081836
3.6851553537804356
3.9095029805931283
3.6578168612814053
3.643833806248039
3.6301794607474895
3.6169296287236143
3.6041633200240915
3.591962572086055
3.5804121875307775
3.569599382275455
3.5596133383817756
3.5505446573934187
3.5424847123956145
3.5355249001381734
3.5297557982934977
3.525266237248583
3.5221423003298296
3.5204662711420287
3.5203155512185593
3.521761575198782
3.52486875387842
3.5296934774838546
3.5362832115970853
3.5446757158391384
3.554898399381095
3.5764307265982715
3.5764307265982715
3.5764307265982715
3.5764307265982715
3.5764307265982715
3.5764307265982715
3.5764307265982715
3.576430726598271
3.576430726598272
3.5764307265982715
3.5764307265982715
3.576430726598271
3.5764307265982715
3.576430726598272
3.576430726598271
3.576430726598271
3.5764307265982715
3.5764307265982715
3.576430726598271
3.576430726598272
3.576430726598272
3.5764307265982707
3.5764307265982715
3.576430726598272
3.576430726598271
3.5764307265982715
3.5764307265982715
3.576430726598271
3.5764307265982715
3.576430726598271
3.576430726598271
3.576430726598272
3.5764307265982715
3.5764307265982715
3.576430726598271
3.5764307265982715
3.5764307265982715
3.5764307265982715
3.5764307265982715
3.5764307265982715
3.567905911326181
3.5461378602653664
3.5612793486313183
3.5753806490614886
3.5884991538753157
3.6006873975719067
3.611993611897926
3.622462206140428
3.6321341844966075
3.641047510411841
3.649237425834393
3.6567367321478295
3.66357603827996
3.669783980681027
3.675387419035183
3.680411611041979
3.6848803690190883
3.6888162007417615
3.692240436508301
3.6951733441934027
3.6976342337815526
3.699641552644571
3.701212972697818
3.7023654703986733
3.703115400402173
3.7034785636269336
3.703470270353585
3.7031053989087632
3.702398450430386
3.7013636000897603
3.7000147451800554
3.698365550269592
3.696429489488791
3.69421988504581
3.6917499316861284
3.6890330110910337
3.529893289280531
3.6818893705729385
3.6775429577424217
3.6730561937621036
3.6684426553048177
3.6637159989601304
3.658889995724324
3.653978557589665
3.6489957612817583
3.6439558701708723
3.6388733545501823
3.633762910313602
3.6286394759633134
3.6235182478665244
3.6184146936472668
3.61334456355167
3.608323899673444
3.60336904285263
3.5984966370594598
3.593723631130966
3.589067277621666
3.584545128572745
3.580175028052038
3.5759751012194454
3.571963739723172
3.5681595832873008
3.5645814972256904
3.561248545688629
3.5581799602207007
3.555395102490657
3.552913415871216
3.550754318549758
3.5489383958617924
3.6860818470455254
3.545384649871165
3.5436300979982227
3.5422390893414533
3.541230672522192
3.54062354751187
3.540435991460024
3.540685783707507
3.541390129761712
3.542565584809632
3.544227977451538
3.5463923343529276
3.549072806679902
3.5522825990724867
3.55603390202432
3.5603378284538345
3.5652043552600143
3.5706422706246213
3.576659127755893
3.5832612056873887
3.590453477673194
3.5982395876352484
3.6066218350051638
3.6156011681372946
3.6251771864721394
3.6353481512925976
3.6461110049569707
3.6574613979461215
3.6693937218414336
3.681901134956807
3.5124071222366493
3.694992222354706
3.694992222354706
3.694992222354706
3.694992222354706
3.694992222354706
3.694992222354706
3.694992222354706
3.694992222354706
3.694992222354706
3.694992222354706
3.694992222354706
3.694992222354706
3.694992222354706
3.694992222354706
3.6949922223547054
3.694992222354706
3.694992222354706
3.694992222354706
3.694992222354706
3.6949922223547054
3.694992222354706
3.6949922223547054
3.6949922223547054
3.6949922223547054
3.694992222354706
3.694992222354706
3.6949922223547054
3.694992222354706
3.6949922223547054
3.694992222354706
3.694992222354706
3.694992222354706
3.6949922223547054
3.694992222354706
3.694992222354706
3.6949922223547054
3.694992222354706
3.694992222354706
3.5474834275195932
3.5474834275195937
3.5346614483878036
3.5387327812202622
3.5422041841763754
3.5451674742512567
3.547709773821445
3.5499137757160484
3.5518579052602295
3.553616394842875
3.5552592859624275
3.556852373072072
3.5584571035694723
3.5601304480470097
3.561924754882618
3.5638876028506568
3.5660616649256807
3.5684845954364848
3.5711889514967576
3.574202157870726
3.577546522469547
3.581239307361593
3.585292857712655
3.58971478863635
3.594508227525899
3.5996721072485545
3.6052015037904566
3.6110880104734764
3.6173201399140202
3.6238837444351453
3.630762445613898
3.6379380643028263
3.6453910436554398
3.653100861114613
3.661046439452449
3.669206697834696
3.6775570813166505
3.5298932892805315
3.6824969901187563
3.6787218525343746
3.6747695922886026
3.6706534981487415
3.66638697616064
3.661983569837977
3.6574569833846744
3.652821104478213
3.648090025935316
3.64327806598771
3.638399787045257
3.633470012816545
3.62850384368053
3.6235166701828563
3.618524184489082
3.613542389678329
3.6085876066886775
3.6036764787254083
3.5988259729996415
3.5940533795593517
3.5893763070187403
3.584812675041369
3.580380703337712
3.5760988969944956
3.571986028021965
3.568061112913473
3.5643433861778693
3.5608522698844323
3.5576073397712102
3.554628291042601
3.551934932553758
3.549546400588057
3.6860818470455254
3.5453564968747546
3.5435756231125066
3.5421601603806594
3.541129165086975
3.5405013401375154
3.5402949642013057
3.5405278175826895
3.541217106483106
3.5423793866290327
3.5440304870581816
3.546185434798084
3.5488583813162884
3.5520625315027208
3.5558100760555837
3.56011212805744
3.5649786645355546
3.5704184737691955
3.5764391090397907
3.5830468494388614
3.5902466682770813
3.598042209554079
3.606435772839039
3.6154283067552275
3.6250194112856957
3.6352073488418606
3.6459890642761557
3.657360214265468
3.669315209621577
3.6818473060701944
3.5124071222366493
3.5124071222366493
3.5124071222366493
3.5124071222366493
3.5124071222366493
3.5124071222366493
3.5124071222366493
3.5124071222366493
3.5124071222366497
3.5124071222366493
3.5124071222366493
3.5124071222366497
3.5124071222366493
3.5124071222366493
3.5124071222366497
3.5124071222366497
3.512407122236649
3.5124071222366497
3.5124071222366493
3.5124071222366493
3.5124071222366493
3.5124071222366497
3.5124071222366493
3.5124071222366497
3.5124071222366493
3.5124071222366497
3.5124071222366497
3.5124071222366493
3.5124071222366493
3.5124071222366493
3.5124071222366497
3.5124071222366493
3.5124071222366493
3.5124071222366493
3.5124071222366497
3.5124071222366493
3.5124071222366493
3.5124071222366497
3.5124071222366497
3.5124071222366497
3.694992222354706
31.579362145270174
0.0
0.0
0.0
0.0
0.0
0.0
0.0
0.0
0.0
0.0
0.0
0.0
0.0
0.0
0.0
0.0
0.0
0.0
0.0
0.0
0.0
0.0
0.0
0.0
0.0
0.0
0.0
0.0
0.0
31.579362145270174
0.0
0.0
0.0
0.0
0.0
0.0
0.0
0.0
0.0
0.0
0.0
0.0
0.0
0.0
0.0
0.0
0.0
0.0
0.0
0.0
0.0
0.0
0.0
0.0
0.0
0.0
0.0
0.0
0.0
0.0
0.0
0.0
0.0
0.0
0.0
0.0
0.0
0.0
0.0
0.0
0.0
0.0
0.0
0.0
0.0
0.0
0.0
0.0
0.0
0.0
0.0
0.0
0.0
0.0
0.0
0.0
0.0
0.0
0.0
0.0
0.0
0.0
0.0
0.0
0.0
0.0
0.0
0.0
0.0
0.0
0.0
0.0
0.0
0.0
0.0
0.0
0.0
0.0
0.0
0.0
0.0
0.0
0.0
0.0
0.0
0.0
0.0
0.0
53.68916103929193
58.131671226875966
58.13167122687576
62.79630692383893
67.69417440565032
67.69417440565009
72.83693526155216
78.23683416024949
83.90672800388126
0.0
0.0
0.0
0.0
0.0
0.0
0.0
0.0
0.0
0.0
0.0
17.024505130884666
42.98757086657682
43.72935352348133
44.404977960800075
45.01661970952813
45.56645254482849
46.05664852452386
46.48937805831068
46.86680998415174
47.19111164713861
51.84398931802949
52.08924497810483
52.2835611109097
52.42929938793449
52.52882028575404
52.58448317315336
52.59864639882292
52.57366737896705
48.07594011463271
43.77088448912536
43.66377042809016
43.53183790348103
43.377052732215695
56.3224631083871
56.06876681402711
46.9182256867608
60.24522594356627
50.6891941014049
59.55146730015035
59.18388441631266
17.024505130884666
53.292962879463204
48.181602818131466
47.452788501271556
55.27090824100093
50.218275555742196
53.813931407993444
48.98213087007425
56.94358827528733
56.38355543100922
55.894281973282595
59.92964615284601
59.5610035237364
73.85059945332199
73.60185608244774
68.392271155029
63.54021689236983
59.01419642100732
54.78474557589835
55.02976941528162
55.36804863998431
55.79901902837649
52.015882634138855
52.57752300473874
53.21724652552015
45.55510037526824
49.64377433410989
49.649255256913065
45.6475446704967
45.727159941098904
45.84107910657529
45.98739104606596
46.1642307883361
42.45266463252895
46.602195848850045
42.90122619750082
43.15832507382761
43.435099372988454
39.88706151956527
44.04093487412023
40.46777765746589
40.77638191220971
41.09490015496303
41.42156542600682
41.754537337063205
42.091894157795856
42.431625020362674
42.77162027619361
47.26300522302594
49.68229932254909
47.70533106233745
47.75452740104887
47.7744816373251
47.763103818001014
47.71829571115461
47.637949371719586
51.90460686786422
51.73225543995456
51.51410159888819
51.24778649134295
50.93093374965133
50.56114814544571
50.1360142539964
54.05728205429899
53.46593974498181
52.80630458936552
52.075644914838485
51.27120068933507
50.39018594608485
50.39018594608485
0.0
0.0
0.0
0.0
0.0
0.0
0.0
0.0
0.0
0.0
0.0
0.0
0.0
0.0
0.0
0.0
0.0
0.0
0.0
0.0
37.66564654143888
37.6656465414389
37.66564654143895
37.66564654143892
41.29444109352238
41.29444109352243
45.10467537321006
45.10467537321004
45.10467537321011
49.10542136688208
53.30620466023771
57.71702711826113
67.21132245915649
72.31740080712581
83.3082344511298
0.0
0.0
0.0
0.0
1.2252165192474114
0.0
0.0
0.0
0.0
0.0
0.0
0.0
0.0
0.0
0.0
0.0
0.0
0.0
0.0
0.0
0.0
0.0
0.0
0.0
0.0
0.0
0.0
0.0
0.0
0.0
0.0
0.0
0.0
0.0
1.0
0.0
0.0
0.0
0.0
0.0
0.0
0.0
0.0
0.0
0.0
0.0
0.0
0.0
0.0
0.0
0.0
0.0
0.0
0.0
0.0
0.0
0.0
0.0
0.0
0.0
0.0
0.0
0.0
0.0
0.0
0.0
0.0
0.0
0.0
0.0
0.0
0.0
0.0
0.0
0.0
0.0
0.0
0.0
0.0
0.0
0.0
0.0
0.0
0.0
0.0
0.0
0.0
0.0
0.0
0.0
0.0
0.0
0.0
0.0
0.0
0.0
0.0
0.0
0.0
0.0
0.0
0.0
0.0
0.0
0.0
0.0
0.0
0.0
0.0
0.0
0.0
0.0
0.0
0.0
0.0
0.0
0.0
0.0
0.0
0.0
0.0
0.0
0.0
1.5722870400647597
1.5794854336513835
1.6082790079978784
1.6298741887577493
1.637072582344373
1.658667763104244
1.6658661566908677
1.6730645502774912
1.8314292091832123
0.0
0.0
0.0
0.0
0.0
0.0
0.0
0.0
0.0
0.0
0.0
1.228970127901535
1.2428430839747775
1.2710806518788214
1.3265838210269054
1.3803345624861862
0.9294060802398902
0.9294060802398902
0.9294060802398902
0.9294060802398902
1.5624244134984608
1.5737194406600783
1.1383640827298152
1.1383640827298152
1.1383640827298152
1.1383640827298152
1.1383640827298152
1.1383640827298152
1.1383640827298152
1.65843214437221
1.6697271715338275
1.6810221986954452
1.692317225857063
1.7036122530186804
0.9294060802398902
0.9294060802398902
1.8222100382156647
0.9294060802398902
1.825033795006069
0.9294060802398902
1.8278575517964735
1.0037536086541234
1.8321611130015616
1.8321611130015616
1.83646467420665
1.8407682354117378
1.8407682354117378
1.8450717966168262
1.8450717966168262
1.8493753578219143
1.8493753578219143
1.8493753578219143
1.6982589278306741
1.6946597310373623
1.6946597310373623
1.6910605342440506
0.9280160641337631
0.9280160641337631
0.9280160641337631
1.0143967871732473
0.9280160641337631
0.9280160641337631
1.064785542279613
0.9280160641337631
0.9280160641337631
1.1151742973859788
1.8278575517964735
0.9280160641337631
1.1511662653190973
0.9280160641337631
0.9280160641337631
1.1871582332522157
1.201555020425463
1.2087534140120868
1.2231502011853341
1.2303485947719577
1.2447453819452052
1.2519437755318288
1.2663405627050761
1.2807373498783234
1.2879357434649472
1.3023325306381945
1.3167293178114419
1.3239277113980656
1.3455228921579367
1.3455228921579367
1.3594701484802245
1.3846674760190427
1.397266139788452
1.4035654716731565
0.9280160641337631
1.4224634673272702
1.428762799211975
1.441361462981384
1.4539601267507933
1.4602594586354978
1.472858122404907
1.4665587905202024
1.4665587905202024
1.4791574542896115
1.4931047106118993
1.991931380138492
1.991931380138492
1.521898284958394
1.5290966785450177
1.5290966785450177
1.5290966785450177
1.5362950721316415
1.5506918593048888
0.9280160641337631
0.9280160641337631
0.0
0.0
0.0
0.0
0.0
0.0
0.0
0.0
0.0
0.0
0.0
0.0
0.0
0.0
0.0
0.0
0.0
0.0
0.0
0.0
1.1637778938434546
1.1355403259394108
1.101655244454558
1.0677701629697054
1.0338850814848526
1.1976629753283072
1.709259766599489
1.7149072801802978
1.7177310369707022
1.7205547937611065
1.7262023073419155
1.7290260641323199
1.7318498209227242
1.7346735777131286
1.7374973345035332
0.0
0.0
0.0
0.0
