31.579362145270174
0.0
0.0
0.0
0.0
0.0
0.0
0.0
0.0
0.0
0.0
0.0
0.0
0.0
0.0
0.0
0.0
0.0
0.0
0.0
0.0
0.0
0.0
0.0
0.0
0.0
0.0
0.0
0.0
0.0
31.579362145270174
0.0
0.0
0.0
0.0
0.0
0.0
0.0
0.0
0.0
0.0
0.0
0.0
0.0
0.0
0.0
0.0
0.0
0.0
0.0
0.0
0.0
0.0
0.0
0.0
0.0
0.0
0.0
0.0
0.0
0.0
0.0
0.0
0.0
0.0
0.0
0.0
0.0
0.0
0.0
0.0
0.0
0.0
0.0
0.0
0.0
0.0
0.0
0.0
0.0
0.0
0.0
0.0
0.0
0.0
0.0
0.0
0.0
0.0
0.0
0.0
0.0
0.0
0.0
0.0
0.0
0.0
0.0
0.0
0.0
0.0
0.0
0.0
0.0
0.0
0.0
0.0
0.0
0.0
0.0
0.0
0.0
0.0
0.0
0.0
0.0
0.0
0.0
0.0
53.68916103929193
58.131671226875966
58.13167122687576
62.79630692383893
67.69417440565032
67.69417440565009
72.83693526155216
78.23683416024949
83.90672800388126
0.0
0.0
0.0
0.0
0.0
0.0
0.0
0.0
0.0
0.0
0.0
17.024505130884666
42.98757086657682
43.72935352348133
44.404977960800075
45.01661970952813
45.56645254482849
46.05664852452386
46.48937805831068
46.86680998415174
47.19111164713861
51.84398931802949
52.08924497810483
52.2835611109097
52.42929938793449
52.52882028575404
52.58448317315336
52.59864639882292
52.57366737896705
48.07594011463271
43.77088448912536
43.66377042809016
43.53183790348103
43.377052732215695
56.3224631083871
56.06876681402711
46.9182256867608
60.24522594356627
50.6891941014049
59.55146730015035
59.18388441631266
17.024505130884666
53.292962879463204
48.181602818131466
47.452788501271556
55.27090824100093
50.218275555742196
53.813931407993444
48.98213087007425
56.94358827528733
56.38355543100922
55.894281973282595
59.92964615284601
59.5610035237364
73.85059945332199
73.60185608244774
68.392271155029
63.54021689236983
59.01419642100732
54.78474557589835
55.02976941528162
55.36804863998431
55.79901902837649
52.015882634138855
52.57752300473874
53.21724652552015
45.55510037526824
49.64377433410989
49.649255256913065
45.6475446704967
45.727159941098904
45.84107910657529
45.98739104606596
46.1642307883361
42.45266463252895
46.602195848850045
42.90122619750082
43.15832507382761
43.435099372988454
39.88706151956527
44.04093487412023
40.46777765746589
40.77638191220971
41.09490015496303
41.42156542600682
41.754537337063205
42.091894157795856
42.431625020362674
42.77162027619361
47.26300522302594
49.68229932254909
47.70533106233745
47.75452740104887
47.7744816373251
47.763103818001014
47.71829571115461
47.637949371719586
51.90460686786422
51.73225543995456
51.51410159888819
51.24778649134295
50.93093374965133
50.56114814544571
50.1360142539964
54.05728205429899
53.46593974498181
52.80630458936552
52.075644914838485
51.27120068933507
50.39018594608485
50.39018594608485
0.0
0.0
0.0
0.0
0.0
0.0
0.0
0.0
0.0
0.0
0.0
0.0
0.0
0.0
0.0
0.0
0.0
0.0
0.0
0.0
37.66564654143888
37.6656465414389
37.66564654143895
37.66564654143892
41.29444109352238
41.29444109352243
45.10467537321006
45.10467537321004
45.10467537321011
49.10542136688208
53.30620466023771
57.71702711826113
67.21132245915649
72.31740080712581
83.3082344511298
0.0
0.0
0.0
0.0
