1.2252165192474114
0.0
0.0
0.0
0.0
0.0
0.0
0.0
0.0
0.0
0.0
0.0
0.0
0.0
0.0
0.0
0.0
0.0
0.0
0.0
0.0
0.0
0.0
0.0
0.0
0.0
0.0
0.0
0.0
0.0
1.0
0.0
0.0
0.0
0.0
0.0
0.0
0.0
0.0
0.0
0.0
0.0
0.0
0.0
0.0
0.0
0.0
0.0
0.0
0.0
0.0
0.0
0.0
0.0
0.0
0.0
0.0
0.0
0.0
0.0
0.0
0.0
0.0
0.0
0.0
0.0
0.0
0.0
0.0
0.0
0.0
0.0
0.0
0.0
0.0
0.0
0.0
0.0
0.0
0.0
0.0
0.0
0.0
0.0
0.0
0.0
0.0
0.0
0.0
0.0
0.0
0.0
0.0
0.0
0.0
0.0
0.0
0.0
0.0
0.0
0.0
0.0
0.0
0.0
0.0
0.0
0.0
0.0
0.0
0.0
0.0
0.0
0.0
0.0
0.0
0.0
0.0
0.0
0.0
1.5722870400647597
1.5794854336513835
1.6082790079978784
1.6298741887577493
1.637072582344373
1.658667763104244
1.6658661566908677
1.6730645502774912
1.8314292091832123
0.0
0.0
0.0
0.0
0.0
0.0
0.0
0.0
0.0
0.0
0.0
1.228970127901535
1.2428430839747775
1.2710806518788214
1.3265838210269054
1.3803345624861862
0.9294060802398902
0.9294060802398902
0.9294060802398902
0.9294060802398902
1.5624244134984608
1.5737194406600783
1.1383640827298152
1.1383640827298152
1.1383640827298152
1.1383640827298152
1.1383640827298152
1.1383640827298152
1.1383640827298152
1.65843214437221
1.6697271715338275
1.6810221986954452
1.692317225857063
1.7036122530186804
0.9294060802398902
0.9294060802398902
1.8222100382156647
0.9294060802398902
1.825033795006069
0.9294060802398902
1.8278575517964735
1.0037536086541234
1.8321611130015616
1.8321611130015616
1.83646467420665
1.8407682354117378
1.8407682354117378
1.8450717966168262
1.8450717966168262
1.8493753578219143
1.8493753578219143
1.8493753578219143
1.6982589278306741
1.6946597310373623
1.6946597310373623
1.6910605342440506
0.9280160641337631
0.9280160641337631
0.9280160641337631
1.0143967871732473
0.9280160641337631
0.9280160641337631
1.064785542279613
0.9280160641337631
0.9280160641337631
1.1151742973859788
1.8278575517964735
0.9280160641337631
1.1511662653190973
0.9280160641337631
0.9280160641337631
1.1871582332522157
1.201555020425463
1.2087534140120868
1.2231502011853341
1.2303485947719577
1.2447453819452052
1.2519437755318288
1.2663405627050761
1.2807373498783234
1.2879357434649472
1.3023325306381945
1.3167293178114419
1.3239277113980656
1.3455228921579367
1.3455228921579367
1.3594701484802245
1.3846674760190427
1.397266139788452
1.4035654716731565
0.9280160641337631
1.4224634673272702
1.428762799211975
1.441361462981384
1.4539601267507933
1.4602594586354978
1.472858122404907
1.4665587905202024
1.4665587905202024
1.4791574542896115
1.4931047106118993
1.991931380138492
1.991931380138492
1.521898284958394
1.5290966785450177
1.5290966785450177
1.5290966785450177
1.5362950721316415
1.5506918593048888
0.9280160641337631
0.9280160641337631
0.0
0.0
0.0
0.0
0.0
0.0
0.0
0.0
0.0
0.0
0.0
0.0
0.0
0.0
0.0
0.0
0.0
0.0
0.0
0.0
1.1637778938434546
1.1355403259394108
1.101655244454558
1.0677701629697054
1.0338850814848526
1.1976629753283072
1.709259766599489
1.7149072801802978
1.7177310369707022
1.7205547937611065
1.7262023073419155
1.7290260641323199
1.7318498209227242
1.7346735777131286
1.7374973345035332
0.0
0.0
0.0
0.0
