200.72888068 36.152642971
202.912745154 235.905808847
205.083466417 235.624060842
207.241398924 235.308324372
209.386897133 234.959524853
211.520315499 234.578587702
213.64200848 234.166438335
215.752330532 233.724002169
217.85163611 233.252204619
219.940279672 232.751971102
222.018615675 232.224227034
224.086998573 231.669897831
226.145782825 231.08990891
228.195322886 230.485185688
230.235973213 229.856653579
232.268088263 229.205238001
234.292022491 228.531864369
236.308130355 227.837458101
238.31676631 227.122944612
240.318284814 226.389249319
242.313040322 225.637297637
244.301387291 224.868014984
246.283680178 224.082326775
248.260273439 223.281158427
250.231521531 222.465435356
252.197778909 221.636082978
254.159400031 220.794026709
256.116739353 219.940191967
258.070151331 219.075504166
260.019990422 218.200888724
261.966611082 217.317271057
263.910367768 216.42557658
265.851614936 215.526730711
267.790707043 214.621658865
269.727998545 213.711286458
271.663843898 212.796538908
273.59859756 211.87834163
275.532613986 210.957620041
277.466247633 210.035299556
279.399852957 209.112305593
281.333784416 208.189563566
283.268396464 207.267998894
285.20404356 206.348536991
287.141080158 205.432103275
289.079860717 204.519623161
291.020739691 203.612022066
292.964071538 202.710225406
294.910210715 201.815158597
296.859511677 200.927747056
298.812328881 200.048916199
300.768976972 199.17948933
302.729456225 198.319483415
304.693617723 197.468532757
306.661311649 196.626269349
308.632388185 195.792325184
310.606697514 194.966332254
312.584089818 194.147922553
314.564415281 193.336728073
316.547524084 192.532380808
318.533266411 191.73451275
320.521492444 190.942755892
322.512052366 190.156742226
324.504796359 189.376103747
326.499574607 188.600472446
328.496237291 187.829480317
330.494634594 187.062759352
332.494616699 186.299941544
334.496033789 185.540658887
336.498736046 184.784543373
338.502573654 184.031226994
340.507396793 183.280341745
342.513055648 182.531519617
344.519400401 181.784392603
346.526281235 181.038592697
348.533548331 180.293751892
350.541051874 179.549502179
352.548642044 178.805475552
354.556169026 178.061304005
356.563483002 177.316619529
358.570434154 176.571054118
360.576872665 175.824239764
362.582648718 175.075808461
364.587612495 174.325392201
366.591614179 173.572622978
368.594503953 172.817132783
370.596131999 172.05855361
372.5963485 171.296517453
374.595003638 170.530656302
376.591947597 169.760602153
378.587030558 168.985986996
380.580102705 168.206442826
382.57101422 167.421601636
384.559615286 166.631095417
386.545756086 165.834556163
388.529286801 165.031615867
390.510057615 164.221906522
392.487918711 163.40506012
394.46272027 162.580708655
396.434312476 161.748484119
398.402545512 160.908018505
400.36726955 160.058943806
