-20.0140692555 41.639545507
-19.3646852677 142.716437581
-18.7026417209 143.775032197
-18.0281117407 144.815561885
-17.3412684525 145.838259177
-16.6422849821 146.843356604
-15.9313344549 147.831086699
-15.2085899966 148.801681993
-14.4742247327 149.755375017
-13.7284117889 150.692398304
-12.9713242907 151.612984384
-12.2031353636 152.517365789
-11.4240181334 153.405775051
-10.6341457255 154.278444702
-9.8336912655 155.135607273
-9.02282787907 155.977495296
-8.20172869174 156.804341302
-7.3705668291 157.616377823
-6.52951541673 158.413837391
-5.67874758022 159.196952537
-4.81843644515 159.965955793
-3.94875513709 160.72107969
-3.06987678164 161.46255676
-2.18197450438 162.190619535
-1.28522143088 162.905500546
-0.379790686739 163.607432326
0.534144602472 164.296647404
1.45641131117 164.973378314
2.38683631376 165.637857587
3.32524648467 166.290317754
4.27146869832 166.930991346
5.22532982912 167.560110897
6.18665675149 168.177908937
7.15527633985 168.784617997
8.13101546861 169.38047061
9.11370101219 169.965699307
10.103159845 170.540536619
11.0992188415 171.105215079
12.101704876 171.659967218
13.1104448231 172.205025567
14.125265557 172.740622658
15.1459939523 173.266991023
16.1724568833 173.784363193
17.2044812245 174.292971701
18.2418938502 174.793049076
19.284521635 175.284827852
20.3321914531 175.76854056
21.3847301791 176.244419731
22.4419646874 176.712697897
23.5037218523 177.17360759
24.5698285482 177.62738134
25.6401116497 178.074251681
26.7143980311 178.514451143
27.7925145668 178.948212258
28.8742881313 179.375767558
29.9595455989 179.797349575
31.0481138442 180.213190839
32.1398197414 180.623523882
33.234490165 181.028581237
34.3319519895 181.428595434
35.4320320892 181.823799006
36.5345573386 182.214424484
37.6393546121 182.600704399
38.7462507841 182.982871284
39.855072729 183.361157669
40.9656473213 183.735796087
42.0778014353 184.107019068
43.1913619455 184.475059146
44.3061557263 184.84014885
45.4220096521 185.202520714
46.5387505973 185.562407268
47.6562054364 185.920041044
48.7742010437 186.275654573
49.8925642937 186.629480389
51.0111220608 186.981751021
52.1297012194 187.332699001
53.2481286439 187.682556862
54.3662312088 188.031557134
55.4838357884 188.37993235
56.6007692573 188.727915041
57.7168584897 189.075737738
58.8319303601 189.423632974
59.945811743 189.771833279
61.0583295127 190.120571186
62.1693105437 190.470079226
63.2785817104 190.820589931
64.3859698872 191.172335832
65.4913019485 191.525549461
66.5944047688 191.880463349
67.6951052223 192.237310028
68.7932301837 192.59632203
69.8886065273 192.957731887
70.9810611274 193.321772129
72.0704208586 193.688675289
73.1565125952 194.058673899
74.2391632117 194.432000489
75.3181995825 194.808887591
76.3934485819 195.189567738
77.4647370845 195.57427346
78.5318919646 195.963237289
79.594740096 196.356691757
