76.1519534803 9.0503732606
78.5087958436 29.4826681647
80.8722665154 29.9430224951
83.2421806803 30.4298308609
85.6183535229 30.9414878714
88.0006002278 31.476388136
90.3887359796 32.0329262639
92.7825759631 32.6094968645
95.1819353628 33.2044945471
97.5866293633 33.816313921
99.9964731492 34.4433495955
102.411281905 35.0839961798
104.830870816 35.7366482834
107.255055066 36.3997005154
109.68364984 37.0715474853
112.116470323 37.7505838022
114.553331698 38.4352040756
116.994049152 39.1238029147
119.438437868 39.8147749289
121.886313031 40.5065147274
124.337489826 41.1974169195
126.791783437 41.8858761145
129.249009049 42.5702869219
131.708981846 43.2490439507
134.171517014 43.9205418105
136.636429736 44.5831751104
139.103535198 45.2353384598
141.572648584 45.8754264679
144.043585079 46.5018337442
146.516159866 47.1129548978
148.990188132 47.7071845381
151.46548506 48.2829172745
153.941865836 48.8385477161
156.419145643 49.3724704724
158.897139667 49.8830801526
161.375663091 50.368771366
163.854531102 50.8279387219
166.333558882 51.2589768297
168.812561617 51.6602802986
171.291354492 52.030243738
173.769752691 52.3672617571
176.247571399 52.6697289652
178.7246258 52.9360399718
181.20073108 53.164589386
183.675702422 53.3537718171
186.149355011 53.5019818746
188.621504032 53.6076141676
191.091964669 53.6690633056
193.560552107 53.6847238977
196.027081532 53.6529905534
198.491368126 53.5722578818
200.953234988 53.4410691058
203.412604381 53.259830261
205.869466145 53.0302166655
208.323811417 52.7539280411
210.775631332 52.4326641093
213.224917029 52.0681245919
215.671659645 51.6620092103
218.115850316 51.2160176864
220.557480179 50.7318497417
222.996540372 50.2112050978
225.433022031 49.6557834764
227.866916294 49.0672845992
230.298214297 48.4474081878
232.726907178 47.7978539638
235.152986073 47.1203216488
237.576442121 46.4165109646
239.997266456 45.6881216327
242.415450218 44.9368533748
244.830984542 44.1644059125
247.243860566 43.3724789675
249.654069426 42.5627722614
252.061602261 41.7369855159
254.466450206 40.8968184525
256.868604399 40.043970793
259.268055976 39.180142259
261.664796076 38.307032572
264.058815835 37.4263414538
266.450106389 36.539768626
268.838658877 35.6490138103
271.224464434 34.7557767282
273.607514198 33.8617571014
275.987799307 32.9686546516
278.365310896 32.0781691004
280.740040104 31.1920001694
283.111978067 30.3118475803
285.481115921 29.4394110547
287.847444805 28.5763903143
290.210955855 27.7244850807
292.571640208 26.8853950755
294.929489002 26.0608200204
297.284493373 25.252459637
299.636644458 24.462013647
301.985933394 23.6911817719
304.332351318 22.9416637336
306.675889368 22.2151592535
309.016538681 21.5133680533
311.354290392 20.8379898547
313.68913564 20.1907243793
316.021065562 19.5732713487
318.35007129 18.9873304846
