0.4720278354865002 -34.98351804561878
0.5008680656295894 -34.70346304308603
0.5302237587342233 -34.486771926259195
0.5601924655483685 -34.33094761871979
0.5908897414441014 -34.233492924539775
0.6224295767791261 -34.191910773123084
0.6549195076033527 -34.20370428122607
0.6884589900917604 -34.26637677274536
0.7231387561383826 -34.37743178692517
0.7590405286645705 -34.53437308145962
0.7962368912894817 -34.73470463391956
0.8347912363390719 -34.97593064177204
0.8747577638650625 -35.25555552098015
0.9161815287640991 -35.57108390422502
0.9590985540396275 -35.920020636434316
1.003536061833472 -36.29987076600668
1.0495129502367888 -36.70813952847854
1.0970408533088971 -37.142332308536595
1.1461268001065434 -37.59995454714161
1.1967811995002933 -38.078511459909464
1.2490497873673405 -38.57550691434653
1.3032372673503119 -39.08843556608545
1.3569159968709243 -39.61488803874613
0.44376052560772905 -35.32943216896217
1.5693826380689586 -40.68798931183727
1.7314068734945067 -41.22935377054799
1.8974891046903508 -41.77391920167938
2.06747104003108 -42.31919580829137
2.241208799820413 -42.86269480809213
2.418538297771647 -43.401929649751764
2.5992665881723838 -43.93441631756784
2.7831689837508407 -44.45767343235693
2.9699879055908696 -44.96922229155015
3.1594323640227344 -45.46658688686509
3.351177704106533 -45.94729391276559
3.544865475696497 -46.40887276992211
3.740103369666201 -46.848855565838534
3.9364651956850025 -47.264777113587286
4.133490893821033 -47.6541749271442
4.330686584897251 -48.014589213948
4.527524679785074 -48.343562859580345
4.723444097907986 -48.638641399985886
4.917850715973657 -48.89737296478987
5.110118364716186 -49.1173081523674
5.299591329052987 -49.29599971765441
5.4855918563083605 -49.431001634586124
5.667450197576272 -49.519865345828805
5.8447149072376305 -49.5601135116483
6.014367165530189 -49.54995273652463
1.4118314417331135 -40.15230811551535
6.143965923578207 -49.39887729274807
6.105156128964097 -49.262564672334065
6.0613073819095575 -49.083517755718646
6.012695815574148 -48.864086506733514
5.959639001630364 -48.60661569394466
5.902463458620446 -48.31344894714283
5.8414965320099554 -47.98692977047392
5.777063691433625 -47.62940188007465
5.7094874546396 -47.2432093385722
5.6390869052064545 -46.830696615296176
5.566177461018015 -46.39420861513935
5.491070763717289 -45.936090693001375
5.414074636831458 -45.45868865918837
5.335493094502908 -44.96434877881953
5.255626403387055 -44.455417765297994
5.1747712221994675 -43.934242764432554
5.093220882778951 -43.403171322690184
5.011265968303121 -42.864551321692204
4.929195597800117 -42.32073083160694
4.847300648102532 -41.77405774516231
4.7658834289201195 -41.2268786760153
4.685296393497254 -40.68153455466381
4.606213126478451 -40.14032979092096
4.525961700425796 -39.60594951457162
6.177729530737793 -49.49007206519323
4.564027552469383 -38.53370401827101
4.678491598710593 -38.00131292520456
4.790541376534293 -37.48567297666554
4.900619212932384 -36.98909940195048
5.009269214578126 -36.51389331105821
5.117095335279771 -36.06234646578815
5.224750899824812 -35.636742470940334
5.332935120823777 -35.23935716907238
5.442391717291514 -34.87245879593118
5.553908302808395 -34.53830804706362
5.668316102392396 -34.239158106021705
5.786489833371661 -33.97725465194358
5.909347687849788 -33.754835851496864
6.037851402706565 -33.5741323361259
6.173006437306071 -33.437367156136816
6.315862325095452 -33.346755695963736
6.467513355041376 -33.30450551383527
6.629099955551396 -33.31281601868969
6.801811755447375 -33.373877756455755
6.986895250823409 -33.48987062647532
7.1856768178718085 -33.66295852570735
7.39965477894043 -33.89526792796616
7.6311438846163355 -34.18873793160961
-2.101570878053195 -35.68389511656747
13.71647635871318 -32.68049307179484
15.59916128838529 -31.82487263468164
17.451646982203613 -30.847955665218905
19.25926171766406 -29.75293580817339
21.007781107310734 -28.54521823462005
22.683852219063226 -27.232319027553757
24.27538727041855 -25.823669839625182
25.771902672659053 -24.33033875115092
27.16478362633211 -22.76468496705644
28.447460835652578 -21.13996979938193
29.615493357789376 -19.469948749020944
30.666559156505343 -17.76846928171713
31.600361674413477 -16.04909633471695
32.41846597345017 -14.32478324593498
33.12408132083192 -12.607600396811534
33.72180843960416 -10.908528162745313
34.217369195568324 -9.23731543517593
34.617334641745344 -7.602400503537382
31.578185147662055 16.092686969389007
32.433888654079 14.289829176360854
33.20054525716279 12.404843640362884
33.8675208432216 10.447362492453152
34.425461828974164 8.428756075282365
34.86664023601776 6.36189828328591
35.18524528174049 4.26085268209593
35.37760073355099 2.1404946746534677
35.44229242299747 0.016090913674645435
35.38019727916304 -2.097138908672889
35.19441316034482 -4.184451387423877
34.89009662729052 -6.231974683284363
34.474222629194855 -8.227048390976876
33.95528509051843 -10.158492286574017
33.342960145164454 -12.016794908491363
32.64775418797308 -13.794219716839876
31.880657260484952 -15.484832700234591
31.052819058088176 -17.084460180538372
30.175260657429817 -18.590588892526654
29.258630535049406 -20.002222134758938
4.447102257972233 -39.08048350218576
28.841869390475154 26.743363276152223
8.972490899405813 33.56700924555179
9.630847444989172 32.865828006460816
10.296430056094039 32.23081283805874
10.972402658943139 31.657300984230176
11.661744546455196 31.140748099780808
12.36723238060631 30.676732608215247
13.091435694296024 30.260956790829823
13.836715392958098 29.8892471476274
14.605223156985971 29.55755454030728
15.39890117215569 29.26195425452957
16.219481998032876 28.99864602790538
17.068488501628963 28.763954059953903
17.94723382636849 28.55432700967873
18.85682138544692 28.366337981937534
19.798144877817833 28.196684496219405
20.771888336451013 28.04218842424862
21.7785262388104 27.89979586339834
22.818323758691946 27.766576854646246
23.89133740487341 27.639724677669932
24.99741694203928 27.51655373279945
26.13621308331068 27.39449107077624
27.307231343878072 27.27101709698718
28.509106422338334 27.144464500641675
8.318137846705127 34.339107203720346
30.26160044378915 27.236943182998658
30.789608586663405 27.461747009527784
31.32341233571873 27.68495241002057
31.86114981547985 27.904900038602108
32.4009425347806 28.119952780489086
32.94088704978577 28.328504930031414
33.479052880682104 28.528984485319143
34.0134818172906 28.719853912328944
34.542187641762894 28.899610450109122
35.06315600293584 29.06678624878208
35.574344354326 29.219948437839975
36.07368192145225 29.357699161575226
36.559069684397855 29.478675597525353
37.028380369568424 29.581549965045213
37.47945844711904 29.66502952587001
37.910120135243346 29.72785657771459
38.31815341165219 29.768808436377356
38.70131803965103 29.786697399050922
39.05734562272255 29.780370667191505
39.383939727196434 29.74871017410149
39.67877619157309 29.690632151560067
39.93950405626708 29.60508582662456
40.16374928539091 29.49104820609989
40.349140819448735 29.34748757018687
40.49325719754751 29.174061697601218
29.741291523535125 27.012158253927907
40.35886414382111 29.11388199701355
40.085158547851165 29.22867822130081
39.77776182523536 29.31683803421518
39.43897730692606 29.379273756381536
39.071083418221235 29.416927291780695
38.67632965505214 29.430775767320426
38.25693557852469 29.421832941241945
37.815090481239736 29.39114967151005
37.352953255313366 29.33981410156821
36.872652334216355 29.26895174256768
36.37628566625864 29.17972551148054
35.865920704570556 29.073335747758875
35.343594406854834 28.951020216308734
34.81131324443436 28.814054099375653
34.271053223362344 28.663749975180934
33.72475992470589 28.501457774895243
33.174348582314224 28.328564699382184
32.62170424023117 28.146495050043
32.06868209972532 27.956709854038024
31.517108389445184 27.760705926883844
30.96878297504003 27.560013057139486
30.425489801518154 27.356182746053094
29.889069985916194 27.150709378170404
29.36043289791212 26.94609674060996
40.59657855256063 28.971527143019955
28.66451325319116 26.114556378072365
28.492078642399917 25.50211474244665
28.326435584783724 24.907431708762317
28.169598863464444 24.33173092069984
28.0236488331347 23.7761517238487
27.890720108275048 23.241761365282372
27.772998735478836 22.729558043070682
27.67272125106399 22.240471922017576
27.592174304853643 21.77536553921675
27.5336944897262 21.335033986841893
27.499668257730605 20.920205001602483
27.49253187686122 20.531539009829572
27.514771408751926 20.169629147886013
27.568922700612518 19.835001266798884
27.65757138773523 19.52811392113273
27.783352909321934 19.249358337367966
27.948952546147666 18.9990583464554
28.157105502035563 18.777470242025657
28.41059708729756 18.584782462083098
28.712263183866582 18.421114789218592
29.06499164230462 18.28651594368074
29.471727878802653 18.180953951065447
29.935514059591867 18.104248701737276
-4.824371013148749 -35.41867325540525
-4.824371013148749 -35.41867325540525
-7.693878971150468 -34.90789591515016
-10.67298691358664 -34.11516262877956
-13.713139575942876 -33.01070695723402
-16.75584107716793 -31.575287182262656
-19.735726065404265 -29.803658961895792
-22.58502565056068 -27.706923091696495
-25.238895634613385 -25.313141211449107
-27.640791404452443 -22.665913204219606
-29.746988237460016 -19.82104088200427
-31.529508449376465 -16.84182495415405
-32.97707859467235 -13.793812315907132
-34.09417311455107 -10.73984778666312
-34.898562491798174 -7.73610411329409
-35.41798000241175 -4.829457877901945
-35.686534722840975 -2.0562612482694647
-35.7413760329172 0.5576828124307838
-35.61992937740442 2.996264673621141
-35.35783953541622 5.251681086416738
5.9161356286975035 35.252748971796876
3.202827385982914 35.60195033395311
0.2917041255043955 35.74453635940509
-2.789187084901812 35.6367423630596
-5.999159819406145 35.23871524767739
-9.285488683104745 34.51864236556244
-12.585627879152753 33.456822050714294
-15.831040453365375 32.04894895327422
-18.952254679528778 30.30790348090656
-21.884420882819512 28.26356476931531
-24.57246237831575 25.960567472840893
-26.974978496305823 23.454370722095888
-29.06635004638835 20.80635157413448
-30.83691154999937 18.07876812460364
-32.29144735755196 15.330342409747999
-33.44652819053914 12.612958528637904
-34.32728878681738 9.96966475826099
-34.96418208337451 7.433904901618092
-35.390093681327386 5.029735586742163
-35.63802743259981 2.7727191633723294
9.918882917396957 -34.026050502309815
