19.887703137058807 -28.409872031070847
20.13525417694294 -28.882342806074234
20.364451000267607 -29.33198654058205
20.57577985251364 -29.759208726112675
20.769723040326323 -30.164417423788876
20.946758942288973 -30.548023256217647
21.107362011635644 -30.910439406497304
21.25200277589926 -31.252081617051758
21.381147837154604 -31.573368190727706
21.49525987089151 -31.874719990524454
21.594797625423045 -32.15656044052544
21.68021592060694 -32.41931552619863
21.75196564680823 -32.66341379548632
21.81049376315841 -32.88928635938754
21.856243295919306 -33.09736689341101
21.88965333594235 -33.28809163864119
21.911159035930503 -33.46189940385672
21.921191606410865 -33.61923156761074
21.92017831057285 -33.76053208134559
21.908542457359044 -33.886247473912306
21.886703391358658 -33.99682685731962
21.855076478446037 -34.09272193540076
21.81407308457645 -34.17438701696
21.7641005427881 -34.242279035336196
21.705562100917568 -34.29685758007284
21.63885683457337 -34.33858494943715
21.564379495014187 -34.367926242107075
21.48252022718728 -34.38534952779884
21.393664005275824 -34.3913261870905
21.29818939239339 -34.38633166074922
21.196465439091902 -34.37084732109622
21.08884237963871 -34.34536608634767
20.975614418740392 -34.31041487922144
20.856759236777087 -34.266711831635945
20.735437962579805 -34.21305409181744
19.621307615714194 -27.91417135035678
20.263687900967653 -34.16387441859959
19.91476464635471 -34.16918965687046
19.563986114625607 -34.16736499490611
19.21188673577191 -34.158807762251115
18.858928647728874 -34.14396614414753
18.50554113197291 -34.12330538165787
18.15213047219421 -34.09730182249717
17.79908323966325 -34.06644093769867
17.446767606970877 -34.03121652890158
17.09553394435891 -33.99213036806128
16.745715117128004 -33.949692017706354
16.397626644672986 -33.904418734243734
16.0515667901832 -33.856835413186985
15.707816613018746 -33.80747455704298
15.366639999141842 -33.756876255335584
15.028283678288325 -33.70558817300849
14.69297723156675 -33.65416554374153
14.360933091008334 -33.60317116637299
14.03234653181065 -33.55317540565244
13.707395654785081 -33.504756195904804
13.386241354900207 -33.458499048619444
13.069027268409435 -33.41499706791376
12.755879681873857 -33.37485097687994
12.446907370762226 -33.33866916432828
12.142201298702446 -33.307067774272696
11.841834013905995 -33.28067088409608
11.54585832036986 -33.2601108981917
11.254303954563753 -33.24602953256877
10.967167614240466 -33.239080769417626
10.684373072190574 -33.2399426762496
10.405491970178083 -33.249400141159384
10.13351844197809 -33.26722636176487
20.609873100503282 -34.151219402146154
9.880781374572408 -33.21447581940163
9.898216899106984 -33.145890998620814
9.919009523073314 -33.08947919652468
9.943460513298788 -33.045782081782335
9.971814104128939 -33.01535818047961
10.004299959178788 -32.99877029319879
10.041143788950933 -32.99658234940861
10.08257089209728 -33.00935835736854
10.12880757476394 -33.037661983401904
10.180081799339888 -33.082056360097454
10.236623512841248 -33.14310398802769
10.298664829523922 -33.22136668183154
10.36644014230636 -33.3174055363375
10.440186199563634 -33.43178090351003
10.520142166543089 -33.56505237339397
10.606549684093466 -33.71777875527695
10.699652935566974 -33.890518056069965
10.79969873425415 -34.08382745191099
10.90693664925665 -34.29826324669597
11.021619200149843 -34.53438080751016
11.144002176519834 -34.79273445880787
11.274345193426456 -35.07387729874108
11.412912719472516 -35.37836085747668
11.55997613130397 -35.706734417120344
11.715818230400998 -36.05954351278555
11.880744534422476 -36.437326189135234
12.05511714886839 -36.84060176776123
12.239490252844604 -37.26982591858646
12.435558498227095 -37.725076160346816
17.50353280940683 -28.597413433545555
20.978646907397007 -34.34497477164831
23.809551554580594 -32.446666591503146
26.58058936416181 -30.218424631079046
29.229037358919925 -27.66485664523242
31.691542828582612 -24.80578624584416
33.908847826116215 -21.6765070349374
35.83053948037066 -18.326302373255658
37.41908198985627 -14.815303613723586
38.65248271142548 -11.210106974215336
39.525211857104324 -7.578822189589658
40.04735056658146 -3.986305398200699
40.242273805873765 -0.49022144331163986
40.14339078089557 2.8616594386307384
39.79052808630401 6.032809688979768
39.22646828334149 8.998061132621814
38.49400296023329 11.742770296141686
37.63368468414507 14.26137073442601
36.682311595966866 16.55563149223829
-12.562423076238204 38.2343620920239
-9.618662025662218 39.078923462225504
-6.441737053131391 39.726375896483574
-3.0571385321508586 40.128977337151696
0.4968585309118225 40.24219240710744
4.16964999903027 40.02867643347682
7.900246069957774 39.462222823410656
11.620691471600082 38.53103227078503
15.26063457336042 37.23968247110537
18.75243322694419 35.60936907892915
22.03603225439211 33.67631512819932
25.062885499972282 31.488612045399464
27.798413338300307 29.102046904013548
30.222808114450714 26.57560512589484
32.33032051707201 23.9672963304956
34.12739234615346 21.33077611766865
35.63010544701072 18.71300360619037
36.86140162146418 16.1529560338507
37.84843381888422 13.681263669264553
38.62028202034706 11.320544810178234
9.866047428944022 -33.294796921343504
-11.430929573118483 32.7904901304949
-33.89794847212599 5.1265016879588075
-33.90607394214942 5.944716012347271
-33.87111688986256 6.779714025184319
-33.79491297971014 7.629785838558803
-33.679262728122794 8.493272255977558
-33.525931485634885 9.368564913942834
-33.3366494337742 10.254106317272658
-33.11311158330652 11.148389850259804
-32.85697777545555 12.049959781245803
-32.56987268184424 12.957411264060568
-32.253385805848225 13.869390338685264
-31.909071483391642 14.784593931056435
-31.538448884661143 15.70176985278053
-31.14300201544969 16.61971680028134
-30.72417971954082 17.537284353976247
-30.283395680973456 18.45337297681351
-29.82202842766128 19.36693401273689
-29.341421335488185 20.27696968428819
-28.8428826341161 21.18253308953763
-28.3276854151641 22.08272819802312
-27.797067643195742 22.976709844656654
-27.252232171933443 23.863683721109396
-26.69434676859285 24.74290636316735
-26.12454415077748 25.613685130850058
-25.54392204571089 26.47537817702792
-24.95354328863184 27.32739439513307
-24.35443599469519 28.169193327703937
-23.747593878328118 29.000284997069514
-23.133976890768146 29.820229565823894
-22.51451262369127 30.628636591580317
-21.89009981668989 31.425163162624727
-21.2616188796722 32.20950830546735
-20.629973982856296 32.98139061687547
-19.99638768248535 33.74039168427885
-19.358438436810953 34.48806194743614
-33.84486979382888 4.3268306375837255
-18.489036199291785 35.18325535613994
-18.25685656276094 35.13560594167308
-18.022637093405855 35.08082276515293
-17.786651694486405 35.019453975173434
-17.549226437220277 34.952019025313604
-17.31069495724216 34.87903237795513
-17.07138730456593 34.80100943061959
-16.83162622721701 34.718468490685865
-16.591725685492495 34.63193156545873
-16.351990177201035 34.54192472082434
-16.112714401137147 34.44897826042373
-15.874183076715308 34.35362682155929
-15.636670842129641 34.2564094296805
-15.40044219487039 34.15786953081772
-15.165751456255835 34.058555010632375
-14.932842751341205 33.95901820632872
-14.70194999909547 33.85981591324017
-14.473296910538815 33.76150938693425
-14.24709699532345 33.664664343007416
-14.023553577517859 33.56985095262161
-13.802859824434186 33.47764383257538
-13.585198796914913 33.388622028960725
-13.37074353554458 33.30336898752455
-13.15965721355833 33.22247250004523
-12.952093423378486 33.146524605424304
-12.748196750637653 33.07612138934422
-12.548104038858952 33.0118625436472
-12.35194755245941 32.954350263812955
-12.159864467186768 32.90418594063851
-11.972034833559782 32.8619569260683
-11.788947323561267 32.828143892518625
-11.607806818723134 32.804373166191795
-18.719266493793853 35.223028231637045
-11.462076236926535 32.701444016689294
-11.497550058188637 32.62362281596387
-11.537186948604045 32.557723256976686
-11.581166182639869 32.504322253270146
-11.629727504122904 32.463975521523196
-11.68313071121375 32.437231670114215
-11.741645551145332 32.424635722741215
-11.805548349427433 32.426730293034666
-11.875120659075655 32.444056055666294
-11.950648643706828 32.47715196233173
-12.03242276480556 32.52655535041606
-12.120737608559644 32.59280200440651
-12.215891780002572 32.676426193074235
-12.318187830712397 32.7779606959661
-12.42793220119313 32.89793682485271
-12.545435166032505 33.036884444584786
-12.671010771940459 33.195331997548834
-12.804976757218483 33.3738065362418
-12.947654435899224 33.57283377029745
-13.099368518630662 33.792938139344045
-13.260446819006674 34.034642933103925
-13.431219743431967 34.29847050068477
-13.61201934602768 34.58494263684622
-13.803177441733311 34.89458135626322
-14.005021455739602 35.22791059299658
-14.217864049948233 35.585460451959705
-14.441972002687407 35.96777996029118
-14.677441729350264 36.375488074004636
-14.923327928021017 36.80963072474526
15.589681315331992 -29.684129638335392
15.589681315331992 -29.684129638335392
13.547696616737234 -30.669946727700065
11.389606716649435 -31.53510067748583
9.131327364070064 -32.261503010078414
6.792322499476317 -32.83367282169664
4.395003240023602 -33.239579756959856
1.9638977371877075 -33.471313412786515
-0.47534554540235874 -33.525509131280614
-2.897036029514549 -33.40348631719162
-5.2765053257517565 -33.11108888947065
-7.591066268212202 -32.65825207831436
-9.820792335500862 -32.05834920581658
-11.949069221118584 -31.32739153916313
-13.962900050167917 -30.483161550077682
-15.852973669090659 -29.544355497222
-17.613527418638725 -28.529797892238463
-19.242049653825163 -27.457771960209016
-20.73887278586841 -26.34549053387846
-22.106706075344775 -25.208714017129623
-33.46083791345389 2.1349571491437587
-33.52881611638959 -0.06485161869287026
-33.44775971418688 -2.330898110413756
-33.205801986483586 -4.643321045712469
-32.79437242652423 -6.979602642668169
-32.20886259197254 -9.31530388288786
-31.44909117807841 -11.624989461157554
-30.519508651920006 -13.883274381229128
-29.42910869142367 -16.06590419265237
-28.191047350243387 -18.150773129413764
-26.822005265353518 -20.11879095384367
-25.341356962828655 -21.954528990201737
-23.770229395775083 -23.646604626697325
-22.130536867362324 -25.18779573248581
-20.44407202333811 -26.57490611467287
-18.731715657772085 -27.808425780965905
-17.01280600419456 -28.89204298354055
-15.304685401559318 -29.83206866206919
-13.62242225450872 -30.63682959803411
-11.978691182548971 -31.316076916693078
15.361813895816226 -37.198058981090725
