1.936375591068341 -35.60412382279949
2.0172432007957184 -36.2867679291956
2.0967735352928543 -36.91153097132239
2.174652558644837 -37.48026184906759
2.250742795249792 -37.99479969842154
2.324943566818604 -38.456981492665534
2.397171026059624 -38.86864312836501
2.467353164931268 -39.23161969665051
2.5354281506009073 -39.547745573716995
2.601343659747343 -39.8188544573262
2.6650565758829856 -40.04677938306395
2.7265328379719733 -40.233352732267186
2.7857473589928787 -40.38040623714576
2.8426839794106797 -40.489770982600724
2.8973354394859 -40.56327740821442
2.9497033622100446 -40.602755308854384
2.999798242746081 -40.610033835312684
3.047639442125032 -40.586941494595635
3.093255184130257 -40.53530615001099
3.1366825550963995 -40.45695502104672
3.177967507172056 -40.35371468307341
3.2171648667985266 -40.22741106629701
3.2543383527604988 -40.079869454160075
3.28956061419089 -39.91291447984074
3.32291331587345 -39.72837011835766
3.3544873531602093 -39.5280596674928
3.3843834981400676 -39.31380568798033
3.4127149866213813 -39.087429769241304
3.4396256292369003 -38.85075088099815
3.46504513650072 -38.60560763291326
1.936375591068341 -35.60412382279949
3.4230532571415893 -38.10383386807474
3.35718640441101 -37.8507477571837
3.2918003152738606 -37.59636819662183
3.2270505444245146 -37.342513924622956
3.163088319239108 -37.091003956019776
3.1000577572970087 -36.84365783581527
3.03809517193352 -36.602295701700875
2.977328842419979 -36.36873830582687
2.9178789240202434 -36.144807022364525
2.859857409982112 -35.93232385148308
2.803368116486979 -35.733111420990525
2.748506680283839 -35.548992986203366
2.6953605662177154 -35.38179243036122
2.6440090856483778 -35.23333426318498
2.5945234312900425 -35.10544361896739
2.546966740856732 -34.99994625233725
2.5013942172794827 -34.91866853107215
2.4578533706395262 -34.863437421090346
2.4163845517762184 -34.836080452496574
2.37701181281264 -34.83827211885604
2.339622344806287 -34.86966435383456
2.3040330822354917 -34.9284797990045
2.270200951645222 -35.012902135740156
2.236724716493427 -35.12119985668411
3.4892604761220127 -38.353806295006166
2.3321113284082458 -35.386648161659046
2.462396705071143 -35.540020269769094
2.5950577661563727 -35.70980550398487
2.7300873416378693 -35.89417811435335
2.867478123471045 -36.091313350529134
3.007205376213733 -36.2993885425225
3.1492226198936066 -36.51658337013399
3.2934601977229363 -36.74107995168985
3.439824712328601 -36.97106287866125
3.588198782117786 -37.204719228690614
3.738440937969642 -37.440238570594666
3.890385595258067 -37.67581296172803
4.043843081843818 -37.90963694176005
4.19859972739502 -38.13990751670218
4.354418047152251 -38.36482413196613
4.511037101297262 -38.58258861930998
4.6681732268350515 -38.79140509070526
4.825521657730633 -38.98947970451055
4.9827605832939525 -39.17502007923916
5.139563330951205 -39.34623353595968
5.295647104948102 -39.501320065376575
5.451114169245045 -39.63842309972998
5.6018737796391065 -39.75629006998549
2.2043297229441237 -35.251508359764244
5.882939094131984 -39.91832032483024
6.013153800029443 -39.95877642614938
6.139831845196284 -39.972435731518495
6.2623368463375755 -39.95756310042553
6.380085231461351 -39.912416485700504
6.492492978356893 -39.83525461703087
6.598962324202489 -39.72433891669484
6.698877371007995 -39.57793413019843
6.791602380965685 -39.39430856820883
6.876481083973317 -39.17173419814848
6.952836466625683 -38.90848666230557
7.019970893038078 -38.60284523795126
7.0771666100988 -38.2530927228715
7.123686933488614 -37.857515181035346
7.158778976266717 -37.414401365864364
7.181680558884921 -36.92204126477811
7.191641013074332 -36.37872172458389
7.188004467347241 -35.78270893775276
7.170792941172067 -35.132125839892566
9.358745695248615 -33.892665926923314
11.514141785426887 -33.222333806754904
13.68094868086763 -32.39028508386165
15.837170358600531 -31.39240289711871
17.959570863388308 -30.228343305998376
20.024516157361006 -28.901862868783244
22.008908367800927 -27.420920427296103
23.891139594574895 -25.79752649954837
25.65198506280285 -24.047340538198853
27.275359201908316 -22.18904470745054
28.74887299517593 -20.243547765389543
30.064154121493118 -18.23308974314207
31.216918744101633 -16.180324741689162
32.206810442991866 -14.10745496932571
33.0370435042675 -12.0354759407137
33.71390184588108 -9.98357385652355
34.24615041696825 -7.968695391389371
34.64441378577146 -6.005290839136151
34.920568791474295 -4.105216182160705
35.087186999750486 -2.27776931819389
24.283112003349117 25.42890866819034
25.864688199503917 23.81841365340705
27.379789781776935 22.060055215888873
28.80709126939638 20.16061549702865
30.125960275086015 18.130787134768973
31.317354144721605 15.985063465512134
32.36469114565574 13.741386089790083
33.25461945001308 11.420560838118874
33.977613370406345 9.045480322987139
34.52834308605094 6.640214481048062
34.90578890200578 4.229045489347815
35.11309959650714 1.8355275394650903
35.15722162757339 -0.5183551408531883
35.04834745356521 -2.81287493439255
34.79924410621072 -5.031056972319085
34.42452660134842 -7.158972893887761
33.93993583002117 -9.185841304769493
33.36166957995391 -11.10395999003699
32.705801152069625 -12.908504778774503
31.987805336854194 -14.597233791163525
-10.825662790828389 33.97363991035104
-11.100663318377002 34.60474144855253
-11.360147513672871 35.180007621825
-11.604545861716574 35.70122693292511
-11.834156647809735 36.17022958258653
-12.049267185858 36.58884884025469
-12.250171137033462 36.95891552561953
-12.437172839623656 37.28225662870483
-12.610588752544174 37.560694849896905
-12.770748033007735 37.79604841618909
-12.917992799122842 37.990130997300575
-13.05267826121144 38.14475166352537
-13.175172792831532 38.26171486384668
-13.28585797098448 38.34282041240701
-13.38512860043842 38.38986348130547
-13.473392728530314 38.404634595600925
-13.551071654486947 38.38891963049739
-13.618599935033387 38.34449980963392
-13.676425387270044 38.27315170428709
-13.72500908908377 38.17664723343138
-13.764825376711315 38.056753664940324
-13.796361837880085 37.915233618122265
-13.820119297219492 37.75384506951424
-13.836611785311987 37.57434136482486
-13.846366469053805 37.378471245598426
-13.849923476388426 37.16797891703386
-13.847835368183837 36.94460424956148
-13.840665025829082 36.71008359046699
-13.828970858874897 36.46615543821789
-13.813506416374906 36.21448386228021
-10.825662790828389 33.97363991035104
-12.619369590692344 35.72389605256911
-11.457441272397688 35.48803219203422
-10.30975415130149 35.25094020224023
-9.176866425681567 35.01432295702937
-8.059126160375314 34.779885415619205
-6.956673559509966 34.549333750420715
-5.869441533529738 34.32437512788357
-4.7971558871593345 34.10671763594373
-3.739335392722694 33.89807025342886
-2.695291821306199 33.70014283596988
-1.6641299550408633 33.51464610765166
-0.6447475889037833 33.343291654124485
0.3641644754701474 33.18779191692137
1.3641224451642984 33.04986018494578
2.356849564971128 32.93121058232138
3.3442761704500015 32.83355804729819
4.328539788262248 32.75861829436899
5.311985338401399 32.70810773829612
6.297165580757451 32.683743326178885
7.286810120434154 32.687098082150285
8.283362838006951 32.7178459342121
9.288866014269132 32.77431402428724
10.305261297144682 32.85475909270467
11.333149502170954 32.95786152829594
-13.794754860466384 35.956837101234605
13.028172784859237 32.80031466191069
13.693933051575556 32.532217577116306
14.372034361738997 32.27511307949304
15.06253120320909 32.026807952119405
15.765374741670001 31.785187489741162
16.480398514780347 31.54822084897527
17.207314857227516 31.313962384162913
17.945713710855017 31.08055209050891
18.69506215125074 30.846215779061907
19.454704175261327 30.609265151921953
20.22386059974147 30.368097835709108
21.001629012944818 30.121197390873014
21.786983757909468 29.867133306384176
22.578775938575603 29.604560975379854
23.375733454300615 29.332221646463367
24.176461077875018 29.04894232623849
24.979440622625418 28.75363558109781
25.78303131829324 28.445299098391175
26.585470756563325 28.1230145860389
27.38487773455074 27.785944470289053
28.179263633612322 27.43331868280145
28.96661208213493 27.06434216861605
29.743808600456703 26.679437612327995
12.374695901895791 33.08163860061329
30.35769292762609 26.5503164949573
30.186662991267326 26.807286738446514
29.9949650266434 27.046805380886333
29.78167311997356 27.267245386170874
29.54591800606312 27.466920689599657
29.28687463586516 27.644100635065154
29.003759079220004 27.797013575430952
28.695827507784486 27.92384805922751
28.362375812478945 28.02275328605875
28.002739466099683 28.091839281601885
27.616293516608835 28.12917693392626
27.202452690533846 28.132797922550047
26.76067165229449 28.100694509332193
26.29044556589031 28.030819070918685
25.791311361246585 27.921083035515284
25.26285092396631 27.769354197016654
24.704700688744936 27.57344863465028
24.11659003483345 27.331098361023017
23.49861009991031 27.03972482182626
23.49861009991031 27.03972482182626
-0.5504850589052239 -34.905904045960014
-3.124954070720733 -34.77009969962311
-5.803225833731048 -34.42452237851038
-8.553790000790315 -33.8460905820484
-11.338683416885544 -33.01756243936688
-14.114949513205538 -31.929506280327985
-16.83679462463489 -30.58181678438531
-19.458256396418236 -28.984503257380382
-21.9360817377801 -27.157567804560042
-24.232447744818515 -25.129935283650962
-26.31717202604797 -22.937559321280105
-28.16914852393372 -20.620966090423796
-29.776886236551086 -18.222574382379126
-31.13818158576592 -15.784131860755386
-32.25908178702257 -13.34454245465291
-33.15237163337436 -10.93825516928916
-33.83583398881224 -8.594271891637117
-34.33050552502947 -6.335736852313733
-34.65909274786229 -4.180007291970366
-34.84464845692986 -2.1390757300340475
-12.902837383531775 32.4382792163823
-15.261519882375815 31.39763019633317
-17.642799004386163 30.124023873922884
-20.00902394095661 28.60706437221531
-22.318583629848618 26.844105420432594
-24.52797050790859 24.84157470509894
-26.594334544358446 22.61562604060715
-28.478257704483568 20.191929308089104
-30.14640132151635 17.60453516648261
-31.573670134486264 14.893909000141488
-32.744606549834145 12.104375777478328
-33.65386127668487 9.281314143778129
-34.30574586681751 6.468459753850144
-34.71301653111131 3.7056246945202567
-34.89513392721158 1.0270342096603002
-34.87627663392638 -1.5396425623132153
-34.68336274845993 -3.973602839311866
-34.344273467882765 -6.260674965938538
-33.88639730656566 -8.392690191316795
