128.284635542
3.4396313389
130.611243263
53.9049678264
132.944741513
54.3978556924
135.284937301
54.9166485402
137.631637636
55.4596999737
139.984649525
56.0253635963
142.343779977
56.6119930117
144.708835999
57.2179418236
147.079624601
57.8415636355
149.455952789
58.481212051
151.837627571
59.1352406739
154.224455957
59.8020031076
156.616244954
60.4798529559
159.012801571
61.1671438223
161.413932814
61.8622293105
163.819445693
62.563463024
166.229147215
63.2691985666
168.642844389
63.9777895417
171.060344223
64.6875895531
173.481453724
65.3969522044
175.905979901
66.1042310991
178.333729762
66.807779841
180.764510315
67.5059520335
183.198128569
68.1971012804
185.63439153
68.8795811852
188.073106208
69.5517453517
190.51407961
70.2119473833
192.957118745
70.8585408837
195.40203062
71.4898794565
197.848622245
72.1043167054
200.296700625
72.700206234
202.746072771
73.2759016459
205.19654569
73.8297565447
207.64792639
74.360124534
210.100021879
74.8653592174
212.552639165
75.3438141986
215.005585256
75.7938430813
217.458667161
76.2137994689
219.911691888
76.6020369651
222.364466444
76.9569091736
224.816797838
77.276769698
227.268493078
77.5599721418
229.719359171
77.8048701087
232.169203127
78.0098172024
234.617831953
78.1731670264
237.065052657
78.2932731844
239.510672247
78.36848928
241.954497732
78.3971689167
244.396336119
78.3776656983
246.835994416
78.3083332283
249.273294373
78.1877750421
251.708181038
78.0166852241
254.140660883
77.7967993593
256.570740834
77.5298606511
258.998427815
77.2176123029
261.423728748
76.8617975179
263.846650558
76.4641594995
266.267200168
76.026441451
268.685384503
75.5503865758
271.101210485
75.0377380773
273.51468504
74.4902391586
275.92581509
73.9096330233
278.33460756
73.2976628746
280.741069373
72.6560719159
283.145207453
71.9866033505
285.547028724
71.2910003817
287.94654011
70.5710062129
290.343748534
69.8283640474
292.73866092
69.0648170886
295.131284192
68.2821085398
297.521625274
67.4819816043
299.90969109
66.6661794855
302.295488563
65.8364453867
304.679024617
64.9945225113
307.060306176
64.1421540625
309.439340164
63.2810832438
311.816133504
62.4130532584
314.190693121
61.5398073097
316.563025938
60.6630886011
318.933138879
59.7846403359
321.301038868
58.9062057174
323.666732828
58.0295279489
326.030227683
57.1563502338
328.391530357
56.2884157755
330.750647775
55.4274677772
333.107586859
54.5752494424
335.462354533
53.7335039743
337.814957722
52.9039745762
340.165403349
52.0884044516
342.513698337
51.2885368038
344.859849612
50.5061148361
347.203864095
49.7428817518
349.545748712
49.0005807543
351.885510386
48.2809550469
354.223156041
47.5857478329
356.5586926
46.9167023158
358.892126988
46.2755616988
361.223466128
45.6640691852
363.552716944
45.0839679785
365.879886359
44.5370012819
368.20498129
44.0249122988
200.386355552
1.052393109
202.369171454
201.221980859
204.362572259
201.399440756
206.366099907
201.58379695
208.379296338
201.774073591
210.401703493
201.969294829
212.432863312
202.168484814
214.472317733
202.370667696
216.519608698
202.574867625
218.574278146
202.780108752
220.635868017
202.985415226
222.703920252
203.189811197
224.777976789
203.392320816
226.85757957
203.591968233
228.942270534
203.787777598
231.031591621
203.978773061
233.125084771
204.163978772
235.222291924
204.342418881
237.32275502
204.513117538
239.426015999
204.675098894
241.531616801
204.827387098
243.639099366
204.9690063
245.748005634
205.098980651
247.857877544
205.216334301
249.968257038
205.3200914
252.078686054
205.409276098
254.188706533
205.482912544
256.297860415
205.54002489
258.405689639
205.579637285
260.511736146
205.600773879
262.615541876
205.602458823
264.716648769
205.583716267
266.814598764
205.543570359
268.908933802
205.481045252
270.999195822
205.395165095
273.084926765
205.284954037
275.16566857
205.149436229
277.240963178
204.987635822
279.310352528
204.798576965
281.373378561
204.581283808
283.429583216
204.334780501
285.478508434
204.058091195
287.519696154
203.75024004
289.552688316
203.410251185
291.57702686
203.037148781
293.592253727
202.629956978
295.597910856
202.187699926
297.593540187
201.709401775
299.57868366
201.194086675
301.552948362
200.64095754
303.516524695
200.050817943
305.469910466
199.425314988
307.413606242
198.766103349
309.348112588
198.0748377
311.273930068
197.353172716
313.19155925
196.60276307
315.101500698
195.825263438
317.004254977
195.022328494
318.900322655
194.195612911
320.790204295
193.346771365
322.674400464
192.477458529
324.553411727
191.589329078
326.42773865
190.684037687
328.297881798
189.763239029
330.164341736
188.828587778
332.027619032
187.88173861
333.888214249
186.924346198
335.746627954
185.958065217
337.603360712
184.984550341
339.458913088
184.005456245
341.313785649
183.022437602
343.16847896
182.037149087
345.023493585
181.051245374
346.879330092
180.066381139
348.736489046
179.084211054
350.595471011
178.106389794
352.456776554
177.134572034
354.32090624
176.170412448
356.188360634
175.21556571
358.059640303
174.271686495
359.935245812
173.340429477
361.815677726
172.423449329
363.701436611
171.522400728
365.593023033
170.638938346
367.490937557
169.774716858
369.395680748
168.931390939
371.307753173
168.110615262
373.227655396
167.314044503
375.155887983
166.543333335
377.092951501
165.800136432
379.039346514
165.08610847
380.995573588
164.402904122
382.962133288
163.752178063
384.939526181
163.135584967
386.928252831
162.554779508
388.928813805
162.01141636
390.941709667
161.507150199
392.967440984
161.043635698
395.00650832
160.622527531
397.059412242
160.245480373
399.12665331
159.914148898
-20.6493286003
40.707607018
-20.0027382409
141.789729128
-19.3434274249
142.855098089
-18.6715604468
143.903888933
-17.9873016014
144.93627669
-17.2908151835
145.952436391
-16.5822654879
146.952543066
-15.8618168092
147.936771746
-15.1296334423
148.905297462
-14.3858796819
149.858295244
-13.6307198227
150.795940122
-12.8643181595
151.718407129
-12.086838987
152.625871294
-11.2984466
153.518507648
-10.4993052932
154.396491221
-9.68957936139
155.259997045
-8.86943309931
156.109200149
-8.03903080171
156.944275565
-7.19853676334
157.765398324
-6.34811527895
158.572743455
-5.48793064328
159.36648599
-4.61814715108
160.146800959
-3.73892909711
160.913863393
-2.85044077611
161.667848323
-1.95284648284
162.408930779
-1.04631051203
163.137285791
-0.130997158451
163.853088391
0.792929283162
164.55651361
1.72530451806
165.247736477
2.66596425148
165.926932023
3.61474418869
166.59427528
4.57148003493
167.249941278
5.53600749545
167.894105047
6.50816227551
168.526941618
7.48778008035
169.148626022
8.47469661522
169.759333289
9.46874758539
170.359238451
10.4697686961
170.948516537
11.4775956526
171.527342579
12.4920641601
172.095891607
13.5130099239
172.654338651
14.5402686493
173.202858743
15.5736760414
173.741626914
16.6130678056
174.270818192
17.6582796471
174.790607611
18.7091472711
175.301170199
19.7655063829
175.802680988
20.8271926878
176.295315008
21.8940418909
176.77924729
22.9658896976
177.254652865
24.0425718131
177.721706764
25.1239239426
178.180584016
26.2097817915
178.631459653
27.2999810649
179.074508705
28.394357468
179.509906203
29.4927467063
179.937827178
30.5949844848
180.358446661
31.7009065089
180.771939681
32.8103484838
181.178481269
33.9231461147
181.578246458
35.039135107
181.971410275
36.1581511657
182.358147754
37.2800299963
182.738633924
38.404607304
183.113043816
39.531718794
183.48155246
40.6612001715
183.844334887
41.7928871418
184.201566129
42.9266154102
184.553421215
44.0622206819
184.900075176
45.1995386621
185.241703043
46.3384050562
185.578479846
47.4786555693
185.910580617
48.6201259067
186.238180386
49.7626517737
186.561454183
50.9060688755
186.880577039
52.0502129174
187.195723985
53.1949196046
187.507070052
54.3400246423
187.814790269
55.4853637359
188.119059669
56.6307725905
188.420053281
57.7760869115
188.717946136
58.921142404
189.012913264
60.0657747733
189.305129698
61.2098197247
189.594770466
62.3531129634
189.8820106
63.4954901947
190.167025131
64.6367871239
190.449989088
65.776839456
190.731077503
66.9154828966
191.010465407
68.0525531506
191.28832783
69.1878859235
191.564839802
70.3213169205
191.840176355
71.4526818468
192.114512519
72.5818164077
192.388023324
73.7085563084
192.660883802
74.8327372542
192.933268983
75.9541949503
193.205353898
77.072765102
193.477313576
78.1882834146
193.74932305
79.3005855932
194.02155735
80.409507343
194.294191505
3.0189739812384744
-36.07799616312914
3.235935186280841
-36.85930545497964
3.454043044461855
-37.570357642136194
3.671921516488794
-38.21355290075225
3.8888176383359223
-38.791238585814085
4.1041126132014085
-39.30575015924856
4.317250313171911
-39.75941723654634
4.527707843157117
-40.154566498831414
4.73514477166853
-40.4935034002237
3.0189739812384744
-36.07799616312914
4.896066180257094
-41.03661876609115
4.846379199994402
-41.24566584021218
4.790540597953054
-41.407913094486
4.72906193008609
-41.525582029192684
4.662435878230866
-41.600896067777825
4.591138253832753
-41.63608031427068
4.515628499024729
-41.6333614922005
4.436349853992397
-41.594967925043704
4.353729424124538
-41.523129527304135
4.268178211087758
-41.42007780148199
4.180091128895242
-41.288045835765665
4.089847013484473
-41.12926830303425
3.997808629525167
-40.94598146002806
3.904322676678248
-40.74042314704623
3.8097197970208185
-40.51483278700157
3.714314586150806
-40.27145138452439
3.6184056124654944
-40.012521524662084
3.5222754546635997
-39.74028736990313
3.426190783486504
-39.45699465404417
3.330402565356593
-39.1648906663905
3.235146672782321
-38.866224205626764
3.1406463252081664
-38.56324539408329
3.0471291740805952
-38.258204378409815
2.9545971737985326
-37.953368830916034
4.939057083818938
-40.77855399378052
2.91565242681159
-37.3390770174601
2.967316347751961
-37.03435892135911
3.0185542049966045
-36.73908040155402
3.069606716829952
-36.45548938877011
3.120736539830631
-36.18583167924824
3.1722256269775073
-35.9323511365559
3.2243745694054553
-35.697289740800414
3.277502379937488
-35.4828876048938
3.331946410410751
-35.29138298116567
3.38806231927515
-35.12501226273135
3.4462240629053724
-34.98600998397592
3.5068239018141014
-34.87660881911231
3.570272420862011
-34.799039579296085
3.636998567901685
-34.75553120752161
3.707413923144486
-34.74797524834049
3.781646678181602
-34.775510143961526
3.859669361866395
-34.83592677892468
3.9414366571394908
-34.92700846418606
4.026887310164966
-35.04654008104351
4.115946480410514
-35.19230778251489
4.208532791360028
-35.36209809643395
4.30458653392941
-35.553694338196316
4.404267090945723
-35.76485149995273
4.50530162652268
-35.9936334758296
2.863362169318947
-37.650983217961596
4.720911840626741
-36.48847557463716
4.835686795136553
-36.74997490511391
4.952920874676067
-37.01996643465445
5.072309603576059
-37.29625879706586
5.193571709796743
-37.57665853698316
5.316419029820111
-37.85897393720928
5.440548985055784
-38.14101597594673
5.565642074071889
-38.4205986456534
5.691360869628909
-38.695539080699795
5.817349562851518
-38.963657614929126
5.9432337355601135
-39.22277781110044
6.068620237799337
-39.47072647634185
6.193097118040612
-39.70533367079623
6.31623358156628
-39.924432712772656
6.437579964881763
-40.12586018244884
6.5566677194981935
-40.307455923556596
6.673009401669901
-40.467063044282945
6.786098666234182
-40.60252791841801
6.895410263225244
-40.71170018549561
7.0004000367489425
-40.79243275037593
7.100504926033864
-40.842581782958604
7.195142968695279
-40.860006717579836
7.283713306441712
-40.84257025100222
7.365596194310001
-40.788138340584666
7.4401530145610195
-40.694580201251945
7.506726297406146
-40.559768300884215
7.5646397520655455
-40.38157835315102
7.613198314246006
-40.157889307271645
7.651688220267999
-39.88658333205129
7.679377126189024
-39.56554578905078
7.695514307409951
-39.192665189472116
7.699331008527054
-38.76583311744376
7.690041093785567
-38.28294408730467
7.66684234892665
-37.741895258919854
7.628919345854172
-37.14058581050264
7.575450605036451
-36.47691537070706
7.505630083411461
-35.748779315423505
7.418753125937883
-34.95404995342455
7.3148181261531136
-34.09044482939209
9.32406587860396
-32.62407860968128
11.424320369380723
-31.94923494760028
13.53579869613219
-31.113515765612163
15.636288389857157
-30.112708198174875
17.702277394225405
-28.94646929587624
19.709831091561398
-27.61867607220393
21.635570173301062
-26.137536473726378
23.457670879070065
-24.515431600696708
25.156800664780178
-22.768488969444704
26.716906385770073
-20.915917929013016
28.125788417137414
-18.979165828708833
29.375419876399008
-16.980972196092708
30.46200038624238
-14.944405043620172
31.38576308641433
-12.891958157032647
32.15057710047529
-10.844773014941502
32.763402402182976
-8.822027696161584
33.23365919922264
-6.840512105766322
33.57257066796751
-4.914387895103374
33.792528481080126
-3.0551151360627458
33.906517861170585
-1.2715172705590732
22.167045547280964
25.688339793454574
23.789461377906207
24.193599091253873
25.354477100090037
22.548152931453615
26.84016562769699
20.75750993537045
28.22504632504564
18.831236539012487
29.489027942614882
16.7829062036016
30.614342627898907
14.629789304731077
31.586387330760772
12.392289741220779
32.39439362028264
10.093164598548881
33.03186374156803
7.756589933578802
33.49673711193975
5.407153825517632
33.79128265750245
3.0688639591851867
33.92174274403834
0.7642505129164618
33.89777880717878
-1.4863719516968459
33.73178372219297
-3.665443569120953
33.43813038365488
-5.758484703887447
33.0324209862855
-7.754216493238829
32.53078971437651
-9.64450258946652
31.949296170258833
-11.424149152750736
31.303430911887233
-13.090604370460248
-11.08983283688805
34.46377255461212
-11.735878464516517
35.07235292064267
-12.375458877252683
35.60875998167579
-13.007715065693048
36.075774123119714
-13.631376157073376
36.476302514126075
-14.24518454888701
36.813242268358074
-14.84795792229599
37.089460330772965
-15.438613682849223
37.30778450719523
-16.016054071407495
37.47105475213826
-11.08983283688805
34.46377255461212
-16.517519662208315
37.8753293630547
-16.434055613556524
38.12401112647662
-16.33050013437486
38.32991390818004
-16.20828823514165
38.49490911494854
-16.0688212260593
38.620880798118066
-15.913465168380043
38.70972633687438
-15.743550486903644
38.76335660874319
-15.560371840911017
38.7836960472614
-15.365188071847257
38.77268266413951
-15.159222179561311
38.73226806044288
-14.943661309611826
38.6644174316596
-14.719656745776007
38.57110957097021
-14.488323904539584
38.45433687134542
-14.250742330061911
38.31610532773517
-14.007955687765929
38.15843453897024
-13.760971754814364
37.98335771091489
-13.510762403544192
37.79292166204452
-13.258263568945864
37.58918683378705
-13.004375177845986
37.37422731330189
-12.74996097220614
37.150130889678664
-12.495847979903147
36.9189992234526
-12.242824397938591
36.682948523214904
-11.99162477590744
36.44411428221669
-11.743129328395014
36.20458756158007
-16.579434409604772
37.58200507368531
-10.136972329628833
35.50801900430244
-8.798351224329082
35.05891005336123
-7.481800437521741
34.6212569726021
-6.186757416926355
34.197046133130925
-4.912350118908989
33.78822437732994
-3.6573993005134753
33.39669828601289
-2.420419090921456
33.02433399345391
-1.1996171801891649
32.672957124787544
0.00710510774172235
32.34435276991631
1.2021527854411431
32.04026546849414
2.3882371922477432
31.76239919982811
3.5683759966681237
31.51241737224359
4.745893209548598
31.291942809457808
5.924419211009365
31.102557730141797
7.107822161900515
30.94550491257509
8.299574285037608
30.81955404355709
9.502665977757943
30.72230078112443
10.719787258610552
30.651371766803138
11.953329910128957
30.604432551746413
13.205388887860181
30.579186688432387
14.477766546889768
30.573373005453277
15.77198954743568
30.584754707823492
17.089427192663265
30.611043080622835
18.42969320170971
30.650927918257608
-11.497900764176507
35.966563058055215
19.994620143544694
30.886539945531453
20.201924593264607
31.079898116816352
20.414943171007394
31.279982492194705
20.632467029229133
31.484940773427425
20.85329906990296
31.692913836660807
21.076235905452165
31.902047362182927
21.300063349519746
32.11049474200588
21.523554914016415
32.31641804873044
21.745471208196477
32.5179884230849
21.964559665402078
32.713386249614345
22.17955440693339
32.90080124503298
22.389176168634663
33.07843250542905
22.59213225894598
33.24448853306427
22.787116533829817
33.39718725241053
22.972809381518573
33.534756020563435
23.14787771242959
33.655431633365836
23.31097495256887
33.75746032926977
23.460741039679988
33.83909779236116
23.59580242067142
33.89860915381964
23.71477205018715
33.934268992364835
23.81624939057565
33.944361334338154
23.898820413061117
33.92717965304648
23.961057599737785
33.88102686638641
24.001519947822374
33.804215333907486
24.01875297622564
33.69506685188109
24.011288735640562
33.55191264558848
23.97764582390687
33.373093357236826
23.916329410279104
33.15695902775312
23.825831273850156
32.90186906796697
23.704629865370407
32.606192210791605
23.551190412487358
32.26830643209182
23.363965104614124
31.886598810259528
23.14139343780363
31.459465264138366
22.881902906983214
30.98531002815163
22.58391053084455
30.462544495176594
22.245826667267465
29.88958432154616
21.866066464188407
29.264840739395915
21.443095668581066
28.58668579998752
20.975751304220864
27.853209069933918
20.975751304220864
27.853209069933918
0.46660456274400985
-35.32943913369613
-2.1507395771935904
-35.26700027774699
-4.88179435350132
-34.99364332574754
-7.695036762136169
-34.484393550545235
-10.552004992593865
-33.72005604911989
-13.408732458325602
-32.68933898353649
-16.21793680319051
-31.390532253646665
-18.931781699282155
-29.8324425920882
-21.50489881542603
-28.03437740093047
-23.897281860950457
-26.025120729360726
-26.07667129886096
-23.841019342525474
-28.02013887151719
-21.523447840446117
-29.714729890635695
-19.11600943832353
-31.157185789340147
-16.661835523376567
-32.3529071974439
-14.201281110980673
-33.314400965264895
-11.77020295683431
-34.05947618640573
-9.398886701475526
-34.60942524046223
-7.111587294294317
-34.987366470160424
-4.926578610172328
-35.21685621264119
-2.8565762404789083
-13.157938936525085
32.791090745234285
-15.549920821296766
31.726754510521772
-17.96574108082568
30.42398949408583
-20.36669575825323
28.871866812006857
-22.709898952745988
27.067461626011024
-24.950423188411364
25.01726148159902
-27.043965687724935
22.737873893587093
-28.94975737283427
20.255827244858224
-30.63334614372576
17.606393536388865
-32.06887442308407
14.83153001399306
-33.24054426947259
11.977195247166406
-34.14310502572795
9.090399799878107
-34.7813695441136
6.216375306826315
-35.16891941906415
3.3961884834156493
-35.32626144153534
0.6650126944699366
-35.27873180571987
-1.9488641562721725
-35.054418258919554
-4.424336091239077
-34.682304307451744
-6.747203661134563
-34.19075847192242
-8.90949069443242
0.6041441634470175
-34.95694475853719
0.620652582496831
-34.60350962678203
0.6380525610384495
-34.31994091425463
0.6563954742287876
-34.10351578081864
0.675748192454563
-33.95151118425369
0.6961769223905492
-33.8612041495939
0.7177431722040524
-33.8298718355565
0.7405024128126172
-33.85479155728768
0.7645035504546343
-33.933240794462336
0.7897886980395299
-34.062497195136956
0.8163930766939984
-34.23983857671453
0.844344986573617
-34.462542926357
0.8736658275911964
-34.72788839922691
0.9043701738260381
-35.03315331602985
0.9364659288069959
-35.37561615757454
0.9699546306628406
-35.75255555486544
1.0048320742818078
-36.16125026909256
1.0410896889568164
-36.59897914662318
1.0787179897306487
-37.06302100756213
1.117716937808467
-37.5506543108265
1.1581373887746338
-38.05915581383388
1.2003712394870547
-38.58579119065675
1.2412780445439466
-39.12794027475394
0.5886045660246282
-35.382967065979614
1.4749943519509543
-40.23350105281611
1.6727170723535778
-40.79104401500493
1.8757734702915627
-41.35272855668211
2.083993541052905
-41.91583751926822
2.297223188442615
-42.477655699471086
2.5152791737304483
-43.03547130624452
2.7379378562780516
-43.58657632379487
2.964931445023808
-44.12826663273964
3.195946505304107
-44.6578420569555
3.430623289047219
-45.172606384061794
3.668555412896012
-45.669867373855396
3.9092897046835446
-46.14693675996011
4.152326147098563
-46.60113024639253
4.3971178961473925
-47.02976749855955
4.643071384624022
-47.43017212454356
4.889546562393264
-47.799671639935156
5.135857411119275
-48.13559739429317
5.381273103119497
-48.435284411472765
5.625020919495512
-48.69607098638491
5.866295023851535
-48.91529747786731
6.104291576310402
-49.09030147771935
6.338454557885541
-49.21838399218768
6.5651709262900795
-49.297264085340004
1.2831065985201349
-39.68280858742173
6.7568790884434975
-49.3217197604167
6.7221304431043905
-49.270075598410756
6.681233279610126
-49.17172895317685
6.634498290687532
-49.02900124960888
6.582284313569858
-48.8442072512199
6.5249603285168405
-48.619660288070634
6.46289595942028
-48.35767356390912
6.396458308458023
-48.06056059084099
6.326010691810666
-47.73063536430175
6.251912067119861
-47.37021244086509
6.174516750690373
-46.981606978234936
6.094174269728001
-46.56713475488061
6.0112292848717175
-46.12911218116864
5.926021554032275
-45.669856304799936
5.838885925698889
-45.19168481153136
5.750152360559525
-44.69691602386388
5.660145989118348
-44.18786889299676
5.5691872286894295
-43.6668629856558
5.47759201223198
-43.136218455564006
5.385672255610018
-42.59825598658034
5.293736893311461
-42.05529666577459
5.202094474737464
-41.50966166530685
5.11106095986662
-40.9636712876364
5.020990909199611
-40.41964114434745
4.932495824555929
-39.87985540800244
4.8434875999273
-39.346929011392064
6.785482683162172
-49.32429675765624
4.839068908656429
-38.282241649137745
4.920336786153939
-37.755799689951004
5.000019525975006
-37.24596964785948
5.078550689534438
-36.755046660194324
5.156446646178495
-36.285313961589594
5.234272892926867
-35.83904700959636
5.312635641878671
-35.41851451489549
5.392179025269229
-35.02597878177295
5.473583989861254
-34.66369584206561
5.557567811173669
-34.333915512752014
5.644883873946355
-34.03888141840412
5.7363215885609975
-33.78083099722349
5.83270639527376
-33.56199549110039
5.934899850082161
-33.38459992283043
6.0437998168882245
-33.250863050283044
6.160340836839055
-33.162997282710535
6.285494837589965
-33.12320852167599
6.420272570124553
-33.13369584243097
6.565726784182857
-33.196650788071196
6.722960181206247
-33.31425560580462
6.8931492873492175
-33.48867795079846
7.0776399649377595
-33.72204970132118
7.278616026275074
-34.01631865399264
-1.9427915950888632
-35.83607327730613
14.319410957759544
-32.14274712180823
16.565801993050457
-31.044740730770485
18.77477426739341
-29.760873204967254
20.91830613371644
-28.295338683426934
22.968954961354086
-26.657622375166937
24.901133406475367
-24.86232647574701
26.692307972513674
-22.928637504531252
28.324004236415817
-20.879475729270922
29.78252597577739
-18.740407391939442
31.059332595588273
-16.53842741708965
32.15106311657968
-14.300729463472237
33.05923689442784
-12.053571199931383
33.78969386679893
-9.821319213920503
34.35185617033443
-7.625726218949268
34.75789767916797
-5.485460020655012
35.021900617205176
-3.4158746862725877
35.15906286566525
-1.4289930447392294
35.18500031420814
0.4663427954712347
19.89018364056085
29.027268515285414
21.78952005501202
27.63002965047167
23.647580814742753
26.05750648707439
25.43829303901549
24.312444755204893
27.135374423964436
22.40252614293692
28.71351772477624
20.340492191259187
30.149619305910562
18.143929519880174
31.423937076605
15.834705596230151
32.52106254363014
13.43808817306288
33.43060985818204
10.98162315979448
34.147558963837014
8.493876589931546
34.67223368258237
6.003160348859126
35.00994011088585
3.536356337517674
35.170327699464735
1.117932120470357
35.1665590479829
-1.2307913870547509
35.01438261682614
-3.492095742705146
34.73119665377129
-5.652052875794936
34.335176536729875
-7.700478875064022
33.844516318679894
-9.63070287509305
33.27681306526472
-11.439206044701848
4.756100944450111
-38.82295959880841
34.57454838913878
18.287790787615933
-5.215917314475405
34.563748251324995
-5.017221645635203
34.2299364592443
-4.831286288351379
33.96495823454782
-4.6568873672609925
33.76620691593223
-4.492825105857037
33.631074480409495
-4.337939426275
33.55694912178271
-4.191113844156234
33.54121464480997
-4.05127676085138
33.58125026439666
-3.917401972119336
33.674430524980465
-3.7885088883494404
33.818125265004625
-3.6636626287632907
34.00969959954932
-3.5419740484516637
34.246513912887565
-3.422599716397599
34.52592385541004
-3.304741840550008
34.84528034560978
-3.187648112442673
35.201929576607796
-3.0706114025338707
35.5932130312641
-2.9529691394652104
36.01646751418687
-2.8341019357830817
36.46902522266049
-2.7134301454294985
36.94821392624158
-2.5904035300275154
37.45135750600457
-2.4644599176640725
37.975778111995425
-2.334735805409906
38.51881126725618
-2.2039294959506606
39.07760424216781
-5.428512041570826
34.969015867505675
-0.9532925444280238
39.840341985173694
0.1956987995809527
40.02777335417713
1.3776311499113376
40.209005509053924
2.5926330248908585
40.38129023907504
3.8405860118814985
40.5419837274807
5.121079831185114
40.6885442052926
6.4334011036910965
40.81853136253653
7.776529609077329
40.929606150801675
9.149136792029651
41.01953070098284
10.54958508752486
41.08616828272798
11.975927589626451
41.12748327903597
13.425907882381466
41.14154116477059
14.896959957784759
41.12650848232954
16.386208190867592
41.08065280743648
17.89046736656161
41.002342692634556
19.40624277743052
40.89004756614926
20.929730452112665
40.74233752998603
22.456817684453597
40.55788292020628
23.98308437546092
40.33545320658925
25.50380707833972
40.073913696451825
27.013975195584408
39.77221235119282
28.508404381193827
39.42928750676754
29.980195416261495
39.04532189450106
-2.069403768876384
39.64958042615933
31.886377228553727
38.04636273048209
32.31621584782482
37.43643478153868
32.71401797736894
36.79280361742781
33.07998913824048
36.11882117492431
33.41444710933979
35.41771252664185
33.71780439420223
34.69259014845076
33.99056383706909
33.946457487453756
34.23331716025996
33.18221015145113
34.44674437943331
32.40263638630296
34.63161353626492
31.61041729244573
34.78878056540725
30.80812693462437
34.919189221523254
29.998232400444465
35.02387103781592
29.183093834640317
35.10394530091355
28.36496445986276
35.16061903442147
27.545990589377396
35.195186989190915
26.728211636217168
35.20903163532728
25.913560118117175
35.20362315814225
25.103861661820304
35.18051945449179
24.300835004855543
35.141366131223435
23.506091996208937
35.08789650504423
22.721137594190935
35.02193160577082
21.94736985841203
34.94538018984804
21.18607992334819
34.8602387972532
20.43845188932258
34.768592156444015
19.705562056541822
34.672609789675334
18.988385342395134
31.424531582245265
38.61900880029549
33.5394410802474
18.65022064688864
32.53160546624309
19.00322734718398
31.55238930929454
19.34866517865987
30.603001127147593
19.688534334870383
29.684509759393904
20.024981737263317
28.797844311033543
20.360301149850386
27.943794144852802
20.69693320434729
27.123008885636352
21.037465403501074
26.335998431675762
21.384632116916265
25.583132972717294
21.741314571875648
24.864643015136608
22.110540837746356
24.180619421147753
22.495485803843053
23.531013466582465
22.899471143640625
22.915636934493364
23.32596525982825
22.334162268803425
23.778583192332746
21.786122842457587
24.26108645867768
21.27091345367421
24.777382758101908
20.787791318265022
25.33152538242615
20.335878249376492
25.92771191936214
19.914166107153108
26.570281014651442
19.521533144456953
27.263702658559566
19.156809390044657
28.012539336851347
18.819234327114714
28.821174088460907
-4.618549650404304
-35.59027375906447
-4.618549650404304
-35.59027375906447
-7.403755963958275
-35.116705209124575
-10.263592583432342
-34.38978415750404
-13.155752321899428
-33.390489184245894
-16.032095258563402
-32.10872947873759
-18.841175172703487
-30.545191196486314
-21.53141876596871
-28.71230734446283
-24.05458133934627
-26.6341079014706
-26.36901174324541
-24.344892827921598
-28.44227209932407
-21.88688522714949
-30.252775718605903
-19.30720457337449
-31.790295539022196
-16.654599864903048
-33.055399300446965
-13.97637879446657
-34.058032030002295
-11.315875633893313
-34.81555764472611
-8.710656290151604
-35.35058421282338
-6.191508938093108
-35.688849037084
-3.782147739926671
-35.85735823189131
-1.499482493468804
-35.88288772127012
0.6457212255494937
-8.000086336692476
34.98567143451544
-10.595240945081343
34.2890573861994
-13.259575519085956
33.349396458887526
-15.9544333417563
32.14738937863942
-18.634891572031393
30.671475400069
-21.25179590383175
28.919885165406242
-23.75456384541266
26.902031217597994
-26.094482467692075
24.63892391850166
-28.228088438823534
22.162436919444588
-30.120160210679614
19.513445005979747
-31.745901162599097
16.73906647614777
-33.092039738168836
13.88940218605029
-34.15677573774471
11.014229810559556
-34.94870222332278
8.160073530545958
-35.48497860013285
5.367949409832249
-35.78909585436554
2.671929086903191
-35.888561994554635
0.0985143716058019
-35.812767539269686
-2.333295587069074
-35.59119790545415
-4.611422640920978
-35.25206828034166
-6.729804534793971
9.822097175901717
-33.78946773450062
21.27062500634724
-28.965277405997483
21.52053044159974
-29.477313109419896
21.748834978165284
-29.964955952189015
21.956158851749137
-30.428603570869953
22.143115812229258
-30.868657912219774
22.310313279344278
-31.285525116969225
22.45835238147792
-31.67961549168689
22.58782796799983
-32.05134349967034
22.69932861334789
-32.40112775718211
22.793436618751155
-32.7293910326575
22.870728012195993
-33.036560246201105
22.931772547937054
-33.323066469895366
22.97713370555461
-33.58934492841786
23.007368688516326
-33.835834999741195
23.023028422288196
-34.062980215995324
23.024657552307318
-34.27122826511278
23.01279444094674
-34.46103099226302
22.98797116392646
-34.632844402194706
22.950713505334413
-34.7871286619372
22.901540951198328
-34.92434810482098
22.840966680330865
-35.04497123552872
22.76949755193675
-35.14947073798416
22.68763408695815
-35.2383234856613
22.595870441053325
-35.3120105581049
22.49469436251318
-35.371017265527
22.3845871252177
-35.41583318813008
22.26602341752435
-35.4469522421264
22.139471147537158
-35.46487279428271
22.00539108214638
-35.470097875121695
21.86423612514848
-35.463135604722595
21.716449729467342
-35.4445001292965
21.56246192858886
-35.414713963149694
21.4026774305923
-35.374315012997386
21.237427995682054
-35.32388467589976
21.066639079975268
-35.264244523612945
20.89431203927547
-35.19381174860999
20.99849085272504
-28.428456325792027
20.291765447330974
-35.10467813896173
19.863653903292807
-35.086899356921435
19.43483657448623
-35.06159810471604
19.005924152636567
-35.02922691686334
18.577434064277124
-34.990289254442644
18.149840944487185
-34.94530972457582
17.723589254672483
-34.89482663567813
17.299097487741783
-34.839389516190266
16.87675984922634
-34.779558122117095
16.456947020545265
-34.71590198636045
16.04000653951609
-34.64900019375048
15.62626300378447
-34.57944126014834
15.216018185222453
-34.5078230636021
14.809551096692587
-34.43475280451159
14.407118030183366
-34.360846980236005
14.00895257778122
-34.28673137068404
13.615265639709467
-34.21304102996126
13.226245421136134
-34.14042028224617
12.842057417523126
-34.06952272284647
12.462844384060176
-34.00101122317588
12.08872628160482
-33.93555794316461
11.719800181625978
-33.87384435272051
11.356140097255896
-33.81656127350567
10.99779666613724
-33.764408956506315
10.644796513937997
-33.71809723902592
10.297140852112783
-33.67834589159554
9.95480197032748
-33.64588548624894
9.617712711669633
-33.62146000200795
9.285724371581352
-33.60583724896739
8.95831198686458
-33.59988183830072
8.638556288959052
-33.603569255701274
20.718113927609764
-35.114741307016544
8.379998600216581
-33.504619600415595
8.438429394648793
-33.40439277575018
8.499865568071726
-33.31811886822109
8.564666003592393
-33.246400213187314
8.63313286750651
-33.18985295122866
8.705556473202542
-33.149095919832575
8.782226499295525
-33.12474787537573
8.863435731632855
-33.11742656643523
8.949481563210782
-33.12774836216039
9.040666679710597
-33.156328081972674
9.137299406978464
-33.20377890872132
9.23969390434798
-33.27071234042563
9.34817028296851
-33.35773815968628
9.463054687464812
-33.465464411770085
9.584679361801847
-33.5944973866286
9.71338271250697
-33.745441600061326
9.849509380907321
-33.91889977127482
9.993410337887951
-34.11547279341298
10.145443020151319
-34.33575968912473
10.305971541471123
-34.58035754275346
10.47536703884721
-34.84986138704252
10.654008274573272
-35.1448640078726
10.842282750306524
-35.46595558049265
11.040588932722244
-35.813722944143166
11.249341147117804
-36.18874800594526
11.468981809433728
-36.59160375240481
11.70001811933733
-37.0228422825073
11.943168830750167
-37.48294694342562
12.200391640675335
-37.97199727891237
18.7936053072299
-29.18251193014514
20.78352703330293
-34.71878755590089
23.56046888406277
-32.89762166569071
26.271561049333272
-30.77587180449916
28.862217103396347
-28.360564683592372
31.27832997784165
-25.671292898743218
33.46996584261642
-22.740065782444503
35.39493653423517
-19.60988712443998
37.0217422328667
-16.33217093159959
38.33146764875788
-12.963324927966596
39.318404009149134
-9.560978583238153
39.98940179314157
-6.180368073383505
40.36216998329198
-2.8713132075162378
40.462875225431276
0.3239348499191408
40.323437805501754
3.3718791261911463
39.97888120509039
6.248060729945109
39.464998600769135
8.936615172261924
38.816488113799664
11.42932438104117
38.06560687471199
13.724386272460094
-3.8852227277083244
40.27721750136064
-0.8643389298221962
40.45493942042438
2.315711462196731
40.39785496433768
5.6205289085445145
40.0719210930051
9.006379179853923
39.44913610415955
12.421640475401233
38.510414866574536
15.809289116812764
37.24802790641189
19.110241488049795
35.667182052472725
22.267178697736327
33.78641676974476
25.22835206286196
31.636678989554213
27.950847305455042
29.259175316521635
30.40288463326158
26.702318462493082
32.564921494928214
24.018224191746043
34.42954746307777
21.25924426651821
36.000355062198
18.474946297391142
37.29009371931926
15.709809537362304
38.31845310215314
13.001744388884987
39.109789908499096
10.381403498991546
39.6910361304877
7.872157022324444
40.089936025351406
5.490558694617846
8.323843551309224
-33.61828856640392
-11.29870077949063
32.73858668751927
-35.089097320330346
5.817324799277571
-35.1460651615247
6.62996361630249
-35.157023631044865
7.458437135265797
-35.12391855054056
8.300983287629947
-35.04865940176222
9.155891314956278
-34.93311912040904
10.021503203344622
-34.7791340458622
10.896214041858627
-34.58850390491888
11.778472141685995
-34.36299180536957
12.66677908332747
-34.10432423430486
13.559689737925481
-33.814191057382025
14.455812277430937
-33.49424551931162
15.353808179787961
-33.14610424488422
16.252392231517007
-32.771347240269655
17.150332528749857
-32.3715178946854
18.04645047727118
-31.94812298305917
18.93962079211724
-31.50263266878342
19.828771496272452
-31.03648050775283
20.712883918927616
-30.551063453328183
21.59099269276254
-30.047741863370245
22.46218575036528
-29.527839509494125
23.325604318903316
-28.99264359078372
24.18044291301925
-28.443404752695564
25.02594932376718
-27.881337116208865
25.861424602849638
-27.30761832197656
26.68622303779594
-26.723389600843802
27.499752112381913
-26.129755891615293
28.30147244123748
-25.527786046235086
29.09089765490222
-24.91851321104311
29.867594186977783
-24.302935588657842
30.631180848257117
-23.682018113796364
31.38132788997541
-23.056696642926354
32.11775466281685
-22.42789052181145
32.840222593118796
-21.79655285571812
33.548507089015345
-21.16402239918867
34.24220088381466
-20.52729003762909
34.923359406009524
-34.98413938657589
5.022324017829959
-19.59995289501774
35.532404796090646
-19.30856622746711
35.466228966724316
-19.015719126940677
35.39267810003503
-18.721726300156906
35.31236019386478
-18.426963424928516
35.22584765847694
-18.131813870000734
35.13370709254693
-17.83665537577517
35.036506727009
-17.541855615316468
34.93481890610505
-17.247770419437508
34.82922107928732
-16.954742970911624
34.72029625191311
-16.663103402658713
34.60863321024914
-16.37316858260592
34.49482664202583
-16.08524199226929
34.379477204529735
-15.799613656415021
34.26319156560422
-15.516560101284439
34.14658242704135
-15.23634433183722
34.030268539365665
-14.959215821843522
33.91487470962042
-14.68541051467215
33.801031803478736
-14.415150835889076
33.68937674344903
-14.148645720163177
33.580552500612214
-13.886090660712956
33.47520807923209
-13.627667795522818
33.37399848682173
-13.373546062748318
33.27758468192357
-13.12388149157124
33.18663347384614
-12.878817786603673
33.10181732119929
-12.638487615885953
33.023813887741085
-12.40301583285935
32.95330493071788
-12.172529144142928
32.890972964277466
-11.9471947832759
32.837487912663136
-11.727491230241533
32.79341368002838
-11.510551299500413
32.7604702193718
-19.88999835929275
35.59035356727219
-11.088673446574902
32.69561430668165
-10.884482813945112
32.66506994956313
-10.685695166509241
32.64779719373698
-10.492208988084556
32.64452370668249
-10.303966491982266
32.65596080174714
-10.120912408916553
32.68281766087816
-9.942983681413807
32.72580489051171
-9.770106025749037
32.78563570751854
-9.602192553244073
32.86302641422745
-9.439143139270435
32.95869661492529
-9.28084410236432
33.07336932486308
-9.127168024739916
33.207771030589925
-8.977973640649004
33.362631725527734
-8.833105757377936
33.53868493325956
-8.692395189519104
33.736667725366885
-8.55565869305807
33.95732073644882
-8.422698887637445
34.20138817976007
-8.29330415286858
34.469617867059384
-8.167248476793162
34.7627612348476
-8.044291220442858
35.0815733855745
-7.924176730101806
35.42681315293609
-7.806633663210043
35.79924321675003
-7.691373739247837
36.1996303131661
-7.578089244596583
36.62874565561248
-7.46644754547971
37.087365859120325
-7.356077372870786
37.57627525159023
-7.2465276791523365
38.09627280476545
-7.137103068030072
38.64819985997639
-7.0257118077461485
39.233134204328195
16.817149553749715
-30.36448721588789
16.817149553749715
-30.36448721588789
14.701322873450543
-31.443436656440127
12.45835913490892
-32.397652548643634
10.104808410878968
-33.20709939119092
7.66120131620573
-33.85446200118341
5.151414938041729
-34.32610562142352
2.6017732158107805
-34.612849913442446
0.03995038220429947
-34.71047402390185
-2.506226605947983
-34.61989935278035
-5.009967586544892
-34.34703521089955
-7.446595257617378
-33.902312930923074
-9.794421564780354
-33.29996860671747
-12.035368260541084
-32.5571576435991
-14.155309966286445
-31.692992959885544
-16.144150466125176
-30.72759360451309
-17.99566834430167
-29.681214999371264
-19.707183883572718
-28.573510571437566
-21.2791051821305
-27.42295180400589
-22.71440931046478
-26.246413329704197
-34.60349559264865
2.7233611157076894
-34.707921792995926
0.42280942312336833
-34.65558566458241
-1.9516621740949347
-34.43316724220934
-4.378994938001739
-34.030864192945785
-6.835121453074805
-33.443155779786416
-9.293757823719176
-32.66934793449407
-11.727416959073764
-31.71382861352391
-14.108567527181322
-30.58599301844638
-16.410838920437698
-29.299837131909392
-18.610162466797178
-27.873258198298352
-20.685745826728038
-26.3271346022591
-22.62079986719158
-24.68427899051452
-24.40297059202929
-22.96836449423317
-26.024466093602243
-21.202915196303188
-27.48190295768069
-19.410432167567834
-28.77592267965096
-17.611700670517735
-29.91064363214352
-15.825297756279852
-30.893017883044166
-14.067296597060839
-31.73215670967423
-12.351146937690977
-32.43867710497099
15.233554966413934
-37.48717125072332
3.5891720494575843
3.610947011561268
3.6304236713810973
3.6477856548135117
3.6631943494036476
3.6767925740430134
3.68870752119901
3.699053165674784
3.707932232374246
3.5891720494575843
3.721532027812393
3.726401980533754
3.7301198627805574
3.732752660777396
3.734363034803509
3.7350099875594043
3.7347494549783393
3.7336348328061484
3.7317174496504673
3.7290469953247265
3.7256719115413794
3.721639750753955
3.7169975077524744
3.711791927671403
3.7060697931773294
3.699878192888091
3.6932647723571814
3.6862779683017517
3.6789672261662254
3.6713832005013014
3.663577937118837
3.6556050354337946
3.6475197894447944
3.639379287550771
3.715437929735313
3.6230798601286027
3.6150457162402527
3.6072050003734213
3.5996244859741036
3.5923727272112425
3.585519895956779
3.579137562689748
3.5732984185098253
3.5680759362815238
3.5635439701296847
3.5597762941820505
3.5568460831775313
3.5548253396937084
3.5537842749758974
3.553780996874365
3.554791407811003
3.556749704082849
3.5595875245492077
3.5632348352411185
3.5676205116537285
3.57267287658557
3.578320186311851
3.5844910527992937
3.5911150315266713
3.6312425492633618
3.605296901848336
3.6127205475946136
3.620328194791703
3.6280566018415823
3.6358443669073823
3.6436319461856126
3.651361633275974
3.6589775045245583
3.666425334177783
3.6736524826680785
3.680607760972706
3.687241273456782
3.693504241180046
3.699348807132108
3.7047278243419983
3.709594627216366
3.713902785950045
3.7176058432590082
3.7206570320018475
3.723008971618811
3.724613340572268
3.7254205210989424
3.7253792115969877
3.7244360008989
3.722534897254119
3.71961680323276
3.715618925742751
3.7104741078812493
3.704110066183122
3.6964485128479687
3.687404137540863
3.6768834167111977
3.6647832099000395
3.650989091274426
3.635373349614329
3.6177925698232705
3.59808468128364
3.5760653183421875
3.5515232626483106
3.52430991951209
3.52430991951209
3.52430991951209
3.52430991951209
3.5243099195120897
3.52430991951209
3.5243099195120906
3.52430991951209
3.5243099195120897
3.5243099195120897
3.52430991951209
3.5243099195120906
3.5243099195120906
3.5243099195120893
3.5243099195120897
3.5243099195120906
3.5243099195120906
3.5243099195120906
3.5243099195120906
3.5243099195120897
3.52430991951209
3.5243099195120906
3.52430991951209
3.5243099195120897
3.5243099195120906
3.52430991951209
3.5243099195120906
3.52430991951209
3.5243099195120893
3.524309919512091
3.5243099195120906
3.5243099195120906
3.5243099195120906
3.52430991951209
3.524309919512091
3.5243099195120897
3.5243099195120906
3.52430991951209
3.5243099195120906
3.52430991951209
3.5891720494575843
3.610479730457086
3.6296058344107935
3.646734003402148
3.662025779148689
3.6756240691983133
3.6876560592922036
3.698235610773001
3.7074653039372416
3.5891720494575843
3.7213544429049574
3.7260615333274227
3.729631293748739
3.732130728624955
3.7336225149783315
3.7341656704936703
3.733816144258193
3.7326273433144386
3.730650605696432
3.7279356287660863
3.7245308599014835
3.720483855335534
3.7158416117490467
3.710650874277085
3.704958423695547
3.69881134483934
3.6922572775853157
3.685344651076781
3.6781229012777548
3.6706426713252087
3.662955993597547
3.6551164516992776
3.6471793189124533
3.6392017072128526
3.715437929735313
3.6089335644402976
3.587568145556912
3.567289533813779
3.5482422694170266
3.5305708149337343
3.514418002770504
3.4999233531174507
3.4872213114308446
3.4764394632182656
3.467696790291613
3.461102035224634
3.456752238262408
3.454731503565417
3.4551100396046945
3.4579338471788845
3.4631549584202013
3.4706725969379066
3.48037326978133
3.4921328258443896
3.5058183800963083
3.5212902938066972
3.5384041293016346
3.557012423112421
3.5769688815741785
3.6312425492633618
3.6053217687521895
3.612769055903415
3.6203991102101134
3.628148687318328
3.635956383710516
3.6437626542618085
3.6515097914298615
3.6591418705377117
3.6666046649033577
3.673845534114235
3.6808132883803313
3.6874580313740677
3.6937309835352345
3.699584287305128
3.7049707952354196
3.7098438413259403
3.7141569954350344
3.7178638000124358
3.7209174877207936
3.7232706778748597
3.724875048882205
3.7256809829958133
3.7256371787016294
3.7246902249920946
3.7227841303495284
3.719859797650894
3.7158544341862734
3.710700883512119
3.7043268627023096
3.696654084579001
3.687597239519332
3.6770628047842497
3.664947640843735
3.65113732294601
3.6355041411800504
3.61790468217279
3.5981768779979233
3.576136368842232
3.5515719601184985
3.5515719601184985
3.564803794228957
3.564803794228957
3.564803794228957
3.564803794228957
3.564803794228957
3.564803794228957
3.564803794228957
3.564803794228957
3.564803794228957
3.564803794228957
3.564803794228957
3.564803794228957
3.564803794228957
3.564803794228957
3.564803794228957
3.5648037942289577
3.564803794228957
3.564803794228957
3.564803794228957
3.564803794228957
3.564803794228957
3.564803794228957
3.564803794228957
3.564803794228957
3.564803794228957
3.5648037942289577
3.564803794228957
3.564803794228957
3.564803794228957
3.564803794228957
3.564803794228957
3.564803794228957
3.564803794228957
3.564803794228957
3.564803794228957
3.564803794228957
3.564803794228957
3.564803794228957
3.564803794228957
3.554266474960869
3.5441159374906217
3.535899341496111
3.529585673137449
3.525131397155301
3.522481245086018
3.5215692083901557
3.5223196966292027
3.5246488162177187
3.528465723790893
3.5336740091305465
3.540173065918844
3.5478594134874957
3.5566279390148527
3.566373036332106
3.5769896244641863
3.5883740355778935
3.6004247679213
3.6130431044471325
3.6261336018082058
3.6396044572636543
3.6533677605027743
3.6673397363177003
3.5663688946780217
3.695371565870501
3.7093026274972685
3.72316612904569
3.7368981799406913
3.75043841847348
3.76372978459032
3.7767182681646103
3.78935264109232
3.8015841780414155
3.813366369367463
3.8246546286330014
3.835405996325194
3.845578840607933
3.8551325552522444
3.8640272542244523
3.8722234618531197
3.8796817968250266
3.8863626477791566
3.892225837447357
3.8972302715285667
3.9013335662280864
3.9044916333851756
3.906658675140972
3.6814405337218203
3.9076615291715013
3.9065385128832895
3.9044657411181034
3.9014846304503
3.8976345594712556
3.892953223079421
3.887476960061947
3.8812410587106934
3.874280044725355
3.8666279549047244
3.8583185997388063
3.8493858173680993
3.8398637210765356
3.8297869419925417
3.81919086829104
3.8081118818691815
3.7965875929381157
3.7846570727364974
3.772361083947823
3.759742308060899
3.7468455683044057
3.7337180462566293
3.7204094896399593
3.7069724083290474
3.6934622572236964
3.679937531524826
3.907790950742245
3.652912089084994
3.639559450582441
3.6264741360384343
3.613731432611204
3.6014098739223055
3.5895910628332923
3.5783594105658962
3.5678017865134866
3.558007072934313
3.54906562023697
3.5410686009698193
3.5341072638944957
3.52827209304028
3.523651881130851
3.5203327311422408
3.51839700459723
3.5179222396569907
3.5189800661758843
3.5216351478519297
3.5259441835765517
3.531954999542138
3.539705757925813
3.5492242584749505
3.5804224048529676
3.5607076911945272
3.560707691194527
3.5607076911945272
3.5607076911945272
3.5607076911945263
3.560707691194527
3.560707691194527
3.560707691194527
3.5607076911945263
3.5607076911945272
3.5607076911945263
3.560707691194527
3.5607076911945263
3.560707691194527
3.560707691194527
3.560707691194527
3.560707691194527
3.560707691194527
3.560707691194527
3.560707691194527
3.5607076911945263
3.560707691194527
3.5607076911945272
3.5607076911945272
3.560707691194527
3.5607076911945263
3.5607076911945272
3.560707691194526
3.5607076911945263
3.560707691194527
3.5607076911945272
3.5607076911945272
3.5607076911945272
3.5607076911945272
3.5607076911945272
3.5607076911945263
3.5607076911945272
3.5607076911945272
3.6664600954666717
3.6664600954666717
3.554064164144749
3.543728813924114
3.5353449399449905
3.528881549978793
3.524295126265241
3.5215304152899654
3.5205214212993448
3.5211925646025364
3.5234599603708756
3.527232772024384
3.5324145941648117
3.5389048233304194
3.546599979742192
3.5553949494936443
3.565184123342963
3.5758624152267933
3.5873261501529297
3.599473817015861
3.6122066869073346
3.625429301167876
3.6390498345070394
3.652980320300204
3.6671374089142144
3.5663688946780217
3.6851662050179295
3.6895854984161334
3.6946775779269583
3.7004233935993254
3.7068050480089325
3.713804935782402
3.7214048460473497
3.7295850719488417
3.7383235563825146
3.747595099257767
3.75737064846325
3.7676166929530566
3.778294771693231
3.7893611067342907
3.800766362660998
3.8124555285624235
3.824367912635633
3.836437234240289
3.8485917933534455
3.8607546931178307
3.872844083256328
3.884773335222517
3.896452930955168
3.6814405337218203
3.9048247928747797
3.9010687729183444
3.8965701292146204
3.891373393834497
3.8855208132719032
3.879052697755066
3.872007739501346
3.864423308810058
3.8563357331459756
3.8477805630169737
3.8387928279044092
3.8294072848029637
3.8196586615994157
3.8095818970093274
3.799212378393522
3.7885861784417854
3.7777402911666913
3.766712867400081
3.755543449347368
3.744273203398141
3.7329451497677684
3.721604386992501
3.7102983086543735
3.699076808974937
3.6879924730013744
3.677100751687289
3.907790950742245
3.6474347976573815
3.6290046276163213
3.6112553135057768
3.5942751181454153
3.5781546221572627
3.56298643879414
3.5488648535544174
3.535885382725712
3.5241442463468755
3.513737752764016
3.5047615942594454
3.4973100563071657
3.491475146278163
3.4873456516317844
3.485006141696157
3.4845359316860725
3.4860080317906106
3.4894881080861513
3.4950334850731917
3.5026922225385095
3.5125023034384797
3.5244909897354706
3.538674614706055
3.580422404852968
3.580422404852968
3.5804224048529685
3.580422404852968
3.580422404852968
3.580422404852968
3.580422404852968
3.580422404852968
3.5804224048529685
3.5804224048529676
3.580422404852968
3.580422404852968
3.580422404852968
3.5804224048529685
3.5804224048529676
3.5804224048529685
3.5804224048529685
3.580422404852968
3.580422404852968
3.580422404852968
3.580422404852968
3.580422404852968
3.580422404852968
3.580422404852968
3.5804224048529685
3.580422404852968
3.580422404852968
3.5804224048529676
3.580422404852968
3.580422404852968
3.5804224048529685
3.580422404852968
3.5804224048529685
3.580422404852968
3.5804224048529685
3.580422404852968
3.580422404852968
3.5804224048529685
3.5804224048529676
3.580422404852968
3.5607076911945272
3.5817514598845124
3.597235399225496
3.61161516479817
3.624953118690737
3.63730617108957
3.6487264185133683
3.6592616937782596
3.6689560420989284
3.677850135095623
3.685981632399249
3.6933854987642127
3.700094283312946
3.706138366393075
3.7115461786377613
3.7163443960948546
3.7205581147032323
3.7242110068492775
3.7273254623856467
3.7299227161001576
3.73202296337671
3.7336454655079594
3.7348086459686787
3.7355301787096553
3.7358270694831717
3.735715730989972
3.7352120525894024
3.7343314652184545
3.7330890020383145
3.731499355313118
3.7295769299080606
3.727335893739902
3.724790225399732
3.7219537587690703
3.718840222783297
3.7154632577308773
3.71183695397308
3.5650947882814625
3.7024724281707426
3.696833123012195
3.6910710609273396
3.6852009216640695
3.6792375189559388
3.67319584213803
3.6670910868378965
3.660938682133053
3.654754315579013
3.648553956425956
3.642353877024993
3.636170672321246
3.630021277284137
3.623922982126423
3.617893445030769
3.611950702235353
3.606113175183711
3.6003996744692017
3.594829400340233
3.5894219394289695
3.5841972574620997
3.5791756875903276
3.574377914128904
3.5698249513382376
3.565538116977115
3.5615390002784473
3.557849423789378
3.554491397615294
3.5514870595156376
3.548858542797737
3.5466294344839318
3.7079743112008425
3.5420226375098376
3.5396177010204593
3.53762741510956
3.536073794430909
3.5349784409322598
3.534362445823498
3.534246291402662
3.53464975182934
3.535591793448666
3.5370904756109938
3.539162853068296
3.5418248811099082
3.5450913245761484
3.548975671945425
3.553490055669303
3.5586451798317538
3.5644502561895504
3.570912949556985
3.578039333308231
3.5858338557471963
3.5942993178011635
3.603436862469922
3.6132459761162297
3.623724501625289
3.63486866311983
3.6466731016491716
3.659130920346245
3.6722337338890148
3.6859716820721684
3.5470421488304935
3.7004169374500218
3.7004169374500218
3.7004169374500213
3.7004169374500213
3.7004169374500213
3.7004169374500218
3.7004169374500218
3.7004169374500218
3.7004169374500218
3.7004169374500218
3.7004169374500218
3.7004169374500218
3.7004169374500218
3.7004169374500213
3.7004169374500213
3.7004169374500218
3.7004169374500218
3.7004169374500213
3.7004169374500218
3.7004169374500218
3.7004169374500218
3.7004169374500213
3.700416937450021
3.7004169374500213
3.7004169374500218
3.7004169374500218
3.7004169374500218
3.7004169374500218
3.7004169374500218
3.7004169374500218
3.7004169374500218
3.7004169374500218
3.7004169374500213
3.7004169374500218
3.7004169374500218
3.7004169374500213
3.7004169374500218
3.7004169374500218
3.5448199108166087
3.5448199108166083
3.571447698862017
3.5769959851882427
3.581835782652307
3.586057229174801
3.5897450098622956
3.592978781672077
3.5958334933012956
3.5983796168211652
3.600683306097706
3.6028064957537795
3.604806953315888
3.6067382964576598
3.6086499865140556
3.610587308770786
3.6125913493150583
3.614698977418085
3.616942841403378
3.6193513848976115
3.621948889047317
3.624755544944563
3.627787559003838
3.631057292598255
3.634573435731064
3.638341213251955
3.6423626208142976
3.646636686805789
3.6511597556897404
3.655925787610767
3.6609266689090436
3.6661525281571743
3.671592052726246
3.6772328019124436
3.683061515743821
3.689064433734077
3.695227783434881
3.701533796140896
3.5650947882814625
3.703267301499277
3.6983743915378535
3.6933095319981435
3.6880868944571534
3.6827208447411914
3.6772259643173566
3.671617076446009
3.665909272243696
3.6601179356106153
3.6542587666710746
3.6483478035035706
3.642401441970482
3.6364364534596803
3.6304700003713313
3.624519649059255
3.618603380073264
3.6127395954050363
3.6069471224668233
3.6012452145693796
3.59565354756352
3.590192212407748
3.584881703306181
3.5797429012242343
3.5747970524429467
3.5700657419578636
3.5655708615613735
3.561334572614653
3.557379264113517
3.553727509811658
3.550402059154496
3.5474248803684514
3.707974311200843
3.541677930979724
3.538950994822178
3.5366614439531276
3.534831346202496
3.5334823571452674
3.53263561848453
3.532311658958783
3.532530294791426
3.5333105298710894
3.5346704564948546
3.5366271577176622
3.539196612455994
3.542393604478067
3.5462316364731463
3.550722850372769
3.555877954999047
3.5617061620960238
3.568215131706147
3.5754109276634702
3.5832979839505645
3.591879082370116
3.601155341952364
3.611126220161693
3.6217895258775616
3.633141443700028
3.645176568589474
3.657887947837419
3.6712671177313907
3.685304027700748
3.5470421488304935
3.5470421488304935
3.547042148830493
3.5470421488304935
3.547042148830493
3.5470421488304935
3.547042148830493
3.547042148830493
3.5470421488304935
3.547042148830493
3.5470421488304935
3.5470421488304935
3.5470421488304935
3.547042148830493
3.547042148830493
3.5470421488304935
3.547042148830493
3.547042148830493
3.547042148830493
3.5470421488304935
3.547042148830493
3.5470421488304935
3.547042148830493
3.5470421488304935
3.547042148830493
3.547042148830493
3.547042148830493
3.547042148830493
3.5470421488304935
3.547042148830493
3.547042148830493
3.547042148830493
3.547042148830493
3.5470421488304935
3.547042148830493
3.547042148830493
3.547042148830493
3.547042148830493
3.547042148830493
3.547042148830493
3.7004169374500213
19.960335424318558
0.0
0.0
0.0
0.0
0.0
0.0
0.0
0.0
19.960335424318558
0.0
0.0
0.0
0.0
0.0
0.0
0.0
0.0
0.0
0.0
0.0
0.0
0.0
0.0
0.0
0.0
0.0
0.0
0.0
0.0
0.0
0.0
0.0
0.0
0.0
0.0
0.0
0.0
0.0
0.0
0.0
0.0
0.0
0.0
0.0
0.0
0.0
0.0
0.0
0.0
0.0
0.0
0.0
0.0
0.0
0.0
0.0
0.0
0.0
0.0
0.0
0.0
0.0
0.0
0.0
0.0
0.0
0.0
0.0
0.0
0.0
0.0
0.0
0.0
0.0
0.0
0.0
0.0
0.0
0.0
0.0
0.0
0.0
0.0
0.0
0.0
0.0
0.0
0.0
0.0
0.0
0.0
0.0
0.0
0.0
0.0
0.0
0.0
0.0
0.0
0.0
0.0
0.0
0.0
0.0
0.0
0.0
0.0
0.0
0.0
0.0
0.0
0.0
0.0
0.0
0.0
0.0
0.0
0.0
33.24942299003974
36.60841168265722
36.608411682657014
40.13534980990536
43.83863484351583
51.809955878362686
56.096971215396096
65.32477172836082
75.49842179390407
0.0
0.0
0.0
0.0
0.0
0.0
0.0
0.0
0.0
0.0
0.0
46.7763452880805
52.022111489031715
48.706447695443465
49.54788553606079
38.158680691360594
51.00020499993398
51.617545430635545
43.56280686126503
36.09054411800106
46.7763452880805
44.58166004884203
40.682133962112964
44.952187082647946
40.92979256224413
45.131959723593596
41.01316711321809
49.48965768675075
45.087068017322665
44.99803074454314
49.19948700081763
44.72349513599017
44.54286469960395
44.33656508863844
44.107021883508956
39.83260975737829
43.58789467446168
35.545830678756076
35.30096294201313
35.04694654540143
31.258960370828863
34.519403454102026
30.777375160054234
33.979075551663904
30.291438136632063
53.07168319587294
29.38830952504655
35.420673232864864
31.37009733850586
34.0547581585927
30.239118665726327
32.92214384383413
32.44839064073814
28.95627410750705
28.64574898083015
28.39640014265245
28.20974897476219
28.08730878240977
28.03060908981987
28.04122169406318
25.269477457250986
22.67226801890712
25.593438052698346
25.842919735867866
23.338873756085878
23.66047480385629
21.274277896961557
21.64149567889792
24.90329114296528
22.492396533688588
30.05130070952939
23.13924763075016
23.312215523673697
20.593472081340806
23.673520049432717
23.85907915846489
24.046058441406917
21.2442191325615
24.41872629928939
21.567330459516693
24.780423657407873
21.875959945210116
25.12005346703178
25.278125631937073
25.426520055132343
25.56384973871836
25.688727577359636
25.799766309709238
25.8955784703316
25.97477634124636
26.03597190334447
26.077776788119685
26.09880222946247
29.477425253207635
29.44952470836373
29.393444591075646
29.30761393978916
29.190461070214326
29.040413520805387
28.85589799829824
28.635340322509457
28.377165372002125
31.460292666760953
31.081445594512196
30.65515135500223
30.179640361096848
29.653141653697926
32.35415557106924
31.64885465637743
34.168338959705245
34.168338959705245
0.0
0.0
0.0
0.0
0.0
0.0
0.0
0.0
0.0
0.0
0.0
0.0
0.0
0.0
0.0
0.0
0.0
84.31593434402848
78.61838888575294
73.1921551159666
38.12125177945462
41.79394038241522
41.793940382415244
41.7939403824152
45.650263415523824
45.65026341552397
45.65026341552388
45.65026341552391
45.65026341552393
45.6502634155239
45.65026341552391
49.69940260028792
53.950998744290274
63.1025594442553
68.02431343045598
73.19215511596674
78.61838888575292
84.31593434402842
0.0
1.0675649557742235
0.0
0.0
0.0
0.0
0.0
0.0
0.0
0.0
1.0
0.0
0.0
0.0
0.0
0.0
0.0
0.0
0.0
0.0
0.0
0.0
0.0
0.0
0.0
0.0
0.0
0.0
0.0
0.0
0.0
0.0
0.0
0.0
0.0
0.0
0.0
0.0
0.0
0.0
0.0
0.0
0.0
0.0
0.0
0.0
0.0
0.0
0.0
0.0
0.0
0.0
0.0
0.0
0.0
0.0
0.0
0.0
0.0
0.0
0.0
0.0
0.0
0.0
0.0
0.0
0.0
0.0
0.0
0.0
0.0
0.0
0.0
0.0
0.0
0.0
0.0
0.0
0.0
0.0
0.0
0.0
0.0
0.0
0.0
0.0
0.0
0.0
0.0
0.0
0.0
0.0
0.0
0.0
0.0
0.0
0.0
0.0
0.0
0.0
0.0
0.0
0.0
0.0
0.0
0.0
0.0
0.0
0.0
0.0
0.0
0.0
0.0
0.0
0.0
0.0
0.0
0.0
0.0
0.0
1.680262943864115
1.8314292091832123
1.8314292091832123
1.835028405976524
1.838627602769836
1.84266191270059
1.8466962226313441
1.8507305325620984
1.8547648424928522
0.0
0.0
0.0
0.0
0.0
0.0
0.0
0.0
0.0
0.0
0.0
1.8222100382156647
0.9294060802398902
0.9294060802398902
1.825033795006069
1.825033795006069
0.9294060802398902
0.9294060802398902
1.8278575517964735
1.8278575517964735
1.8222100382156647
1.8321611130015616
1.8321611130015616
1.83646467420665
1.83646467420665
1.8407682354117378
1.8407682354117378
1.8450717966168262
1.8450717966168262
1.8450717966168262
1.8493753578219143
1.8493753578219143
1.7162549117972334
1.7162549117972334
1.7162549117972334
1.7126557150039217
1.7126557150039217
1.7090565182106097
1.705457321417298
1.705457321417298
1.7018581246239861
1.7018581246239861
1.6982589278306741
1.6982589278306741
1.6946597310373623
0.9294060802398902
1.6874613374507388
0.9280160641337631
1.0
1.021595180759871
1.0359919679331184
1.0503887551063658
0.9280160641337631
0.9280160641337631
0.9280160641337631
0.9280160641337631
0.9280160641337631
0.9280160641337631
0.9280160641337631
1.1727614460789684
1.1871582332522157
1.201555020425463
1.2159518075987104
1.2231502011853341
1.2375469883585815
1.2519437755318288
1.2663405627050761
1.2807373498783234
1.2879357434649472
1.3023325306381945
1.6910605342440506
1.3239277113980656
1.3311261049846892
1.3455228921579367
1.3527212857445603
1.3594701484802245
1.365769480364929
1.3846674760190427
1.3909668079037474
1.4035654716731565
1.4098648035578611
1.4224634673272702
1.428762799211975
1.4350621310966796
1.4476607948660887
1.4539601267507933
1.4665587905202024
1.4791574542896115
1.5003031041985229
1.5003031041985229
1.991931380138492
1.5290966785450177
1.5362950721316415
1.543493465718265
1.5506918593048888
1.2843365466716354
1.5722870400647597
1.5794854336513835
1.5938822208246308
1.6010806144112546
1.6082790079978784
0.9280160641337631
1.2843365466716354
1.2843365466716354
1.2843365466716354
1.6442709759309966
1.6514693695176204
1.658667763104244
1.6658661566908677
1.680262943864115
1.680262943864115
0.0
0.0
0.0
0.0
0.0
0.0
0.0
0.0
0.0
0.0
0.0
0.0
0.0
0.0
0.0
0.0
0.0
1.7205547937611065
1.7177310369707022
1.7149072801802978
1.6979647394378716
1.6753746851146365
1.6471371172105926
1.6188995493065486
1.5906619814025047
1.5624244134984608
1.4743983600399277
1.299708450297265
1.2146055160707336
1.1694254074242634
1.1185977851969844
1.0847127037121318
1.0338850814848526
1.0056475135808087
1.7120835233898934
1.7149072801802978
1.7177310369707022
1.7205547937611065
0.0
