19.960335424318558
0.0
0.0
0.0
0.0
0.0
0.0
0.0
0.0
19.960335424318558
0.0
0.0
0.0
0.0
0.0
0.0
0.0
0.0
0.0
0.0
0.0
0.0
0.0
0.0
0.0
0.0
0.0
0.0
0.0
0.0
0.0
0.0
0.0
0.0
0.0
0.0
0.0
0.0
0.0
0.0
0.0
0.0
0.0
0.0
0.0
0.0
0.0
0.0
0.0
0.0
0.0
0.0
0.0
0.0
0.0
0.0
0.0
0.0
0.0
0.0
0.0
0.0
0.0
0.0
0.0
0.0
0.0
0.0
0.0
0.0
0.0
0.0
0.0
0.0
0.0
0.0
0.0
0.0
0.0
0.0
0.0
0.0
0.0
0.0
0.0
0.0
0.0
0.0
0.0
0.0
0.0
0.0
0.0
0.0
0.0
0.0
0.0
0.0
0.0
0.0
0.0
0.0
0.0
0.0
0.0
0.0
0.0
0.0
0.0
0.0
0.0
0.0
0.0
0.0
0.0
0.0
0.0
0.0
0.0
33.24942299003974
36.60841168265722
36.608411682657014
40.13534980990536
43.83863484351583
51.809955878362686
56.096971215396096
65.32477172836082
75.49842179390407
0.0
0.0
0.0
0.0
0.0
0.0
0.0
0.0
0.0
0.0
0.0
46.7763452880805
52.022111489031715
48.706447695443465
49.54788553606079
38.158680691360594
51.00020499993398
51.617545430635545
43.56280686126503
36.09054411800106
46.7763452880805
44.58166004884203
40.682133962112964
44.952187082647946
40.92979256224413
45.131959723593596
41.01316711321809
49.48965768675075
45.087068017322665
44.99803074454314
49.19948700081763
44.72349513599017
44.54286469960395
44.33656508863844
44.107021883508956
39.83260975737829
43.58789467446168
35.545830678756076
35.30096294201313
35.04694654540143
31.258960370828863
34.519403454102026
30.777375160054234
33.979075551663904
30.291438136632063
53.07168319587294
29.38830952504655
35.420673232864864
31.37009733850586
34.0547581585927
30.239118665726327
32.92214384383413
32.44839064073814
28.95627410750705
28.64574898083015
28.39640014265245
28.20974897476219
28.08730878240977
28.03060908981987
28.04122169406318
25.269477457250986
22.67226801890712
25.593438052698346
25.842919735867866
23.338873756085878
23.66047480385629
21.274277896961557
21.64149567889792
24.90329114296528
22.492396533688588
30.05130070952939
23.13924763075016
23.312215523673697
20.593472081340806
23.673520049432717
23.85907915846489
24.046058441406917
21.2442191325615
24.41872629928939
21.567330459516693
24.780423657407873
21.875959945210116
25.12005346703178
25.278125631937073
25.426520055132343
25.56384973871836
25.688727577359636
25.799766309709238
25.8955784703316
25.97477634124636
26.03597190334447
26.077776788119685
26.09880222946247
29.477425253207635
29.44952470836373
29.393444591075646
29.30761393978916
29.190461070214326
29.040413520805387
28.85589799829824
28.635340322509457
28.377165372002125
31.460292666760953
31.081445594512196
30.65515135500223
30.179640361096848
29.653141653697926
32.35415557106924
31.64885465637743
34.168338959705245
34.168338959705245
0.0
0.0
0.0
0.0
0.0
0.0
0.0
0.0
0.0
0.0
0.0
0.0
0.0
0.0
0.0
0.0
0.0
84.31593434402848
78.61838888575294
73.1921551159666
38.12125177945462
41.79394038241522
41.793940382415244
41.7939403824152
45.650263415523824
45.65026341552397
45.65026341552388
45.65026341552391
45.65026341552393
45.6502634155239
45.65026341552391
49.69940260028792
53.950998744290274
63.1025594442553
68.02431343045598
73.19215511596674
78.61838888575292
84.31593434402842
0.0
