1.0675649557742235
0.0
0.0
0.0
0.0
0.0
0.0
0.0
0.0
1.0
0.0
0.0
0.0
0.0
0.0
0.0
0.0
0.0
0.0
0.0
0.0
0.0
0.0
0.0
0.0
0.0
0.0
0.0
0.0
0.0
0.0
0.0
0.0
0.0
0.0
0.0
0.0
0.0
0.0
0.0
0.0
0.0
0.0
0.0
0.0
0.0
0.0
0.0
0.0
0.0
0.0
0.0
0.0
0.0
0.0
0.0
0.0
0.0
0.0
0.0
0.0
0.0
0.0
0.0
0.0
0.0
0.0
0.0
0.0
0.0
0.0
0.0
0.0
0.0
0.0
0.0
0.0
0.0
0.0
0.0
0.0
0.0
0.0
0.0
0.0
0.0
0.0
0.0
0.0
0.0
0.0
0.0
0.0
0.0
0.0
0.0
0.0
0.0
0.0
0.0
0.0
0.0
0.0
0.0
0.0
0.0
0.0
0.0
0.0
0.0
0.0
0.0
0.0
0.0
0.0
0.0
0.0
0.0
0.0
1.680262943864115
1.8314292091832123
1.8314292091832123
1.835028405976524
1.838627602769836
1.84266191270059
1.8466962226313441
1.8507305325620984
1.8547648424928522
0.0
0.0
0.0
0.0
0.0
0.0
0.0
0.0
0.0
0.0
0.0
1.8222100382156647
0.9294060802398902
0.9294060802398902
1.825033795006069
1.825033795006069
0.9294060802398902
0.9294060802398902
1.8278575517964735
1.8278575517964735
1.8222100382156647
1.8321611130015616
1.8321611130015616
1.83646467420665
1.83646467420665
1.8407682354117378
1.8407682354117378
1.8450717966168262
1.8450717966168262
1.8450717966168262
1.8493753578219143
1.8493753578219143
1.7162549117972334
1.7162549117972334
1.7162549117972334
1.7126557150039217
1.7126557150039217
1.7090565182106097
1.705457321417298
1.705457321417298
1.7018581246239861
1.7018581246239861
1.6982589278306741
1.6982589278306741
1.6946597310373623
0.9294060802398902
1.6874613374507388
0.9280160641337631
1.0
1.021595180759871
1.0359919679331184
1.0503887551063658
0.9280160641337631
0.9280160641337631
0.9280160641337631
0.9280160641337631
0.9280160641337631
0.9280160641337631
0.9280160641337631
1.1727614460789684
1.1871582332522157
1.201555020425463
1.2159518075987104
1.2231502011853341
1.2375469883585815
1.2519437755318288
1.2663405627050761
1.2807373498783234
1.2879357434649472
1.3023325306381945
1.6910605342440506
1.3239277113980656
1.3311261049846892
1.3455228921579367
1.3527212857445603
1.3594701484802245
1.365769480364929
1.3846674760190427
1.3909668079037474
1.4035654716731565
1.4098648035578611
1.4224634673272702
1.428762799211975
1.4350621310966796
1.4476607948660887
1.4539601267507933
1.4665587905202024
1.4791574542896115
1.5003031041985229
1.5003031041985229
1.991931380138492
1.5290966785450177
1.5362950721316415
1.543493465718265
1.5506918593048888
1.2843365466716354
1.5722870400647597
1.5794854336513835
1.5938822208246308
1.6010806144112546
1.6082790079978784
0.9280160641337631
1.2843365466716354
1.2843365466716354
1.2843365466716354
1.6442709759309966
1.6514693695176204
1.658667763104244
1.6658661566908677
1.680262943864115
1.680262943864115
0.0
0.0
0.0
0.0
0.0
0.0
0.0
0.0
0.0
0.0
0.0
0.0
0.0
0.0
0.0
0.0
0.0
1.7205547937611065
1.7177310369707022
1.7149072801802978
1.6979647394378716
1.6753746851146365
1.6471371172105926
1.6188995493065486
1.5906619814025047
1.5624244134984608
1.4743983600399277
1.299708450297265
1.2146055160707336
1.1694254074242634
1.1185977851969844
1.0847127037121318
1.0338850814848526
1.0056475135808087
1.7120835233898934
1.7149072801802978
1.7177310369707022
1.7205547937611065
0.0
