-20.6493286003 40.707607018
-20.0027382409 141.789729128
-19.3434274249 142.855098089
-18.6715604468 143.903888933
-17.9873016014 144.93627669
-17.2908151835 145.952436391
-16.5822654879 146.952543066
-15.8618168092 147.936771746
-15.1296334423 148.905297462
-14.3858796819 149.858295244
-13.6307198227 150.795940122
-12.8643181595 151.718407129
-12.086838987 152.625871294
-11.2984466 153.518507648
-10.4993052932 154.396491221
-9.68957936139 155.259997045
-8.86943309931 156.109200149
-8.03903080171 156.944275565
-7.19853676334 157.765398324
-6.34811527895 158.572743455
-5.48793064328 159.36648599
-4.61814715108 160.146800959
-3.73892909711 160.913863393
-2.85044077611 161.667848323
-1.95284648284 162.408930779
-1.04631051203 163.137285791
-0.130997158451 163.853088391
0.792929283162 164.55651361
1.72530451806 165.247736477
2.66596425148 165.926932023
3.61474418869 166.59427528
4.57148003493 167.249941278
5.53600749545 167.894105047
6.50816227551 168.526941618
7.48778008035 169.148626022
8.47469661522 169.759333289
9.46874758539 170.359238451
10.4697686961 170.948516537
11.4775956526 171.527342579
12.4920641601 172.095891607
13.5130099239 172.654338651
14.5402686493 173.202858743
15.5736760414 173.741626914
16.6130678056 174.270818192
17.6582796471 174.790607611
18.7091472711 175.301170199
19.7655063829 175.802680988
20.8271926878 176.295315008
21.8940418909 176.77924729
22.9658896976 177.254652865
24.0425718131 177.721706764
25.1239239426 178.180584016
26.2097817915 178.631459653
27.2999810649 179.074508705
28.394357468 179.509906203
29.4927467063 179.937827178
30.5949844848 180.358446661
31.7009065089 180.771939681
32.8103484838 181.178481269
33.9231461147 181.578246458
35.039135107 181.971410275
36.1581511657 182.358147754
37.2800299963 182.738633924
38.404607304 183.113043816
39.531718794 183.48155246
40.6612001715 183.844334887
41.7928871418 184.201566129
42.9266154102 184.553421215
44.0622206819 184.900075176
45.1995386621 185.241703043
46.3384050562 185.578479846
47.4786555693 185.910580617
48.6201259067 186.238180386
49.7626517737 186.561454183
50.9060688755 186.880577039
52.0502129174 187.195723985
53.1949196046 187.507070052
54.3400246423 187.814790269
55.4853637359 188.119059669
56.6307725905 188.420053281
57.7760869115 188.717946136
58.921142404 189.012913264
60.0657747733 189.305129698
61.2098197247 189.594770466
62.3531129634 189.8820106
63.4954901947 190.167025131
64.6367871239 190.449989088
65.776839456 190.731077503
66.9154828966 191.010465407
68.0525531506 191.28832783
69.1878859235 191.564839802
70.3213169205 191.840176355
71.4526818468 192.114512519
72.5818164077 192.388023324
73.7085563084 192.660883802
74.8327372542 192.933268983
75.9541949503 193.205353898
77.072765102 193.477313576
78.1882834146 193.74932305
79.3005855932 194.02155735
80.409507343 194.294191505
