128.284635542 3.4396313389
130.611243263 53.9049678264
132.944741513 54.3978556924
135.284937301 54.9166485402
137.631637636 55.4596999737
139.984649525 56.0253635963
142.343779977 56.6119930117
144.708835999 57.2179418236
147.079624601 57.8415636355
149.455952789 58.481212051
151.837627571 59.1352406739
154.224455957 59.8020031076
156.616244954 60.4798529559
159.012801571 61.1671438223
161.413932814 61.8622293105
163.819445693 62.563463024
166.229147215 63.2691985666
168.642844389 63.9777895417
171.060344223 64.6875895531
173.481453724 65.3969522044
175.905979901 66.1042310991
178.333729762 66.807779841
180.764510315 67.5059520335
183.198128569 68.1971012804
185.63439153 68.8795811852
188.073106208 69.5517453517
190.51407961 70.2119473833
192.957118745 70.8585408837
195.40203062 71.4898794565
197.848622245 72.1043167054
200.296700625 72.700206234
202.746072771 73.2759016459
205.19654569 73.8297565447
207.64792639 74.360124534
210.100021879 74.8653592174
212.552639165 75.3438141986
215.005585256 75.7938430813
217.458667161 76.2137994689
219.911691888 76.6020369651
222.364466444 76.9569091736
224.816797838 77.276769698
227.268493078 77.5599721418
229.719359171 77.8048701087
232.169203127 78.0098172024
234.617831953 78.1731670264
237.065052657 78.2932731844
239.510672247 78.36848928
241.954497732 78.3971689167
244.396336119 78.3776656983
246.835994416 78.3083332283
249.273294373 78.1877750421
251.708181038 78.0166852241
254.140660883 77.7967993593
256.570740834 77.5298606511
258.998427815 77.2176123029
261.423728748 76.8617975179
263.846650558 76.4641594995
266.267200168 76.026441451
268.685384503 75.5503865758
271.101210485 75.0377380773
273.51468504 74.4902391586
275.92581509 73.9096330233
278.33460756 73.2976628746
280.741069373 72.6560719159
283.145207453 71.9866033505
285.547028724 71.2910003817
287.94654011 70.5710062129
290.343748534 69.8283640474
292.73866092 69.0648170886
295.131284192 68.2821085398
297.521625274 67.4819816043
299.90969109 66.6661794855
302.295488563 65.8364453867
304.679024617 64.9945225113
307.060306176 64.1421540625
309.439340164 63.2810832438
311.816133504 62.4130532584
314.190693121 61.5398073097
316.563025938 60.6630886011
318.933138879 59.7846403359
321.301038868 58.9062057174
323.666732828 58.0295279489
326.030227683 57.1563502338
328.391530357 56.2884157755
330.750647775 55.4274677772
333.107586859 54.5752494424
335.462354533 53.7335039743
337.814957722 52.9039745762
340.165403349 52.0884044516
342.513698337 51.2885368038
344.859849612 50.5061148361
347.203864095 49.7428817518
349.545748712 49.0005807543
351.885510386 48.2809550469
354.223156041 47.5857478329
356.5586926 46.9167023158
358.892126988 46.2755616988
361.223466128 45.6640691852
363.552716944 45.0839679785
365.879886359 44.5370012819
368.20498129 44.0249122988
