200.386355552 1.052393109
202.369171454 201.221980859
204.362572259 201.399440756
206.366099907 201.58379695
208.379296338 201.774073591
210.401703493 201.969294829
212.432863312 202.168484814
214.472317733 202.370667696
216.519608698 202.574867625
218.574278146 202.780108752
220.635868017 202.985415226
222.703920252 203.189811197
224.777976789 203.392320816
226.85757957 203.591968233
228.942270534 203.787777598
231.031591621 203.978773061
233.125084771 204.163978772
235.222291924 204.342418881
237.32275502 204.513117538
239.426015999 204.675098894
241.531616801 204.827387098
243.639099366 204.9690063
245.748005634 205.098980651
247.857877544 205.216334301
249.968257038 205.3200914
252.078686054 205.409276098
254.188706533 205.482912544
256.297860415 205.54002489
258.405689639 205.579637285
260.511736146 205.600773879
262.615541876 205.602458823
264.716648769 205.583716267
266.814598764 205.543570359
268.908933802 205.481045252
270.999195822 205.395165095
273.084926765 205.284954037
275.16566857 205.149436229
277.240963178 204.987635822
279.310352528 204.798576965
281.373378561 204.581283808
283.429583216 204.334780501
285.478508434 204.058091195
287.519696154 203.75024004
289.552688316 203.410251185
291.57702686 203.037148781
293.592253727 202.629956978
295.597910856 202.187699926
297.593540187 201.709401775
299.57868366 201.194086675
301.552948362 200.64095754
303.516524695 200.050817943
305.469910466 199.425314988
307.413606242 198.766103349
309.348112588 198.0748377
311.273930068 197.353172716
313.19155925 196.60276307
315.101500698 195.825263438
317.004254977 195.022328494
318.900322655 194.195612911
320.790204295 193.346771365
322.674400464 192.477458529
324.553411727 191.589329078
326.42773865 190.684037687
328.297881798 189.763239029
330.164341736 188.828587778
332.027619032 187.88173861
333.888214249 186.924346198
335.746627954 185.958065217
337.603360712 184.984550341
339.458913088 184.005456245
341.313785649 183.022437602
343.16847896 182.037149087
345.023493585 181.051245374
346.879330092 180.066381139
348.736489046 179.084211054
350.595471011 178.106389794
352.456776554 177.134572034
354.32090624 176.170412448
356.188360634 175.21556571
358.059640303 174.271686495
359.935245812 173.340429477
361.815677726 172.423449329
363.701436611 171.522400728
365.593023033 170.638938346
367.490937557 169.774716858
369.395680748 168.931390939
371.307753173 168.110615262
373.227655396 167.314044503
375.155887983 166.543333335
377.092951501 165.800136432
379.039346514 165.08610847
380.995573588 164.402904122
382.962133288 163.752178063
384.939526181 163.135584967
386.928252831 162.554779508
388.928813805 162.01141636
390.941709667 161.507150199
392.967440984 161.043635698
395.00650832 160.622527531
397.059412242 160.245480373
399.12665331 159.914148898
