0.6041441634470175 -34.95694475853719
0.620652582496831 -34.60350962678203
0.6380525610384495 -34.31994091425463
0.6563954742287876 -34.10351578081864
0.675748192454563 -33.95151118425369
0.6961769223905492 -33.8612041495939
0.7177431722040524 -33.8298718355565
0.7405024128126172 -33.85479155728768
0.7645035504546343 -33.933240794462336
0.7897886980395299 -34.062497195136956
0.8163930766939984 -34.23983857671453
0.844344986573617 -34.462542926357
0.8736658275911964 -34.72788839922691
0.9043701738260381 -35.03315331602985
0.9364659288069959 -35.37561615757454
0.9699546306628406 -35.75255555486544
1.0048320742818078 -36.16125026909256
1.0410896889568164 -36.59897914662318
1.0787179897306487 -37.06302100756213
1.117716937808467 -37.5506543108265
1.1581373887746338 -38.05915581383388
1.2003712394870547 -38.58579119065675
1.2412780445439466 -39.12794027475394
0.5886045660246282 -35.382967065979614
1.4749943519509543 -40.23350105281611
1.6727170723535778 -40.79104401500493
1.8757734702915627 -41.35272855668211
2.083993541052905 -41.91583751926822
2.297223188442615 -42.477655699471086
2.5152791737304483 -43.03547130624452
2.7379378562780516 -43.58657632379487
2.964931445023808 -44.12826663273964
3.195946505304107 -44.6578420569555
3.430623289047219 -45.172606384061794
3.668555412896012 -45.669867373855396
3.9092897046835446 -46.14693675996011
4.152326147098563 -46.60113024639253
4.3971178961473925 -47.02976749855955
4.643071384624022 -47.43017212454356
4.889546562393264 -47.799671639935156
5.135857411119275 -48.13559739429317
5.381273103119497 -48.435284411472765
5.625020919495512 -48.69607098638491
5.866295023851535 -48.91529747786731
6.104291576310402 -49.09030147771935
6.338454557885541 -49.21838399218768
6.5651709262900795 -49.297264085340004
1.2831065985201349 -39.68280858742173
6.7568790884434975 -49.3217197604167
6.7221304431043905 -49.270075598410756
6.681233279610126 -49.17172895317685
6.634498290687532 -49.02900124960888
6.582284313569858 -48.8442072512199
6.5249603285168405 -48.619660288070634
6.46289595942028 -48.35767356390912
6.396458308458023 -48.06056059084099
6.326010691810666 -47.73063536430175
6.251912067119861 -47.37021244086509
6.174516750690373 -46.981606978234936
6.094174269728001 -46.56713475488061
6.0112292848717175 -46.12911218116864
5.926021554032275 -45.669856304799936
5.838885925698889 -45.19168481153136
5.750152360559525 -44.69691602386388
5.660145989118348 -44.18786889299676
5.5691872286894295 -43.6668629856558
5.47759201223198 -43.136218455564006
5.385672255610018 -42.59825598658034
5.293736893311461 -42.05529666577459
5.202094474737464 -41.50966166530685
5.11106095986662 -40.9636712876364
5.020990909199611 -40.41964114434745
4.932495824555929 -39.87985540800244
4.8434875999273 -39.346929011392064
6.785482683162172 -49.32429675765624
4.839068908656429 -38.282241649137745
4.920336786153939 -37.755799689951004
5.000019525975006 -37.24596964785948
5.078550689534438 -36.755046660194324
5.156446646178495 -36.285313961589594
5.234272892926867 -35.83904700959636
5.312635641878671 -35.41851451489549
5.392179025269229 -35.02597878177295
5.473583989861254 -34.66369584206561
5.557567811173669 -34.333915512752014
5.644883873946355 -34.03888141840412
5.7363215885609975 -33.78083099722349
5.83270639527376 -33.56199549110039
5.934899850082161 -33.38459992283043
6.0437998168882245 -33.250863050283044
6.160340836839055 -33.162997282710535
6.285494837589965 -33.12320852167599
6.420272570124553 -33.13369584243097
6.565726784182857 -33.196650788071196
6.722960181206247 -33.31425560580462
6.8931492873492175 -33.48867795079846
7.0776399649377595 -33.72204970132118
7.278616026275074 -34.01631865399264
-1.9427915950888632 -35.83607327730613
14.319410957759544 -32.14274712180823
16.565801993050457 -31.044740730770485
18.77477426739341 -29.760873204967254
20.91830613371644 -28.295338683426934
22.968954961354086 -26.657622375166937
24.901133406475367 -24.86232647574701
26.692307972513674 -22.928637504531252
28.324004236415817 -20.879475729270922
29.78252597577739 -18.740407391939442
31.059332595588273 -16.53842741708965
32.15106311657968 -14.300729463472237
33.05923689442784 -12.053571199931383
33.78969386679893 -9.821319213920503
34.35185617033443 -7.625726218949268
34.75789767916797 -5.485460020655012
35.021900617205176 -3.4158746862725877
35.15906286566525 -1.4289930447392294
35.18500031420814 0.4663427954712347
19.89018364056085 29.027268515285414
21.78952005501202 27.63002965047167
23.647580814742753 26.05750648707439
25.43829303901549 24.312444755204893
27.135374423964436 22.40252614293692
28.71351772477624 20.340492191259187
30.149619305910562 18.143929519880174
31.423937076605 15.834705596230151
32.52106254363014 13.43808817306288
33.43060985818204 10.98162315979448
34.147558963837014 8.493876589931546
34.67223368258237 6.003160348859126
35.00994011088585 3.536356337517674
35.170327699464735 1.117932120470357
35.1665590479829 -1.2307913870547509
35.01438261682614 -3.492095742705146
34.73119665377129 -5.652052875794936
34.335176536729875 -7.700478875064022
33.844516318679894 -9.63070287509305
33.27681306526472 -11.439206044701848
4.756100944450111 -38.82295959880841
34.57454838913878 18.287790787615933
-5.215917314475405 34.563748251324995
-5.017221645635203 34.2299364592443
-4.831286288351379 33.96495823454782
-4.6568873672609925 33.76620691593223
-4.492825105857037 33.631074480409495
-4.337939426275 33.55694912178271
-4.191113844156234 33.54121464480997
-4.05127676085138 33.58125026439666
-3.917401972119336 33.674430524980465
-3.7885088883494404 33.818125265004625
-3.6636626287632907 34.00969959954932
-3.5419740484516637 34.246513912887565
-3.422599716397599 34.52592385541004
-3.304741840550008 34.84528034560978
-3.187648112442673 35.201929576607796
-3.0706114025338707 35.5932130312641
-2.9529691394652104 36.01646751418687
-2.8341019357830817 36.46902522266049
-2.7134301454294985 36.94821392624158
-2.5904035300275154 37.45135750600457
-2.4644599176640725 37.975778111995425
-2.334735805409906 38.51881126725618
-2.2039294959506606 39.07760424216781
-5.428512041570826 34.969015867505675
-0.9532925444280238 39.840341985173694
0.1956987995809527 40.02777335417713
1.3776311499113376 40.209005509053924
2.5926330248908585 40.38129023907504
3.8405860118814985 40.5419837274807
5.121079831185114 40.6885442052926
6.4334011036910965 40.81853136253653
7.776529609077329 40.929606150801675
9.149136792029651 41.01953070098284
10.54958508752486 41.08616828272798
11.975927589626451 41.12748327903597
13.425907882381466 41.14154116477059
14.896959957784759 41.12650848232954
16.386208190867592 41.08065280743648
17.89046736656161 41.002342692634556
19.40624277743052 40.89004756614926
20.929730452112665 40.74233752998603
22.456817684453597 40.55788292020628
23.98308437546092 40.33545320658925
25.50380707833972 40.073913696451825
27.013975195584408 39.77221235119282
28.508404381193827 39.42928750676754
29.980195416261495 39.04532189450106
-2.069403768876384 39.64958042615933
31.886377228553727 38.04636273048209
32.31621584782482 37.43643478153868
32.71401797736894 36.79280361742781
33.07998913824048 36.11882117492431
33.41444710933979 35.41771252664185
33.71780439420223 34.69259014845076
33.99056383706909 33.946457487453756
34.23331716025996 33.18221015145113
34.44674437943331 32.40263638630296
34.63161353626492 31.61041729244573
34.78878056540725 30.80812693462437
34.919189221523254 29.998232400444465
35.02387103781592 29.183093834640317
35.10394530091355 28.36496445986276
35.16061903442147 27.545990589377396
35.195186989190915 26.728211636217168
35.20903163532728 25.913560118117175
35.20362315814225 25.103861661820304
35.18051945449179 24.300835004855543
35.141366131223435 23.506091996208937
35.08789650504423 22.721137594190935
35.02193160577082 21.94736985841203
34.94538018984804 21.18607992334819
34.8602387972532 20.43845188932258
34.768592156444015 19.705562056541822
34.672609789675334 18.988385342395134
31.424531582245265 38.61900880029549
33.5394410802474 18.65022064688864
32.53160546624309 19.00322734718398
31.55238930929454 19.34866517865987
30.603001127147593 19.688534334870383
29.684509759393904 20.024981737263317
28.797844311033543 20.360301149850386
27.943794144852802 20.69693320434729
27.123008885636352 21.037465403501074
26.335998431675762 21.384632116916265
25.583132972717294 21.741314571875648
24.864643015136608 22.110540837746356
24.180619421147753 22.495485803843053
23.531013466582465 22.899471143640625
22.915636934493364 23.32596525982825
22.334162268803425 23.778583192332746
21.786122842457587 24.26108645867768
21.27091345367421 24.777382758101908
20.787791318265022 25.33152538242615
20.335878249376492 25.92771191936214
19.914166107153108 26.570281014651442
19.521533144456953 27.263702658559566
19.156809390044657 28.012539336851347
18.819234327114714 28.821174088460907
-4.618549650404304 -35.59027375906447
-4.618549650404304 -35.59027375906447
-7.403755963958275 -35.116705209124575
-10.263592583432342 -34.38978415750404
-13.155752321899428 -33.390489184245894
-16.032095258563402 -32.10872947873759
-18.841175172703487 -30.545191196486314
-21.53141876596871 -28.71230734446283
-24.05458133934627 -26.6341079014706
-26.36901174324541 -24.344892827921598
-28.44227209932407 -21.88688522714949
-30.252775718605903 -19.30720457337449
-31.790295539022196 -16.654599864903048
-33.055399300446965 -13.97637879446657
-34.058032030002295 -11.315875633893313
-34.81555764472611 -8.710656290151604
-35.35058421282338 -6.191508938093108
-35.688849037084 -3.782147739926671
-35.85735823189131 -1.499482493468804
-35.88288772127012 0.6457212255494937
-8.000086336692476 34.98567143451544
-10.595240945081343 34.2890573861994
-13.259575519085956 33.349396458887526
-15.9544333417563 32.14738937863942
-18.634891572031393 30.671475400069
-21.25179590383175 28.919885165406242
-23.75456384541266 26.902031217597994
-26.094482467692075 24.63892391850166
-28.228088438823534 22.162436919444588
-30.120160210679614 19.513445005979747
-31.745901162599097 16.73906647614777
-33.092039738168836 13.88940218605029
-34.15677573774471 11.014229810559556
-34.94870222332278 8.160073530545958
-35.48497860013285 5.367949409832249
-35.78909585436554 2.671929086903191
-35.888561994554635 0.0985143716058019
-35.812767539269686 -2.333295587069074
-35.59119790545415 -4.611422640920978
-35.25206828034166 -6.729804534793971
9.822097175901717 -33.78946773450062
