21.27062500634724 -28.965277405997483
21.52053044159974 -29.477313109419896
21.748834978165284 -29.964955952189015
21.956158851749137 -30.428603570869953
22.143115812229258 -30.868657912219774
22.310313279344278 -31.285525116969225
22.45835238147792 -31.67961549168689
22.58782796799983 -32.05134349967034
22.69932861334789 -32.40112775718211
22.793436618751155 -32.7293910326575
22.870728012195993 -33.036560246201105
22.931772547937054 -33.323066469895366
22.97713370555461 -33.58934492841786
23.007368688516326 -33.835834999741195
23.023028422288196 -34.062980215995324
23.024657552307318 -34.27122826511278
23.01279444094674 -34.46103099226302
22.98797116392646 -34.632844402194706
22.950713505334413 -34.7871286619372
22.901540951198328 -34.92434810482098
22.840966680330865 -35.04497123552872
22.76949755193675 -35.14947073798416
22.68763408695815 -35.2383234856613
22.595870441053325 -35.3120105581049
22.49469436251318 -35.371017265527
22.3845871252177 -35.41583318813008
22.26602341752435 -35.4469522421264
22.139471147537158 -35.46487279428271
22.00539108214638 -35.470097875121695
21.86423612514848 -35.463135604722595
21.716449729467342 -35.4445001292965
21.56246192858886 -35.414713963149694
21.4026774305923 -35.374315012997386
21.237427995682054 -35.32388467589976
21.066639079975268 -35.264244523612945
20.89431203927547 -35.19381174860999
20.99849085272504 -28.428456325792027
20.291765447330974 -35.10467813896173
19.863653903292807 -35.086899356921435
19.43483657448623 -35.06159810471604
19.005924152636567 -35.02922691686334
18.577434064277124 -34.990289254442644
18.149840944487185 -34.94530972457582
17.723589254672483 -34.89482663567813
17.299097487741783 -34.839389516190266
16.87675984922634 -34.779558122117095
16.456947020545265 -34.71590198636045
16.04000653951609 -34.64900019375048
15.62626300378447 -34.57944126014834
15.216018185222453 -34.5078230636021
14.809551096692587 -34.43475280451159
14.407118030183366 -34.360846980236005
14.00895257778122 -34.28673137068404
13.615265639709467 -34.21304102996126
13.226245421136134 -34.14042028224617
12.842057417523126 -34.06952272284647
12.462844384060176 -34.00101122317588
12.08872628160482 -33.93555794316461
11.719800181625978 -33.87384435272051
11.356140097255896 -33.81656127350567
10.99779666613724 -33.764408956506315
10.644796513937997 -33.71809723902592
10.297140852112783 -33.67834589159554
9.95480197032748 -33.64588548624894
9.617712711669633 -33.62146000200795
9.285724371581352 -33.60583724896739
8.95831198686458 -33.59988183830072
8.638556288959052 -33.603569255701274
20.718113927609764 -35.114741307016544
8.379998600216581 -33.504619600415595
8.438429394648793 -33.40439277575018
8.499865568071726 -33.31811886822109
8.564666003592393 -33.246400213187314
8.63313286750651 -33.18985295122866
8.705556473202542 -33.149095919832575
8.782226499295525 -33.12474787537573
8.863435731632855 -33.11742656643523
8.949481563210782 -33.12774836216039
9.040666679710597 -33.156328081972674
9.137299406978464 -33.20377890872132
9.23969390434798 -33.27071234042563
9.34817028296851 -33.35773815968628
9.463054687464812 -33.465464411770085
9.584679361801847 -33.5944973866286
9.71338271250697 -33.745441600061326
9.849509380907321 -33.91889977127482
9.993410337887951 -34.11547279341298
10.145443020151319 -34.33575968912473
10.305971541471123 -34.58035754275346
10.47536703884721 -34.84986138704252
10.654008274573272 -35.1448640078726
10.842282750306524 -35.46595558049265
11.040588932722244 -35.813722944143166
11.249341147117804 -36.18874800594526
11.468981809433728 -36.59160375240481
11.70001811933733 -37.0228422825073
11.943168830750167 -37.48294694342562
12.200391640675335 -37.97199727891237
18.7936053072299 -29.18251193014514
20.78352703330293 -34.71878755590089
23.56046888406277 -32.89762166569071
26.271561049333272 -30.77587180449916
28.862217103396347 -28.360564683592372
31.27832997784165 -25.671292898743218
33.46996584261642 -22.740065782444503
35.39493653423517 -19.60988712443998
37.0217422328667 -16.33217093159959
38.33146764875788 -12.963324927966596
39.318404009149134 -9.560978583238153
39.98940179314157 -6.180368073383505
40.36216998329198 -2.8713132075162378
40.462875225431276 0.3239348499191408
40.323437805501754 3.3718791261911463
39.97888120509039 6.248060729945109
39.464998600769135 8.936615172261924
38.816488113799664 11.42932438104117
38.06560687471199 13.724386272460094
-3.8852227277083244 40.27721750136064
-0.8643389298221962 40.45493942042438
2.315711462196731 40.39785496433768
5.6205289085445145 40.0719210930051
9.006379179853923 39.44913610415955
12.421640475401233 38.510414866574536
15.809289116812764 37.24802790641189
19.110241488049795 35.667182052472725
22.267178697736327 33.78641676974476
25.22835206286196 31.636678989554213
27.950847305455042 29.259175316521635
30.40288463326158 26.702318462493082
32.564921494928214 24.018224191746043
34.42954746307777 21.25924426651821
36.000355062198 18.474946297391142
37.29009371931926 15.709809537362304
38.31845310215314 13.001744388884987
39.109789908499096 10.381403498991546
39.6910361304877 7.872157022324444
40.089936025351406 5.490558694617846
8.323843551309224 -33.61828856640392
-11.29870077949063 32.73858668751927
-35.089097320330346 5.817324799277571
-35.1460651615247 6.62996361630249
-35.157023631044865 7.458437135265797
-35.12391855054056 8.300983287629947
-35.04865940176222 9.155891314956278
-34.93311912040904 10.021503203344622
-34.7791340458622 10.896214041858627
-34.58850390491888 11.778472141685995
-34.36299180536957 12.66677908332747
-34.10432423430486 13.559689737925481
-33.814191057382025 14.455812277430937
-33.49424551931162 15.353808179787961
-33.14610424488422 16.252392231517007
-32.771347240269655 17.150332528749857
-32.3715178946854 18.04645047727118
-31.94812298305917 18.93962079211724
-31.50263266878342 19.828771496272452
-31.03648050775283 20.712883918927616
-30.551063453328183 21.59099269276254
-30.047741863370245 22.46218575036528
-29.527839509494125 23.325604318903316
-28.99264359078372 24.18044291301925
-28.443404752695564 25.02594932376718
-27.881337116208865 25.861424602849638
-27.30761832197656 26.68622303779594
-26.723389600843802 27.499752112381913
-26.129755891615293 28.30147244123748
-25.527786046235086 29.09089765490222
-24.91851321104311 29.867594186977783
-24.302935588657842 30.631180848257117
-23.682018113796364 31.38132788997541
-23.056696642926354 32.11775466281685
-22.42789052181145 32.840222593118796
-21.79655285571812 33.548507089015345
-21.16402239918867 34.24220088381466
-20.52729003762909 34.923359406009524
-34.98413938657589 5.022324017829959
-19.59995289501774 35.532404796090646
-19.30856622746711 35.466228966724316
-19.015719126940677 35.39267810003503
-18.721726300156906 35.31236019386478
-18.426963424928516 35.22584765847694
-18.131813870000734 35.13370709254693
-17.83665537577517 35.036506727009
-17.541855615316468 34.93481890610505
-17.247770419437508 34.82922107928732
-16.954742970911624 34.72029625191311
-16.663103402658713 34.60863321024914
-16.37316858260592 34.49482664202583
-16.08524199226929 34.379477204529735
-15.799613656415021 34.26319156560422
-15.516560101284439 34.14658242704135
-15.23634433183722 34.030268539365665
-14.959215821843522 33.91487470962042
-14.68541051467215 33.801031803478736
-14.415150835889076 33.68937674344903
-14.148645720163177 33.580552500612214
-13.886090660712956 33.47520807923209
-13.627667795522818 33.37399848682173
-13.373546062748318 33.27758468192357
-13.12388149157124 33.18663347384614
-12.878817786603673 33.10181732119929
-12.638487615885953 33.023813887741085
-12.40301583285935 32.95330493071788
-12.172529144142928 32.890972964277466
-11.9471947832759 32.837487912663136
-11.727491230241533 32.79341368002838
-11.510551299500413 32.7604702193718
-19.88999835929275 35.59035356727219
-11.088673446574902 32.69561430668165
-10.884482813945112 32.66506994956313
-10.685695166509241 32.64779719373698
-10.492208988084556 32.64452370668249
-10.303966491982266 32.65596080174714
-10.120912408916553 32.68281766087816
-9.942983681413807 32.72580489051171
-9.770106025749037 32.78563570751854
-9.602192553244073 32.86302641422745
-9.439143139270435 32.95869661492529
-9.28084410236432 33.07336932486308
-9.127168024739916 33.207771030589925
-8.977973640649004 33.362631725527734
-8.833105757377936 33.53868493325956
-8.692395189519104 33.736667725366885
-8.55565869305807 33.95732073644882
-8.422698887637445 34.20138817976007
-8.29330415286858 34.469617867059384
-8.167248476793162 34.7627612348476
-8.044291220442858 35.0815733855745
-7.924176730101806 35.42681315293609
-7.806633663210043 35.79924321675003
-7.691373739247837 36.1996303131661
-7.578089244596583 36.62874565561248
-7.46644754547971 37.087365859120325
-7.356077372870786 37.57627525159023
-7.2465276791523365 38.09627280476545
-7.137103068030072 38.64819985997639
-7.0257118077461485 39.233134204328195
16.817149553749715 -30.36448721588789
16.817149553749715 -30.36448721588789
14.701322873450543 -31.443436656440127
12.45835913490892 -32.397652548643634
10.104808410878968 -33.20709939119092
7.66120131620573 -33.85446200118341
5.151414938041729 -34.32610562142352
2.6017732158107805 -34.612849913442446
0.03995038220429947 -34.71047402390185
-2.506226605947983 -34.61989935278035
-5.009967586544892 -34.34703521089955
-7.446595257617378 -33.902312930923074
-9.794421564780354 -33.29996860671747
-12.035368260541084 -32.5571576435991
-14.155309966286445 -31.692992959885544
-16.144150466125176 -30.72759360451309
-17.99566834430167 -29.681214999371264
-19.707183883572718 -28.573510571437566
-21.2791051821305 -27.42295180400589
-22.71440931046478 -26.246413329704197
-34.60349559264865 2.7233611157076894
-34.707921792995926 0.42280942312336833
-34.65558566458241 -1.9516621740949347
-34.43316724220934 -4.378994938001739
-34.030864192945785 -6.835121453074805
-33.443155779786416 -9.293757823719176
-32.66934793449407 -11.727416959073764
-31.71382861352391 -14.108567527181322
-30.58599301844638 -16.410838920437698
-29.299837131909392 -18.610162466797178
-27.873258198298352 -20.685745826728038
-26.3271346022591 -22.62079986719158
-24.68427899051452 -24.40297059202929
-22.96836449423317 -26.024466093602243
-21.202915196303188 -27.48190295768069
-19.410432167567834 -28.77592267965096
-17.611700670517735 -29.91064363214352
-15.825297756279852 -30.893017883044166
-14.067296597060839 -31.73215670967423
-12.351146937690977 -32.43867710497099
15.233554966413934 -37.48717125072332
