3.0189739812384744 -36.07799616312914
3.235935186280841 -36.85930545497964
3.454043044461855 -37.570357642136194
3.671921516488794 -38.21355290075225
3.8888176383359223 -38.791238585814085
4.1041126132014085 -39.30575015924856
4.317250313171911 -39.75941723654634
4.527707843157117 -40.154566498831414
4.73514477166853 -40.4935034002237
3.0189739812384744 -36.07799616312914
4.896066180257094 -41.03661876609115
4.846379199994402 -41.24566584021218
4.790540597953054 -41.407913094486
4.72906193008609 -41.525582029192684
4.662435878230866 -41.600896067777825
4.591138253832753 -41.63608031427068
4.515628499024729 -41.6333614922005
4.436349853992397 -41.594967925043704
4.353729424124538 -41.523129527304135
4.268178211087758 -41.42007780148199
4.180091128895242 -41.288045835765665
4.089847013484473 -41.12926830303425
3.997808629525167 -40.94598146002806
3.904322676678248 -40.74042314704623
3.8097197970208185 -40.51483278700157
3.714314586150806 -40.27145138452439
3.6184056124654944 -40.012521524662084
3.5222754546635997 -39.74028736990313
3.426190783486504 -39.45699465404417
3.330402565356593 -39.1648906663905
3.235146672782321 -38.866224205626764
3.1406463252081664 -38.56324539408329
3.0471291740805952 -38.258204378409815
2.9545971737985326 -37.953368830916034
4.939057083818938 -40.77855399378052
2.91565242681159 -37.3390770174601
2.967316347751961 -37.03435892135911
3.0185542049966045 -36.73908040155402
3.069606716829952 -36.45548938877011
3.120736539830631 -36.18583167924824
3.1722256269775073 -35.9323511365559
3.2243745694054553 -35.697289740800414
3.277502379937488 -35.4828876048938
3.331946410410751 -35.29138298116567
3.38806231927515 -35.12501226273135
3.4462240629053724 -34.98600998397592
3.5068239018141014 -34.87660881911231
3.570272420862011 -34.799039579296085
3.636998567901685 -34.75553120752161
3.707413923144486 -34.74797524834049
3.781646678181602 -34.775510143961526
3.859669361866395 -34.83592677892468
3.9414366571394908 -34.92700846418606
4.026887310164966 -35.04654008104351
4.115946480410514 -35.19230778251489
4.208532791360028 -35.36209809643395
4.30458653392941 -35.553694338196316
4.404267090945723 -35.76485149995273
4.50530162652268 -35.9936334758296
2.863362169318947 -37.650983217961596
4.720911840626741 -36.48847557463716
4.835686795136553 -36.74997490511391
4.952920874676067 -37.01996643465445
5.072309603576059 -37.29625879706586
5.193571709796743 -37.57665853698316
5.316419029820111 -37.85897393720928
5.440548985055784 -38.14101597594673
5.565642074071889 -38.4205986456534
5.691360869628909 -38.695539080699795
5.817349562851518 -38.963657614929126
5.9432337355601135 -39.22277781110044
6.068620237799337 -39.47072647634185
6.193097118040612 -39.70533367079623
6.31623358156628 -39.924432712772656
6.437579964881763 -40.12586018244884
6.5566677194981935 -40.307455923556596
6.673009401669901 -40.467063044282945
6.786098666234182 -40.60252791841801
6.895410263225244 -40.71170018549561
7.0004000367489425 -40.79243275037593
7.100504926033864 -40.842581782958604
7.195142968695279 -40.860006717579836
7.283713306441712 -40.84257025100222
7.365596194310001 -40.788138340584666
7.4401530145610195 -40.694580201251945
7.506726297406146 -40.559768300884215
7.5646397520655455 -40.38157835315102
7.613198314246006 -40.157889307271645
7.651688220267999 -39.88658333205129
7.679377126189024 -39.56554578905078
7.695514307409951 -39.192665189472116
7.699331008527054 -38.76583311744376
7.690041093785567 -38.28294408730467
7.66684234892665 -37.741895258919854
7.628919345854172 -37.14058581050264
7.575450605036451 -36.47691537070706
7.505630083411461 -35.748779315423505
7.418753125937883 -34.95404995342455
7.3148181261531136 -34.09044482939209
9.32406587860396 -32.62407860968128
11.424320369380723 -31.94923494760028
13.53579869613219 -31.113515765612163
15.636288389857157 -30.112708198174875
17.702277394225405 -28.94646929587624
19.709831091561398 -27.61867607220393
21.635570173301062 -26.137536473726378
23.457670879070065 -24.515431600696708
25.156800664780178 -22.768488969444704
26.716906385770073 -20.915917929013016
28.125788417137414 -18.979165828708833
29.375419876399008 -16.980972196092708
30.46200038624238 -14.944405043620172
31.38576308641433 -12.891958157032647
32.15057710047529 -10.844773014941502
32.763402402182976 -8.822027696161584
33.23365919922264 -6.840512105766322
33.57257066796751 -4.914387895103374
33.792528481080126 -3.0551151360627458
33.906517861170585 -1.2715172705590732
22.167045547280964 25.688339793454574
23.789461377906207 24.193599091253873
25.354477100090037 22.548152931453615
26.84016562769699 20.75750993537045
28.22504632504564 18.831236539012487
29.489027942614882 16.7829062036016
30.614342627898907 14.629789304731077
31.586387330760772 12.392289741220779
32.39439362028264 10.093164598548881
33.03186374156803 7.756589933578802
33.49673711193975 5.407153825517632
33.79128265750245 3.0688639591851867
33.92174274403834 0.7642505129164618
33.89777880717878 -1.4863719516968459
33.73178372219297 -3.665443569120953
33.43813038365488 -5.758484703887447
33.0324209862855 -7.754216493238829
32.53078971437651 -9.64450258946652
31.949296170258833 -11.424149152750736
31.303430911887233 -13.090604370460248
-11.08983283688805 34.46377255461212
-11.735878464516517 35.07235292064267
-12.375458877252683 35.60875998167579
-13.007715065693048 36.075774123119714
-13.631376157073376 36.476302514126075
-14.24518454888701 36.813242268358074
-14.84795792229599 37.089460330772965
-15.438613682849223 37.30778450719523
-16.016054071407495 37.47105475213826
-11.08983283688805 34.46377255461212
-16.517519662208315 37.8753293630547
-16.434055613556524 38.12401112647662
-16.33050013437486 38.32991390818004
-16.20828823514165 38.49490911494854
-16.0688212260593 38.620880798118066
-15.913465168380043 38.70972633687438
-15.743550486903644 38.76335660874319
-15.560371840911017 38.7836960472614
-15.365188071847257 38.77268266413951
-15.159222179561311 38.73226806044288
-14.943661309611826 38.6644174316596
-14.719656745776007 38.57110957097021
-14.488323904539584 38.45433687134542
-14.250742330061911 38.31610532773517
-14.007955687765929 38.15843453897024
-13.760971754814364 37.98335771091489
-13.510762403544192 37.79292166204452
-13.258263568945864 37.58918683378705
-13.004375177845986 37.37422731330189
-12.74996097220614 37.150130889678664
-12.495847979903147 36.9189992234526
-12.242824397938591 36.682948523214904
-11.99162477590744 36.44411428221669
-11.743129328395014 36.20458756158007
-16.579434409604772 37.58200507368531
-10.136972329628833 35.50801900430244
-8.798351224329082 35.05891005336123
-7.481800437521741 34.6212569726021
-6.186757416926355 34.197046133130925
-4.912350118908989 33.78822437732994
-3.6573993005134753 33.39669828601289
-2.420419090921456 33.02433399345391
-1.1996171801891649 32.672957124787544
0.00710510774172235 32.34435276991631
1.2021527854411431 32.04026546849414
2.3882371922477432 31.76239919982811
3.5683759966681237 31.51241737224359
4.745893209548598 31.291942809457808
5.924419211009365 31.102557730141797
7.107822161900515 30.94550491257509
8.299574285037608 30.81955404355709
9.502665977757943 30.72230078112443
10.719787258610552 30.651371766803138
11.953329910128957 30.604432551746413
13.205388887860181 30.579186688432387
14.477766546889768 30.573373005453277
15.77198954743568 30.584754707823492
17.089427192663265 30.611043080622835
18.42969320170971 30.650927918257608
-11.497900764176507 35.966563058055215
19.994620143544694 30.886539945531453
20.201924593264607 31.079898116816352
20.414943171007394 31.279982492194705
20.632467029229133 31.484940773427425
20.85329906990296 31.692913836660807
21.076235905452165 31.902047362182927
21.300063349519746 32.11049474200588
21.523554914016415 32.31641804873044
21.745471208196477 32.5179884230849
21.964559665402078 32.713386249614345
22.17955440693339 32.90080124503298
22.389176168634663 33.07843250542905
22.59213225894598 33.24448853306427
22.787116533829817 33.39718725241053
22.972809381518573 33.534756020563435
23.14787771242959 33.655431633365836
23.31097495256887 33.75746032926977
23.460741039679988 33.83909779236116
23.59580242067142 33.89860915381964
23.71477205018715 33.934268992364835
23.81624939057565 33.944361334338154
23.898820413061117 33.92717965304648
23.961057599737785 33.88102686638641
24.001519947822374 33.804215333907486
24.01875297622564 33.69506685188109
24.011288735640562 33.55191264558848
23.97764582390687 33.373093357236826
23.916329410279104 33.15695902775312
23.825831273850156 32.90186906796697
23.704629865370407 32.606192210791605
23.551190412487358 32.26830643209182
23.363965104614124 31.886598810259528
23.14139343780363 31.459465264138366
22.881902906983214 30.98531002815163
22.58391053084455 30.462544495176594
22.245826667267465 29.88958432154616
21.866066464188407 29.264840739395915
21.443095668581066 28.58668579998752
20.975751304220864 27.853209069933918
20.975751304220864 27.853209069933918
0.46660456274400985 -35.32943913369613
-2.1507395771935904 -35.26700027774699
-4.88179435350132 -34.99364332574754
-7.695036762136169 -34.484393550545235
-10.552004992593865 -33.72005604911989
-13.408732458325602 -32.68933898353649
-16.21793680319051 -31.390532253646665
-18.931781699282155 -29.8324425920882
-21.50489881542603 -28.03437740093047
-23.897281860950457 -26.025120729360726
-26.07667129886096 -23.841019342525474
-28.02013887151719 -21.523447840446117
-29.714729890635695 -19.11600943832353
-31.157185789340147 -16.661835523376567
-32.3529071974439 -14.201281110980673
-33.314400965264895 -11.77020295683431
-34.05947618640573 -9.398886701475526
-34.60942524046223 -7.111587294294317
-34.987366470160424 -4.926578610172328
-35.21685621264119 -2.8565762404789083
-13.157938936525085 32.791090745234285
-15.549920821296766 31.726754510521772
-17.96574108082568 30.42398949408583
-20.36669575825323 28.871866812006857
-22.709898952745988 27.067461626011024
-24.950423188411364 25.01726148159902
-27.043965687724935 22.737873893587093
-28.94975737283427 20.255827244858224
-30.63334614372576 17.606393536388865
-32.06887442308407 14.83153001399306
-33.24054426947259 11.977195247166406
-34.14310502572795 9.090399799878107
-34.7813695441136 6.216375306826315
-35.16891941906415 3.3961884834156493
-35.32626144153534 0.6650126944699366
-35.27873180571987 -1.9488641562721725
-35.054418258919554 -4.424336091239077
-34.682304307451744 -6.747203661134563
-34.19075847192242 -8.90949069443242
