44.6883389764
2.1750560721
47.0204275274
12.5349736683
49.3600068913
12.9328914253
51.7068472153
13.3667959231
54.0607186469
13.8346737412
56.4213913333
14.3345114596
58.7886354219
14.864295658
61.1622210601
15.4220129162
63.5419183951
16.0056498141
65.9274975744
16.6131929313
68.3187287452
17.2426288478
70.7153820549
17.8919441432
73.1172276509
18.5591253974
75.5240356804
19.2421591902
77.9355762908
19.9390321014
80.3516196295
20.6477307107
82.7719358438
21.3662415979
85.196295081
22.0925513429
87.6244674884
22.8246465254
90.0562232135
23.5605137252
92.4913324035
24.2981395222
94.9295652057
25.035510496
97.3706917676
25.7706132265
99.8144822365
26.5014342936
102.26070676
27.2259602769
104.709135484
27.9421777562
107.159538558
28.6480733114
109.611686128
29.3416335223
112.065348342
30.0208449686
114.520295347
30.6836942302
116.97629729
31.3281678868
119.433124318
31.9522525182
121.89054658
32.5539347042
124.348334222
33.1312010246
126.806257392
33.6820380592
129.264086236
34.2044323878
131.721590903
34.6963705901
134.17854154
35.155839246
136.634708294
35.5808249353
139.089861312
35.9693142377
141.543770742
36.3192937331
143.996206731
36.6287500012
146.446939426
36.8956696218
148.895738975
37.1180391748
151.342375525
37.2938452398
153.786619224
37.4210743968
156.228240218
37.4977132254
158.667008655
37.5217483055
161.102694683
37.4911662169
163.535068449
37.4039535394
165.963914196
37.2582785937
168.389198457
37.0546598585
170.811014747
36.7952529664
173.229459165
36.4822468217
175.644627806
36.1178303288
178.056616769
35.7041923919
180.46552215
35.2435219153
182.871440045
34.7380078035
185.274466553
34.1898389607
187.67469777
33.6012042913
190.072229793
32.9742926996
192.46715872
32.31129309
194.859580646
31.6143943666
197.24959167
30.885785434
199.637287888
30.1276551964
202.022765398
29.3421925581
204.406120296
28.5315864235
206.787448679
27.6980256969
209.166846645
26.8436992826
211.54441029
25.970796085
213.920235711
25.0815050083
216.294419007
24.178014957
218.667056272
23.2625148353
221.038243606
22.3371935475
223.408077104
21.4042399981
225.776652863
20.4658430913
228.144066982
19.5241917315
230.510415556
18.5814748229
232.875794682
17.63988127
235.240300459
16.7015999769
237.604028982
15.7688198482
239.96707635
14.8437297881
242.329538658
13.9285187008
244.691512004
13.0253754909
247.053092485
12.1364890625
249.414376198
11.26404832
251.77545924
10.4102421678
254.136437708
9.57725951014
256.497407699
8.76728925138
258.85846531
7.98252029584
261.219706639
7.22514154786
263.581227781
6.49734191177
265.943124835
5.80131029188
268.305493897
5.13923559253
270.668431064
4.51330671805
273.032032434
3.92571257277
275.396394103
3.37864206102
277.761612168
2.87428408712
280.127782727
2.4148275554
282.495001876
2.00246137019
284.86336571
1.63937443582
200.303919248
42.229313684
202.459620893
241.769454457
204.603593095
241.282153649
206.736157642
240.768155547
208.857636325
240.22820444
210.968350931
239.663044615
213.068623252
239.073420361
215.158775074
238.460075964
217.239128189
237.823755712
219.310004385
237.165203893
221.371725451
236.485164796
223.424613176
235.784382707
225.46898935
235.063601914
227.505175761
234.323566705
229.5334942
233.565021368
231.554266455
232.78871019
233.567814315
231.995377459
235.57445957
231.185767464
237.574524008
230.360624491
239.56832942
229.520692828
241.556197593
228.666716763
243.538450318
227.799440584
245.515409384
226.919608579
247.487396579
226.027965035
249.454733693
225.12525424
251.417742516
224.212220481
253.376744835
223.289608047
255.332062441
222.358161225
257.284017123
221.418624302
259.23293067
220.471741568
261.179124871
219.518257308
263.122921515
218.558915811
265.064642392
217.594461366
267.00460929
216.625638258
268.943143999
215.653190777
270.880568309
214.67786321
272.817204007
213.700399844
274.753372884
212.721544967
276.689396729
211.742042868
278.625597331
210.762637833
280.562296478
209.784074151
282.499815961
208.807096109
284.438477569
207.832447995
286.378603089
206.860874096
288.320514313
205.893118701
290.264533029
204.929926097
292.210981026
203.972040572
294.160180094
203.020206413
296.112452021
202.075167908
298.068118597
201.137669346
300.027501611
200.208455013
301.990904088
199.288226421
303.958371732
198.377098446
305.929763501
197.474760231
307.904934162
196.580891362
309.883738481
195.695171424
311.866031223
194.817280004
313.851667156
193.946896686
315.840501046
193.083701057
317.832387659
192.227372702
319.827181762
191.377591207
321.82473812
190.534036158
323.824911501
189.696387141
325.82755667
188.864323742
327.832528394
188.037525545
329.83968144
187.215672137
331.848870573
186.398443104
333.85995056
185.585518031
335.872776167
184.776576505
337.887202161
183.97129811
339.903083309
183.169362433
341.920274375
182.37044906
343.938630127
181.574237575
345.958005332
180.780407566
347.978254755
179.988638617
349.999233163
179.198610314
352.020795321
178.410002244
354.042795998
177.622493991
356.065089958
176.835765143
358.087531969
176.049495283
360.109976796
175.263363999
362.132279206
174.477050876
364.154293965
173.690235499
366.17587584
172.902597455
368.196879597
172.113816329
370.217160002
171.323571706
372.236571822
170.531543174
374.254969823
169.737410317
376.272208772
168.940852721
378.288143434
168.141549972
380.302628576
167.339181656
382.315518965
166.533427358
384.326669366
165.723966664
386.335934547
164.91047916
388.343169273
164.092644432
390.348228311
163.270142065
392.350966427
162.442651646
394.351238388
161.609852759
396.34889896
160.771424991
398.343802909
159.927047928
400.335805
159.076401155
-20.7249553383
39.725431328
-20.079161036
140.797288001
-19.4211066497
141.853820031
-18.7509460342
142.895177246
-18.0688330444
143.92150947
-17.3749215351
144.93296653
-16.6693653612
145.929698252
-15.9523183774
146.911854463
-15.2239344386
147.879584987
-14.4843673997
148.833039652
-13.7337711154
149.772368284
-12.9722994406
150.697720709
-12.2001062302
151.609246752
-11.4173453388
152.50709624
-10.6241706215
153.391419
-9.82073593299
154.262364856
-9.00719512811
155.120083636
-8.18370206171
155.964725165
-7.3504105886
156.79643927
-6.50747456363
157.615375777
-5.65504784162
158.421684511
-4.7932842774
159.215515299
-3.9223377258
159.997017968
-3.04236204166
160.766342343
-2.1535110798
161.52363825
-1.25593869505
162.269055515
-0.349798742236
163.002743965
0.5647549238
163.724853426
1.48756844824
164.435533723
2.41848797624
165.134934684
3.35735965298
165.823206133
4.30402962363
166.500497898
5.25834403335
167.166959804
6.22014902733
167.822741678
7.18929075072
168.467993345
8.1656153487
169.102864632
9.14896896643
169.727505365
10.1391977491
170.342065369
11.1361478419
170.946694472
12.1396653899
171.541542499
13.1495965384
172.126759276
14.1657874324
172.70249463
15.1880842173
173.268898386
16.2163330381
173.826120371
17.25038004
174.374310411
18.2900713682
174.913618331
19.3352531679
175.444193959
20.3857715842
175.96618712
21.4414727622
176.479747641
22.5022028473
176.985025346
23.5678079845
177.482170064
24.638134319
177.971331619
25.713027996
178.452659838
26.7923351606
178.926304547
27.875901958
179.392415571
28.9635745334
179.851142739
30.055199032
180.302635874
31.1506215989
180.747044804
32.2496883793
181.184519354
33.3522455184
181.615209352
34.4581391613
182.039264622
35.5672154532
182.456834991
36.6793205393
182.868070285
37.7943005648
183.27312033
38.9120016747
183.672134952
40.0322700144
184.065263978
41.1549517289
184.452657234
42.2798929634
184.834464545
43.4069398631
185.210835738
44.5359385732
185.581920639
45.6667352388
185.947869074
46.7991760052
186.30883087
47.9331070174
186.664955851
49.0683744206
187.016393845
50.2048243601
187.363294678
51.342302981
187.705808175
52.4806564284
188.044084164
53.6197308475
188.378272469
54.7593723835
188.708522917
55.8994271816
189.034985334
57.039741387
189.357809547
58.1801611447
189.677145381
59.3205326
189.993142663
60.4607018981
190.305951218
61.6005151841
190.615720874
62.7398186032
190.922601455
63.8784583005
191.226742788
65.0162804212
191.528294699
66.1531311106
191.827407015
67.2888565137
192.124229562
68.4233027757
192.418912164
69.5563160419
192.71160465
70.6877424573
193.002456844
71.8174281672
193.291618573
72.9452193167
193.579239664
74.070962051
193.865469941
75.1945025152
194.150459232
76.3156868545
194.434357362
77.4343612142
194.717314158
78.5503717393
194.999479446
79.663564575
195.281003051
1.920487758092726
-35.94000560332365
1.999158735580039
-36.592477555436616
2.076684309552107
-37.190804823303615
2.1527497341277098
-37.73673088809057
2.227222530898821
-38.2319892763605
2.300007494273281
-38.678311307501104
2.3710259778265126
-39.077427200781464
2.4402107157572885
-39.43106635237544
2.507504096510715
-39.740957426914086
2.5728574721322417
-40.00882839489354
2.6362308442051585
-40.2364065496594
2.6975927066389005
-40.42541851500768
2.756919960999369
-40.57759025071128
2.8141978679335438
-40.69464705421481
2.8694200180237317
-40.77831356289237
2.9225883134332804
-40.83031375442637
2.973712956053447
-40.852370948139516
3.0228124394689644
-40.84620780451996
3.069913543559437
-40.81354632650592
3.115051330615472
-40.75610785888598
3.158269142655456
-40.675613088733996
3.199618599523788
-40.57378204559907
3.2391595975586256
-40.452334101360755
3.2769603087783707
-40.31298797065196
3.313097180382428
-40.15746171005664
3.3476549347846145
-39.987472718970075
3.380726569967038
-39.80473773902643
3.4124133603920086
-39.610972853875246
3.4428248586795007
-39.407893489585575
3.472078898181934
-39.19721441355184
3.500301597238675
-38.98064973473318
3.527627365807021
-38.75991290233754
3.554198916387932
-38.53671670526048
3.5801672822617974
-38.31277326964805
3.6056918496504977
-38.0897940557944
3.6309404175097484
-37.86948985162
3.6560893172994042
-37.653570760318864
3.6813236764904502
-37.44374617212218
3.7068380775523906
-37.2417246948968
3.732838534985092
-37.04921394553731
3.759550403439249
-36.86791971433499
3.787273735012178
-36.69954011853701
3.815633470722929
-36.545844794666515
1.920487758092726
-35.94000560332365
3.797849331462686
-36.295923377494596
3.7527503330161096
-36.20305639699142
3.710068622172116
-36.131613404008675
3.6698983194752657
-36.083312474515175
3.6323387275630807
-36.05987105655116
3.5974712770319286
-36.06286014742001
3.56518624380206
-36.09196433517294
3.535247650334867
-36.14555866341708
3.5074235544067562
-36.22199120271775
3.4814885794277757
-36.31960940843082
3.4572238549231145
-36.43676012726371
3.4344169874218835
-36.57178960036042
3.4128620482640315
-36.72304346466039
3.392359573355833
-36.88886675350037
3.3727165746791172
-37.067603895353564
3.35374656851684
-37.25759871225203
3.335269633276255
-37.45719441466282
3.3171125293555406
-37.66473359220175
3.299108965920283
-37.87855819149176
3.281100270679559
-38.09700946246949
3.262937401374984
-38.31842779406026
3.2444889946651756
-38.541152061092866
3.2256977113479195
-38.76351504554605
3.2058229986321294
-38.98390496508598
3.8453356205363036
-36.40848941661072
3.243670090483704
-39.4044655282955
3.302117815384861
-39.60122224495632
3.360288127296684
-39.7892418475575
3.417993261265593
-39.96686810937279
3.4750506180699006
-40.13244448131032
3.531274060686229
-40.28431479900393
3.586471742569813
-40.420823459031276
3.6404453891373976
-40.540315477300226
3.692990017444316
-40.64113651144976
3.7438938184069457
-40.721632870026674
3.7929381113401632
-40.78015151540876
3.8398973388517845
-40.81504006397839
3.884539092453565
-40.82464678206276
3.9266241719734296
-40.80732057942083
3.965906693059935
-40.761410997413755
4.0021342748021596
-40.68526818831651
4.035048374251289
-40.57724287876396
4.064384912507677
-40.43568630144635
4.08987553095875
-40.25895005793968
4.111250358825885
-40.04538581752792
4.128244935564851
-39.793344562273155
4.14062098221217
-39.501174323137676
4.148249491699119
-39.16721112339431
4.15169236940045
-38.789715583594734
4.1443537663573125
-38.3677283813343
3.1851988314034543
-39.20062264984721
4.57398517845985
-37.310495515590794
4.998141697586448
-36.67391721140586
5.40008740858633
-35.98808175853113
5.778028756705567
-35.251533893316584
8.829112051090476
-33.88850005571233
11.119004014189557
-33.20770099493734
13.432997467948155
-32.34096836309674
15.744108035084821
-31.281092017643868
18.02316850894124
-30.025806442709143
20.240013205112973
-28.578410051883193
22.364854823777307
-26.948041196867937
24.369732781943753
-25.149548301577557
26.229891301362215
-23.20294071783681
27.924947581388835
-21.132462190038627
29.439736048669772
-18.96537890529425
30.764758928442518
-16.730608587601978
31.89622669997226
-14.457329557726176
32.835723285039705
-12.17369836923137
33.58957062702075
-9.905776129567624
34.16799014719538
-7.676724883561021
34.58416356163161
-5.506295159091708
34.85328570245014
-3.4105910602282865
34.99168248363429
-1.4020743921939656
35.016043553438465
0.5102445496298884
18.575708616430973
29.68714713532067
20.55648419959664
28.35162452115327
22.50455364479916
26.831487489236995
24.392011912252087
25.127940833050296
26.190352660894405
23.24756079967763
27.871783733213647
21.202531149975723
29.410623467642154
19.01049401991706
30.7846436093335
16.693992137384246
31.976219598089244
14.279532059962605
32.9731675256823
11.796350238951728
33.76918654416647
9.275003815741053
34.36387805719062
6.745927698045723
34.76236762897855
4.238095381709621
34.97460138764768
1.7778957820631192
35.014418141578176
-0.6117007793421156
34.89850860524746
-2.911658078517529
34.64536583208246
-5.107081553872069
34.274311164702624
-7.187158675155645
33.804653945380096
-9.14489077407829
33.25501656547573
-10.976681140793909
-9.004226040339297
34.846752924919635
-8.98830547484527
35.50912914568872
-8.95264386866495
36.12007431911241
-8.898644247741636
36.68108826414654
-8.827517098473471
37.19371676089837
-8.740412560568743
37.65951739215393
-8.638439312056569
38.080054663805115
-8.522669290826173
38.45689878514753
-8.394139268512205
38.79162526148574
-8.25385148041967
39.085814731887346
-8.10277391201597
39.34105289536692
-7.941840442150678
39.55893047306152
-7.771950920603103
39.7410431892233
-7.593971212217781
39.88899175889115
-7.408733223730664
40.00438188167536
-7.217034920418527
40.08882423683437
-7.01964033713584
40.14393448113094
-6.817279585471979
40.17133324604622
-6.610648858954534
40.172646137439145
-6.400410436433049
40.149503733824915
-6.187192684621735
40.1035415859877
-5.971590059868888
40.0364002165753
-5.754163109328346
39.94972511952491
-5.535438471774725
39.845166760171054
-5.315908877856614
39.72438057424246
-5.096033150204036
39.58902696858796
-4.876236202912054
39.44077132057204
-4.65690904055981
39.281283977907265
-4.438408756601646
39.11224025922459
-4.221058530563511
38.935320453315825
-4.005147623844991
38.7522098199299
-3.790931372849684
38.564598589391295
-3.5786311779933726
38.37418196357669
-3.3684344850785806
38.18266011609797
-3.1604947526849685
37.991738193821746
-2.954931391414391
37.803126318973995
-2.7518296423325808
37.618539594073496
-2.551240309356274
37.43969811176042
-2.3531790902294176
37.26832698058342
-2.157624569328817
37.106156401986894
-1.9645101887385295
36.954921977083124
-1.7736680458898775
36.81636685705305
-1.5855905878667897
36.69221260232429
-9.004226040339297
34.846752924919635
-0.3079378560894668
36.041916694700014
0.7773699015310456
35.521690905834355
1.8580494326396888
35.02450998224896
2.936149054741435
34.55125628287638
4.013933976041528
34.10273236658278
5.093857024524283
33.67952364844031
6.178236669353339
33.28040236455318
7.269089973702023
32.902964004600165
8.368232727321526
32.5448569418523
9.477282251946349
32.203807342420916
10.5976573385731
31.87761916197379
11.730578214620067
31.564174142837054
12.877066526552426
31.261431810896937
14.037945331793395
30.967429471831622
15.21383909710596
30.680282204497935
16.405173704344605
30.398182850967373
17.612176466157365
30.119401996937818
18.83487616206179
29.842287933938923
20.07310312040724
29.565266575251577
21.326489426865606
29.28684124743456
22.59446955079315
29.005592062715788
23.876282855519918
28.720173412260888
25.17099117024378
28.4292964140779
26.477241253307284
28.131966166912207
-1.3996454254929347
36.58422748011659
27.720001152250404
28.157112174646954
27.63897963174628
28.48412518505052
27.549695647402643
28.80669476935954
27.451149642536365
29.123495746554404
27.342383148829498
29.43316834263167
27.222476072752585
29.734320901575945
27.090546019282613
30.025530561548
26.945748069445926
30.3053434785432
26.7872746949605
30.5722749131824
26.614355724603428
30.824809266714382
26.426258334496367
31.061400093964384
26.22228705380536
31.280470103743262
26.001783782957716
31.48041114769468
25.764127829205904
31.65958419776381
25.508735967635488
31.81631930571908
25.235062545911717
31.948915532507897
24.94259967037752
32.05564082240459
24.63087755413474
32.13473176721267
24.299465215607597
32.18439313249333
23.94797201875957
32.202796813852046
23.576051526032302
32.188079223815066
23.18341306245719
32.13833345019661
22.769867978535956
32.051577884202025
22.33565350524492
31.92553660890897
21.877092319340534
31.76058272953257
27.79381986134888
27.826927341087735
20.557610983169354
31.458051709050284
19.707711367285015
31.310876638384382
18.847798959434954
31.10898467208442
17.979748599274444
30.84934036327126
17.979748599274444
30.84934036327126
-0.6021647664844494
-35.2734450963289
-3.221467915901002
-35.13119234863151
-5.950585484410169
-34.773108341970975
-8.756950630086742
-34.17446922824037
-11.600986000658729
-33.316597292974635
-14.437616208214891
-32.18903182132099
-17.21856080150703
-30.791227570438473
-19.895213303641945
-29.13346905145889
-22.421774707862042
-27.23678671061626
-24.758231805911997
-25.131822242218167
-26.872780820454324
-22.85677541442684
-28.743396232846376
-20.45472327779863
-30.358405109913445
-17.97069198868274
-31.7161023412675
-15.448863506678107
-32.823586363063896
-12.930224655287716
-33.695079092619544
-10.450845722324951
-34.350011754148944
-8.040847210310218
-34.81112295122747
-5.724006485343038
-35.102749247478634
-3.517886672188663
-35.249414183604046
-1.4343399466159124
-11.208544562560917
33.450666064501775
-13.663087335763272
32.525352816303624
-16.157265195768186
31.361143358674642
-18.65257274334264
29.944282616620416
-21.10564307619069
28.268893889046456
-23.470344372328892
26.338592718936486
-25.70047823598632
24.16741504197994
-27.752800418615806
21.779820942657057
-29.589983246374914
19.209670034880254
-31.18311327947821
16.4982416508231
-32.51338317533234
13.69154651103155
-33.57277930329164
10.837297690023878
-34.36374654868566
7.981945533979722
-34.897979315240626
5.168130327571298
-35.19460264952983
2.4327917525823466
-35.27805137189643
-0.19396590308810246
-35.17593345790359
-2.6892818251093935
-34.91709801617332
-5.037340319917801
-34.53004426640028
-7.228732553509063
0.4014695356092943
-33.80876996923644
0.41562978461317357
-33.60588053592801
0.430455866875036
-33.46748772253713
0.4459865519304742
-33.390981812154564
0.46227027057264536
-33.37375300887791
0.4793545352209492
-33.41319155723352
0.497283298530931
-33.50668777309963
0.5160960775095305
-33.65163205280692
0.5358276093927259
-33.84541487785373
0.5565077038897073
-34.08542681533859
0.5781611819240879
-34.3690585196336
0.600807861617767
-34.693700731298264
0.6244625802379744
-35.05674427637766
0.6491352570209585
-35.45558006536834
0.6748310196348086
-35.88759908957209
0.7015504501284511
-36.350192415613805
0.729290084629838
-36.840751173390515
0.758043518556974
-37.35666653107489
0.7878041742531252
-37.89532963022418
0.8185736079511798
-38.45413139306444
0.8503947415664186
-39.03046175078808
0.883584490471435
-39.621704241686615
0.9156252204765281
-40.225308195783015
0.38802008811063615
-34.07876481607252
1.1327073438856132
-41.44622086048457
1.3228400013907162
-42.05791210815809
1.5183156581661024
-42.67109513078691
1.7189787025588998
-43.28316531905469
1.9246809882187108
-43.89152020101406
2.1352458247460504
-44.49356027888513
2.3504589773086764
-45.0866892371032
2.570065669002304
-45.6683140120837
2.793769384923337
-46.235844819219864
3.021231332757452
-46.78669516484433
3.252070178809163
-47.318281851408585
3.4858619140229052
-47.82802497940256
3.7221397893520134
-48.31334794616694
3.960394295363187
-48.77167744383141
4.2000731786420715
-49.200443453454994
4.440581501299505
-49.5970792348063
4.681281767318012
-49.95902130870263
4.921494173153064
-50.28370942279042
5.160497121237597
-50.568586483505726
5.39752835957546
-50.811098406021586
5.631787839239848
-51.00869373844856
5.862446295046595
-51.15882253481479
6.088679577203152
-51.25893184712922
6.3099089858579305
-51.306434166044056
6.522568047147217
-51.29913197889039
0.9483328400292805
-40.83862228168957
6.677337787344413
-51.1338682272858
6.620694835681945
-50.979274677681076
6.557804804450882
-50.77353473193699
6.4890562314588465
-50.519443451760935
6.414881831703497
-50.2197900279854
6.335721365210134
-49.877362657481484
6.25201235665412
-49.494949760825676
6.164187005605413
-49.07534038900846
6.072670955139927
-48.62132438463817
5.977882738470612
-48.13569245507031
5.880233511043514
-47.6212362076223
5.780126919173881
-47.08074816728026
5.677959044511681
-46.517021784642964
5.574118401645194
-45.932851436915286
5.468985988217696
-45.331032422996486
5.362935408325029
-44.71436094974379
5.256333126631489
-44.08563410317089
5.149538995070145
-43.447649789226546
5.042907425772228
-42.80320660055523
4.936790335363014
-42.155103482229435
4.831545988731193
-41.50613872792164
4.727574385377181
-40.85910596290995
4.625564979659089
-40.21676602112677
4.523141283611892
-39.58222786771202
6.727649241675408
-51.23448031579554
4.524194641064298
-38.31423876644655
4.622662192878863
-37.68735222671154
4.718292139783614
-37.080201969597226
4.8116264737094525
-36.49554800284318
4.9033111775275415
-35.936135625117544
4.994057893337356
-35.40469977680024
5.084634346490873
-34.903966126309484
5.175861162403578
-34.43665142981109
5.268610605068716
-34.00546367302388
5.363806019520666
-33.61310213128459
5.462421575688211
-33.262257394940036
5.56548216336455
-32.95561137498319
5.674063382416591
-32.69583729541111
5.789291616316461
-32.48559966946033
5.912344210869435
-32.3275542551209
6.044449823865989
-32.224347972010776
6.186889100438634
-32.17861874440936
6.3409960429193575
-32.19299518493506
6.508161039730908
-32.27009589763023
6.6898384501957935
-32.41252773366378
6.8875693703938055
-32.622880555695104
7.103072709916887
-32.90370629784877
7.33888274615731
-33.25737237642838
-2.039604874648404
-34.35993301795173
13.315745210466844
-31.871063146297388
15.163412707540544
-31.034571877925828
16.981640368231012
-30.078191883645758
18.75582775971651
-29.00504545132094
20.471813157651297
-27.820470927422548
22.116301561818545
-26.53192307037034
23.677262211211655
-25.148777122692763
25.14427080006527
-23.682047684233964
26.50877613075636
-22.144040386406203
27.76427748840314
-20.547959317954138
28.906406689611174
-18.907495573981976
29.932916525539497
-17.236422043464557
30.843584236193635
-15.548216876869645
31.640043993235963
-13.855733567423982
32.32556572601845
-12.17093000054669
32.90479892877414
-10.504662966620714
33.38349955052752
-8.866549179093141
33.768256102181056
-7.264889290475111
30.601240306124282
16.019919734885747
31.459065448851902
14.261870062169208
32.230080119460126
12.421580900937215
32.90358278420001
10.508471656175487
33.47012630119144
8.533720288809462
33.92186925969486
6.5100324510340215
34.25287437952409
4.4513293886082295
34.45933252166628
2.3723698587237436
34.53969605887602
0.28832749748971764
34.49471246227296
-1.7856507862559283
34.32735709265734
-3.834878305570612
34.04267229000379
-5.845528200321581
33.647526906036376
-7.804977238461788
33.150315611166945
-9.702077688071114
32.56062015902722
-11.52734797969137
31.888855228527518
-13.273079853574274
31.1459197552216
-14.933365969755243
30.34287133254793
-16.504056952209908
29.49063695354573
-17.982660221989107
28.59976871709057
-19.368194699410537
4.422719844422261
-38.95805640700385
29.6348914234091
25.672238316054433
14.656632867133936
30.311770491612663
15.074438220426089
29.735381915730272
15.516073564662491
29.22004952186137
15.983185313402373
28.761261417234664
16.47727391545638
28.354623188239316
16.999685972729026
27.9958615300568
17.551612271128647
27.680825153958864
18.13408712469746
27.405485087537443
18.747988115165953
27.165934794252564
19.39403597442157
26.958390224503177
20.072794528966398
26.77918983978043
20.784670672472714
26.624794620334484
21.529914355519168
26.491788063748146
22.308618588103798
26.376876174140392
23.120719455148247
26.27688743663117
23.96599615413544
26.18877276752883
24.844071075322432
26.109605411626035
25.754409983313963
26.03658071577641
26.696322472597302
25.96701555998513
27.668963338056983
25.898346651295697
28.671338058935476
25.828123698130952
29.70234118958018
25.753961630271732
30.760239140363723
25.674184311467116
14.260920303616047
30.95381920009015
32.43267902023871
25.828511965901527
33.028240847783934
26.06898479490596
33.62847819805489
26.30616816219805
34.231333115241966
26.538460507121584
34.83472956789342
26.764286866151622
35.436567506843915
26.98210626942827
36.03472137921216
27.190413589015805
36.62703963387321
27.387740155104098
37.21134452349912
27.572654001811287
37.78543201506449
27.74375997859505
38.34707174544951
27.8996998053197
38.894006998237785
28.039152101171453
39.423954690676396
28.160832399504926
39.93460536793259
28.26349315543436
40.42362320088023
28.34592374702129
40.88864598799006
28.406950470768493
41.32728516296868
28.445436529510374
41.73712581084021
28.460282005872045
42.11572670284801
28.45042380684862
42.46062037498825
28.414835539449854
42.769313325697624
28.352527197329863
43.03928661123615
28.262544218624413
43.26799822984742
28.14396371446506
43.452899812095154
27.995868061252878
43.59121565022309
27.817694508033185
31.843874196759174
25.586326058716708
43.406467401319105
27.800532608088133
43.0875188994126
27.961852640938275
42.72672432017714
28.09333736842447
42.32697563689146
28.195812033432475
41.89112805169577
28.27015054387897
41.42199741897099
28.317279551464594
40.9223596009885
28.338179469644757
40.394950255118886
28.333884812480676
39.84246474911549
28.30548432823028
39.26755812462693
28.254121058578136
38.67284508077887
28.18099236558794
38.06089996852387
28.087349942825398
37.434256791974065
27.974499816495552
36.79540921612079
27.843802337726174
36.14681058374799
27.696672164269813
35.49087394701451
27.534578224479304
34.829972127690894
27.359043647848324
34.16643783939088
27.17164562477177
33.50256395646238
26.97401509601403
32.840604187194
26.767835975550383
32.182775094304475
26.554842818433684
31.53126417728049
26.336811491260647
30.88828644802851
26.115493863026927
30.255318696502343
25.893501735656884
43.68065913043904
27.608572137636003
29.326472477623156
25.047266938505686
29.025434586608924
24.439620730994164
28.734053028579126
23.8509276497264
28.45472317508853
23.28266633829648
28.189899200271952
22.736236878620645
27.942085325205312
22.212970897764848
27.713833629498822
21.714134094239512
27.507743321999328
21.24092707909395
27.326460450211755
20.794485711629505
27.17267776859825
20.375881249942154
27.049134674571235
19.986120424150215
26.95861717580442
19.626145471938145
26.90395787544037
19.296834153630726
26.888035967915357
18.998999751594425
26.913777246214863
18.733391054992552
26.98415412245953
18.5006923222343
27.10218567271778
18.301523204034226
27.270937731299284
18.136438583629626
27.493523102833933
18.0059282207593
27.77310209569464
17.910415856695664
28.112884124863285
17.850256523724596
28.516134131416834
17.825725779193533
28.986217520957723
17.8369443292506
-4.653471995994977
-34.10440123247014
-4.653471995994977
-34.10440123247014
-7.427297913749072
-33.609525892866145
-10.326195925709271
-32.834960982871365
-13.302321484401261
-31.746074216640665
-16.29592326941855
-30.31844108525442
-19.238253804936164
-28.542154361219474
-22.0562972639959
-26.425077786925556
-24.67880078582843
-23.994202983558637
-27.042668220631214
-21.294578665746883
-29.098571294026073
-18.38581338122691
-30.81476261180788
-15.336733362119446
-32.17850707118859
-12.219192596578779
-33.195120627992
-9.102139942666298
-33.885109858088356
-6.04684338709896
-34.280192213252036
-3.103773004798086
-34.41900825647889
-0.3112164572409881
-34.343175206650045
2.3046261666823114
-34.094080779751266
4.728492447558267
-33.71057154524149
6.954304504116465
12.159361111393252
32.20116337037467
9.668758776612975
33.03452873528681
6.934452261729348
33.714660859522496
3.971827148413098
34.19048952773193
0.8104304931135857
34.4108730993367
-2.5051548417795857
34.329130257865984
-5.916208832822463
33.908162116063636
-9.35286279020346
33.1253519629671
-12.739051920351358
31.976265279319477
-15.998789446516895
30.47628129035496
-19.06271645653024
28.659689920526887
-21.873762975255232
26.576370676696513
-24.390980721929594
24.286725684317332
-26.591086614090813
21.85587101272199
-28.467800192860324
19.348109396584505
-30.02948230613228
16.822460505779418
-31.295785579785502
14.329647238746304
-32.29401280469975
11.910571859180749
-33.05572063237457
9.596057446536406
-33.61389375478558
7.40750509178406
9.59011727742137
-33.18287792206472
22.149680789756363
-29.656458976601797
22.25690655966515
-30.017757243729392
22.34903420484936
-30.362802511842318
22.42653181991259
-30.69184584989307
22.489861737940966
-31.005142133471566
22.53948074753172
-31.302949882818154
22.575840146081042
-31.58553122176403
22.599385757358316
-31.85315186453147
22.610557938294
-32.10608111088794
22.609791581403957
-32.34459184381964
22.597516115655004
-32.568960528735914
22.57415550667945
-32.779467213640174
22.54012825582861
-32.97639552877244
22.49584739967119
-33.16003268775131
22.441720508252256
-33.33066948772506
22.378149683535344
-33.48860031068881
22.305531557008635
-33.63412312471138
22.224257286664724
-33.76753948575089
22.134712552735298
-33.88915453972159
22.037277552347575
-33.99927702597489
21.932326991656204
-34.09821928141194
21.82023007493425
-34.18629724666437
21.701350488889943
-34.26383047532586
21.576046378793663
-34.331142147025446
21.44467031229947
-34.3885590885082
21.307569220938134
-34.43641180611408
21.165084303484893
-34.47503454101644
21.017550856569557
-34.504765365135114
20.865297960356898
-34.52594635932624
20.708647850128045
-34.538923969753824
20.547914533700794
-34.544049791344634
20.383400335751194
-34.541682527196116
20.215385530618946
-34.53219386586008
20.044086873841813
-34.5159919900745
19.86936732442448
-34.493686138632256
19.694638457051816
-34.46387428320247
22.026881522137405
-29.278661590767243
19.17247019886657
-34.42848991339514
18.82598037770464
-34.42381753848474
18.479119654473024
-34.41436779026316
18.1322962360397
-34.40045987365028
17.785843476601062
-34.38245338619703
17.440063829076788
-34.36072340149644
17.09523983226136
-34.33565424003771
16.751637772557743
-34.30763739299991
16.40950914827897
-34.27707069265247
16.069091333825078
-34.24435793434128
15.730607911303576
-34.209908688844564
15.394268847688046
-34.17413820135698
15.060270594250031
-34.13746733366506
14.728796144621235
-34.10032253098237
14.400015068059464
-34.063135801314814
14.074083527211101
-34.02634470304446
13.751144285033789
-33.99039233893288
13.431326701385995
-33.955727352962555
13.114746719687258
-33.922803932639084
12.801506838839728
-33.89208181396489
12.491696064453656
-33.864026294812106
12.18538982287221
-33.83910825700565
11.882649808207368
-33.817804207888884
11.583523695846033
-33.80059635901529
11.288044567086821
-33.78797278386705
10.996229641740676
-33.780427766488344
10.708077108047952
-33.77846267441595
10.423556610170877
-33.782588576735094
10.14257119707122
-33.79333671995539
9.864690961097466
-33.8113318591389
9.592749487878663
-33.83630213248654
19.517798394973525
-34.428280520857044
9.351063358988789
-33.79547679947888
9.379603192870071
-33.73128700570484
9.410657769765741
-33.677142839866775
9.444476413886548
-33.633459845757244
9.481253966374851
-33.60066851776932
9.52117133381305
-33.57920313786164
9.56440562745496
-33.56949898373699
9.611133545599735
-33.57199139760911
9.661532729618578
-33.587115412688746
9.715782384112963
-33.615305582202296
9.774063591733302
-33.65699589239429
9.836559488794471
-33.71261971384874
9.90345537347892
-33.78260977080245
9.97493878155391
-33.867398119804335
10.051199548295322
-33.96741613153955
10.132429869150926
-34.08309447220657
10.218824370391587
-34.2148630821284
10.310580202341995
-34.36315114624577
10.407897174728603
-34.52838705140272
10.510977966814295
-34.710998320083945
10.620028472483895
-34.911411500667384
10.735258400274901
-35.13005197648491
10.856882384917427
-35.36734361319384
10.98512220731942
-35.62370805281907
11.120211676325908
-35.89956316173334
11.26240883118298
-36.19531915197231
11.412032546454398
-36.5113669449336
11.569608949102971
-36.84803162657849
11.736896334873933
-37.20524663732567
19.873021951631205
-30.295761197987744
20.020580494342866
-33.96634559246212
22.75079455930903
-32.20151585185312
25.41970285794764
-30.13925982585974
27.97297871257338
-27.785765027851028
30.356553669670717
-25.1598077404704
32.52034653916992
-22.292674518983432
34.42189630813236
-19.226786803551363
36.02937562176173
-16.013131128640453
37.323550943723276
-12.707825195064913
38.29844804548581
-9.368305799036307
38.960721616047934
-6.0496650646005605
39.32794686336317
-2.8015837930563805
39.42619459854505
0.33384983853602535
39.287297024932755
3.3233369843793525
38.9461700212881
6.142647386099384
38.43846097616391
8.776160551229566
37.798675948171066
11.215898216468815
37.058835253802386
13.460275103747591
-4.592475114415805
39.15923197102447
-1.6445998332935687
39.39329343461097
1.4663365238038608
39.40033164119296
4.707293552255791
39.14559571203284
8.035708860395019
38.600047400851736
11.400845710426324
37.74330395347084
14.74620996532218
36.566180657756234
18.012868120985033
35.072394533208524
21.143297298911918
33.27908135100574
24.085258084962163
31.21596737597281
26.795151485382775
28.923280123672384
29.240416629143652
26.448710962750766
31.400717885765445
23.843892142341275
33.26789971476667
21.16088667341853
34.8448902548145
18.449116492855865
36.14386473610888
15.753009813203903
37.18402244767941
13.110482479585073
37.98929924152746
10.552223432751703
38.58625989745373
8.101655593962732
39.002321464394655
5.775395798129551
9.324450635405668
-33.8693897669545
-12.28691557930901
32.910676814446305
-36.11373607450879
6.532745861417055
-36.01801705573949
7.285023883004584
-35.89276968678362
8.045941340484745
-35.7392214998937
8.814399746598184
-35.55857800026091
9.589332438332178
-35.3520223674107
10.369706451836322
-35.120715379985626
11.154522990701338
-34.86579539134563
11.942817581885578
-34.588378320391016
12.733660137937022
-34.28955764736244
13.52615498491241
-33.97040441227251
14.319440876115891
-33.63196721482707
15.112690999366748
-33.27527221406217
15.905112980509813
-32.90132312971757
16.695948885609596
-32.511101242736736
17.4844752214444
-32.10556539710495
18.270002935635773
-31.685652001764673
19.051877415947615
-31.252275033340837
19.829478489052605
-30.806326039446038
20.60222041839998
-30.348674143795726
21.369551901513034
-29.880166052624475
22.130956065696154
-29.401626064103517
22.885950462048385
-28.91385608221934
23.634087056872005
-28.41763563686492
24.374952218320317
-27.913721915582933
25.10816669641744
-27.402849813239058
25.833385590307955
-26.885732015666907
26.550298294548554
-26.363059145336365
27.258628404712425
-25.83550003184941
27.95813354226894
-25.30370225282258
28.648605004500467
-24.76829332328755
29.32986699406632
-24.2298836696274
30.00177469376868
-23.68907555048375
30.66420849041961
-23.146498739863514
31.31705087036235
-22.603060308899835
31.96002468963104
-22.05659096181198
32.59486462013686
-36.17867928497391
5.790224463002033
-21.197998343626782
33.22947854897393
-20.88581271905566
33.23322722385822
-20.57300510224601
33.23213579135873
-20.2598226216611
33.22661182039403
-19.946554035309493
33.21703428916311
-19.63349191105788
33.203778073050785
-19.32092317215144
33.18722006616841
-19.009125946307247
33.16774122158412
-18.69836830638266
33.14572736778163
-18.388907698067545
33.121569578331446
-18.080990655245287
33.095664357401176
-17.77485264766368
33.068413738885
-17.4707179950351
33.0402253419777
-17.16879981786148
33.01151240473757
-16.869300008826226
32.982693803485205
-16.57240921764666
32.95419406397778
-16.27830684618457
32.92644336785503
-15.987161051501777
32.899877553305004
-15.699128759131957
32.8749381129077
-15.414355688112494
32.852072184443585
-15.132976396479851
32.831732536022656
-14.855114359227013
32.81437753694007
-14.580882107866689
32.80047110619802
-14.310381491745602
32.79048261565791
-14.043704202074636
32.78488669438036
-13.780932926627617
32.78416279775945
-13.522144238080813
32.788794129791
-13.26741725977416
32.799264407289485
-13.016868331447839
32.81604491816603
-12.770893671170697
32.839503926111746
-12.526893820822416
32.87112956988338
-21.509621218990034
33.220282190632105
-12.079188355959303
32.90325638642898
-11.875997220997782
32.90474487268858
-11.676954146694328
32.91577090626265
-11.481971521686638
32.93685003323168
-11.291003578778287
32.96848124805075
-11.104009454014196
33.011160784998964
-10.920943948892472
33.0653855661499
-10.741754448326745
33.13165435142196
-10.566379684412738
33.21046819920696
-10.394749170334663
33.302330676537764
-10.226782912095842
33.40774796516308
-10.062391246638889
33.527228920029074
-9.901474740483096
33.66128510401893
-9.743924117308488
33.81043081148201
-9.589620196508683
33.97518308582369
-9.438433830589219
34.156061734919746
-9.290225830538688
34.35358934824367
-9.144846865034218
34.568291317447034
-9.00213731289164
34.800695865594776
-8.861927033007987
35.051334092019005
-8.724034985274997
35.320740044721816
-8.588268570764981
35.60945084580749
-8.454422409532086
35.9180069244791
-8.322275898315638
36.246952480678374
-8.191587839794579
36.59683650473832
-8.06208301794986
36.96821532655213
-7.933411926057275
37.36166026145278
-7.804989681035963
37.77778819257705
-7.6748684283259365
38.21747564849838
17.80646076739161
-31.554716018288914
17.80646076739161
-31.554716018288914
15.590577996012813
-32.70633005712742
13.238107382065195
-33.72717985536927
10.766476246291287
-34.595565283625035
8.19746150079454
-35.292658910862855
5.556515339919962
-35.803565260079196
2.8717948140565994
-36.118180222728185
0.17296994763259477
-36.2317571952111
-2.510083696622438
-36.14511900508097
-5.148586762273553
-35.86449779945144
-7.7160345694579675
-35.40103047339788
-10.189156040518483
-34.76997623291511
-12.548590527571164
-33.98974880499806
-14.779258698460701
-33.08086547204425
-16.870439930807358
-32.064909240422566
-18.815596938193593
-30.963582801655164
-20.612005747154626
-29.797908771166817
-22.260255519580767
-28.587605220768125
-23.763679948647706
-27.350642832550648
-36.07127908645317
3.4107144592771306
-36.21849555028256
0.9953532687834752
-36.20103011400931
-1.5018544337272886
-36.00412570680996
-4.058704244428526
-35.61674232587197
-6.64964767096393
-35.032412405938025
-9.246633391445528
-34.249862147143574
-11.820198431379126
-33.27331777957609
-14.340727735887796
-32.1124490519404
-16.77977246395335
-30.78194556821971
-19.11130490287553
-29.300766874518274
-21.312794481734386
-27.691145628716612
-23.366013819749497
-25.977447718919002
-25.25752082185315
-24.185000352756703
-26.97880475470835
-22.338989593051693
-28.52612297556476
-20.463506666731732
-29.90008433025133
-18.580793554874703
-31.105051983988744
-16.71070887129737
-32.14844252952635
-14.87040954101171
-33.039991951241504
-13.074225024435037
-33.79104597472461
14.575572904290922
-36.63453221686791
3.5832767023165273
3.6013328504140962
3.617618100565563
3.6322584259225223
3.6453665579182686
3.6570439387137594
3.6673823434362016
3.676465240886764
3.684368943573116
3.691163586743357
3.6969139676344427
3.7016802697812916
3.70551869238037
3.7084820006857697
3.710620010560548
3.71198001773932
3.712607180565747
3.712544863277314
3.711834945798628
3.71051810478617
3.7086340699625246
3.7062218589480347
3.7033199932082232
3.6999666972266154
3.696200082480055
3.6920583174961323
3.687579784752823
3.6828032249624303
3.6777678689335183
3.67251355685406
3.667080844694129
3.6615110970310276
3.6558465655003602
3.6501304517421906
3.644406953630241
3.6387212933309683
3.6331197256742658
3.6276495251775986
3.622358950095328
3.6172971818238078
3.612514237971686
3.608060856435321
3.603988388054523
3.5832767023165273
3.597149994955266
3.5944874174722345
3.5924124046792243
3.5909760131986452
3.590228420368411
3.5902145246983794
3.5909254013793666
3.5923143440006515
3.594332736975874
3.596931102136483
3.6000593951974906
3.6036672795609945
3.60770437513627
3.6121204805929117
3.6168657680956486
3.621890950254789
3.6271474194330886
3.632587360093374
3.6381638351117105
3.643830847345193
3.64954337780676
3.65525740216088
3.6609298880688885
3.66651874486158
3.600348512894795
3.6772557915116666
3.6823244182030233
3.687149998763033
3.6916943979408883
3.6959199880264086
3.6997895274582144
3.7032660276200806
3.7063126078892807
3.7088923385857
3.7109680711729838
3.7125022547107607
3.713456737222728
3.7137925501606457
3.7134696737875044
3.7124467806825696
3.7106809539756123
3.708127376185881
3.7047389836469775
3.700466080424936
3.695255904349436
3.6890521360726356
3.68179433998925
3.6734173224157143
3.6638503808215845
3.653016727857124
3.6719828696489683
3.6267332154118526
3.6112675434997046
3.5943207708238396
3.5757647761940623
3.5559125001812046
3.555912500181205
3.555912500181205
3.5559125001812046
3.5559125001812046
3.555912500181205
3.555912500181205
3.555912500181205
3.555912500181205
3.555912500181205
3.555912500181205
3.555912500181204
3.555912500181205
3.5559125001812046
3.5559125001812055
3.5559125001812046
3.555912500181204
3.555912500181204
3.5559125001812046
3.555912500181205
3.555912500181205
3.5559125001812046
3.555912500181204
3.555912500181204
3.555912500181205
3.5559125001812038
3.5559125001812046
3.5559125001812046
3.555912500181205
3.555912500181205
3.5559125001812046
3.5559125001812055
3.555912500181204
3.555912500181204
3.555912500181205
3.5559125001812055
3.5559125001812055
3.555912500181204
3.555912500181204
3.5559125001812046
3.5832767023165273
3.6008418590990487
3.616658968505258
3.630854097773249
3.6435400519749037
3.6548183406198875
3.6647808018892514
3.6735109638196777
3.681085194476383
3.687573681027709
3.6930412689989973
3.697548186573464
3.7011506739421507
3.7039015336845575
3.70585061530438
3.707045244477216
3.7075306057743185
3.7073500859350634
3.7065455836495302
3.7051577905941993
3.703226447758877
3.7007905802728254
3.6978887133484757
3.6945590714523613
3.6908397622803832
3.6867689468170304
3.682384996238636
3.677726636202755
3.672833078717331
3.6677441414328267
3.6625003540555783
3.657143051185173
3.6517144507791466
3.646257717113799
3.640817007028394
3.635437497998119
3.6301653965141694
3.6250479251040137
3.620133286337375
3.61547060205243
3.6111098256314
3.6071016203433994
3.6034973646400426
3.5832767023165273
3.584719111375118
3.5703829268688603
3.557453275252381
3.54604169481515
3.536256758531036
3.5281987040990583
3.5219098883690525
3.5173898337836467
3.514630148549798
3.5136147025164277
3.5143191720674727
3.516710715894793
3.5207478079116674
3.526380246213065
3.5335493478294895
3.542188329006373
3.552222860446796
3.5635717777036904
3.576147919043419
3.589859057602462
3.6046088912640593
3.6202980520825783
3.6368250860127285
3.654087783278139
3.6003485128947954
3.6766118808832253
3.6810873586194095
3.6853707322945946
3.689424039057379
3.6932098088093226
3.6966909417031655
3.699830574554489
3.70259193568004
3.704938187701701
3.7068322576377533
3.708236653271027
3.709113264455571
3.709423147541308
3.709126290740787
3.7081813576431824
3.706545405487848
3.7041735740831983
3.7010187403740478
3.697031132616065
3.692157896910889
3.68634260741703
3.6795247105381645
3.6716388958142465
3.662614433004987
3.65237288392118
3.6719828696489683
3.6264606597480515
3.6108320335383595
3.593831776659238
3.5753323600439813
3.5753323600439813
3.563276111282311
3.563276111282311
3.563276111282311
3.563276111282311
3.563276111282311
3.563276111282311
3.563276111282311
3.563276111282311
3.563276111282311
3.563276111282311
3.5632761112823115
3.563276111282311
3.563276111282311
3.563276111282311
3.563276111282311
3.563276111282311
3.563276111282311
3.563276111282311
3.563276111282311
3.563276111282311
3.563276111282311
3.563276111282311
3.563276111282311
3.563276111282311
3.563276111282311
3.563276111282311
3.563276111282311
3.563276111282311
3.563276111282311
3.563276111282311
3.563276111282311
3.563276111282311
3.563276111282311
3.5632761112823115
3.563276111282311
3.563276111282311
3.5632761112823115
3.563276111282311
3.563276111282311
3.520790734846302
3.5147775426184795
3.510657159373963
3.5083750479525873
3.507865673215396
3.5090536758972095
3.5118551741084945
3.5161791450364013
3.5219288403871185
3.52900319210312
3.5372981701964656
3.5467080606253782
3.5571266383886306
3.5684482180652486
3.5805685708363932
3.593385703315528
3.6068004986989046
3.620717225130523
3.6350439193142656
3.649692655784398
3.6645797134014857
3.6796256497474187
3.694755351358481
3.528739273697892
3.7247700172419416
3.739541923729383
3.7541543949175296
3.7685517758293177
3.7826816655559155
3.796494661807027
3.8099440932425934
3.8229857454499694
3.8355775837062964
3.8476794746224563
3.8592529079323823
3.870260719047894
3.8806668123934878
3.89043588508227
3.8995331499266848
3.90792405640176
3.9155740077282335
3.922448071763943
3.928510682971251
3.9337253321747636
3.9380542401985075
3.9414580105959662
3.94389525462733
3.945322167990992
3.9456924603184067
3.709897803860214
3.942901455901206
3.939781993235167
3.935647328611286
3.9305402482563987
3.9245015906864373
3.917570649113804
3.909785548741714
3.901183604412611
3.8918016633288923
3.8816764370062318
3.8708448259293338
3.8593442398620335
3.8472129162113875
3.8344902383243102
3.8212170550842126
3.807436002581034
3.7931918280302845
3.7785317154419613
3.763505611725204
3.7481665510882154
3.732570974637849
3.716779041272917
3.7008549279810286
3.6848670130488292
3.944960551233108
3.6527450356550686
3.6367910415637494
3.6211140658056156
3.605806695503931
3.5909664011161615
3.5766953429235464
3.563100047367625
3.5502909405609806
3.538381726222368
3.5274885979530994
3.5177292802655713
3.509221898560802
3.502083685599725
3.4964295403671968
3.4923704646232787
3.49001191187835
3.489452092762063
3.4907802886429615
3.4940752312003944
3.4994036083805447
3.506818755673477
3.516359581950492
3.5280497170542926
3.538649854520938
3.5421441139436336
3.5421441139436336
3.5421441139436336
3.5421441139436336
3.5421441139436345
3.542144113943634
3.5421441139436336
3.5421441139436336
3.542144113943634
3.542144113943634
3.542144113943633
3.5421441139436336
3.5421441139436336
3.542144113943634
3.5421441139436336
3.5421441139436345
3.5421441139436345
3.5421441139436345
3.542144113943634
3.5421441139436336
3.542144113943634
3.542144113943634
3.542144113943633
3.542144113943634
3.542144113943633
3.5421441139436345
3.5421441139436327
3.542144113943633
3.5421441139436345
3.542144113943634
3.5421441139436345
3.5421441139436336
3.5421441139436327
3.5421441139436336
3.542144113943634
3.542144113943634
3.5421441139436336
3.5421441139436336
3.6688884008399967
3.6688884008399967
3.5165858055308963
3.506702107922386
3.4990537911852817
3.4935938407239298
3.4902635992866435
3.4889938976872465
3.4897063135741786
3.492314514047434
3.496725636773243
3.5028416667953852
3.510560771379523
3.519778561197099
3.5303892532957706
3.5422867182481146
3.5553654005687894
3.5695211076659734
3.5846516676621474
3.6006574606737454
3.6174418311027545
3.6349113904701746
3.6529762196657933
3.671549961112682
3.690550425116708
3.5287392736978918
3.724746297274725
3.7394963966361416
3.754088950125185
3.7684683013164473
3.7825820512070094
3.796380800092708
3.8098178792285315
3.8228490765807743
3.8354323594986957
3.847527596316877
3.8590962781237015
3.8701012413052536
3.880506390874568
3.8902764241454975
3.8993765537442604
3.907772228576786
3.9154288509208133
3.9223114873350746
3.92838457066285
3.933611589869082
3.9379547638751764
3.9413746948796
3.943829995690037
3.9452768828741753
3.9456687837569935
3.709897803860214
3.942474784046635
3.9389638788780945
3.9344730856915433
3.929045268161561
3.922721334723681
3.9155406408749256
3.9075413664083047
3.8987608730168355
3.8892360469785445
3.879003631080884
3.868100549253828
3.856564226863405
3.844432909065373
3.831745979097816
3.8185442778805863
3.8048704256959263
3.7907691461279827
3.776287591766871
3.761475670375742
3.7463863694180333
3.7310760759870805
3.715604888917716
3.700036927291382
3.684440350902244
3.9449605512331085
3.6523949985242363
3.636119646351734
3.6201501044822044
3.6045790781447278
3.5895041468768962
3.575027568867204
3.5612559566753403
3.5482998104785515
3.5362728958579677
3.525291455977475
3.5154732525449526
3.5069364357452395
3.4997982506871597
3.494173596264025
3.4901734617250817
3.487903275701657
3.487461211673831
3.4889365017719753
3.492407816712342
3.4979417725907944
3.5055916245394094
3.5153962017899083
3.527379118375006
3.5386498545209384
3.5386498545209384
3.538649854520939
3.538649854520938
3.5386498545209384
3.5386498545209384
3.5386498545209384
3.538649854520938
3.5386498545209384
3.538649854520938
3.5386498545209384
3.5386498545209384
3.538649854520938
3.538649854520939
3.538649854520938
3.538649854520938
3.538649854520938
3.538649854520938
3.5386498545209384
3.5386498545209384
3.5386498545209393
3.5386498545209384
3.538649854520939
3.5386498545209375
3.5386498545209393
3.538649854520939
3.538649854520938
3.538649854520939
3.5386498545209384
3.5386498545209384
3.538649854520938
3.538649854520939
3.5386498545209384
3.538649854520939
3.538649854520938
3.5386498545209384
3.538649854520938
3.538649854520938
3.538649854520939
3.538649854520938
3.5421441139436336
3.6113245836384484
3.620839148677578
3.6296914404387994
3.6379110995273134
3.6455258060374693
3.652561466756977
3.659042382021694
3.66499139497333
3.6704300254783653
3.6753785906294527
3.6798563135168867
3.6838814217039473
3.68747123660382
3.690642254892867
3.6934102228130636
3.6957902042367383
3.6977966431584424
3.699443421248045
3.7007439109906026
3.701711024914754
3.7023572612925153
3.7026947467029108
3.7027352757835823
3.7024903484318075
3.7019712047465294
3.7011888578843544
3.700154125076201
3.6988776569374844
3.6973699652314163
3.6956414492016503
3.6937024205340165
3.6915631269417406
3.6892337739607544
3.686724542654765
3.6840455820705302
3.6812075885231623
3.601115933474266
3.6739411737471204
3.6695794453106227
3.665145778842362
3.660651089398117
3.656106382814518
3.651522778995238
3.6469115270104044
3.6422840176489033
3.6376517945306475
3.6330265639694455
3.628420203716475
3.6238447704931316
3.619312506257071
3.614835843178283
3.610427407181748
3.6061000199935163
3.6018666996233035
3.597740659119217
3.593735303581567
3.5898642252358237
3.586141196579357
3.582580161395132
3.5791952236064795
3.576000633859082
3.573010773699389
3.5702401372213055
3.5677033098644437
3.5654149433000484
3.563389721491877
3.5616422734772333
3.5601883066079054
3.678220057593364
3.557212596204093
3.555664972919798
3.5544126685100363
3.5534701540285902
3.552851677308286
3.5525712166900623
3.552642434677954
3.553078630971153
3.553892695014988
3.5550970583832244
3.5567036473557323
3.55872383608708
3.5611684007622277
3.5640474751886146
3.5673705082235
3.571146223458496
3.575382581601916
3.580086745915477
3.585265051106806
3.5909229760209067
3.5970651204154573
3.6036951860957003
3.6108159626505647
3.618429317895273
3.62653619312358
3.6351366031169605
3.644229640445364
3.6538134818410897
3.6638853785560856
3.589947400188103
3.6744662827499717
3.6744662827499712
3.674466282749972
3.6744662827499712
3.6744662827499712
3.674466282749972
3.6744662827499717
3.6744662827499712
3.6744662827499717
3.6744662827499717
3.6744662827499717
3.6744662827499712
3.6744662827499717
3.6744662827499717
3.6744662827499717
3.6744662827499717
3.674466282749972
3.6744662827499717
3.6744662827499717
3.6744662827499712
3.6744662827499712
3.6744662827499717
3.6744662827499712
3.6744662827499717
3.6744662827499717
3.6744662827499717
3.674466282749972
3.674466282749972
3.6744662827499712
3.6744662827499717
3.674466282749972
3.674466282749972
3.6744662827499712
3.6744662827499717
3.6744662827499717
3.6744662827499717
3.6744662827499717
3.6744662827499712
3.559040898093055
3.559040898093055
3.6027725608433845
3.6040666302156255
3.605050193816167
3.6057730516143685
3.6062828228013806
3.6066249916786717
3.606842927010671
3.6069778787300444
3.607068956185681
3.6071530921485757
3.6072649968082118
3.607437105915985
3.6076995270982857
3.608079988317643
3.6086037921065133
3.609293779052558
3.6101703035465067
3.6112512244254122
3.61255191261057
3.6140852773278227
3.615861811847313
3.617889659134952
3.6201746971853774
3.6227206432123613
3.6255291754164527
3.6286000705085604
3.631931354899596
3.635519467103778
3.6393594287881728
3.6434450218464787
3.6477689690064397
3.6523231160674525
3.6570986158379344
3.6620861243370184
3.6672761227449633
3.6726560813809925
3.601115933474266
3.6741500441706867
3.669984568904384
3.6657342328253617
3.6614097986900083
3.657022152072357
3.6525823074719193
3.648101419230887
3.6435907927834204
3.639061895320089
3.6345263655057716
3.629996022196745
3.625482871994682
3.6209991155508794
3.616557152583254
3.6121695854555878
3.6078492212522035
3.6036090722793945
3.5994623548286095
3.59542248618868
3.591503079708635
3.5877179379288693
3.584081043580191
3.5806065484376455
3.577308759942794
3.574202125527707
3.571301214678959
3.568620698923656
3.566175330501661
3.5639799239494567
3.56204937836647
3.560397671969018
3.678220057593364
3.5567872422064526
3.554842314011395
3.553220780329328
3.551937172156579
3.55100579850999
3.550440695527556
3.5502555789400825
3.550463796688037
3.551078281289898
3.5521115021282825
3.5535754179691765
3.5554814300910436
3.557840336411838
3.5606622870593148
3.5639567417813414
3.56773242961672
3.5719973112658603
3.5767585445163013
3.5820224531222276
3.5877944994772033
3.594079261357701
3.60088041299876
3.6082007107125076
3.6160419830828525
3.6244051256525087
3.633290099489081
3.642695931110611
3.6526207012918044
3.6630614125263214
3.589947400188103
3.589947400188103
3.589947400188103
3.589947400188103
3.589947400188103
3.589947400188103
3.589947400188103
3.589947400188103
3.589947400188103
3.589947400188103
3.589947400188103
3.589947400188103
3.589947400188103
3.589947400188103
3.589947400188103
3.589947400188103
3.589947400188103
3.589947400188103
3.589947400188103
3.589947400188103
3.589947400188103
3.589947400188103
3.589947400188103
3.589947400188103
3.589947400188103
3.589947400188103
3.589947400188103
3.589947400188103
3.589947400188103
3.589947400188103
3.589947400188103
3.589947400188103
3.589947400188103
3.589947400188103
3.589947400188103
3.589947400188103
3.589947400188103
3.589947400188103
3.589947400188103
3.589947400188103
3.6744662827499712
14.65206552592089
0.0
0.0
0.0
0.0
0.0
0.0
0.0
0.0
0.0
0.0
0.0
0.0
0.0
0.0
0.0
0.0
0.0
0.0
0.0
0.0
0.0
0.0
0.0
0.0
0.0
0.0
0.0
0.0
0.0
0.0
0.0
0.0
0.0
0.0
0.0
0.0
0.0
0.0
0.0
0.0
0.0
0.0
14.65206552592089
0.0
0.0
0.0
0.0
0.0
0.0
0.0
0.0
0.0
0.0
0.0
0.0
0.0
0.0
0.0
0.0
0.0
0.0
0.0
0.0
0.0
0.0
0.0
0.0
0.0
0.0
0.0
0.0
0.0
0.0
0.0
0.0
0.0
0.0
0.0
0.0
0.0
0.0
0.0
0.0
0.0
0.0
0.0
0.0
0.0
0.0
0.0
0.0
0.0
0.0
0.0
0.0
0.0
0.0
0.0
0.0
0.0
0.0
0.0
0.0
0.0
0.0
0.0
0.0
0.0
0.0
0.0
0.0
0.0
0.0
0.0
0.0
0.0
0.0
0.0
49.25946928425265
53.473430794995295
53.473430794995274
57.89809038127549
62.54398294686957
72.5442666943107
77.92246807555622
83.56957952586454
0.0
0.0
0.0
0.0
0.0
0.0
0.0
0.0
0.0
0.0
0.0
0.0
25.56602312729393
35.893971365506395
40.150186697791575
40.7241881621037
37.45976957357795
41.71190011292309
42.12953015968766
42.4989379286348
42.82205683097069
43.1008105376863
47.51231007147943
47.72692740477875
47.89917312813949
48.03111843350156
52.56529958987076
52.62813315417159
52.65368301309821
52.6441788365765
52.601843506100934
52.52889366433556
52.42754026749271
52.29998913867342
52.14844152190277
47.58447912760131
51.7821422389119
51.571775166833916
47.008694036516104
46.79021987560718
55.369128846773584
55.088074562931595
46.08317527636158
54.50716548803898
45.58879755311829
53.91705438752048
49.25557652552609
48.99131713698495
53.05634781971165
48.484953283366806
57.020205988682164
52.28239615097383
52.054900699515436
56.28195845464119
56.079469015948064
25.56602312729393
59.59019302096057
58.74199153281658
62.64042343411636
61.92966038154277
66.10987668345625
0.0
0.0
74.97776979867771
74.77114000223521
69.5397932151164
69.5887991415873
69.75542296930159
70.03760123707302
65.4601554434076
65.9311321724306
61.69148193473548
62.313643378561906
58.34325054990712
59.08161668186105
59.897271917211924
56.14183749451098
57.02960173944116
57.97996360183743
58.98954312261123
55.9031608119413
60.3333060623767
55.82805257098933
56.06769786046761
56.29541863869008
56.508944055756764
61.5569862465074
56.88431779646514
57.04161301478278
57.1756041416462
57.284001358074896
57.36450727728731
52.73708180011788
52.75342666212624
52.73776877286091
52.687958646978245
52.60183413446881
52.47721929344244
52.31192327088397
52.10373919389568
51.85044307880058
51.54979277346546
51.19952699698477
55.3030474442398
54.806212356116006
49.82806936171122
60.05466791791341
52.86015166921454
52.040442268009095
51.16321901863629
50.22543033112202
50.22543033112202
0.0
0.0
0.0
0.0
0.0
0.0
0.0
0.0
0.0
0.0
0.0
0.0
0.0
0.0
0.0
0.0
0.0
0.0
0.0
0.0
41.73014123726077
38.06305905454064
38.063059054540574
38.0630590545406
38.0630590545406
38.06305905454059
41.730141237260824
45.58057752911705
45.58057752911706
53.868641647337604
58.32600295969766
67.92047318455266
73.08042607377347
84.18722466782131
0.0
0.0
0.0
0.0
0.0
1.322810344254623
0.0
0.0
0.0
0.0
0.0
0.0
0.0
0.0
0.0
0.0
0.0
0.0
0.0
0.0
0.0
0.0
0.0
0.0
0.0
0.0
0.0
0.0
0.0
0.0
0.0
0.0
0.0
0.0
0.0
0.0
0.0
0.0
0.0
0.0
0.0
0.0
0.0
0.0
0.0
0.0
0.0
0.0
1.0
0.0
0.0
0.0
0.0
0.0
0.0
0.0
0.0
0.0
0.0
0.0
0.0
0.0
0.0
0.0
0.0
0.0
0.0
0.0
0.0
0.0
0.0
0.0
0.0
0.0
0.0
0.0
0.0
0.0
0.0
0.0
0.0
0.0
0.0
0.0
0.0
0.0
0.0
0.0
0.0
0.0
0.0
0.0
0.0
0.0
0.0
0.0
0.0
0.0
0.0
0.0
0.0
0.0
0.0
0.0
0.0
0.0
0.0
0.0
0.0
0.0
0.0
0.0
0.0
0.0
0.0
0.0
0.0
0.0
0.0
0.0
0.0
0.0
0.0
0.0
1.397266139788452
1.4035654716731565
1.441361462981384
1.4665587905202024
1.4859063170252758
1.4931047106118993
1.5362950721316415
1.5578902528915126
0.0
0.0
0.0
0.0
0.0
0.0
0.0
0.0
0.0
0.0
0.0
0.0
1.3265639529087465
1.0451801086464703
1.0564751358080877
1.0734176765505141
1.101655244454558
1.1129502716161757
1.1355403259394108
1.158130380262646
1.1863679481666898
1.5281491014992086
1.2202530296515424
1.259785624717204
1.3265838210269054
0.9294060802398902
1.4609606746751076
0.9294060802398902
1.5567768999176521
1.5680719270792696
0.9294060802398902
1.5963094949833136
1.607604522144931
1.6188995493065486
1.635842090048975
1.6471371172105926
1.65843214437221
1.6697271715338275
1.686669712276254
1.6979647394378716
1.7036122530186804
1.8222100382156647
1.8222100382156647
1.825033795006069
1.825033795006069
1.8278575517964735
1.8278575517964735
1.8278575517964735
1.8321611130015616
1.8321611130015616
1.83646467420665
1.83646467420665
1.83646467420665
1.8407682354117378
1.8407682354117378
1.0037536086541234
1.8450717966168262
1.8450717966168262
1.8493753578219143
1.8493753578219143
1.8536789190270024
0.0
0.0
1.6874613374507388
0.9280160641337631
1.0
0.9280160641337631
0.9280160641337631
0.9280160641337631
0.9280160641337631
0.9280160641337631
0.9280160641337631
0.9280160641337631
0.9280160641337631
0.9280160641337631
1.179959839665592
0.9280160641337631
0.9280160641337631
1.2231502011853341
1.2375469883585815
1.8407682354117378
1.2519437755318288
1.2591421691184526
1.2663405627050761
1.2735389562916999
1.2735389562916999
1.295134137051571
1.2807373498783234
1.2879357434649472
1.2879357434649472
1.295134137051571
1.295134137051571
1.3095309242248183
1.3167293178114419
1.3167293178114419
1.3239277113980656
1.3311261049846892
1.3311261049846892
1.338324498571313
1.3455228921579367
1.3455228921579367
1.5146998913717704
1.3594701484802245
1.3720688122496336
1.365769480364929
1.3720688122496336
1.2447453819452052
1.3783681441343383
1.3783681441343383
1.3783681441343383
1.3783681441343383
1.3783681441343383
0.0
0.0
0.0
0.0
0.0
0.0
0.0
0.0
0.0
0.0
0.0
0.0
0.0
0.0
0.0
0.0
0.0
0.0
0.0
0.0
0.9294060802398902
0.9294060802398902
0.9294060802398902
0.9294060802398902
1.7205547937611065
1.7233785505515111
1.7262023073419155
1.7290260641323199
1.7346735777131286
1.7374973345035332
1.7403210912939375
1.743144848084342
1.7459686048747463
1.7487923616651506
0.0
0.0
0.0
0.0
0.0
