14.65206552592089
0.0
0.0
0.0
0.0
0.0
0.0
0.0
0.0
0.0
0.0
0.0
0.0
0.0
0.0
0.0
0.0
0.0
0.0
0.0
0.0
0.0
0.0
0.0
0.0
0.0
0.0
0.0
0.0
0.0
0.0
0.0
0.0
0.0
0.0
0.0
0.0
0.0
0.0
0.0
0.0
0.0
0.0
14.65206552592089
0.0
0.0
0.0
0.0
0.0
0.0
0.0
0.0
0.0
0.0
0.0
0.0
0.0
0.0
0.0
0.0
0.0
0.0
0.0
0.0
0.0
0.0
0.0
0.0
0.0
0.0
0.0
0.0
0.0
0.0
0.0
0.0
0.0
0.0
0.0
0.0
0.0
0.0
0.0
0.0
0.0
0.0
0.0
0.0
0.0
0.0
0.0
0.0
0.0
0.0
0.0
0.0
0.0
0.0
0.0
0.0
0.0
0.0
0.0
0.0
0.0
0.0
0.0
0.0
0.0
0.0
0.0
0.0
0.0
0.0
0.0
0.0
0.0
0.0
0.0
49.25946928425265
53.473430794995295
53.473430794995274
57.89809038127549
62.54398294686957
72.5442666943107
77.92246807555622
83.56957952586454
0.0
0.0
0.0
0.0
0.0
0.0
0.0
0.0
0.0
0.0
0.0
0.0
25.56602312729393
35.893971365506395
40.150186697791575
40.7241881621037
37.45976957357795
41.71190011292309
42.12953015968766
42.4989379286348
42.82205683097069
43.1008105376863
47.51231007147943
47.72692740477875
47.89917312813949
48.03111843350156
52.56529958987076
52.62813315417159
52.65368301309821
52.6441788365765
52.601843506100934
52.52889366433556
52.42754026749271
52.29998913867342
52.14844152190277
47.58447912760131
51.7821422389119
51.571775166833916
47.008694036516104
46.79021987560718
55.369128846773584
55.088074562931595
46.08317527636158
54.50716548803898
45.58879755311829
53.91705438752048
49.25557652552609
48.99131713698495
53.05634781971165
48.484953283366806
57.020205988682164
52.28239615097383
52.054900699515436
56.28195845464119
56.079469015948064
25.56602312729393
59.59019302096057
58.74199153281658
62.64042343411636
61.92966038154277
66.10987668345625
0.0
0.0
74.97776979867771
74.77114000223521
69.5397932151164
69.5887991415873
69.75542296930159
70.03760123707302
65.4601554434076
65.9311321724306
61.69148193473548
62.313643378561906
58.34325054990712
59.08161668186105
59.897271917211924
56.14183749451098
57.02960173944116
57.97996360183743
58.98954312261123
55.9031608119413
60.3333060623767
55.82805257098933
56.06769786046761
56.29541863869008
56.508944055756764
61.5569862465074
56.88431779646514
57.04161301478278
57.1756041416462
57.284001358074896
57.36450727728731
52.73708180011788
52.75342666212624
52.73776877286091
52.687958646978245
52.60183413446881
52.47721929344244
52.31192327088397
52.10373919389568
51.85044307880058
51.54979277346546
51.19952699698477
55.3030474442398
54.806212356116006
49.82806936171122
60.05466791791341
52.86015166921454
52.040442268009095
51.16321901863629
50.22543033112202
50.22543033112202
0.0
0.0
0.0
0.0
0.0
0.0
0.0
0.0
0.0
0.0
0.0
0.0
0.0
0.0
0.0
0.0
0.0
0.0
0.0
0.0
41.73014123726077
38.06305905454064
38.063059054540574
38.0630590545406
38.0630590545406
38.06305905454059
41.730141237260824
45.58057752911705
45.58057752911706
53.868641647337604
58.32600295969766
67.92047318455266
73.08042607377347
84.18722466782131
0.0
0.0
0.0
0.0
0.0
