1.322810344254623
0.0
0.0
0.0
0.0
0.0
0.0
0.0
0.0
0.0
0.0
0.0
0.0
0.0
0.0
0.0
0.0
0.0
0.0
0.0
0.0
0.0
0.0
0.0
0.0
0.0
0.0
0.0
0.0
0.0
0.0
0.0
0.0
0.0
0.0
0.0
0.0
0.0
0.0
0.0
0.0
0.0
0.0
1.0
0.0
0.0
0.0
0.0
0.0
0.0
0.0
0.0
0.0
0.0
0.0
0.0
0.0
0.0
0.0
0.0
0.0
0.0
0.0
0.0
0.0
0.0
0.0
0.0
0.0
0.0
0.0
0.0
0.0
0.0
0.0
0.0
0.0
0.0
0.0
0.0
0.0
0.0
0.0
0.0
0.0
0.0
0.0
0.0
0.0
0.0
0.0
0.0
0.0
0.0
0.0
0.0
0.0
0.0
0.0
0.0
0.0
0.0
0.0
0.0
0.0
0.0
0.0
0.0
0.0
0.0
0.0
0.0
0.0
0.0
0.0
0.0
0.0
0.0
0.0
1.397266139788452
1.4035654716731565
1.441361462981384
1.4665587905202024
1.4859063170252758
1.4931047106118993
1.5362950721316415
1.5578902528915126
0.0
0.0
0.0
0.0
0.0
0.0
0.0
0.0
0.0
0.0
0.0
0.0
1.3265639529087465
1.0451801086464703
1.0564751358080877
1.0734176765505141
1.101655244454558
1.1129502716161757
1.1355403259394108
1.158130380262646
1.1863679481666898
1.5281491014992086
1.2202530296515424
1.259785624717204
1.3265838210269054
0.9294060802398902
1.4609606746751076
0.9294060802398902
1.5567768999176521
1.5680719270792696
0.9294060802398902
1.5963094949833136
1.607604522144931
1.6188995493065486
1.635842090048975
1.6471371172105926
1.65843214437221
1.6697271715338275
1.686669712276254
1.6979647394378716
1.7036122530186804
1.8222100382156647
1.8222100382156647
1.825033795006069
1.825033795006069
1.8278575517964735
1.8278575517964735
1.8278575517964735
1.8321611130015616
1.8321611130015616
1.83646467420665
1.83646467420665
1.83646467420665
1.8407682354117378
1.8407682354117378
1.0037536086541234
1.8450717966168262
1.8450717966168262
1.8493753578219143
1.8493753578219143
1.8536789190270024
0.0
0.0
1.6874613374507388
0.9280160641337631
1.0
0.9280160641337631
0.9280160641337631
0.9280160641337631
0.9280160641337631
0.9280160641337631
0.9280160641337631
0.9280160641337631
0.9280160641337631
0.9280160641337631
1.179959839665592
0.9280160641337631
0.9280160641337631
1.2231502011853341
1.2375469883585815
1.8407682354117378
1.2519437755318288
1.2591421691184526
1.2663405627050761
1.2735389562916999
1.2735389562916999
1.295134137051571
1.2807373498783234
1.2879357434649472
1.2879357434649472
1.295134137051571
1.295134137051571
1.3095309242248183
1.3167293178114419
1.3167293178114419
1.3239277113980656
1.3311261049846892
1.3311261049846892
1.338324498571313
1.3455228921579367
1.3455228921579367
1.5146998913717704
1.3594701484802245
1.3720688122496336
1.365769480364929
1.3720688122496336
1.2447453819452052
1.3783681441343383
1.3783681441343383
1.3783681441343383
1.3783681441343383
1.3783681441343383
0.0
0.0
0.0
0.0
0.0
0.0
0.0
0.0
0.0
0.0
0.0
0.0
0.0
0.0
0.0
0.0
0.0
0.0
0.0
0.0
0.9294060802398902
0.9294060802398902
0.9294060802398902
0.9294060802398902
1.7205547937611065
1.7233785505515111
1.7262023073419155
1.7290260641323199
1.7346735777131286
1.7374973345035332
1.7403210912939375
1.743144848084342
1.7459686048747463
1.7487923616651506
0.0
0.0
0.0
0.0
0.0
