44.6883389764 2.1750560721
47.0204275274 12.5349736683
49.3600068913 12.9328914253
51.7068472153 13.3667959231
54.0607186469 13.8346737412
56.4213913333 14.3345114596
58.7886354219 14.864295658
61.1622210601 15.4220129162
63.5419183951 16.0056498141
65.9274975744 16.6131929313
68.3187287452 17.2426288478
70.7153820549 17.8919441432
73.1172276509 18.5591253974
75.5240356804 19.2421591902
77.9355762908 19.9390321014
80.3516196295 20.6477307107
82.7719358438 21.3662415979
85.196295081 22.0925513429
87.6244674884 22.8246465254
90.0562232135 23.5605137252
92.4913324035 24.2981395222
94.9295652057 25.035510496
97.3706917676 25.7706132265
99.8144822365 26.5014342936
102.26070676 27.2259602769
104.709135484 27.9421777562
107.159538558 28.6480733114
109.611686128 29.3416335223
112.065348342 30.0208449686
114.520295347 30.6836942302
116.97629729 31.3281678868
119.433124318 31.9522525182
121.89054658 32.5539347042
124.348334222 33.1312010246
126.806257392 33.6820380592
129.264086236 34.2044323878
131.721590903 34.6963705901
134.17854154 35.155839246
136.634708294 35.5808249353
139.089861312 35.9693142377
141.543770742 36.3192937331
143.996206731 36.6287500012
146.446939426 36.8956696218
148.895738975 37.1180391748
151.342375525 37.2938452398
153.786619224 37.4210743968
156.228240218 37.4977132254
158.667008655 37.5217483055
161.102694683 37.4911662169
163.535068449 37.4039535394
165.963914196 37.2582785937
168.389198457 37.0546598585
170.811014747 36.7952529664
173.229459165 36.4822468217
175.644627806 36.1178303288
178.056616769 35.7041923919
180.46552215 35.2435219153
182.871440045 34.7380078035
185.274466553 34.1898389607
187.67469777 33.6012042913
190.072229793 32.9742926996
192.46715872 32.31129309
194.859580646 31.6143943666
197.24959167 30.885785434
199.637287888 30.1276551964
202.022765398 29.3421925581
204.406120296 28.5315864235
206.787448679 27.6980256969
209.166846645 26.8436992826
211.54441029 25.970796085
213.920235711 25.0815050083
216.294419007 24.178014957
218.667056272 23.2625148353
221.038243606 22.3371935475
223.408077104 21.4042399981
225.776652863 20.4658430913
228.144066982 19.5241917315
230.510415556 18.5814748229
232.875794682 17.63988127
235.240300459 16.7015999769
237.604028982 15.7688198482
239.96707635 14.8437297881
242.329538658 13.9285187008
244.691512004 13.0253754909
247.053092485 12.1364890625
249.414376198 11.26404832
251.77545924 10.4102421678
254.136437708 9.57725951014
256.497407699 8.76728925138
258.85846531 7.98252029584
261.219706639 7.22514154786
263.581227781 6.49734191177
265.943124835 5.80131029188
268.305493897 5.13923559253
270.668431064 4.51330671805
273.032032434 3.92571257277
275.396394103 3.37864206102
277.761612168 2.87428408712
280.127782727 2.4148275554
282.495001876 2.00246137019
284.86336571 1.63937443582
