200.303919248 42.229313684
202.459620893 241.769454457
204.603593095 241.282153649
206.736157642 240.768155547
208.857636325 240.22820444
210.968350931 239.663044615
213.068623252 239.073420361
215.158775074 238.460075964
217.239128189 237.823755712
219.310004385 237.165203893
221.371725451 236.485164796
223.424613176 235.784382707
225.46898935 235.063601914
227.505175761 234.323566705
229.5334942 233.565021368
231.554266455 232.78871019
233.567814315 231.995377459
235.57445957 231.185767464
237.574524008 230.360624491
239.56832942 229.520692828
241.556197593 228.666716763
243.538450318 227.799440584
245.515409384 226.919608579
247.487396579 226.027965035
249.454733693 225.12525424
251.417742516 224.212220481
253.376744835 223.289608047
255.332062441 222.358161225
257.284017123 221.418624302
259.23293067 220.471741568
261.179124871 219.518257308
263.122921515 218.558915811
265.064642392 217.594461366
267.00460929 216.625638258
268.943143999 215.653190777
270.880568309 214.67786321
272.817204007 213.700399844
274.753372884 212.721544967
276.689396729 211.742042868
278.625597331 210.762637833
280.562296478 209.784074151
282.499815961 208.807096109
284.438477569 207.832447995
286.378603089 206.860874096
288.320514313 205.893118701
290.264533029 204.929926097
292.210981026 203.972040572
294.160180094 203.020206413
296.112452021 202.075167908
298.068118597 201.137669346
300.027501611 200.208455013
301.990904088 199.288226421
303.958371732 198.377098446
305.929763501 197.474760231
307.904934162 196.580891362
309.883738481 195.695171424
311.866031223 194.817280004
313.851667156 193.946896686
315.840501046 193.083701057
317.832387659 192.227372702
319.827181762 191.377591207
321.82473812 190.534036158
323.824911501 189.696387141
325.82755667 188.864323742
327.832528394 188.037525545
329.83968144 187.215672137
331.848870573 186.398443104
333.85995056 185.585518031
335.872776167 184.776576505
337.887202161 183.97129811
339.903083309 183.169362433
341.920274375 182.37044906
343.938630127 181.574237575
345.958005332 180.780407566
347.978254755 179.988638617
349.999233163 179.198610314
352.020795321 178.410002244
354.042795998 177.622493991
356.065089958 176.835765143
358.087531969 176.049495283
360.109976796 175.263363999
362.132279206 174.477050876
364.154293965 173.690235499
366.17587584 172.902597455
368.196879597 172.113816329
370.217160002 171.323571706
372.236571822 170.531543174
374.254969823 169.737410317
376.272208772 168.940852721
378.288143434 168.141549972
380.302628576 167.339181656
382.315518965 166.533427358
384.326669366 165.723966664
386.335934547 164.91047916
388.343169273 164.092644432
390.348228311 163.270142065
392.350966427 162.442651646
394.351238388 161.609852759
396.34889896 160.771424991
398.343802909 159.927047928
400.335805 159.076401155
