-20.7249553383 39.725431328
-20.079161036 140.797288001
-19.4211066497 141.853820031
-18.7509460342 142.895177246
-18.0688330444 143.92150947
-17.3749215351 144.93296653
-16.6693653612 145.929698252
-15.9523183774 146.911854463
-15.2239344386 147.879584987
-14.4843673997 148.833039652
-13.7337711154 149.772368284
-12.9722994406 150.697720709
-12.2001062302 151.609246752
-11.4173453388 152.50709624
-10.6241706215 153.391419
-9.82073593299 154.262364856
-9.00719512811 155.120083636
-8.18370206171 155.964725165
-7.3504105886 156.79643927
-6.50747456363 157.615375777
-5.65504784162 158.421684511
-4.7932842774 159.215515299
-3.9223377258 159.997017968
-3.04236204166 160.766342343
-2.1535110798 161.52363825
-1.25593869505 162.269055515
-0.349798742236 163.002743965
0.5647549238 163.724853426
1.48756844824 164.435533723
2.41848797624 165.134934684
3.35735965298 165.823206133
4.30402962363 166.500497898
5.25834403335 167.166959804
6.22014902733 167.822741678
7.18929075072 168.467993345
8.1656153487 169.102864632
9.14896896643 169.727505365
10.1391977491 170.342065369
11.1361478419 170.946694472
12.1396653899 171.541542499
13.1495965384 172.126759276
14.1657874324 172.70249463
15.1880842173 173.268898386
16.2163330381 173.826120371
17.25038004 174.374310411
18.2900713682 174.913618331
19.3352531679 175.444193959
20.3857715842 175.96618712
21.4414727622 176.479747641
22.5022028473 176.985025346
23.5678079845 177.482170064
24.638134319 177.971331619
25.713027996 178.452659838
26.7923351606 178.926304547
27.875901958 179.392415571
28.9635745334 179.851142739
30.055199032 180.302635874
31.1506215989 180.747044804
32.2496883793 181.184519354
33.3522455184 181.615209352
34.4581391613 182.039264622
35.5672154532 182.456834991
36.6793205393 182.868070285
37.7943005648 183.27312033
38.9120016747 183.672134952
40.0322700144 184.065263978
41.1549517289 184.452657234
42.2798929634 184.834464545
43.4069398631 185.210835738
44.5359385732 185.581920639
45.6667352388 185.947869074
46.7991760052 186.30883087
47.9331070174 186.664955851
49.0683744206 187.016393845
50.2048243601 187.363294678
51.342302981 187.705808175
52.4806564284 188.044084164
53.6197308475 188.378272469
54.7593723835 188.708522917
55.8994271816 189.034985334
57.039741387 189.357809547
58.1801611447 189.677145381
59.3205326 189.993142663
60.4607018981 190.305951218
61.6005151841 190.615720874
62.7398186032 190.922601455
63.8784583005 191.226742788
65.0162804212 191.528294699
66.1531311106 191.827407015
67.2888565137 192.124229562
68.4233027757 192.418912164
69.5563160419 192.71160465
70.6877424573 193.002456844
71.8174281672 193.291618573
72.9452193167 193.579239664
74.070962051 193.865469941
75.1945025152 194.150459232
76.3156868545 194.434357362
77.4343612142 194.717314158
78.5503717393 194.999479446
79.663564575 195.281003051
