0.4014695356092943 -33.80876996923644
0.41562978461317357 -33.60588053592801
0.430455866875036 -33.46748772253713
0.4459865519304742 -33.390981812154564
0.46227027057264536 -33.37375300887791
0.4793545352209492 -33.41319155723352
0.497283298530931 -33.50668777309963
0.5160960775095305 -33.65163205280692
0.5358276093927259 -33.84541487785373
0.5565077038897073 -34.08542681533859
0.5781611819240879 -34.3690585196336
0.600807861617767 -34.693700731298264
0.6244625802379744 -35.05674427637766
0.6491352570209585 -35.45558006536834
0.6748310196348086 -35.88759908957209
0.7015504501284511 -36.350192415613805
0.729290084629838 -36.840751173390515
0.758043518556974 -37.35666653107489
0.7878041742531252 -37.89532963022418
0.8185736079511798 -38.45413139306444
0.8503947415664186 -39.03046175078808
0.883584490471435 -39.621704241686615
0.9156252204765281 -40.225308195783015
0.38802008811063615 -34.07876481607252
1.1327073438856132 -41.44622086048457
1.3228400013907162 -42.05791210815809
1.5183156581661024 -42.67109513078691
1.7189787025588998 -43.28316531905469
1.9246809882187108 -43.89152020101406
2.1352458247460504 -44.49356027888513
2.3504589773086764 -45.0866892371032
2.570065669002304 -45.6683140120837
2.793769384923337 -46.235844819219864
3.021231332757452 -46.78669516484433
3.252070178809163 -47.318281851408585
3.4858619140229052 -47.82802497940256
3.7221397893520134 -48.31334794616694
3.960394295363187 -48.77167744383141
4.2000731786420715 -49.200443453454994
4.440581501299505 -49.5970792348063
4.681281767318012 -49.95902130870263
4.921494173153064 -50.28370942279042
5.160497121237597 -50.568586483505726
5.39752835957546 -50.811098406021586
5.631787839239848 -51.00869373844856
5.862446295046595 -51.15882253481479
6.088679577203152 -51.25893184712922
6.3099089858579305 -51.306434166044056
6.522568047147217 -51.29913197889039
0.9483328400292805 -40.83862228168957
6.677337787344413 -51.1338682272858
6.620694835681945 -50.979274677681076
6.557804804450882 -50.77353473193699
6.4890562314588465 -50.519443451760935
6.414881831703497 -50.2197900279854
6.335721365210134 -49.877362657481484
6.25201235665412 -49.494949760825676
6.164187005605413 -49.07534038900846
6.072670955139927 -48.62132438463817
5.977882738470612 -48.13569245507031
5.880233511043514 -47.6212362076223
5.780126919173881 -47.08074816728026
5.677959044511681 -46.517021784642964
5.574118401645194 -45.932851436915286
5.468985988217696 -45.331032422996486
5.362935408325029 -44.71436094974379
5.256333126631489 -44.08563410317089
5.149538995070145 -43.447649789226546
5.042907425772228 -42.80320660055523
4.936790335363014 -42.155103482229435
4.831545988731193 -41.50613872792164
4.727574385377181 -40.85910596290995
4.625564979659089 -40.21676602112677
4.523141283611892 -39.58222786771202
6.727649241675408 -51.23448031579554
4.524194641064298 -38.31423876644655
4.622662192878863 -37.68735222671154
4.718292139783614 -37.080201969597226
4.8116264737094525 -36.49554800284318
4.9033111775275415 -35.936135625117544
4.994057893337356 -35.40469977680024
5.084634346490873 -34.903966126309484
5.175861162403578 -34.43665142981109
5.268610605068716 -34.00546367302388
5.363806019520666 -33.61310213128459
5.462421575688211 -33.262257394940036
5.56548216336455 -32.95561137498319
5.674063382416591 -32.69583729541111
5.789291616316461 -32.48559966946033
5.912344210869435 -32.3275542551209
6.044449823865989 -32.224347972010776
6.186889100438634 -32.17861874440936
6.3409960429193575 -32.19299518493506
6.508161039730908 -32.27009589763023
6.6898384501957935 -32.41252773366378
6.8875693703938055 -32.622880555695104
7.103072709916887 -32.90370629784877
7.33888274615731 -33.25737237642838
-2.039604874648404 -34.35993301795173
13.315745210466844 -31.871063146297388
15.163412707540544 -31.034571877925828
16.981640368231012 -30.078191883645758
18.75582775971651 -29.00504545132094
20.471813157651297 -27.820470927422548
22.116301561818545 -26.53192307037034
23.677262211211655 -25.148777122692763
25.14427080006527 -23.682047684233964
26.50877613075636 -22.144040386406203
27.76427748840314 -20.547959317954138
28.906406689611174 -18.907495573981976
29.932916525539497 -17.236422043464557
30.843584236193635 -15.548216876869645
31.640043993235963 -13.855733567423982
32.32556572601845 -12.17093000054669
32.90479892877414 -10.504662966620714
33.38349955052752 -8.866549179093141
33.768256102181056 -7.264889290475111
30.601240306124282 16.019919734885747
31.459065448851902 14.261870062169208
32.230080119460126 12.421580900937215
32.90358278420001 10.508471656175487
33.47012630119144 8.533720288809462
33.92186925969486 6.5100324510340215
34.25287437952409 4.4513293886082295
34.45933252166628 2.3723698587237436
34.53969605887602 0.28832749748971764
34.49471246227296 -1.7856507862559283
34.32735709265734 -3.834878305570612
34.04267229000379 -5.845528200321581
33.647526906036376 -7.804977238461788
33.150315611166945 -9.702077688071114
32.56062015902722 -11.52734797969137
31.888855228527518 -13.273079853574274
31.1459197552216 -14.933365969755243
30.34287133254793 -16.504056952209908
29.49063695354573 -17.982660221989107
28.59976871709057 -19.368194699410537
4.422719844422261 -38.95805640700385
29.6348914234091 25.672238316054433
14.656632867133936 30.311770491612663
15.074438220426089 29.735381915730272
15.516073564662491 29.22004952186137
15.983185313402373 28.761261417234664
16.47727391545638 28.354623188239316
16.999685972729026 27.9958615300568
17.551612271128647 27.680825153958864
18.13408712469746 27.405485087537443
18.747988115165953 27.165934794252564
19.39403597442157 26.958390224503177
20.072794528966398 26.77918983978043
20.784670672472714 26.624794620334484
21.529914355519168 26.491788063748146
22.308618588103798 26.376876174140392
23.120719455148247 26.27688743663117
23.96599615413544 26.18877276752883
24.844071075322432 26.109605411626035
25.754409983313963 26.03658071577641
26.696322472597302 25.96701555998513
27.668963338056983 25.898346651295697
28.671338058935476 25.828123698130952
29.70234118958018 25.753961630271732
30.760239140363723 25.674184311467116
14.260920303616047 30.95381920009015
32.43267902023871 25.828511965901527
33.028240847783934 26.06898479490596
33.62847819805489 26.30616816219805
34.231333115241966 26.538460507121584
34.83472956789342 26.764286866151622
35.436567506843915 26.98210626942827
36.03472137921216 27.190413589015805
36.62703963387321 27.387740155104098
37.21134452349912 27.572654001811287
37.78543201506449 27.74375997859505
38.34707174544951 27.8996998053197
38.894006998237785 28.039152101171453
39.423954690676396 28.160832399504926
39.93460536793259 28.26349315543436
40.42362320088023 28.34592374702129
40.88864598799006 28.406950470768493
41.32728516296868 28.445436529510374
41.73712581084021 28.460282005872045
42.11572670284801 28.45042380684862
42.46062037498825 28.414835539449854
42.769313325697624 28.352527197329863
43.03928661123615 28.262544218624413
43.26799822984742 28.14396371446506
43.452899812095154 27.995868061252878
43.59121565022309 27.817694508033185
31.843874196759174 25.586326058716708
43.406467401319105 27.800532608088133
43.0875188994126 27.961852640938275
42.72672432017714 28.09333736842447
42.32697563689146 28.195812033432475
41.89112805169577 28.27015054387897
41.42199741897099 28.317279551464594
40.9223596009885 28.338179469644757
40.394950255118886 28.333884812480676
39.84246474911549 28.30548432823028
39.26755812462693 28.254121058578136
38.67284508077887 28.18099236558794
38.06089996852387 28.087349942825398
37.434256791974065 27.974499816495552
36.79540921612079 27.843802337726174
36.14681058374799 27.696672164269813
35.49087394701451 27.534578224479304
34.829972127690894 27.359043647848324
34.16643783939088 27.17164562477177
33.50256395646238 26.97401509601403
32.840604187194 26.767835975550383
32.182775094304475 26.554842818433684
31.53126417728049 26.336811491260647
30.88828644802851 26.115493863026927
30.255318696502343 25.893501735656884
43.68065913043904 27.608572137636003
29.326472477623156 25.047266938505686
29.025434586608924 24.439620730994164
28.734053028579126 23.8509276497264
28.45472317508853 23.28266633829648
28.189899200271952 22.736236878620645
27.942085325205312 22.212970897764848
27.713833629498822 21.714134094239512
27.507743321999328 21.24092707909395
27.326460450211755 20.794485711629505
27.17267776859825 20.375881249942154
27.049134674571235 19.986120424150215
26.95861717580442 19.626145471938145
26.90395787544037 19.296834153630726
26.888035967915357 18.998999751594425
26.913777246214863 18.733391054992552
26.98415412245953 18.5006923222343
27.10218567271778 18.301523204034226
27.270937731299284 18.136438583629626
27.493523102833933 18.0059282207593
27.77310209569464 17.910415856695664
28.112884124863285 17.850256523724596
28.516134131416834 17.825725779193533
28.986217520957723 17.8369443292506
-4.653471995994977 -34.10440123247014
-4.653471995994977 -34.10440123247014
-7.427297913749072 -33.609525892866145
-10.326195925709271 -32.834960982871365
-13.302321484401261 -31.746074216640665
-16.29592326941855 -30.31844108525442
-19.238253804936164 -28.542154361219474
-22.0562972639959 -26.425077786925556
-24.67880078582843 -23.994202983558637
-27.042668220631214 -21.294578665746883
-29.098571294026073 -18.38581338122691
-30.81476261180788 -15.336733362119446
-32.17850707118859 -12.219192596578779
-33.195120627992 -9.102139942666298
-33.885109858088356 -6.04684338709896
-34.280192213252036 -3.103773004798086
-34.41900825647889 -0.3112164572409881
-34.343175206650045 2.3046261666823114
-34.094080779751266 4.728492447558267
-33.71057154524149 6.954304504116465
12.159361111393252 32.20116337037467
9.668758776612975 33.03452873528681
6.934452261729348 33.714660859522496
3.971827148413098 34.19048952773193
0.8104304931135857 34.4108730993367
-2.5051548417795857 34.329130257865984
-5.916208832822463 33.908162116063636
-9.35286279020346 33.1253519629671
-12.739051920351358 31.976265279319477
-15.998789446516895 30.47628129035496
-19.06271645653024 28.659689920526887
-21.873762975255232 26.576370676696513
-24.390980721929594 24.286725684317332
-26.591086614090813 21.85587101272199
-28.467800192860324 19.348109396584505
-30.02948230613228 16.822460505779418
-31.295785579785502 14.329647238746304
-32.29401280469975 11.910571859180749
-33.05572063237457 9.596057446536406
-33.61389375478558 7.40750509178406
9.59011727742137 -33.18287792206472
