1.920487758092726 -35.94000560332365
1.999158735580039 -36.592477555436616
2.076684309552107 -37.190804823303615
2.1527497341277098 -37.73673088809057
2.227222530898821 -38.2319892763605
2.300007494273281 -38.678311307501104
2.3710259778265126 -39.077427200781464
2.4402107157572885 -39.43106635237544
2.507504096510715 -39.740957426914086
2.5728574721322417 -40.00882839489354
2.6362308442051585 -40.2364065496594
2.6975927066389005 -40.42541851500768
2.756919960999369 -40.57759025071128
2.8141978679335438 -40.69464705421481
2.8694200180237317 -40.77831356289237
2.9225883134332804 -40.83031375442637
2.973712956053447 -40.852370948139516
3.0228124394689644 -40.84620780451996
3.069913543559437 -40.81354632650592
3.115051330615472 -40.75610785888598
3.158269142655456 -40.675613088733996
3.199618599523788 -40.57378204559907
3.2391595975586256 -40.452334101360755
3.2769603087783707 -40.31298797065196
3.313097180382428 -40.15746171005664
3.3476549347846145 -39.987472718970075
3.380726569967038 -39.80473773902643
3.4124133603920086 -39.610972853875246
3.4428248586795007 -39.407893489585575
3.472078898181934 -39.19721441355184
3.500301597238675 -38.98064973473318
3.527627365807021 -38.75991290233754
3.554198916387932 -38.53671670526048
3.5801672822617974 -38.31277326964805
3.6056918496504977 -38.0897940557944
3.6309404175097484 -37.86948985162
3.6560893172994042 -37.653570760318864
3.6813236764904502 -37.44374617212218
3.7068380775523906 -37.2417246948968
3.732838534985092 -37.04921394553731
3.759550403439249 -36.86791971433499
3.787273735012178 -36.69954011853701
3.815633470722929 -36.545844794666515
1.920487758092726 -35.94000560332365
3.797849331462686 -36.295923377494596
3.7527503330161096 -36.20305639699142
3.710068622172116 -36.131613404008675
3.6698983194752657 -36.083312474515175
3.6323387275630807 -36.05987105655116
3.5974712770319286 -36.06286014742001
3.56518624380206 -36.09196433517294
3.535247650334867 -36.14555866341708
3.5074235544067562 -36.22199120271775
3.4814885794277757 -36.31960940843082
3.4572238549231145 -36.43676012726371
3.4344169874218835 -36.57178960036042
3.4128620482640315 -36.72304346466039
3.392359573355833 -36.88886675350037
3.3727165746791172 -37.067603895353564
3.35374656851684 -37.25759871225203
3.335269633276255 -37.45719441466282
3.3171125293555406 -37.66473359220175
3.299108965920283 -37.87855819149176
3.281100270679559 -38.09700946246949
3.262937401374984 -38.31842779406026
3.2444889946651756 -38.541152061092866
3.2256977113479195 -38.76351504554605
3.2058229986321294 -38.98390496508598
3.8453356205363036 -36.40848941661072
3.243670090483704 -39.4044655282955
3.302117815384861 -39.60122224495632
3.360288127296684 -39.7892418475575
3.417993261265593 -39.96686810937279
3.4750506180699006 -40.13244448131032
3.531274060686229 -40.28431479900393
3.586471742569813 -40.420823459031276
3.6404453891373976 -40.540315477300226
3.692990017444316 -40.64113651144976
3.7438938184069457 -40.721632870026674
3.7929381113401632 -40.78015151540876
3.8398973388517845 -40.81504006397839
3.884539092453565 -40.82464678206276
3.9266241719734296 -40.80732057942083
3.965906693059935 -40.761410997413755
4.0021342748021596 -40.68526818831651
4.035048374251289 -40.57724287876396
4.064384912507677 -40.43568630144635
4.08987553095875 -40.25895005793968
4.111250358825885 -40.04538581752792
4.128244935564851 -39.793344562273155
4.14062098221217 -39.501174323137676
4.148249491699119 -39.16721112339431
4.15169236940045 -38.789715583594734
4.1443537663573125 -38.3677283813343
3.1851988314034543 -39.20062264984721
4.57398517845985 -37.310495515590794
4.998141697586448 -36.67391721140586
5.40008740858633 -35.98808175853113
5.778028756705567 -35.251533893316584
8.829112051090476 -33.88850005571233
11.119004014189557 -33.20770099493734
13.432997467948155 -32.34096836309674
15.744108035084821 -31.281092017643868
18.02316850894124 -30.025806442709143
20.240013205112973 -28.578410051883193
22.364854823777307 -26.948041196867937
24.369732781943753 -25.149548301577557
26.229891301362215 -23.20294071783681
27.924947581388835 -21.132462190038627
29.439736048669772 -18.96537890529425
30.764758928442518 -16.730608587601978
31.89622669997226 -14.457329557726176
32.835723285039705 -12.17369836923137
33.58957062702075 -9.905776129567624
34.16799014719538 -7.676724883561021
34.58416356163161 -5.506295159091708
34.85328570245014 -3.4105910602282865
34.99168248363429 -1.4020743921939656
35.016043553438465 0.5102445496298884
18.575708616430973 29.68714713532067
20.55648419959664 28.35162452115327
22.50455364479916 26.831487489236995
24.392011912252087 25.127940833050296
26.190352660894405 23.24756079967763
27.871783733213647 21.202531149975723
29.410623467642154 19.01049401991706
30.7846436093335 16.693992137384246
31.976219598089244 14.279532059962605
32.9731675256823 11.796350238951728
33.76918654416647 9.275003815741053
34.36387805719062 6.745927698045723
34.76236762897855 4.238095381709621
34.97460138764768 1.7778957820631192
35.014418141578176 -0.6117007793421156
34.89850860524746 -2.911658078517529
34.64536583208246 -5.107081553872069
34.274311164702624 -7.187158675155645
33.804653945380096 -9.14489077407829
33.25501656547573 -10.976681140793909
-9.004226040339297 34.846752924919635
-8.98830547484527 35.50912914568872
-8.95264386866495 36.12007431911241
-8.898644247741636 36.68108826414654
-8.827517098473471 37.19371676089837
-8.740412560568743 37.65951739215393
-8.638439312056569 38.080054663805115
-8.522669290826173 38.45689878514753
-8.394139268512205 38.79162526148574
-8.25385148041967 39.085814731887346
-8.10277391201597 39.34105289536692
-7.941840442150678 39.55893047306152
-7.771950920603103 39.7410431892233
-7.593971212217781 39.88899175889115
-7.408733223730664 40.00438188167536
-7.217034920418527 40.08882423683437
-7.01964033713584 40.14393448113094
-6.817279585471979 40.17133324604622
-6.610648858954534 40.172646137439145
-6.400410436433049 40.149503733824915
-6.187192684621735 40.1035415859877
-5.971590059868888 40.0364002165753
-5.754163109328346 39.94972511952491
-5.535438471774725 39.845166760171054
-5.315908877856614 39.72438057424246
-5.096033150204036 39.58902696858796
-4.876236202912054 39.44077132057204
-4.65690904055981 39.281283977907265
-4.438408756601646 39.11224025922459
-4.221058530563511 38.935320453315825
-4.005147623844991 38.7522098199299
-3.790931372849684 38.564598589391295
-3.5786311779933726 38.37418196357669
-3.3684344850785806 38.18266011609797
-3.1604947526849685 37.991738193821746
-2.954931391414391 37.803126318973995
-2.7518296423325808 37.618539594073496
-2.551240309356274 37.43969811176042
-2.3531790902294176 37.26832698058342
-2.157624569328817 37.106156401986894
-1.9645101887385295 36.954921977083124
-1.7736680458898775 36.81636685705305
-1.5855905878667897 36.69221260232429
-9.004226040339297 34.846752924919635
-0.3079378560894668 36.041916694700014
0.7773699015310456 35.521690905834355
1.8580494326396888 35.02450998224896
2.936149054741435 34.55125628287638
4.013933976041528 34.10273236658278
5.093857024524283 33.67952364844031
6.178236669353339 33.28040236455318
7.269089973702023 32.902964004600165
8.368232727321526 32.5448569418523
9.477282251946349 32.203807342420916
10.5976573385731 31.87761916197379
11.730578214620067 31.564174142837054
12.877066526552426 31.261431810896937
14.037945331793395 30.967429471831622
15.21383909710596 30.680282204497935
16.405173704344605 30.398182850967373
17.612176466157365 30.119401996937818
18.83487616206179 29.842287933938923
20.07310312040724 29.565266575251577
21.326489426865606 29.28684124743456
22.59446955079315 29.005592062715788
23.876282855519918 28.720173412260888
25.17099117024378 28.4292964140779
26.477241253307284 28.131966166912207
-1.3996454254929347 36.58422748011659
27.720001152250404 28.157112174646954
27.63897963174628 28.48412518505052
27.549695647402643 28.80669476935954
27.451149642536365 29.123495746554404
27.342383148829498 29.43316834263167
27.222476072752585 29.734320901575945
27.090546019282613 30.025530561548
26.945748069445926 30.3053434785432
26.7872746949605 30.5722749131824
26.614355724603428 30.824809266714382
26.426258334496367 31.061400093964384
26.22228705380536 31.280470103743262
26.001783782957716 31.48041114769468
25.764127829205904 31.65958419776381
25.508735967635488 31.81631930571908
25.235062545911717 31.948915532507897
24.94259967037752 32.05564082240459
24.63087755413474 32.13473176721267
24.299465215607597 32.18439313249333
23.94797201875957 32.202796813852046
23.576051526032302 32.188079223815066
23.18341306245719 32.13833345019661
22.769867978535956 32.051577884202025
22.33565350524492 31.92553660890897
21.877092319340534 31.76058272953257
27.79381986134888 27.826927341087735
20.557610983169354 31.458051709050284
19.707711367285015 31.310876638384382
18.847798959434954 31.10898467208442
17.979748599274444 30.84934036327126
17.979748599274444 30.84934036327126
-0.6021647664844494 -35.2734450963289
-3.221467915901002 -35.13119234863151
-5.950585484410169 -34.773108341970975
-8.756950630086742 -34.17446922824037
-11.600986000658729 -33.316597292974635
-14.437616208214891 -32.18903182132099
-17.21856080150703 -30.791227570438473
-19.895213303641945 -29.13346905145889
-22.421774707862042 -27.23678671061626
-24.758231805911997 -25.131822242218167
-26.872780820454324 -22.85677541442684
-28.743396232846376 -20.45472327779863
-30.358405109913445 -17.97069198868274
-31.7161023412675 -15.448863506678107
-32.823586363063896 -12.930224655287716
-33.695079092619544 -10.450845722324951
-34.350011754148944 -8.040847210310218
-34.81112295122747 -5.724006485343038
-35.102749247478634 -3.517886672188663
-35.249414183604046 -1.4343399466159124
-11.208544562560917 33.450666064501775
-13.663087335763272 32.525352816303624
-16.157265195768186 31.361143358674642
-18.65257274334264 29.944282616620416
-21.10564307619069 28.268893889046456
-23.470344372328892 26.338592718936486
-25.70047823598632 24.16741504197994
-27.752800418615806 21.779820942657057
-29.589983246374914 19.209670034880254
-31.18311327947821 16.4982416508231
-32.51338317533234 13.69154651103155
-33.57277930329164 10.837297690023878
-34.36374654868566 7.981945533979722
-34.897979315240626 5.168130327571298
-35.19460264952983 2.4327917525823466
-35.27805137189643 -0.19396590308810246
-35.17593345790359 -2.6892818251093935
-34.91709801617332 -5.037340319917801
-34.53004426640028 -7.228732553509063
