22.149680789756363 -29.656458976601797
22.25690655966515 -30.017757243729392
22.34903420484936 -30.362802511842318
22.42653181991259 -30.69184584989307
22.489861737940966 -31.005142133471566
22.53948074753172 -31.302949882818154
22.575840146081042 -31.58553122176403
22.599385757358316 -31.85315186453147
22.610557938294 -32.10608111088794
22.609791581403957 -32.34459184381964
22.597516115655004 -32.568960528735914
22.57415550667945 -32.779467213640174
22.54012825582861 -32.97639552877244
22.49584739967119 -33.16003268775131
22.441720508252256 -33.33066948772506
22.378149683535344 -33.48860031068881
22.305531557008635 -33.63412312471138
22.224257286664724 -33.76753948575089
22.134712552735298 -33.88915453972159
22.037277552347575 -33.99927702597489
21.932326991656204 -34.09821928141194
21.82023007493425 -34.18629724666437
21.701350488889943 -34.26383047532586
21.576046378793663 -34.331142147025446
21.44467031229947 -34.3885590885082
21.307569220938134 -34.43641180611408
21.165084303484893 -34.47503454101644
21.017550856569557 -34.504765365135114
20.865297960356898 -34.52594635932624
20.708647850128045 -34.538923969753824
20.547914533700794 -34.544049791344634
20.383400335751194 -34.541682527196116
20.215385530618946 -34.53219386586008
20.044086873841813 -34.5159919900745
19.86936732442448 -34.493686138632256
19.694638457051816 -34.46387428320247
22.026881522137405 -29.278661590767243
19.17247019886657 -34.42848991339514
18.82598037770464 -34.42381753848474
18.479119654473024 -34.41436779026316
18.1322962360397 -34.40045987365028
17.785843476601062 -34.38245338619703
17.440063829076788 -34.36072340149644
17.09523983226136 -34.33565424003771
16.751637772557743 -34.30763739299991
16.40950914827897 -34.27707069265247
16.069091333825078 -34.24435793434128
15.730607911303576 -34.209908688844564
15.394268847688046 -34.17413820135698
15.060270594250031 -34.13746733366506
14.728796144621235 -34.10032253098237
14.400015068059464 -34.063135801314814
14.074083527211101 -34.02634470304446
13.751144285033789 -33.99039233893288
13.431326701385995 -33.955727352962555
13.114746719687258 -33.922803932639084
12.801506838839728 -33.89208181396489
12.491696064453656 -33.864026294812106
12.18538982287221 -33.83910825700565
11.882649808207368 -33.817804207888884
11.583523695846033 -33.80059635901529
11.288044567086821 -33.78797278386705
10.996229641740676 -33.780427766488344
10.708077108047952 -33.77846267441595
10.423556610170877 -33.782588576735094
10.14257119707122 -33.79333671995539
9.864690961097466 -33.8113318591389
9.592749487878663 -33.83630213248654
19.517798394973525 -34.428280520857044
9.351063358988789 -33.79547679947888
9.379603192870071 -33.73128700570484
9.410657769765741 -33.677142839866775
9.444476413886548 -33.633459845757244
9.481253966374851 -33.60066851776932
9.52117133381305 -33.57920313786164
9.56440562745496 -33.56949898373699
9.611133545599735 -33.57199139760911
9.661532729618578 -33.587115412688746
9.715782384112963 -33.615305582202296
9.774063591733302 -33.65699589239429
9.836559488794471 -33.71261971384874
9.90345537347892 -33.78260977080245
9.97493878155391 -33.867398119804335
10.051199548295322 -33.96741613153955
10.132429869150926 -34.08309447220657
10.218824370391587 -34.2148630821284
10.310580202341995 -34.36315114624577
10.407897174728603 -34.52838705140272
10.510977966814295 -34.710998320083945
10.620028472483895 -34.911411500667384
10.735258400274901 -35.13005197648491
10.856882384917427 -35.36734361319384
10.98512220731942 -35.62370805281907
11.120211676325908 -35.89956316173334
11.26240883118298 -36.19531915197231
11.412032546454398 -36.5113669449336
11.569608949102971 -36.84803162657849
11.736896334873933 -37.20524663732567
19.873021951631205 -30.295761197987744
20.020580494342866 -33.96634559246212
22.75079455930903 -32.20151585185312
25.41970285794764 -30.13925982585974
27.97297871257338 -27.785765027851028
30.356553669670717 -25.1598077404704
32.52034653916992 -22.292674518983432
34.42189630813236 -19.226786803551363
36.02937562176173 -16.013131128640453
37.323550943723276 -12.707825195064913
38.29844804548581 -9.368305799036307
38.960721616047934 -6.0496650646005605
39.32794686336317 -2.8015837930563805
39.42619459854505 0.33384983853602535
39.287297024932755 3.3233369843793525
38.9461700212881 6.142647386099384
38.43846097616391 8.776160551229566
37.798675948171066 11.215898216468815
37.058835253802386 13.460275103747591
-4.592475114415805 39.15923197102447
-1.6445998332935687 39.39329343461097
1.4663365238038608 39.40033164119296
4.707293552255791 39.14559571203284
8.035708860395019 38.600047400851736
11.400845710426324 37.74330395347084
14.74620996532218 36.566180657756234
18.012868120985033 35.072394533208524
21.143297298911918 33.27908135100574
24.085258084962163 31.21596737597281
26.795151485382775 28.923280123672384
29.240416629143652 26.448710962750766
31.400717885765445 23.843892142341275
33.26789971476667 21.16088667341853
34.8448902548145 18.449116492855865
36.14386473610888 15.753009813203903
37.18402244767941 13.110482479585073
37.98929924152746 10.552223432751703
38.58625989745373 8.101655593962732
39.002321464394655 5.775395798129551
9.324450635405668 -33.8693897669545
-12.28691557930901 32.910676814446305
-36.11373607450879 6.532745861417055
-36.01801705573949 7.285023883004584
-35.89276968678362 8.045941340484745
-35.7392214998937 8.814399746598184
-35.55857800026091 9.589332438332178
-35.3520223674107 10.369706451836322
-35.120715379985626 11.154522990701338
-34.86579539134563 11.942817581885578
-34.588378320391016 12.733660137937022
-34.28955764736244 13.52615498491241
-33.97040441227251 14.319440876115891
-33.63196721482707 15.112690999366748
-33.27527221406217 15.905112980509813
-32.90132312971757 16.695948885609596
-32.511101242736736 17.4844752214444
-32.10556539710495 18.270002935635773
-31.685652001764673 19.051877415947615
-31.252275033340837 19.829478489052605
-30.806326039446038 20.60222041839998
-30.348674143795726 21.369551901513034
-29.880166052624475 22.130956065696154
-29.401626064103517 22.885950462048385
-28.91385608221934 23.634087056872005
-28.41763563686492 24.374952218320317
-27.913721915582933 25.10816669641744
-27.402849813239058 25.833385590307955
-26.885732015666907 26.550298294548554
-26.363059145336365 27.258628404712425
-25.83550003184941 27.95813354226894
-25.30370225282258 28.648605004500467
-24.76829332328755 29.32986699406632
-24.2298836696274 30.00177469376868
-23.68907555048375 30.66420849041961
-23.146498739863514 31.31705087036235
-22.603060308899835 31.96002468963104
-22.05659096181198 32.59486462013686
-36.17867928497391 5.790224463002033
-21.197998343626782 33.22947854897393
-20.88581271905566 33.23322722385822
-20.57300510224601 33.23213579135873
-20.2598226216611 33.22661182039403
-19.946554035309493 33.21703428916311
-19.63349191105788 33.203778073050785
-19.32092317215144 33.18722006616841
-19.009125946307247 33.16774122158412
-18.69836830638266 33.14572736778163
-18.388907698067545 33.121569578331446
-18.080990655245287 33.095664357401176
-17.77485264766368 33.068413738885
-17.4707179950351 33.0402253419777
-17.16879981786148 33.01151240473757
-16.869300008826226 32.982693803485205
-16.57240921764666 32.95419406397778
-16.27830684618457 32.92644336785503
-15.987161051501777 32.899877553305004
-15.699128759131957 32.8749381129077
-15.414355688112494 32.852072184443585
-15.132976396479851 32.831732536022656
-14.855114359227013 32.81437753694007
-14.580882107866689 32.80047110619802
-14.310381491745602 32.79048261565791
-14.043704202074636 32.78488669438036
-13.780932926627617 32.78416279775945
-13.522144238080813 32.788794129791
-13.26741725977416 32.799264407289485
-13.016868331447839 32.81604491816603
-12.770893671170697 32.839503926111746
-12.526893820822416 32.87112956988338
-21.509621218990034 33.220282190632105
-12.079188355959303 32.90325638642898
-11.875997220997782 32.90474487268858
-11.676954146694328 32.91577090626265
-11.481971521686638 32.93685003323168
-11.291003578778287 32.96848124805075
-11.104009454014196 33.011160784998964
-10.920943948892472 33.0653855661499
-10.741754448326745 33.13165435142196
-10.566379684412738 33.21046819920696
-10.394749170334663 33.302330676537764
-10.226782912095842 33.40774796516308
-10.062391246638889 33.527228920029074
-9.901474740483096 33.66128510401893
-9.743924117308488 33.81043081148201
-9.589620196508683 33.97518308582369
-9.438433830589219 34.156061734919746
-9.290225830538688 34.35358934824367
-9.144846865034218 34.568291317447034
-9.00213731289164 34.800695865594776
-8.861927033007987 35.051334092019005
-8.724034985274997 35.320740044721816
-8.588268570764981 35.60945084580749
-8.454422409532086 35.9180069244791
-8.322275898315638 36.246952480678374
-8.191587839794579 36.59683650473832
-8.06208301794986 36.96821532655213
-7.933411926057275 37.36166026145278
-7.804989681035963 37.77778819257705
-7.6748684283259365 38.21747564849838
17.80646076739161 -31.554716018288914
17.80646076739161 -31.554716018288914
15.590577996012813 -32.70633005712742
13.238107382065195 -33.72717985536927
10.766476246291287 -34.595565283625035
8.19746150079454 -35.292658910862855
5.556515339919962 -35.803565260079196
2.8717948140565994 -36.118180222728185
0.17296994763259477 -36.2317571952111
-2.510083696622438 -36.14511900508097
-5.148586762273553 -35.86449779945144
-7.7160345694579675 -35.40103047339788
-10.189156040518483 -34.76997623291511
-12.548590527571164 -33.98974880499806
-14.779258698460701 -33.08086547204425
-16.870439930807358 -32.064909240422566
-18.815596938193593 -30.963582801655164
-20.612005747154626 -29.797908771166817
-22.260255519580767 -28.587605220768125
-23.763679948647706 -27.350642832550648
-36.07127908645317 3.4107144592771306
-36.21849555028256 0.9953532687834752
-36.20103011400931 -1.5018544337272886
-36.00412570680996 -4.058704244428526
-35.61674232587197 -6.64964767096393
-35.032412405938025 -9.246633391445528
-34.249862147143574 -11.820198431379126
-33.27331777957609 -14.340727735887796
-32.1124490519404 -16.77977246395335
-30.78194556821971 -19.11130490287553
-29.300766874518274 -21.312794481734386
-27.691145628716612 -23.366013819749497
-25.977447718919002 -25.25752082185315
-24.185000352756703 -26.97880475470835
-22.338989593051693 -28.52612297556476
-20.463506666731732 -29.90008433025133
-18.580793554874703 -31.105051983988744
-16.71070887129737 -32.14844252952635
-14.87040954101171 -33.039991951241504
-13.074225024435037 -33.79104597472461
14.575572904290922 -36.63453221686791
