117.475834158
8.5746187545
119.823008979
48.9630006147
122.177342434
49.3891555823
124.53862264
49.8510685094
126.906637712
50.3467242483
129.281175769
50.8741076508
131.662024924
51.4312035693
134.048973296
52.0159968559
136.441808999
52.6264723625
138.840320152
53.2606149415
141.244294869
53.9164094448
143.653521268
54.5918407247
146.067787464
55.2848936333
148.486881573
55.9935530226
150.910591714
56.7158037448
153.338706
57.449630652
155.77101255
58.1930185964
158.207299479
58.94395243
160.647354903
59.7004170051
163.090966939
60.4603971736
165.537923703
61.2218777879
167.988013312
61.9828436998
170.441023882
62.7412797617
172.896743529
63.4951708256
175.354960369
64.2425017436
177.815462519
64.9812573679
180.278038095
65.7094225506
182.742475214
66.4249821438
185.208561992
67.1259209996
187.676086545
67.8102239702
190.144836989
68.4758759076
192.614601441
69.1208616641
195.085168017
69.7431660917
197.556324834
70.3407740426
200.027860008
70.9116703688
202.499561654
71.4538399226
204.97121789
71.965267556
207.442616832
72.4439381211
209.913546596
72.8878364701
212.383795298
73.2949474551
214.853151056
73.6632559283
217.321401984
73.9907467417
219.7883362
74.2754047475
222.253741819
74.5152147977
224.717406959
74.7081617446
227.179119734
74.8522304402
229.638668263
74.9454057367
232.095840661
74.9856724862
234.550425044
74.9710155409
237.002209529
74.8994197527
239.451002493
74.7691726398
241.896784331
74.5811314086
244.339622209
74.3374494791
246.779583957
74.0402902067
249.216737407
73.6918169465
251.651150389
73.2941930539
254.082890733
72.849581884
256.51202627
72.3601467922
258.938624831
71.8280511336
261.362754246
71.2554582635
263.784482346
70.6445315372
266.203876962
69.9974343099
268.621005925
69.3163299368
271.035937065
68.6033817733
273.448738212
67.8607531744
275.859477198
67.0906074956
278.268221852
66.295108092
280.675040007
65.4764183189
283.079999492
64.6367015316
285.483168137
63.7781210852
287.884613775
62.902840335
290.284404234
62.0130226363
292.682607347
61.1108313444
295.079290943
60.1984298144
297.474522853
59.2779814016
299.868370908
58.3516494612
302.260902939
57.4215973486
304.652186776
56.489988419
307.04229025
55.5589860275
309.431281191
54.6307535295
311.819227431
53.7074542802
314.206196799
52.7912516348
316.592257127
51.8843089486
318.977476245
50.9887895768
321.361921983
50.1068568747
323.745662173
49.2406741976
326.128764645
48.3924049006
328.51129723
47.5642123391
330.893327759
46.7582598682
333.274924061
45.9767108432
335.656153968
45.2217286194
338.03708531
44.495476552
340.417785918
43.8001179963
342.798323623
43.1378163075
345.178766256
42.5107348408
347.559181646
41.9210369515
349.939637625
41.3708859949
352.320202023
40.8624453261
354.700942671
40.3978783005
357.081927399
39.9793482733
359.46322403
39.6090185997
199.986070591
7.222787022
202.038440855
207.42109106
204.095205633
207.60803847
206.156123566
207.783408675
208.220953294
207.946981098
210.289453457
208.098535161
212.361382698
208.237850285
214.436499656
208.364705893
216.514562972
208.478881407
218.595331287
208.580156251
220.678563241
208.668309845
222.764017476
208.743121612
224.851452632
208.804370974
226.94062735
208.851837355
229.031300271
208.885300175
231.123230035
208.904538857
233.216175283
208.909332824
235.309894657
208.899461497
237.404146795
208.874704299
239.49869034
208.834840653
241.593283933
208.779649979
243.687686213
208.708911702
245.781655822
208.622405243
247.8749514
208.519910023
249.967331588
208.401205466
252.058555027
208.266070994
254.148380358
208.114286029
256.236566221
207.945629993
258.322871257
207.759882309
260.407054107
207.556822398
262.488873411
207.336229684
264.568087811
207.097883587
266.644455947
206.841563531
268.71773646
206.567048938
270.78768799
206.27411923
272.854069179
205.962553829
274.916638666
205.632132158
276.975155094
205.282633639
279.029377102
204.913837694
281.079063331
204.525523745
283.123972423
204.117471214
285.163863017
203.689459525
287.198493755
203.241268098
289.227623277
202.772676357
291.251010224
202.283463723
293.268413237
201.77340962
295.279590956
201.242293468
297.284302023
200.689894691
299.282305077
200.11599271
301.273368699
199.520387533
303.257504849
198.903383288
305.2349774
198.265805881
307.206061864
197.608505336
309.171033756
196.932331676
311.13016859
196.238134924
313.08374188
195.526765104
315.03202914
194.79907224
316.975305884
194.055906354
318.913847626
193.298117471
320.84792988
192.526555614
322.77782816
191.742070805
324.703817979
190.945513069
326.626174853
190.137732429
328.545174295
189.319578909
330.461091819
188.491902531
332.374202939
187.655553319
334.284783169
186.811381298
336.193108023
185.960236489
338.099453015
185.102968917
340.004093659
184.240428604
341.90730547
183.373465575
343.80936396
182.502929853
345.710544645
181.629671462
347.611123038
180.754540424
349.511374653
179.878386762
351.411575004
179.002060502
353.311999606
178.126411665
355.212923972
177.252290276
357.114623616
176.380546358
359.017374052
175.512029934
360.921450795
174.647591028
362.827129358
173.788079662
364.734685255
172.934345862
366.644394
172.087239649
368.556531108
171.247611047
370.471372092
170.416310081
372.389192467
169.594186772
374.310267746
168.782091146
376.234873443
167.980873224
378.163285073
167.191383031
380.095778149
166.41447059
382.032628186
165.650985925
383.974110697
164.901779058
385.920501197
164.167700013
387.872075199
163.449598814
389.829108218
162.748325484
391.791875767
162.064730047
393.76065336
161.399662526
395.735716512
160.753972944
397.717340737
160.128511325
399.70580154
159.524127692
-20.0728718102
40.16059144
-19.4940497803
141.321838248
-18.9000351626
142.462097475
-18.2910355102
143.581628102
-17.667258376
144.680689111
-17.0289113131
145.759539484
-16.3762018746
146.818438204
-15.7093376136
147.857644252
-15.0285260829
148.877416611
-14.3339748357
149.878014261
-13.6258914251
150.859696186
-12.9044834039
151.822721368
-12.1699583254
152.767348787
-11.4225237425
153.693837426
-10.6623872083
154.602446268
-9.88975627579
155.493434294
-9.10483849801
156.367060486
-8.30784142802
157.223583826
-7.49897261885
158.063263296
-6.67843962353
158.886357879
-5.84644999511
159.693126555
-5.00321128663
160.483828308
-4.14893105112
161.258722119
-3.28381684162
162.018066969
-2.40807621117
162.762121842
-1.5219167128
163.491145719
-0.625545899569
164.205397581
0.280828675503
164.905136412
1.19699945937
165.590621193
2.122758899
166.262110905
3.05789944135
166.919864532
4.00221353338
167.564141054
4.95549362205
168.195199455
5.91753215434
168.813298715
6.88812157719
169.418697817
7.86705433756
170.011655743
8.85412288243
170.592431475
9.84911965876
171.161283995
10.8518371135
171.718472284
11.8620676936
172.264255326
12.8796038461
172.798892101
13.9042380178
173.322641592
14.9357626558
173.83576278
15.9739702071
174.338514649
17.0186531185
174.831156179
18.0696038371
175.313946353
19.1266148097
175.787144152
20.1894784835
176.251008559
21.2579873053
176.705798556
22.331933722
177.151773125
23.4111101808
177.589191247
24.4953091284
178.018311905
25.5843230119
178.43939408
26.6779442783
178.852696755
27.7759653745
179.258478912
28.8781787474
179.656999532
29.9843768441
180.048517597
31.0943521114
180.433292091
32.2078969964
180.811581993
33.324803946
181.183646287
34.4448654072
181.549743955
35.5678738269
181.910133978
36.6936216521
182.265075339
37.8219013298
182.614827019
38.9525053069
182.959648
40.0852260303
183.299797265
41.2198559471
183.635533796
42.3561875043
183.967116573
43.4940131486
184.29480458
44.6331253273
184.618856799
45.7733164871
184.93953221
46.914379075
185.257089797
48.0561055381
185.571788542
49.1982883232
185.883887425
50.3407198774
186.19364543
51.4831926476
186.501321538
52.6254990807
186.807174732
53.7674316238
187.111463992
54.9087827238
187.414448302
56.0493448275
187.716386643
57.1889103821
188.017537997
58.3272718345
188.318161347
59.4642216316
188.618515673
60.5995522204
188.918859959
61.7330560479
189.219453186
62.8645255609
189.520554335
63.9937532066
189.82242239
65.1205314318
190.125316332
66.2446526834
190.429495144
67.3659094086
190.735217806
68.4840940542
191.042743301
69.5989990671
191.352330611
70.7104168944
191.664238718
71.8181399831
191.978726604
72.9219607799
192.296053252
74.0216717321
192.616477642
75.1170652864
192.940258757
76.2079338899
193.267655579
77.2940699895
193.598927089
78.3752660321
193.934332271
79.451314464
194.274130106
1.6922314111502033
-35.4771379223445
1.901652175829426
-36.26912482748032
2.1160542795896333
-36.993305261049336
2.333749231295471
-37.651902287013165
2.553776047543323
-38.24710292145452
2.7753285372314735
-38.78108544968887
2.9976735334817874
-39.2560233219729
3.220130545569617
-39.67408611734208
3.442065179027992
-40.037439841170475
3.662887008681764
-40.34824698560376
3.8820501462834898
-40.6086663816772
4.099059859007269
-40.820852396636035
4.3135229232278505
-40.98694912670995
4.524475848010468
-41.10916755849786
1.6922314111502033
-35.4771379223445
4.674854054962083
-41.25252263877816
4.613538654644032
-41.27794443451152
4.5482902388005755
-41.26796418320855
4.479482792235302
-41.22466462549114
4.407488787440911
-41.15012843586802
4.3326710609985355
-41.04643915588609
4.2553807826055845
-40.915681427051226
4.175956778165784
-40.759941069200174
4.094725258982976
-40.58130511101259
4.011999698856698
-40.38186180474217
3.9280807727236606
-40.163700632774216
3.8432563239692
-39.92891231170119
3.757801346197084
-39.67958879424525
3.6719779731497795
-39.41782327066633
3.586035473858317
-39.14571016930467
3.5002102522766734
-38.86534515658079
3.414725852813234
-38.578825137282415
3.3297929769926498
-38.288248252546396
3.2456095291460656
-37.99571387686511
3.1623607567425154
-37.703322607422976
3.0802198150257425
-37.413176219452296
2.9993517247733337
-37.127377359753986
2.9198601485595645
-36.848033681089035
4.731917807231355
-41.18960945618884
2.871762524243934
-36.306963528887536
2.9019184297771687
-36.04959254042532
2.9325980115654886
-35.80723252976517
2.9640374078044545
-35.5819792396178
2.9964853168858667
-35.37592723129296
3.030202386177365
-35.191169932405494
3.0654610618436777
-35.029799648229215
3.102545542208503
-34.89390756536378
3.1417517636021444
-34.785583752512515
3.183387400120239
-34.70691715998224
3.227751215262799
-34.65977381266455
3.274935109089057
-34.64371919397642
3.3248981370731485
-34.65695801562893
3.377587804899008
-34.69767815697999
3.4329417589701734
-34.76406843322314
3.4908878922484234
-34.85431858364019
3.551344541167566
-34.96661924918174
3.614220879810489
-35.099161928201944
3.6794177872278055
-35.250138878323035
3.74683001598828
-35.417742872230704
3.816352697767968
-35.60016646366471
3.8879073657853382
-35.79559905198136
3.961624111975823
-36.00220633599649
4.035393271677663
-36.21840647434041
2.841911010719798
-36.577248237896846
4.2223788498150725
-36.66315638027332
4.3361756225475006
-36.88793884171405
4.451460687233123
-37.11480897987896
4.567972064438663
-37.34197570135962
4.685469895752931
-37.56764616646507
4.803708604473741
-37.79002892838004
4.922429936046001
-38.00733471907276
5.041360638250978
-38.21777671034269
5.160211533526649
-38.419570618639064
5.2786770975477
-38.610934752664924
5.396435248797388
-38.79009003676664
5.513147235787073
-38.95526002409459
5.628457573087871
-39.10467090322702
5.741994003782565
-39.236551502381786
5.853367477094935
-39.34913329216904
5.962172135214644
-39.440650386335285
6.067985306495757
-39.50933954239918
6.170367503403838
-39.55344016152063
6.268862424614667
-39.57119428731475
6.362996961633598
-39.560846604591504
6.452281210700335
-39.52064443660421
6.536208491889283
-39.44883774049545
6.614255379015788
-39.34367910182238
6.685881745769109
-39.20342372481317
6.750530838359282
-39.02632941748851
6.807629392967101
-38.8106565680472
6.856587832425646
-38.5546681047367
6.896800611528477
-38.25662942650197
6.92764685887704
-37.91480827257312
6.948491661537048
-37.52747446313105
6.958688891636882
-37.092899328064206
6.957588272726923
-36.60935427752544
6.9445565790434785
-36.07510651761981
6.919062429595726
-35.48840190795325
6.881269841853225
-34.847344973425216
9.114262095972208
-33.61646399961884
11.37144894650828
-32.92152144492567
13.649531910889834
-32.044136811675
15.92217232240381
-30.977747721992685
18.161022449013387
-29.72059368515671
20.336868377719213
-28.276283524874177
22.420947705712592
-26.6540340168134
24.386327216714903
-24.86852368499297
26.20920758961813
-22.939351841672618
27.87002510241848
-20.890144235555393
29.354244845516064
-18.747392750492995
30.652781385359845
-16.539148065516606
31.762032357460782
-14.293695320502628
32.683557993852276
-12.038333034695484
33.42347650766084
-9.798349020809013
33.99166654765702
-7.596251095418161
34.40087278999255
-5.4512729411115615
34.665801845676356
-3.379143055280146
34.80227772883302
-1.39208127525675
34.82650425249426
0.5010258902950326
18.892702019370972
29.2609336111991
20.832240800179648
27.913333169563877
22.73628348246109
26.385561180253752
24.57774241743516
24.679363911048334
26.329074047287406
22.801672859775074
27.96354013355125
20.764798303643964
29.456535687229007
18.586256500402335
30.7868571797718
16.288212006972365
31.937781349994452
13.896566044591403
32.897843273296075
11.43976981225557
33.66123974424693
8.947478095646623
34.22783305061034
6.449175920324343
34.60278079641563
3.9729065615684718
34.79585973793422
1.5442054558104914
34.820578721365166
-0.8146919055432775
34.6931851806163
-3.085340729191927
34.4316629070006
-5.253286100187658
34.05480048808823
-7.308008559672814
33.58138560642027
-9.242670942138666
33.02955551692975
-11.053727323658869
-9.825724956632229
34.13130661704225
-10.513588343918059
34.72312477691775
-11.200678730618009
35.24315041280567
-11.885853195773308
35.69417502548027
-12.567464366484387
36.07912378693349
-13.243870324582062
36.40090875396877
-13.913507417932237
36.66240791488295
-14.574908399039217
36.86645998552056
-15.226708329704422
37.015862747228105
-15.867646588206668
37.113372563365765
-16.496566702470048
37.161704712873025
-17.1124118059588
37.16353583697851
-17.714189240281655
37.121522103373934
-18.301444109458743
37.03805714056371
-9.825724956632229
34.13130661704225
-18.538375499965355
37.10288085211486
-18.18598003648225
37.25651044435565
-17.81794040703184
37.378210347750844
-17.43608438528497
37.46952932465648
-17.04215839373012
37.53204791166998
-16.637833224621858
37.56737549467711
-16.224705470105164
37.577149577239595
-15.80429799922291
37.5630355373724
-15.378060148342513
37.52672652948529
-14.947367807965804
37.46994344062031
-14.513523465663127
37.39443486786996
-14.077756229140192
37.301977106802084
-13.641221838834184
37.19437414461201
-13.205002674826176
37.07345765650027
-12.77010775972974
36.94108700354195
-12.337472757967504
36.799149231827755
-11.907959970293007
36.649559073912386
-11.482358317757672
36.49425895169375
-11.061383299754823
36.335218987333036
-10.645676865349543
36.17443703600955
-10.235806895769855
36.01393881663047
-9.832263580500694
35.85577883475726
-9.435508092908634
35.702027997550914
-18.87317762598869
36.91582505627681
-7.671919326645309
34.990150935586456
-6.319353141340827
34.442256387180294
-4.987071114090213
33.91278242452904
-3.6736754582163655
33.40332296405725
-2.377464559391484
32.91540110357741
-1.0964335362202462
32.45046897842883
0.17172562129317726
32.00990772384179
1.4296240078140556
31.59502746071834
2.6801757882295476
31.207067287109155
3.9265981954814038
30.847195270406147
5.172378431946896
30.516313150995927
6.420848542186889
30.21325369000367
7.674978285331804
29.935688324112903
8.937475500696252
29.68133357199963
10.210788144082898
29.447966810394703
11.497104332216225
29.233426235860165
12.79835242515992
29.035610793615973
14.116201191246773
28.852480036014384
15.452060169500612
28.68205381091167
16.807080575856276
28.522411483938953
18.182158020909924
28.37168960464409
19.577943380489103
28.228072572230346
20.994918889546625
28.089727298410196
22.432368218682143
27.955687546520608
-9.045859696618578
35.55480233665587
23.879682107352096
28.117626994564617
23.86927210240924
28.415932513038243
23.858225477603412
28.71745443704809
23.845340946555723
29.02083990212067
23.829465765010184
29.324699575594735
23.809484101011265
29.627617641245003
23.784314128356243
29.928154296191913
23.752907057322773
30.224846582402407
23.71424674736835
30.516208719537175
23.667349531222897
30.800732256162675
23.611264126882077
31.076886144980477
23.545071590830503
31.343116783732327
23.46788529112297
31.597848037788793
23.378850891882166
31.839481253788875
23.277146344375183
32.06639526811992
23.161981881594897
32.2769464113514
23.032600016101185
32.46946851098716
22.888275540129086
32.64227289242995
22.72831552774346
32.79364837808723
22.552059340016797
32.92186128541019
22.358878633340964
33.02515542250438
22.14817737237462
33.10175208062411
21.91939185094867
33.14985002354198
21.671990723825445
33.16762546970391
21.40547505717808
33.15323206416091
21.11937841081817
33.104800833148445
20.813266976271677
33.020440106990705
20.486739820495302
32.89823538509074
20.13942933940922
32.736249082846086
19.771002167816505
32.532520025598856
19.381161183209542
32.28506233331761
18.9696505174212
31.99186262935134
18.536270597204748
31.650871667784003
18.08093830860912
31.259970834748714
17.60410816055355
30.81673765836984
17.60410816055355
30.81673765836984
-0.7822632644541017
-34.632435220027794
-3.343018215844623
-34.47958431148594
-6.00734244090259
-34.11640868969163
-8.743534195134004
-33.519667582821555
-11.513338558617775
-32.672014635142745
-14.273423833388335
-31.564012374170648
-16.97757547955358
-30.195685717009262
-19.579419250408648
-28.57733099680695
-22.035362158019012
-26.72939055888255
-24.307372395529157
-24.681352319299748
-26.365232284428814
-22.4698026620718
-28.187991578920716
-20.13590414734414
-29.764495829384046
-17.722649156007016
-31.093024230715173
-15.27224113457143
-32.1802026549764
-12.823886390988726
-33.03943446473852
-10.412169578650932
-33.689108672759644
-8.066068554092922
-34.15081351830537
-5.808566184719616
-34.44772369424308
-3.6567522980671825
-34.6032615826861
-1.6222801621594698
-11.89623699471747
32.534551640522906
-14.271268315274398
31.564987022930666
-16.67659968549887
30.362946629303863
-19.074732830422434
28.91664006298693
-21.423864269857646
27.221968055801057
-23.679931916504046
25.283953992879944
-25.7991924851313
23.117507914986874
-27.7410600854991
20.747315258053632
-29.470850040270534
18.206770800672544
-30.962056167849155
15.536041418047589
-32.19785645453018
12.77949704870285
-33.17167642690788
9.982854707590405
-33.886804708093706
7.1904083166294726
-34.35520662525366
4.442666183775636
-34.59578387913544
1.7746106255988963
-34.63236571192628
-0.785334501807057
-34.49169524147982
-3.2156592563911914
-34.20161321074869
-5.501559675826243
-33.789564014955374
-7.634321761857343
0.5504356308073568
-34.129423824673836
0.58912774720946
-33.89471701955483
0.6285387834674339
-33.7251067561501
0.6688057906674203
-33.61795002965053
0.7100900246617528
-33.57060367468776
0.7525501927366633
-33.5804247631564
0.7963357696355047
-33.64477070395154
0.841584775150011
-33.76099927553119
0.888422892647128
-33.926468638726135
0.9369630788265226
-34.13853734239407
0.9873053836615497
-34.39456432501942
1.039536876193722
-34.691908915166664
1.0937316379663287
-35.02793082959721
1.14995081855011
-35.39999016974204
1.208242774736874
-35.80544741472906
1.2686433572731062
-36.24166340791382
1.3311765044638832
-36.70599933024192
1.3958555632844138
-37.1958166398403
1.4626866046218083
-37.70847692335977
1.531678379892611
-38.24134144664018
1.6028821589374616
-38.7917693611991
1.6766706107762275
-39.35710514312004
1.7500142770714149
-39.93484629525406
0.512536885883577
-34.431867227812376
1.9893067317402142
-41.106356115049294
2.1583998092270917
-41.69451735746884
2.3317836380768426
-42.28412515547532
2.5092315147251156
-42.87255057653431
2.6905419164275486
-43.45716499345147
2.8754951994076237
-44.035342034783724
3.0638427766195377
-44.604458071529336
3.255303514618106
-45.161892379249934
3.449562298063597
-45.70502720216905
3.64626938523503
-46.23124778064329
3.8450400975558523
-46.73794236431178
4.045454670084325
-47.222502216614345
4.247058193953251
-47.68232161323999
4.449360628261104
-48.11479783638464
4.651836888889136
-48.51733116001631
4.8539270593087736
-48.88732482118982
5.05503684488292
-49.22218496160653
5.254538596895486
-49.519320496465355
5.451773892840777
-49.776142787485696
5.646061294983497
-49.99006466059069
5.836727402423378
-50.15849647406037
6.02332424081402
-50.27881859910704
6.202707226440225
-50.34875132308326
1.8250594212159115
-40.52225701410822
6.362557474848074
-50.34477529534797
6.343319998051243
-50.27282812869228
6.31809656199016
-50.1521829181122
6.287147942502941
-49.985254789224285
6.250780168340896
-49.77445313463437
6.209310869975354
-49.52218587307783
6.163060868610785
-49.230860514790635
6.112351374658203
-48.902884515870426
6.057502870079702
-48.54066542008525
5.998834604241949
-48.14661092242196
5.936664347324665
-47.72312890024571
5.871308265453422
-47.27262742967525
5.803080860867112
-46.79751479285159
5.732294953831342
-46.30019948027768
5.659261699839419
-45.78309018938711
5.584290648303579
-45.24859581711502
5.5076898661726545
-44.69912544495722
5.429766182620767
-44.137088309410245
5.350825689962278
-43.56489374149308
5.271174854783055
-42.984951031069016
5.191123304132532
-42.399669089616424
5.110992191120886
-41.81145543372173
5.031147665886579
-41.222712122300265
4.95223518341345
-40.63580731030157
4.872005311160137
-40.053460607206375
6.375829036649179
-50.36557373805093
4.865723294005875
-38.8860226397789
4.936531711284999
-38.306405774013285
5.005241622196991
-37.74142061295373
5.07225887229265
-37.19345513334076
5.138075281534839
-36.664885140517384
5.203232498988257
-36.15807865678991
5.268312971937917
-35.67539701632538
5.333936942678349
-35.21919522944421
5.400761256131375
-34.79182212593122
5.469478829763148
-34.39562041765163
5.5408184048272915
-34.0329267261763
5.61554443554445
-33.70607159282966
5.694457059627041
-33.417379476766314
5.778392132273325
-33.169168742405304
5.8682213297979615
-32.96375163381816
5.96485235426718
-32.80343422716925
6.06922931388948
-32.69051634626851
6.182333445064614
-32.62729140222416
6.305184568794687
-32.61604607265312
6.438844304260385
-32.65905959339051
6.5844241115097475
-32.75860198842298
6.743109427305285
-32.91692875696879
6.916256217814691
-33.136259621433055
7.106066861757711
-33.41862975990071
-1.9404816817509243
-34.75311714012469
13.52238397452652
-31.7994834956219
15.55273059174317
-30.857326359934632
17.550105338382252
-29.766689798406333
19.49436626604802
-28.53124082173835
21.365905125662266
-27.15805805104739
23.146383939201314
-25.657492657739255
24.819421067609994
-24.042844191391737
26.371173493083234
-22.329872985320918
27.790772349189126
-20.536187357404145
29.070584358245753
-18.680555238348177
30.20629014960167
-16.78219456271853
31.19678846600999
-14.860094493302796
32.043950376363796
-12.932411345916677
32.752258005136525
-11.015970883577609
33.32836724844509
-9.125894777808583
33.78063378524496
-7.2753556620984625
34.11863746981186
-5.4754539671529585
34.352733344515684
-3.735201561289699
26.3423261797779
22.363896583132544
27.67477452547689
20.69224187725618
28.931033779001154
18.89595997617357
30.093674397016684
16.98330887163047
31.146293944404647
14.96564039630789
32.07419790669957
12.857209945580337
32.865033697140575
10.674810491464257
33.50932526023456
8.437247154532486
34.00086270230372
6.164686078135105
34.33691474920079
3.87792527635321
34.51824959940001
1.597643119216599
34.54896907566382
-0.6563190928836207
34.43617881225265
-2.865590297551819
34.18953093770665
-5.01378033049528
33.82068370333894
-7.086845051330158
33.34272435387612
-9.0732988270141
32.76959793834669
-10.96428154973978
32.115577183529865
-12.753498387171987
31.39479879180135
-14.437057448287987
30.620881291808985
-16.013233522802437
4.792749549414566
-39.47784034191943
33.13797115338747
21.98511301182586
-5.538490449321955
33.597412940807686
-5.006263995512086
33.36849788077629
-4.48942326737631
33.20366029155366
-3.9848605903817713
33.10029990333217
-3.4895864526352796
33.05582257532217
-3.0007550018842153
33.067635713393855
-2.5156704156308933
33.1331471242421
-2.0317890190744095
33.24976463208617
-1.5467201251091467
33.41489592421601
-1.0582264061467015
33.62594847933232
-0.5642240655240585
33.88032952863804
-0.06278290801120079
34.175446031663625
0.4478736543135824
34.508704655888295
0.9693686555607712
34.877511754762054
1.5031717096876491
35.27927333628628
2.050599285595382
35.71139500941695
2.6128152764910624
36.17128188092616
3.190832266878914
36.65633832957022
3.7855147119213655
37.16396744616392
4.3975884857178755
37.691569352563846
5.027679085373848
38.23653448350885
5.676579073631331
38.796196556065496
6.34167444559526
39.36846098532945
-6.089149962934243
33.893043940932586
7.9449899032765074
40.15255106378416
8.890013481709218
40.34776134764803
9.85947026062263
40.5334154117578
10.852714335084215
40.70697938940202
11.868948458326429
40.866007974308104
12.90718251464915
41.00815172254562
13.966223139068916
41.131158876228454
15.044670259281133
41.23287597016909
16.140915715046674
41.3112480723222
17.253142633974903
41.36431888947453
18.379325124810123
41.39023081657325
19.5172281198237
41.38722495648116
20.664407296472177
41.35364112053355
21.818209050589758
41.28791781292102
22.97577051397417
41.18859219057788
24.13401963101512
41.05429998178968
25.28967534318366
40.88377531843091
26.43924801754372
40.675850361731676
27.57904053766481
40.429454365157454
28.70515159254171
40.143610859980214
29.81348884764344
39.817426393783194
30.89986116666239
39.4500117010156
31.958730668471958
39.04154840189818
7.025184787874764
39.95035586956172
33.329665469017584
38.16952577622558
33.63884828015637
37.710062149566795
33.91412064371218
37.215610059865554
34.15606004193347
36.68913754841677
34.36533253551016
36.133518099272635
34.542678484871146
35.55154284324223
34.68890898075085
34.94592360974855
34.80490465386873
34.31929394386191
34.89161519904451
33.67420951335882
34.950059158672275
33.01314829319588
34.98132381475102
32.33851065729169
34.986565131659916
31.652619427466504
34.96700772384196
30.95771989954264
34.92394483796261
30.255979856848967
34.85873834460807
29.54948957530712
34.772818736547606
28.840261819909756
34.66768513524971
28.130231831232408
34.54490530968559
27.421257294721755
34.406115719131435
26.715118274900476
34.25302161036785
26.013517066104896
34.08739726664476
25.318077818023227
33.91108675497577
24.63034540694494
33.72600692242031
23.951780920168858
33.53416837120557
23.283730039035532
33.33739128274357
22.627851375119292
32.9861832489492
38.590852912761164
32.49385195933513
21.878565512667052
31.8642789222622
21.77240505860547
31.251061277901897
21.668251215935783
30.65599390866049
21.56773448658987
30.08083469065417
21.472530452502525
29.527301260227205
21.384364651716226
28.99707020711179
21.3050137944052
28.491776808957752
21.236306165804365
28.013014928203972
21.180121783537658
27.562336969646026
21.138392464596194
27.14125386493896
21.11310185268667
26.751235072452232
21.106285424732704
26.39370858851896
21.120030482423772
26.07006097143295
21.156476129051583
25.78163738394636
21.217813226816162
25.52974166541253
21.306284321570985
25.31563646021158
21.424183510112613
25.140543455298143
21.573856191808517
25.0056438560635
21.75769857265584
24.91207943130837
21.97815657395543
24.86095512548684
22.2377231065378
24.853346891752096
22.5389298947656
24.890333020819185
22.884314777356423
24.973213433638875
23.276192821674925
-4.5281885794331345
-34.51144923502244
-4.5281885794331345
-34.51144923502244
-7.219306064574511
-34.05034860406627
-9.980325073855312
-33.34573033437135
-12.770720983420233
-32.37982868509451
-15.5445505368495
-31.14340329379195
-18.252853372381026
-29.63744192535512
-20.846649782762
-27.874034744674248
-23.280181766760677
-25.876200590871576
-25.5139639709615
-23.676618479016753
-27.517225793657303
-21.315414721119538
-29.26943624120031
-18.837322586682774
-30.760777324417887
-16.28862174986014
-31.991618926764914
-13.714260408680332
-32.971198841334285
-11.155476999108373
-33.71579572253282
-8.648106087975322
-34.24669509786642
-6.221615142887828
-34.58820495549821
-3.8988072623415917
-34.76590307184637
-1.6960553385495984
-34.80521761726641
0.3760940403242614
-8.558295765206196
33.73870468331131
-11.051864024610296
33.00607401212636
-13.604918062840767
32.038271248864675
-16.179957483925648
30.81807255379215
-18.7338059582288
29.335799536264062
-21.219601001595038
27.591178906410363
-23.589477079336007
25.59455393703746
-25.797675296010766
23.36716862253607
-27.803691230105443
20.94037664640723
-29.575026574480717
18.353812226107067
-31.089162393904218
15.652750613163505
-32.334511971723146
12.885028353206337
-33.3102994861689
10.09794871516857
-34.02549360383449
7.335557588067644
-34.49705659620474
4.636561906271339
-34.74782674187975
2.0330166818657744
-34.80433754823238
-0.45023098642801074
-34.69481313416412
-2.795453755273286
-34.44749281222201
-4.991478645086147
-34.08935357254083
-7.032822557034706
9.441687694595828
-33.2402850833229
22.74525184015821
-29.12819555096506
22.902298090680283
-29.546090593002518
23.0415774979962
-29.946001995710006
23.163624754424287
-30.328179678157753
23.268965270890583
-30.6928802491626
23.35811751484976
-31.040365167199326
23.431593594692263
-31.37090028143561
23.48989945357431
-31.68475567859268
23.53353494646193
-31.982205622165708
23.562993874790532
-32.2635285254741
23.578764002639893
-32.52900693783285
23.58132706535783
-32.7789275382857
23.571158773552444
-33.013581132183106
23.548728814316156
-33.23326264912902
23.514500851600996
-33.438271143054095
23.468932525084576
-33.6289097926294
23.41247544765737
-33.805485901886925
23.345575202488337
-33.96831090253018
23.26867133832688
-34.11770035651381
23.18219736292872
-34.253973959640135
23.086580734015065
-34.377455546861185
22.98224284658061
-34.488473100098744
22.869599013977357
-34.58735875894345
22.749058440178093
-34.67444883738716
22.62102417686364
-34.75008384930547
22.485893054477405
-34.81460854841623
22.34405556870372
-34.8683719965797
22.195895680631974
-34.91172768107583
22.041790446955503
-34.94503373393695
21.882109279885363
-34.9686533692898
21.71721231993678
-34.98295584643046
21.547446367455002
-34.988318876050926
21.373132678759646
-34.98513584056735
21.194518149519542
-34.973844672234065
21.011433601598874
-34.955130002975835
20.82788370262968
-34.92720787152277
22.56987839963395
-28.692086519348138
20.260210029315292
-34.90067431503826
19.877223214872767
-34.903027889539004
19.49338125149402
-34.8992437129298
19.109176527378835
-34.88964371170451
18.725013340512277
-34.87459929128573
18.3412596378309
-34.85450072801615
17.95825994931261
-34.829749517441144
17.576339698642315
-34.800755824081676
17.195806926458285
-34.76793746122365
16.81695307310661
-34.73171942825965
16.440053368393894
-34.6925336786737
16.065367040633085
-34.65081899660382
15.693137433835492
-34.60702092567411
15.32359207629484
-34.56159172797919
14.95694272015221
-34.514990358620025
14.593385362870418
-34.46768245025714
14.233100256122405
-34.420140305221736
13.876251902962085
-34.37284289126018
13.522989043698445
-34.32627584316373
13.173444625783482
-34.280931468493236
12.827735750106015
-34.23730876073549
12.485963577163076
-34.19591342423553
12.148213158824277
-34.15725791862238
11.8145531237098
-34.12186154498457
11.48503504464572
-34.090250617447936
11.15969204564864
-34.06295884415195
10.83853531680274
-34.040528279512046
10.521543656621262
-34.02351218166632
10.208621640000892
-34.01248644662732
9.899306788398
-34.00812964447678
9.596727312239445
-34.01014128122327
20.641399036763403
-34.89212479889119
9.331606172682939
-33.90585908292172
9.366502334203233
-33.80160156803922
9.403697463587378
-33.70734496461819
9.443474221492558
-33.62353893365295
9.486056267303262
-33.55064916280699
9.531652836362618
-33.48914518193675
9.580469886478191
-33.43949731676949
9.632713815700981
-33.40217567214583
9.688592952507285
-33.37764972488699
9.748318236580637
-33.36638813698474
9.812103563879482
-33.36885866127531
9.880165978064227
-33.385528088134436
9.952725787638911
-33.41686221299889
10.030006646406541
-33.46332581331316
10.1122356177654
-33.525382629258104
10.19964323620075
-33.603495344708136
10.292463577380829
-33.69812556557497
10.39093434918604
-33.809733789519385
10.495297023195135
-33.938779363289854
10.605797037674165
-34.08572041523462
10.72268413088031
-34.25101374518644
10.846212920072546
-34.435114632271535
10.976643973624476
-34.63847647903759
11.114245952634363
-34.861550100513256
11.25930032008867
-35.10478216023239
11.412113112182837
-35.3686112617882
11.573050250254681
-35.6534562229767
11.742678787008174
-35.959669173131715
11.922755628318185
-36.28720723491179
20.45559563122103
-29.647347057212983
20.079646996185105
-32.9532529516203
22.76210193694189
-31.16080581431015
25.383327742515448
-29.06537074081325
27.886814771113762
-26.672732621658213
30.21604017734677
-24.00208365092172
32.318534083737504
-21.08604890118525
34.14988720548216
-17.969260069288424
35.677096783291034
-14.705572709029838
36.880741915588004
-11.354293432031227
37.755700980872774
-7.975973108517962
38.310406629481804
-4.628374171200477
38.564893135325036
-1.363129137623531
38.54805900956384
1.7765838511202219
38.29461719928767
4.7572468030257085
37.84215025207435
7.555181525569566
37.22856890058095
10.155922469159322
36.490135022706994
12.553053397858662
35.66008868676147
14.746768406575882
-8.418010562460509
37.65960968670788
-5.548649516506302
38.18797706252391
-2.4868444712219286
38.50876144672574
0.7385362426916231
38.58190855573514
4.087797216163921
38.37185189047307
7.5113547777403795
37.85087387350251
10.95191466313564
37.00222518709211
14.34778608478507
35.82248090306038
17.636981654491137
34.322674454418916
20.761554656619936
32.527941094158734
23.671546586165093
30.47567859464158
26.327990419240308
28.21251538004489
28.704616682824764
25.79058131715871
30.78817392901118
23.263650824877743
32.57752271599509
20.683667887338117
34.08183137127581
18.09800745841372
35.31826838515795
15.547637179289666
36.30956171527808
13.066171268940707
37.08171219246536
10.679687470148366
37.662043151498324
8.407116582964477
9.298355288206842
-34.019769159016505
-9.798039796855058
33.87923436026469
-36.42009268072843
1.6252501443059941
-36.30455275506081
2.5201370313348264
-36.15254592416104
3.433061909991892
-35.96563891833253
4.362358046416347
-35.74536917742499
5.306388929193872
-35.49324459359722
6.263560791267594
-35.21074344846126
7.232325740128573
-34.89931439215546
8.211182800761634
-34.560376435753156
9.198678332459338
-34.195318948795574
10.193406218004213
-33.80550165794429
11.19400795766839
-33.39225464783018
12.19917271963854
-32.956878362022294
13.20763736833149
-32.50064360403309
14.21818648068421
-32.024791539813506
15.22965235605065
-31.530533700307366
16.240915021828897
-31.019051984277407
17.250902236127928
-30.491498663040442
18.258589488903
-29.948996385993503
19.2630000011913
-29.39263818800977
20.26320472264291
-28.8234874998166
21.258322327222572
-28.24257816281957
22.247519206563595
-27.65091444996252
23.230009459362122
-27.04947109741867
24.20505487558654
-26.439193353061533
25.171964911680078
-25.8209970532253
26.130096650196265
-25.195768751761925
27.07885473371897
-24.56436594397192
28.017691247647036
-23.927617483429074
28.946105503704644
-23.286324414427625
29.86364360608701
-22.641261803764632
30.76989749788143
-21.993183318881798
31.664502576153154
-21.342834963009246
32.54713053890913
-20.69101001311489
33.417460770610546
-20.038933586582015
34.27498004415173
-19.383091577901457
35.12167582290439
-36.49757148065257
0.7500105483782704
-18.428177790093343
35.923635159451436
-18.128600358952106
35.88454661608685
-17.828237973967845
35.839243592063355
-17.527296713340778
35.78820477195441
-17.226052451398125
35.73187107604272
-16.924792630723715
35.67067598778158
-16.623801705907294
35.605053135429216
-16.323356292234994
35.5354388191013
-16.023723225792295
35.46227302092663
-15.725158682982094
35.38599986471485
-15.427907740903526
35.30706784440923
-15.132204142478251
35.22592994781189
-14.83827016342545
35.1430437256339
-14.546316535120273
35.058871333352954
-14.256542399028941
34.97387955584054
-13.969135281231965
34.888539822021045
-13.68427108148132
34.80332821381734
-13.402114073532065
34.718725468687865
-13.122816918308189
34.63521697895638
-12.846520692391579
34.55329278488338
-12.573354940354509
34.47344756078135
-12.303437767133701
34.39618058963623
-12.036876003207368
34.32199571530484
-11.773765515357177
34.25140125399335
-11.514191830188217
34.18490981350806
-11.25823150915555
34.12303789652634
-11.005955587974189
34.06630490615086
-10.757439897066199
34.01523016076081
-10.512806347079678
33.970320954923466
-10.272511930189374
33.93198897841933
-10.03344282076231
33.90167992200375
-18.727241584786736
35.95578047826703
-9.779818086773965
33.78091459081304
-9.764863496729305
33.69178565047292
-9.75286470083092
33.612468240260796
-9.74388050171246
33.5434760150506
-9.738031880916274
33.485304644538076
-9.73545800410271
33.43844453635401
-9.736305220359398
33.40338401796183
-9.740723392651958
33.380610397527875
-9.748864427148241
33.37061038971004
-9.760881600863186
33.37387030974881
-9.776929220994589
33.39087617248396
-9.797162435339303
33.42211374687088
-9.821737116261886
33.46806858999153
-9.85080978048677
33.529226070445986
-9.884537524406326
33.60607138712669
-9.923077961733973
33.69908958753658
-9.966589152329988
33.80876558956933
-10.015229508467549
33.93558420874788
-10.06915765995101
34.080030199080596
-10.128532244920486
34.24258831527064
-10.193511566699584
34.42374341581245
-10.264252997146158
34.623980641643385
-10.340911871857699
34.84378574717496
-10.42363928323519
35.083645761694896
-10.51257722728414
35.344050443317514
-10.60784647281713
35.62549591432091
-10.70951017051
35.92849556570533
-10.817428290891627
36.25362367534319
-10.930238692154504
36.60182073461493
18.497067368190525
-30.907201085434536
18.497067368190525
-30.907201085434536
16.40131250923049
-32.06857539918829
14.179732041151556
-33.11090121697089
11.847653543475902
-34.015139065901636
9.424029950067627
-34.76469818161942
6.930886136234884
-35.34627841124737
4.392541251960504
-35.75055470211183
1.8346627751648619
-35.972636720989584
-0.7167702440120856
-36.01225930952074
-3.236506529801911
-35.873689601731996
-5.700978254078802
-35.5653683673512
-8.089100637156758
-35.0993309201303
-10.382865643284806
-34.490472324866204
-12.567706563996499
-33.75573035619499
-14.632636162499917
-32.913257801298926
-16.57018232835431
-31.981645326092263
-18.376159604801575
-30.979240441588033
-20.049321948625693
-29.92359051917434
-21.59094249227906
-28.831021182989048
-35.987587661604294
-1.513312412296699
-35.81458587531752
-3.835624947563417
-35.48033895841948
-6.2082306299400045
-34.97528580896834
-8.609643589594299
-34.293450239092294
-11.01616316408601
-33.43299378165767
-13.402667904357855
-32.39655480978634
-15.743564291969406
-31.191326962470338
-18.013819763701846
-29.82885670823401
-20.189994740923225
-28.32457131383602
-22.25118513801641
-26.697079005897937
-24.17979637448812
-24.967307279936197
-25.962090581232275
-23.15755914370128
-27.588476483213825
-21.290568983768598
-29.05354113539785
-19.388630678378217
-30.355849198734603
-17.4728535141595
-31.49755498815088
-15.562580373932644
-32.483883269457664
-13.674981463412163
-33.32253685021894
-11.824818588117896
-34.02308400949224
-10.024361473441449
-34.59636913331582
14.73645255482245
-35.664352926757914
3.5700248019072083
3.592339479737402
3.6123702643324616
3.630300697108054
3.646292008518617
3.6604868055587994
3.673012012543969
3.6839812744716602
3.6934969426692237
3.7016517301420198
3.7085301031285374
3.714209459820131
3.7187611321968457
3.7222513668096053
3.5700248019072083
3.7260924215754327
3.726535636858239
3.7261234387965394
3.724905679586863
3.722930407874597
3.720244246498039
3.7168927382500607
3.712920664270044
3.7083723387969547
3.7032918833422768
3.697723482522258
3.6917116232552902
3.685301318369015
3.6785383151717155
3.6714692889872076
3.6641420211793037
3.656605560731316
3.64891036790291
3.641108438164937
3.633253404080579
3.6254006124395715
3.6176071738044637
3.609931977536871
3.7247417231991538
3.595127958233519
3.5881250691015167
3.581492473448005
3.575296908003006
3.5696061494186613
3.5644887198886686
3.5600135391589145
3.5562495234779736
3.5532651334685115
3.5511278746117974
3.549897356379871
3.5495647348636963
3.5500794562520017
3.5513883289763073
3.5534364703899954
3.556167724868422
3.5595250592749386
3.5634509307763733
3.5678876230928123
3.572777548424924
3.5780635131930207
3.58368894626898
3.5895980847768136
3.595736263345989
3.6024356854696613
3.608360440427904
3.6147463341381743
3.6211573250005684
3.6275446977764214
3.633860982914272
3.6400599133933693
3.6460963599032663
3.651926247128315
3.6575064529811057
3.662794692128589
3.6677493848465854
3.672329511958278
3.676494456205899
3.6802038301464766
3.683417290247937
3.6860943364495036
3.6881940960992563
3.689675090658655
3.690494983061671
3.6906103030677517
3.6899761472190984
3.688545849260668
3.6862706159887595
3.683099122282984
3.678977057805302
3.6738466161583925
3.6676459152105103
3.6603083347670413
3.6517617544312384
3.6419276704484025
3.63072016489926
3.618044693624462
3.603796649929438
3.5878596465743757
3.570103418573907
3.5504821860138547
3.5504821860138547
3.5504821860138547
3.5504821860138547
3.5504821860138547
3.550482186013855
3.5504821860138547
3.550482186013855
3.5504821860138547
3.5504821860138542
3.5504821860138542
3.5504821860138542
3.5504821860138542
3.550482186013855
3.5504821860138547
3.5504821860138556
3.5504821860138547
3.550482186013855
3.5504821860138556
3.5504821860138556
3.5504821860138547
3.5504821860138542
3.5504821860138556
3.550482186013855
3.550482186013855
3.550482186013855
3.5504821860138542
3.5504821860138547
3.5504821860138542
3.550482186013855
3.5504821860138547
3.5504821860138547
3.5504821860138542
3.5504821860138556
3.550482186013855
3.5504821860138547
3.550482186013855
3.550482186013855
3.5504821860138547
3.5504821860138556
3.5700248019072083
3.591263789179243
3.610382511061039
3.6275652298600107
3.642974039031777
3.6567522597901227
3.6690273380045344
3.679913235280199
3.689512410023993
3.6979174712172687
3.705212570417381
3.711474584101455
3.7167741364776297
3.7211762138989535
3.5700248019072083
3.725125572225244
3.724684263299053
3.7234703502692774
3.721534112939514
3.718923982492434
3.7156869203166494
3.7118687636212893
3.707514543464855
3.7026687791333917
3.6973757519834387
3.691679761008894
3.6856253618456813
3.679257590262539
3.672622170694291
3.6657657098175176
3.658735874694674
3.6515815545512322
3.6443530047058803
3.6371019708484718
3.6298817913144323
3.6227474745691186
3.615755748233535
3.608965096116531
3.7247417231991538
3.578544042603594
3.5558389425545776
3.5344894532491336
3.5146668300033967
3.4965424397451583
3.480285381250055
3.466059861391303
3.4540224110538724
3.4443190477260126
3.4370825098246343
3.4324232976348283
3.4303674710046717
3.4308822282359386
3.4339143744870526
3.4393912685384076
3.4472218445551603
3.457298172199583
3.469497469962577
3.48368445933776
3.499713931895632
3.517433397188916
3.5366856816352494
3.5573113037025594
3.579152555888343
3.6024356854696613
3.6079287783159995
3.613906541910179
3.619932977578894
3.625959442479243
3.6319385403285827
3.637824074115577
3.64357098021362
3.6491352442835105
3.6544738003326462
3.659544414144444
3.664305552070311
3.6687162359231626
3.672735884314576
3.676324140523166
3.6794406865688774
3.6820450427563243
3.684096351599644
3.6855531445184937
3.6863730891928235
3.686512714915748
3.6859271125552415
3.6845696049834684
3.682391382940306
3.6793411000870173
3.675364419735707
3.6704035040504492
3.664396434433893
3.657276549293016
3.6489716820552034
3.6394032782958705
3.628485365517415
3.6161233424831956
3.602212547067674
3.586636554675946
3.5692651954722563
3.5692651954722563
3.545045711619987
3.545045711619987
3.545045711619987
3.545045711619987
3.5450457116199874
3.545045711619987
3.545045711619987
3.545045711619987
3.545045711619987
3.545045711619987
3.5450457116199874
3.545045711619987
3.5450457116199874
3.5450457116199874
3.545045711619987
3.545045711619987
3.545045711619987
3.5450457116199874
3.545045711619987
3.545045711619987
3.5450457116199874
3.5450457116199874
3.545045711619987
3.545045711619987
3.5450457116199874
3.5450457116199874
3.545045711619987
3.5450457116199874
3.545045711619987
3.545045711619987
3.545045711619987
3.545045711619987
3.545045711619987
3.5450457116199874
3.545045711619987
3.545045711619987
3.545045711619987
3.5450457116199874
3.545045711619987
3.530289918515466
3.523410190761808
3.5184162085018986
3.5152580039517867
3.513874449825295
3.5141943504643254
3.5161376721822197
3.5196168678320596
3.5245382501469154
3.530803370605188
3.5383103648083214
3.5469552311383645
3.556633015945309
3.5672388854816792
3.578669071496467
3.5908216836374236
3.6035973872699696
3.616899949769841
3.6306366619713986
3.644718643768895
3.6590610441792846
3.673583141534999
3.6882085349938385
3.539093285818273
3.717332386819474
3.731707760570928
3.7459299353210156
3.759941593102486
3.773688655333816
3.787120033173852
3.800187363261418
3.812844734874341
3.8250484118628014
3.8367565515794353
3.847928922252885
3.858526619470994
3.868511781862246
3.8778473055418554
3.88649655627649
3.8944230779063487
3.9015902950367054
3.9079612074693997
3.913498073337335
3.9181620770889634
3.9219129768512233
3.9247087154549334
3.9265052962978433
3.7028645825297226
3.926817656250309
3.925362462605117
3.922935021499261
3.919576447663902
3.915325760691012
3.9102202464160105
3.9042957912577565
3.8975871946058027
3.8901284636984887
3.881953094736445
3.8730943434594427
3.863585487919862
3.8534600857091874
3.8427522275439703
3.831496788711152
3.81972967944673
3.8074880949823795
3.794810765538938
3.78173820609686
3.768312965238955
3.7545798719006203
3.740586278108246
3.7263822953604695
3.7120210224856636
3.697558730985474
3.927256998641552
3.6684027038050235
3.6538526262142947
3.639475685188448
3.6253464686889143
3.6115433868459914
3.598148596053402
3.5852478416741986
3.5729302110657564
3.561287787549908
3.5504151969714712
3.5404090403004984
3.531367208426707
3.5233880787656746
3.5165695976186426
3.5110082572321684
3.506797981987099
3.504028944037045
3.5027863343135546
3.5031491201564036
3.5051888249450114
3.5089683679053896
3.5145410024125305
3.5219493855752875
3.5312247632133418
3.5498256850233663
3.5425581173834
3.5425581173834
3.5425581173834
3.5425581173833995
3.5425581173834
3.5425581173833995
3.5425581173834004
3.5425581173834
3.5425581173834
3.5425581173833995
3.5425581173834004
3.5425581173834004
3.5425581173833995
3.542558117383399
3.5425581173834
3.5425581173834
3.5425581173834
3.5425581173834
3.5425581173833995
3.542558117383399
3.542558117383399
3.5425581173833995
3.5425581173833995
3.5425581173834
3.5425581173834
3.5425581173834
3.5425581173834
3.5425581173834004
3.542558117383399
3.542558117383399
3.5425581173834
3.5425581173834
3.542558117383399
3.542558117383399
3.5425581173833995
3.5425581173834004
3.542558117383399
3.5425581173834
3.683055139781675
3.683055139781675
3.5278552746037586
3.5187419319253874
3.511718266178406
3.5067369007008367
3.5037390451875954
3.5026555868468763
3.503408314442431
3.505911235947491
3.5100719455524256
3.515792997145473
3.522973245405119
3.531509121348997
3.5412958156320107
3.552228349831211
3.564202522628892
3.5771157240168727
3.5908676160620163
3.6053606831268517
3.6205006577823595
3.6361968298727736
3.6523622415417267
3.6689137068533952
3.6857737521459986
3.539093285818272
3.711888754930957
3.7212387999667977
3.730868158965337
3.7407326600247526
3.7507903218849368
3.761001013906352
3.7713260947292384
3.7817280482843154
3.7921701244505446
3.8026159888036815
3.8130293845219394
3.823373808354152
3.8336122016336023
3.8437066564478126
3.853618136100659
3.863306208220912
3.872728787978828
3.8818418879631285
3.8905993703501034
3.898952695474383
3.906850656627756
3.914239055950864
3.9210614116712317
3.7028645825297226
3.925398359035405
3.9226337960568713
3.919007831881885
3.914562396318288
3.909337247129965
3.9033703338050847
3.8966981314167892
3.889355952019046
3.8813782384963167
3.8727988447449335
3.8636513054613766
3.8539690982910266
3.84378590060372
3.833135842807914
3.8220537597059634
3.8105754409651325
3.798737881437677
3.78657953160501
3.7741405479673293
3.761463042653847
3.748591331033083
3.735572175208823
3.722455020095501
3.709292211234682
3.696139402298656
3.927256998641552
3.6679871197893985
3.6530542095372316
3.6383272797777226
3.6238810356376328
3.6097939987349767
3.5961484268407258
3.5830301554028323
3.5705283501224256
3.558735160704274
3.5477452672875143
3.537655312966678
3.528563218534747
3.5205673790616445
3.5137657462488407
3.50825480550873
3.504128462205117
3.50147685739011
3.5003851389876384
3.5009322197597514
3.5031895576338683
3.507219997171737
3.5130767127197258
3.520802297095391
3.530428078897918
3.5498256850233663
3.5498256850233663
3.5498256850233667
3.5498256850233663
3.5498256850233663
3.5498256850233663
3.5498256850233663
3.5498256850233663
3.5498256850233663
3.5498256850233663
3.5498256850233663
3.5498256850233663
3.5498256850233663
3.5498256850233667
3.5498256850233663
3.549825685023366
3.5498256850233663
3.5498256850233663
3.5498256850233663
3.5498256850233663
3.5498256850233663
3.5498256850233663
3.5498256850233667
3.5498256850233663
3.5498256850233663
3.549825685023366
3.5498256850233663
3.5498256850233663
3.5498256850233663
3.549825685023366
3.5498256850233663
3.5498256850233663
3.5498256850233663
3.5498256850233663
3.5498256850233663
3.549825685023366
3.5498256850233663
3.5498256850233663
3.549825685023366
3.5498256850233663
3.5425581173834
3.609747170295406
3.6212153537136467
3.6319020786844933
3.641844976951519
3.6510789253812708
3.6596363254187683
3.667547349448284
3.674840158814196
3.681541097480902
3.68767486463566
3.6932646689914583
3.698332367225854
3.7028985885352252
3.706982847041779
3.710603643590469
3.7137785581786193
3.7165243341323078
3.718856955039443
3.720791715233565
3.722343284576159
3.723525768185499
3.7243527616757572
3.724837402374999
3.7249924169889432
3.7248301660698364
3.724362685611379
3.7236017261245578
3.7225587893678154
3.721245163028324
3.719671953484535
3.717850116817788
3.7157904880336434
3.7135038081151284
3.7110007461521444
3.708291891571646
3.7053884419961305
3.5974568220896135
3.6977174989526693
3.693026384004374
3.688238144371084
3.6833641046633305
3.6784156605560265
3.6734043088090913
3.668341667294802
3.663239492115411
3.658109693183081
3.6529643486442707
3.6478157181541744
3.6426762550623173
3.637558617370621
3.632475677466268
3.6274405304731574
3.6224665011449018
3.61756714921425
3.6127562730135554
3.608047911319479
3.603456343221671
3.598996085919295
3.5946818903063242
3.5905287341615626
3.586551812863587
3.5827665273772453
3.5791884693663154
3.575833402947663
3.5727172418178816
3.569856015875279
3.5672657747100533
3.564963933561767
3.702300131886
3.5600953123451746
3.5574983838414203
3.555190743090053
3.5531889475601792
3.551509414014516
3.5501683657942187
3.5491817796076552
3.5485653307609044
3.5483343369621476
3.5485037009741878
3.549087852569021
3.550100690197583
3.5515555229140996
3.5534650130508467
3.55584112019132
3.5586950470078893
3.5620371875421855
3.565877078427042
3.5702233536622385
3.575083703400463
3.580464837270221
3.586372452640547
3.5928112082207857
3.5997847033015575
3.6072954628259883
3.6153449283292622
3.6239334541784496
3.633060305951601
3.6427236334520674
3.5840574524283078
3.6529666515293435
3.652966651529344
3.6529666515293435
3.652966651529344
3.652966651529344
3.652966651529344
3.6529666515293435
3.652966651529344
3.6529666515293435
3.652966651529344
3.652966651529344
3.652966651529344
3.6529666515293435
3.6529666515293435
3.652966651529344
3.652966651529344
3.652966651529344
3.6529666515293435
3.652966651529344
3.652966651529344
3.652966651529344
3.6529666515293435
3.652966651529344
3.6529666515293435
3.652966651529344
3.6529666515293435
3.6529666515293435
3.6529666515293435
3.6529666515293444
3.652966651529344
3.6529666515293435
3.652966651529344
3.652966651529344
3.652966651529344
3.6529666515293435
3.6529666515293444
3.652966651529344
3.652966651529344
3.562964894395886
3.562964894395886
3.5961153285797103
3.5943466965159785
3.5922359086375475
3.589866344576151
3.5873197262797176
3.584676011246851
3.582013197318357
3.579407041530882
3.576930701398423
3.574654310036037
3.572644499294349
3.5709638878392607
3.5696705533816564
3.568817510159645
3.5684522138921864
3.5686161164162367
3.5693442912069946
3.570665148768647
3.5726002573889586
3.5751642804230737
3.57836503615528
3.5822036807981825
3.5866750096891242
3.5917678667271087
3.597465647707869
3.6037468799039583
3.6105858581725605
3.6179533168272755
3.6258171169608473
3.634142930152318
3.64289490193816
3.6520362818216485
3.6615300128641155
3.6713392943100294
3.6814283081512675
3.691757514878705
3.5974568220896135
3.698199946388617
3.6939619213975146
3.689596892433571
3.68511586588965
3.68052996840456
3.6758504551783564
3.671088724852068
3.666256335133804
3.6613650179625457
3.656426693887334
3.6514534854320955
3.646457729416304
3.6414519880535097
3.636449058811573
3.6314619828690495
3.6265040520858287
3.621588814400427
3.6167300774675955
3.6119419104896915
3.60723864404317
3.6026348678076863
3.5981454260660004
3.593785410805261
3.589570152371139
3.5855152074939483
3.5816363447291657
3.577949527389854
3.574470894761221
3.571216746012869
3.568203566805133
3.5654469656907732
3.7023001318859996
3.5601393306663445
3.557583456808208
3.5553139342330375
3.553347325267229
3.551700047853907
3.5503883255047906
3.5494281347558694
3.5488351506203877
3.5486246904824745
3.5488116567904933
3.549410479032367
3.5504350554168966
3.5518986948052342
3.553814059390576
3.5561931086752785
3.559047045312282
3.562386263389712
3.5662202996582417
3.5705577883145017
3.5754064197987794
3.5807729041369707
3.586662939238203
3.593081184555265
3.600031240446454
3.607515633512201
3.6155358081976754
3.624092125021559
3.633183866914597
3.642809268026714
3.584057452428308
3.584057452428308
3.584057452428308
3.5840574524283078
3.584057452428308
3.584057452428308
3.584057452428308
3.584057452428308
3.5840574524283078
3.584057452428308
3.584057452428308
3.584057452428308
3.584057452428308
3.5840574524283086
3.584057452428308
3.584057452428308
3.584057452428308
3.584057452428308
3.584057452428308
3.584057452428308
3.584057452428308
3.5840574524283078
3.5840574524283078
3.5840574524283078
3.584057452428308
3.584057452428308
3.5840574524283078
3.5840574524283078
3.584057452428308
3.584057452428308
3.584057452428308
3.584057452428308
3.584057452428308
3.584057452428308
3.584057452428308
3.584057452428308
3.584057452428308
3.584057452428308
3.584057452428308
3.584057452428308
3.652966651529344
0.0
0.0
0.0
0.0
0.0
0.0
0.0
0.0
0.0
0.0
0.0
0.0
0.0
0.0
0.0
0.0
0.0
0.0
0.0
0.0
0.0
0.0
0.0
0.0
0.0
0.0
0.0
0.0
0.0
0.0
0.0
0.0
0.0
0.0
0.0
0.0
0.0
0.0
0.0
0.0
0.0
0.0
0.0
0.0
0.0
0.0
0.0
0.0
0.0
0.0
0.0
0.0
0.0
0.0
0.0
0.0
0.0
0.0
0.0
0.0
0.0
0.0
0.0
0.0
0.0
0.0
0.0
0.0
0.0
0.0
0.0
0.0
0.0
0.0
0.0
0.0
0.0
0.0
0.0
0.0
0.0
0.0
0.0
0.0
0.0
0.0
0.0
0.0
0.0
0.0
0.0
0.0
0.0
0.0
0.0
0.0
0.0
0.0
0.0
0.0
0.0
0.0
0.0
0.0
0.0
0.0
0.0
0.0
0.0
0.0
0.0
0.0
0.0
0.0
0.0
0.0
0.0
0.0
0.0
37.57918504566839
37.57918504566844
37.57918504566837
37.579185045668375
41.19964969945909
45.00113758593936
48.99269986674382
53.1838402615884
62.20526996149133
72.15139620563424
83.11700038980176
0.0
0.0
0.0
0.0
0.0
0.0
0.0
0.0
0.0
16.958011330894134
51.03200106789793
47.779089908981504
48.6071584361347
49.361937050725736
50.04676372916085
50.66487760509672
51.21942314482606
51.71345469194039
52.14994122150583
52.531771266659
44.14336823812776
53.142645336272345
53.37709903848187
16.958011330894134
53.58832115036236
49.03978125934632
48.98028734742139
44.58967075686419
53.25701673696415
48.60053252650038
48.415321884467716
48.20496920731523
47.971944334718735
52.121698245875265
47.44766569858982
51.512832169394045
46.8619084146118
46.55198934914057
42.17104430840738
41.87562839911389
41.577105883466665
41.27764733063998
40.97942423183525
36.9516124473246
40.395387047411596
36.43330183583159
32.70508882704237
53.56775527282764
42.372162867031776
34.314446158659365
36.9829714318334
43.4179266870892
39.03622290912172
35.03170480882221
34.53688845079059
34.123644562560905
30.69336604436186
33.55046192933992
33.394506804281
33.32592400921509
30.28370327128285
30.375667242272623
27.603894279119277
27.82089719168546
25.25341938708885
25.563380177620193
25.92863236887999
23.516480610712556
23.936893821326557
24.402198426215303
27.909711182627536
28.525999983201412
39.583161269192125
26.204111458600455
26.36122256076305
26.52056642820417
26.68087425047823
26.840879675697256
26.99931837069463
27.154927625695972
27.30644596690489
27.452612771894263
27.59216788541859
27.723851234935015
27.846402446563676
27.95856046023755
28.059063145248153
28.14664691607647
31.61742644539698
31.682350118353735
31.72853837685408
31.754564691531396
31.758998755130033
31.740406054987677
31.697347446243004
35.196863525375754
35.089666709494765
34.95040340770063
34.77744676959375
34.56916244131851
34.32390810273147
34.040033006936355
33.71587752555821
33.34977270240751
32.940039825626414
32.4849900607661
31.982924339200974
34.77826731407523
34.77826731407523
0.0
0.0
0.0
0.0
0.0
0.0
0.0
0.0
0.0
0.0
0.0
0.0
0.0
0.0
0.0
0.0
0.0
77.08028528950422
71.76021128454767
66.69347413696981
44.75715386031348
40.97627659008015
44.75715386031352
44.75715386031352
44.757153860313494
44.75715386031351
44.75715386031346
40.97627659008023
44.75715386031351
44.757153860313494
44.75715386031343
48.7270749940584
52.895492184490614
57.27233023444435
61.868010186895845
66.69347413696994
71.76021128454757
77.08028528950429
0.0
0.0
0.0
0.0
0.0
0.0
0.0
0.0
0.0
0.0
0.0
0.0
0.0
0.0
0.0
0.0
0.0
0.0
0.0
0.0
0.0
0.0
0.0
0.0
0.0
0.0
0.0
0.0
0.0
0.0
0.0
0.0
0.0
0.0
0.0
0.0
0.0
0.0
0.0
0.0
0.0
0.0
0.0
0.0
0.0
0.0
0.0
0.0
0.0
0.0
0.0
0.0
0.0
0.0
0.0
0.0
0.0
0.0
0.0
0.0
0.0
0.0
0.0
0.0
0.0
0.0
0.0
0.0
0.0
0.0
0.0
0.0
0.0
0.0
0.0
0.0
0.0
0.0
0.0
0.0
0.0
0.0
0.0
0.0
0.0
0.0
0.0
0.0
0.0
0.0
0.0
0.0
0.0
0.0
0.0
0.0
0.0
0.0
0.0
0.0
0.0
0.0
0.0
0.0
0.0
0.0
0.0
0.0
0.0
0.0
0.0
0.0
0.0
0.0
0.0
0.0
0.0
0.0
0.0
0.0
1.6298741887577493
1.6514693695176204
1.6730645502774912
1.680262943864115
1.8314292091832123
1.835028405976524
1.838627602769836
1.84266191270059
1.8466962226313441
1.8507305325620984
1.8547648424928522
0.0
0.0
0.0
0.0
0.0
0.0
0.0
0.0
0.0
1.1088546509695822
0.9294060802398902
0.9294060802398902
0.9294060802398902
0.9294060802398902
0.9294060802398902
0.9294060802398902
1.8222100382156647
0.9294060802398902
0.9294060802398902
0.9294060802398902
1.825033795006069
0.9294060802398902
0.9294060802398902
1.0037536086541234
0.9294060802398902
1.8321611130015616
1.8321611130015616
1.83646467420665
1.8407682354117378
1.8407682354117378
1.8407682354117378
1.8450717966168262
1.8450717966168262
1.8493753578219143
1.8493753578219143
1.7162549117972334
1.7126557150039217
1.7126557150039217
1.7090565182106097
1.705457321417298
1.705457321417298
1.7018581246239861
1.7018581246239861
1.6982589278306741
1.6982589278306741
1.6946597310373623
1.6910605342440506
0.9294060802398902
0.9280160641337631
1.0
1.0143967871732473
1.0287935743464947
0.9280160641337631
0.9280160641337631
0.9280160641337631
0.9280160641337631
1.1151742973859788
1.1295710845592262
1.1439678717324737
1.158364658905721
1.1727614460789684
1.1871582332522157
1.201555020425463
1.2159518075987104
1.2303485947719577
1.2447453819452052
1.2591421691184526
1.2735389562916999
1.2879357434649472
1.3023325306381945
1.3095309242248183
1.5075014977851469
1.6874613374507388
1.3527212857445603
1.3594701484802245
1.365769480364929
1.3720688122496336
1.3846674760190427
1.3909668079037474
1.397266139788452
1.4098648035578611
1.4161641354425658
1.4224634673272702
1.4350621310966796
1.4476607948660887
1.4539601267507933
1.4665587905202024
1.472858122404907
1.4791574542896115
1.4791574542896115
1.4931047106118993
1.991931380138492
1.521898284958394
1.5290966785450177
1.5362950721316415
1.2843365466716354
1.543493465718265
1.5506918593048888
1.5578902528915126
1.5650886464781362
1.2843365466716354
1.2843365466716354
1.2843365466716354
0.9280160641337631
0.9280160641337631
0.9280160641337631
0.9280160641337631
1.6226757951711255
1.6226757951711255
0.0
0.0
0.0
0.0
0.0
0.0
0.0
0.0
0.0
0.0
0.0
0.0
0.0
0.0
0.0
0.0
0.0
1.7233785505515111
1.7205547937611065
1.7177310369707022
0.9294060802398902
1.6301945764681662
1.607604522144931
1.5793669542408872
1.5511293863368434
1.434085303945467
1.2710806518788214
1.1976629753283072
1.152482866681837
1.1073027580353667
1.0564751358080877
1.0056475135808087
1.709259766599489
1.7120835233898934
1.7149072801802978
1.7177310369707022
1.7205547937611065
1.7233785505515111
0.0
