0.0
0.0
0.0
0.0
0.0
0.0
0.0
0.0
0.0
0.0
0.0
0.0
0.0
0.0
0.0
0.0
0.0
0.0
0.0
0.0
0.0
0.0
0.0
0.0
0.0
0.0
0.0
0.0
0.0
0.0
0.0
0.0
0.0
0.0
0.0
0.0
0.0
0.0
0.0
0.0
0.0
0.0
0.0
0.0
0.0
0.0
0.0
0.0
0.0
0.0
0.0
0.0
0.0
0.0
0.0
0.0
0.0
0.0
0.0
0.0
0.0
0.0
0.0
0.0
0.0
0.0
0.0
0.0
0.0
0.0
0.0
0.0
0.0
0.0
0.0
0.0
0.0
0.0
0.0
0.0
0.0
0.0
0.0
0.0
0.0
0.0
0.0
0.0
0.0
0.0
0.0
0.0
0.0
0.0
0.0
0.0
0.0
0.0
0.0
0.0
0.0
0.0
0.0
0.0
0.0
0.0
0.0
0.0
0.0
0.0
0.0
0.0
0.0
0.0
0.0
0.0
0.0
0.0
0.0
37.57918504566839
37.57918504566844
37.57918504566837
37.579185045668375
41.19964969945909
45.00113758593936
48.99269986674382
53.1838402615884
62.20526996149133
72.15139620563424
83.11700038980176
0.0
0.0
0.0
0.0
0.0
0.0
0.0
0.0
0.0
16.958011330894134
51.03200106789793
47.779089908981504
48.6071584361347
49.361937050725736
50.04676372916085
50.66487760509672
51.21942314482606
51.71345469194039
52.14994122150583
52.531771266659
44.14336823812776
53.142645336272345
53.37709903848187
16.958011330894134
53.58832115036236
49.03978125934632
48.98028734742139
44.58967075686419
53.25701673696415
48.60053252650038
48.415321884467716
48.20496920731523
47.971944334718735
52.121698245875265
47.44766569858982
51.512832169394045
46.8619084146118
46.55198934914057
42.17104430840738
41.87562839911389
41.577105883466665
41.27764733063998
40.97942423183525
36.9516124473246
40.395387047411596
36.43330183583159
32.70508882704237
53.56775527282764
42.372162867031776
34.314446158659365
36.9829714318334
43.4179266870892
39.03622290912172
35.03170480882221
34.53688845079059
34.123644562560905
30.69336604436186
33.55046192933992
33.394506804281
33.32592400921509
30.28370327128285
30.375667242272623
27.603894279119277
27.82089719168546
25.25341938708885
25.563380177620193
25.92863236887999
23.516480610712556
23.936893821326557
24.402198426215303
27.909711182627536
28.525999983201412
39.583161269192125
26.204111458600455
26.36122256076305
26.52056642820417
26.68087425047823
26.840879675697256
26.99931837069463
27.154927625695972
27.30644596690489
27.452612771894263
27.59216788541859
27.723851234935015
27.846402446563676
27.95856046023755
28.059063145248153
28.14664691607647
31.61742644539698
31.682350118353735
31.72853837685408
31.754564691531396
31.758998755130033
31.740406054987677
31.697347446243004
35.196863525375754
35.089666709494765
34.95040340770063
34.77744676959375
34.56916244131851
34.32390810273147
34.040033006936355
33.71587752555821
33.34977270240751
32.940039825626414
32.4849900607661
31.982924339200974
34.77826731407523
34.77826731407523
0.0
0.0
0.0
0.0
0.0
0.0
0.0
0.0
0.0
0.0
0.0
0.0
0.0
0.0
0.0
0.0
0.0
77.08028528950422
71.76021128454767
66.69347413696981
44.75715386031348
40.97627659008015
44.75715386031352
44.75715386031352
44.757153860313494
44.75715386031351
44.75715386031346
40.97627659008023
44.75715386031351
44.757153860313494
44.75715386031343
48.7270749940584
52.895492184490614
57.27233023444435
61.868010186895845
66.69347413696994
71.76021128454757
77.08028528950429
0.0
