117.475834158 8.5746187545
119.823008979 48.9630006147
122.177342434 49.3891555823
124.53862264 49.8510685094
126.906637712 50.3467242483
129.281175769 50.8741076508
131.662024924 51.4312035693
134.048973296 52.0159968559
136.441808999 52.6264723625
138.840320152 53.2606149415
141.244294869 53.9164094448
143.653521268 54.5918407247
146.067787464 55.2848936333
148.486881573 55.9935530226
150.910591714 56.7158037448
153.338706 57.449630652
155.77101255 58.1930185964
158.207299479 58.94395243
160.647354903 59.7004170051
163.090966939 60.4603971736
165.537923703 61.2218777879
167.988013312 61.9828436998
170.441023882 62.7412797617
172.896743529 63.4951708256
175.354960369 64.2425017436
177.815462519 64.9812573679
180.278038095 65.7094225506
182.742475214 66.4249821438
185.208561992 67.1259209996
187.676086545 67.8102239702
190.144836989 68.4758759076
192.614601441 69.1208616641
195.085168017 69.7431660917
197.556324834 70.3407740426
200.027860008 70.9116703688
202.499561654 71.4538399226
204.97121789 71.965267556
207.442616832 72.4439381211
209.913546596 72.8878364701
212.383795298 73.2949474551
214.853151056 73.6632559283
217.321401984 73.9907467417
219.7883362 74.2754047475
222.253741819 74.5152147977
224.717406959 74.7081617446
227.179119734 74.8522304402
229.638668263 74.9454057367
232.095840661 74.9856724862
234.550425044 74.9710155409
237.002209529 74.8994197527
239.451002493 74.7691726398
241.896784331 74.5811314086
244.339622209 74.3374494791
246.779583957 74.0402902067
249.216737407 73.6918169465
251.651150389 73.2941930539
254.082890733 72.849581884
256.51202627 72.3601467922
258.938624831 71.8280511336
261.362754246 71.2554582635
263.784482346 70.6445315372
266.203876962 69.9974343099
268.621005925 69.3163299368
271.035937065 68.6033817733
273.448738212 67.8607531744
275.859477198 67.0906074956
278.268221852 66.295108092
280.675040007 65.4764183189
283.079999492 64.6367015316
285.483168137 63.7781210852
287.884613775 62.902840335
290.284404234 62.0130226363
292.682607347 61.1108313444
295.079290943 60.1984298144
297.474522853 59.2779814016
299.868370908 58.3516494612
302.260902939 57.4215973486
304.652186776 56.489988419
307.04229025 55.5589860275
309.431281191 54.6307535295
311.819227431 53.7074542802
314.206196799 52.7912516348
316.592257127 51.8843089486
318.977476245 50.9887895768
321.361921983 50.1068568747
323.745662173 49.2406741976
326.128764645 48.3924049006
328.51129723 47.5642123391
330.893327759 46.7582598682
333.274924061 45.9767108432
335.656153968 45.2217286194
338.03708531 44.495476552
340.417785918 43.8001179963
342.798323623 43.1378163075
345.178766256 42.5107348408
347.559181646 41.9210369515
349.939637625 41.3708859949
352.320202023 40.8624453261
354.700942671 40.3978783005
357.081927399 39.9793482733
359.46322403 39.6090185997
