-20.0728718102 40.16059144
-19.4940497803 141.321838248
-18.9000351626 142.462097475
-18.2910355102 143.581628102
-17.667258376 144.680689111
-17.0289113131 145.759539484
-16.3762018746 146.818438204
-15.7093376136 147.857644252
-15.0285260829 148.877416611
-14.3339748357 149.878014261
-13.6258914251 150.859696186
-12.9044834039 151.822721368
-12.1699583254 152.767348787
-11.4225237425 153.693837426
-10.6623872083 154.602446268
-9.88975627579 155.493434294
-9.10483849801 156.367060486
-8.30784142802 157.223583826
-7.49897261885 158.063263296
-6.67843962353 158.886357879
-5.84644999511 159.693126555
-5.00321128663 160.483828308
-4.14893105112 161.258722119
-3.28381684162 162.018066969
-2.40807621117 162.762121842
-1.5219167128 163.491145719
-0.625545899569 164.205397581
0.280828675503 164.905136412
1.19699945937 165.590621193
2.122758899 166.262110905
3.05789944135 166.919864532
4.00221353338 167.564141054
4.95549362205 168.195199455
5.91753215434 168.813298715
6.88812157719 169.418697817
7.86705433756 170.011655743
8.85412288243 170.592431475
9.84911965876 171.161283995
10.8518371135 171.718472284
11.8620676936 172.264255326
12.8796038461 172.798892101
13.9042380178 173.322641592
14.9357626558 173.83576278
15.9739702071 174.338514649
17.0186531185 174.831156179
18.0696038371 175.313946353
19.1266148097 175.787144152
20.1894784835 176.251008559
21.2579873053 176.705798556
22.331933722 177.151773125
23.4111101808 177.589191247
24.4953091284 178.018311905
25.5843230119 178.43939408
26.6779442783 178.852696755
27.7759653745 179.258478912
28.8781787474 179.656999532
29.9843768441 180.048517597
31.0943521114 180.433292091
32.2078969964 180.811581993
33.324803946 181.183646287
34.4448654072 181.549743955
35.5678738269 181.910133978
36.6936216521 182.265075339
37.8219013298 182.614827019
38.9525053069 182.959648
40.0852260303 183.299797265
41.2198559471 183.635533796
42.3561875043 183.967116573
43.4940131486 184.29480458
44.6331253273 184.618856799
45.7733164871 184.93953221
46.914379075 185.257089797
48.0561055381 185.571788542
49.1982883232 185.883887425
50.3407198774 186.19364543
51.4831926476 186.501321538
52.6254990807 186.807174732
53.7674316238 187.111463992
54.9087827238 187.414448302
56.0493448275 187.716386643
57.1889103821 188.017537997
58.3272718345 188.318161347
59.4642216316 188.618515673
60.5995522204 188.918859959
61.7330560479 189.219453186
62.8645255609 189.520554335
63.9937532066 189.82242239
65.1205314318 190.125316332
66.2446526834 190.429495144
67.3659094086 190.735217806
68.4840940542 191.042743301
69.5989990671 191.352330611
70.7104168944 191.664238718
71.8181399831 191.978726604
72.9219607799 192.296053252
74.0216717321 192.616477642
75.1170652864 192.940258757
76.2079338899 193.267655579
77.2940699895 193.598927089
78.3752660321 193.934332271
79.451314464 194.274130106
