199.986070591 7.222787022
202.038440855 207.42109106
204.095205633 207.60803847
206.156123566 207.783408675
208.220953294 207.946981098
210.289453457 208.098535161
212.361382698 208.237850285
214.436499656 208.364705893
216.514562972 208.478881407
218.595331287 208.580156251
220.678563241 208.668309845
222.764017476 208.743121612
224.851452632 208.804370974
226.94062735 208.851837355
229.031300271 208.885300175
231.123230035 208.904538857
233.216175283 208.909332824
235.309894657 208.899461497
237.404146795 208.874704299
239.49869034 208.834840653
241.593283933 208.779649979
243.687686213 208.708911702
245.781655822 208.622405243
247.8749514 208.519910023
249.967331588 208.401205466
252.058555027 208.266070994
254.148380358 208.114286029
256.236566221 207.945629993
258.322871257 207.759882309
260.407054107 207.556822398
262.488873411 207.336229684
264.568087811 207.097883587
266.644455947 206.841563531
268.71773646 206.567048938
270.78768799 206.27411923
272.854069179 205.962553829
274.916638666 205.632132158
276.975155094 205.282633639
279.029377102 204.913837694
281.079063331 204.525523745
283.123972423 204.117471214
285.163863017 203.689459525
287.198493755 203.241268098
289.227623277 202.772676357
291.251010224 202.283463723
293.268413237 201.77340962
295.279590956 201.242293468
297.284302023 200.689894691
299.282305077 200.11599271
301.273368699 199.520387533
303.257504849 198.903383288
305.2349774 198.265805881
307.206061864 197.608505336
309.171033756 196.932331676
311.13016859 196.238134924
313.08374188 195.526765104
315.03202914 194.79907224
316.975305884 194.055906354
318.913847626 193.298117471
320.84792988 192.526555614
322.77782816 191.742070805
324.703817979 190.945513069
326.626174853 190.137732429
328.545174295 189.319578909
330.461091819 188.491902531
332.374202939 187.655553319
334.284783169 186.811381298
336.193108023 185.960236489
338.099453015 185.102968917
340.004093659 184.240428604
341.90730547 183.373465575
343.80936396 182.502929853
345.710544645 181.629671462
347.611123038 180.754540424
349.511374653 179.878386762
351.411575004 179.002060502
353.311999606 178.126411665
355.212923972 177.252290276
357.114623616 176.380546358
359.017374052 175.512029934
360.921450795 174.647591028
362.827129358 173.788079662
364.734685255 172.934345862
366.644394 172.087239649
368.556531108 171.247611047
370.471372092 170.416310081
372.389192467 169.594186772
374.310267746 168.782091146
376.234873443 167.980873224
378.163285073 167.191383031
380.095778149 166.41447059
382.032628186 165.650985925
383.974110697 164.901779058
385.920501197 164.167700013
387.872075199 163.449598814
389.829108218 162.748325484
391.791875767 162.064730047
393.76065336 161.399662526
395.735716512 160.753972944
397.717340737 160.128511325
399.70580154 159.524127692
