22.74525184015821 -29.12819555096506
22.902298090680283 -29.546090593002518
23.0415774979962 -29.946001995710006
23.163624754424287 -30.328179678157753
23.268965270890583 -30.6928802491626
23.35811751484976 -31.040365167199326
23.431593594692263 -31.37090028143561
23.48989945357431 -31.68475567859268
23.53353494646193 -31.982205622165708
23.562993874790532 -32.2635285254741
23.578764002639893 -32.52900693783285
23.58132706535783 -32.7789275382857
23.571158773552444 -33.013581132183106
23.548728814316156 -33.23326264912902
23.514500851600996 -33.438271143054095
23.468932525084576 -33.6289097926294
23.41247544765737 -33.805485901886925
23.345575202488337 -33.96831090253018
23.26867133832688 -34.11770035651381
23.18219736292872 -34.253973959640135
23.086580734015065 -34.377455546861185
22.98224284658061 -34.488473100098744
22.869599013977357 -34.58735875894345
22.749058440178093 -34.67444883738716
22.62102417686364 -34.75008384930547
22.485893054477405 -34.81460854841623
22.34405556870372 -34.8683719965797
22.195895680631974 -34.91172768107583
22.041790446955503 -34.94503373393695
21.882109279885363 -34.9686533692898
21.71721231993678 -34.98295584643046
21.547446367455002 -34.988318876050926
21.373132678759646 -34.98513584056735
21.194518149519542 -34.973844672234065
21.011433601598874 -34.955130002975835
20.82788370262968 -34.92720787152277
22.56987839963395 -28.692086519348138
20.260210029315292 -34.90067431503826
19.877223214872767 -34.903027889539004
19.49338125149402 -34.8992437129298
19.109176527378835 -34.88964371170451
18.725013340512277 -34.87459929128573
18.3412596378309 -34.85450072801615
17.95825994931261 -34.829749517441144
17.576339698642315 -34.800755824081676
17.195806926458285 -34.76793746122365
16.81695307310661 -34.73171942825965
16.440053368393894 -34.6925336786737
16.065367040633085 -34.65081899660382
15.693137433835492 -34.60702092567411
15.32359207629484 -34.56159172797919
14.95694272015221 -34.514990358620025
14.593385362870418 -34.46768245025714
14.233100256122405 -34.420140305221736
13.876251902962085 -34.37284289126018
13.522989043698445 -34.32627584316373
13.173444625783482 -34.280931468493236
12.827735750106015 -34.23730876073549
12.485963577163076 -34.19591342423553
12.148213158824277 -34.15725791862238
11.8145531237098 -34.12186154498457
11.48503504464572 -34.090250617447936
11.15969204564864 -34.06295884415195
10.83853531680274 -34.040528279512046
10.521543656621262 -34.02351218166632
10.208621640000892 -34.01248644662732
9.899306788398 -34.00812964447678
9.596727312239445 -34.01014128122327
20.641399036763403 -34.89212479889119
9.331606172682939 -33.90585908292172
9.366502334203233 -33.80160156803922
9.403697463587378 -33.70734496461819
9.443474221492558 -33.62353893365295
9.486056267303262 -33.55064916280699
9.531652836362618 -33.48914518193675
9.580469886478191 -33.43949731676949
9.632713815700981 -33.40217567214583
9.688592952507285 -33.37764972488699
9.748318236580637 -33.36638813698474
9.812103563879482 -33.36885866127531
9.880165978064227 -33.385528088134436
9.952725787638911 -33.41686221299889
10.030006646406541 -33.46332581331316
10.1122356177654 -33.525382629258104
10.19964323620075 -33.603495344708136
10.292463577380829 -33.69812556557497
10.39093434918604 -33.809733789519385
10.495297023195135 -33.938779363289854
10.605797037674165 -34.08572041523462
10.72268413088031 -34.25101374518644
10.846212920072546 -34.435114632271535
10.976643973624476 -34.63847647903759
11.114245952634363 -34.861550100513256
11.25930032008867 -35.10478216023239
11.412113112182837 -35.3686112617882
11.573050250254681 -35.6534562229767
11.742678787008174 -35.959669173131715
11.922755628318185 -36.28720723491179
20.45559563122103 -29.647347057212983
20.079646996185105 -32.9532529516203
22.76210193694189 -31.16080581431015
25.383327742515448 -29.06537074081325
27.886814771113762 -26.672732621658213
30.21604017734677 -24.00208365092172
32.318534083737504 -21.08604890118525
34.14988720548216 -17.969260069288424
35.677096783291034 -14.705572709029838
36.880741915588004 -11.354293432031227
37.755700980872774 -7.975973108517962
38.310406629481804 -4.628374171200477
38.564893135325036 -1.363129137623531
38.54805900956384 1.7765838511202219
38.29461719928767 4.7572468030257085
37.84215025207435 7.555181525569566
37.22856890058095 10.155922469159322
36.490135022706994 12.553053397858662
35.66008868676147 14.746768406575882
-8.418010562460509 37.65960968670788
-5.548649516506302 38.18797706252391
-2.4868444712219286 38.50876144672574
0.7385362426916231 38.58190855573514
4.087797216163921 38.37185189047307
7.5113547777403795 37.85087387350251
10.95191466313564 37.00222518709211
14.34778608478507 35.82248090306038
17.636981654491137 34.322674454418916
20.761554656619936 32.527941094158734
23.671546586165093 30.47567859464158
26.327990419240308 28.21251538004489
28.704616682824764 25.79058131715871
30.78817392901118 23.263650824877743
32.57752271599509 20.683667887338117
34.08183137127581 18.09800745841372
35.31826838515795 15.547637179289666
36.30956171527808 13.066171268940707
37.08171219246536 10.679687470148366
37.662043151498324 8.407116582964477
9.298355288206842 -34.019769159016505
-9.798039796855058 33.87923436026469
-36.42009268072843 1.6252501443059941
-36.30455275506081 2.5201370313348264
-36.15254592416104 3.433061909991892
-35.96563891833253 4.362358046416347
-35.74536917742499 5.306388929193872
-35.49324459359722 6.263560791267594
-35.21074344846126 7.232325740128573
-34.89931439215546 8.211182800761634
-34.560376435753156 9.198678332459338
-34.195318948795574 10.193406218004213
-33.80550165794429 11.19400795766839
-33.39225464783018 12.19917271963854
-32.956878362022294 13.20763736833149
-32.50064360403309 14.21818648068421
-32.024791539813506 15.22965235605065
-31.530533700307366 16.240915021828897
-31.019051984277407 17.250902236127928
-30.491498663040442 18.258589488903
-29.948996385993503 19.2630000011913
-29.39263818800977 20.26320472264291
-28.8234874998166 21.258322327222572
-28.24257816281957 22.247519206563595
-27.65091444996252 23.230009459362122
-27.04947109741867 24.20505487558654
-26.439193353061533 25.171964911680078
-25.8209970532253 26.130096650196265
-25.195768751761925 27.07885473371897
-24.56436594397192 28.017691247647036
-23.927617483429074 28.946105503704644
-23.286324414427625 29.86364360608701
-22.641261803764632 30.76989749788143
-21.993183318881798 31.664502576153154
-21.342834963009246 32.54713053890913
-20.69101001311489 33.417460770610546
-20.038933586582015 34.27498004415173
-19.383091577901457 35.12167582290439
-36.49757148065257 0.7500105483782704
-18.428177790093343 35.923635159451436
-18.128600358952106 35.88454661608685
-17.828237973967845 35.839243592063355
-17.527296713340778 35.78820477195441
-17.226052451398125 35.73187107604272
-16.924792630723715 35.67067598778158
-16.623801705907294 35.605053135429216
-16.323356292234994 35.5354388191013
-16.023723225792295 35.46227302092663
-15.725158682982094 35.38599986471485
-15.427907740903526 35.30706784440923
-15.132204142478251 35.22592994781189
-14.83827016342545 35.1430437256339
-14.546316535120273 35.058871333352954
-14.256542399028941 34.97387955584054
-13.969135281231965 34.888539822021045
-13.68427108148132 34.80332821381734
-13.402114073532065 34.718725468687865
-13.122816918308189 34.63521697895638
-12.846520692391579 34.55329278488338
-12.573354940354509 34.47344756078135
-12.303437767133701 34.39618058963623
-12.036876003207368 34.32199571530484
-11.773765515357177 34.25140125399335
-11.514191830188217 34.18490981350806
-11.25823150915555 34.12303789652634
-11.005955587974189 34.06630490615086
-10.757439897066199 34.01523016076081
-10.512806347079678 33.970320954923466
-10.272511930189374 33.93198897841933
-10.03344282076231 33.90167992200375
-18.727241584786736 35.95578047826703
-9.779818086773965 33.78091459081304
-9.764863496729305 33.69178565047292
-9.75286470083092 33.612468240260796
-9.74388050171246 33.5434760150506
-9.738031880916274 33.485304644538076
-9.73545800410271 33.43844453635401
-9.736305220359398 33.40338401796183
-9.740723392651958 33.380610397527875
-9.748864427148241 33.37061038971004
-9.760881600863186 33.37387030974881
-9.776929220994589 33.39087617248396
-9.797162435339303 33.42211374687088
-9.821737116261886 33.46806858999153
-9.85080978048677 33.529226070445986
-9.884537524406326 33.60607138712669
-9.923077961733973 33.69908958753658
-9.966589152329988 33.80876558956933
-10.015229508467549 33.93558420874788
-10.06915765995101 34.080030199080596
-10.128532244920486 34.24258831527064
-10.193511566699584 34.42374341581245
-10.264252997146158 34.623980641643385
-10.340911871857699 34.84378574717496
-10.42363928323519 35.083645761694896
-10.51257722728414 35.344050443317514
-10.60784647281713 35.62549591432091
-10.70951017051 35.92849556570533
-10.817428290891627 36.25362367534319
-10.930238692154504 36.60182073461493
18.497067368190525 -30.907201085434536
18.497067368190525 -30.907201085434536
16.40131250923049 -32.06857539918829
14.179732041151556 -33.11090121697089
11.847653543475902 -34.015139065901636
9.424029950067627 -34.76469818161942
6.930886136234884 -35.34627841124737
4.392541251960504 -35.75055470211183
1.8346627751648619 -35.972636720989584
-0.7167702440120856 -36.01225930952074
-3.236506529801911 -35.873689601731996
-5.700978254078802 -35.5653683673512
-8.089100637156758 -35.0993309201303
-10.382865643284806 -34.490472324866204
-12.567706563996499 -33.75573035619499
-14.632636162499917 -32.913257801298926
-16.57018232835431 -31.981645326092263
-18.376159604801575 -30.979240441588033
-20.049321948625693 -29.92359051917434
-21.59094249227906 -28.831021182989048
-35.987587661604294 -1.513312412296699
-35.81458587531752 -3.835624947563417
-35.48033895841948 -6.2082306299400045
-34.97528580896834 -8.609643589594299
-34.293450239092294 -11.01616316408601
-33.43299378165767 -13.402667904357855
-32.39655480978634 -15.743564291969406
-31.191326962470338 -18.013819763701846
-29.82885670823401 -20.189994740923225
-28.32457131383602 -22.25118513801641
-26.697079005897937 -24.17979637448812
-24.967307279936197 -25.962090581232275
-23.15755914370128 -27.588476483213825
-21.290568983768598 -29.05354113539785
-19.388630678378217 -30.355849198734603
-17.4728535141595 -31.49755498815088
-15.562580373932644 -32.483883269457664
-13.674981463412163 -33.32253685021894
-11.824818588117896 -34.02308400949224
-10.024361473441449 -34.59636913331582
14.73645255482245 -35.664352926757914
