0.5504356308073568 -34.129423824673836
0.58912774720946 -33.89471701955483
0.6285387834674339 -33.7251067561501
0.6688057906674203 -33.61795002965053
0.7100900246617528 -33.57060367468776
0.7525501927366633 -33.5804247631564
0.7963357696355047 -33.64477070395154
0.841584775150011 -33.76099927553119
0.888422892647128 -33.926468638726135
0.9369630788265226 -34.13853734239407
0.9873053836615497 -34.39456432501942
1.039536876193722 -34.691908915166664
1.0937316379663287 -35.02793082959721
1.14995081855011 -35.39999016974204
1.208242774736874 -35.80544741472906
1.2686433572731062 -36.24166340791382
1.3311765044638832 -36.70599933024192
1.3958555632844138 -37.1958166398403
1.4626866046218083 -37.70847692335977
1.531678379892611 -38.24134144664018
1.6028821589374616 -38.7917693611991
1.6766706107762275 -39.35710514312004
1.7500142770714149 -39.93484629525406
0.512536885883577 -34.431867227812376
1.9893067317402142 -41.106356115049294
2.1583998092270917 -41.69451735746884
2.3317836380768426 -42.28412515547532
2.5092315147251156 -42.87255057653431
2.6905419164275486 -43.45716499345147
2.8754951994076237 -44.035342034783724
3.0638427766195377 -44.604458071529336
3.255303514618106 -45.161892379249934
3.449562298063597 -45.70502720216905
3.64626938523503 -46.23124778064329
3.8450400975558523 -46.73794236431178
4.045454670084325 -47.222502216614345
4.247058193953251 -47.68232161323999
4.449360628261104 -48.11479783638464
4.651836888889136 -48.51733116001631
4.8539270593087736 -48.88732482118982
5.05503684488292 -49.22218496160653
5.254538596895486 -49.519320496465355
5.451773892840777 -49.776142787485696
5.646061294983497 -49.99006466059069
5.836727402423378 -50.15849647406037
6.02332424081402 -50.27881859910704
6.202707226440225 -50.34875132308326
1.8250594212159115 -40.52225701410822
6.362557474848074 -50.34477529534797
6.343319998051243 -50.27282812869228
6.31809656199016 -50.1521829181122
6.287147942502941 -49.985254789224285
6.250780168340896 -49.77445313463437
6.209310869975354 -49.52218587307783
6.163060868610785 -49.230860514790635
6.112351374658203 -48.902884515870426
6.057502870079702 -48.54066542008525
5.998834604241949 -48.14661092242196
5.936664347324665 -47.72312890024571
5.871308265453422 -47.27262742967525
5.803080860867112 -46.79751479285159
5.732294953831342 -46.30019948027768
5.659261699839419 -45.78309018938711
5.584290648303579 -45.24859581711502
5.5076898661726545 -44.69912544495722
5.429766182620767 -44.137088309410245
5.350825689962278 -43.56489374149308
5.271174854783055 -42.984951031069016
5.191123304132532 -42.399669089616424
5.110992191120886 -41.81145543372173
5.031147665886579 -41.222712122300265
4.95223518341345 -40.63580731030157
4.872005311160137 -40.053460607206375
6.375829036649179 -50.36557373805093
4.865723294005875 -38.8860226397789
4.936531711284999 -38.306405774013285
5.005241622196991 -37.74142061295373
5.07225887229265 -37.19345513334076
5.138075281534839 -36.664885140517384
5.203232498988257 -36.15807865678991
5.268312971937917 -35.67539701632538
5.333936942678349 -35.21919522944421
5.400761256131375 -34.79182212593122
5.469478829763148 -34.39562041765163
5.5408184048272915 -34.0329267261763
5.61554443554445 -33.70607159282966
5.694457059627041 -33.417379476766314
5.778392132273325 -33.169168742405304
5.8682213297979615 -32.96375163381816
5.96485235426718 -32.80343422716925
6.06922931388948 -32.69051634626851
6.182333445064614 -32.62729140222416
6.305184568794687 -32.61604607265312
6.438844304260385 -32.65905959339051
6.5844241115097475 -32.75860198842298
6.743109427305285 -32.91692875696879
6.916256217814691 -33.136259621433055
7.106066861757711 -33.41862975990071
-1.9404816817509243 -34.75311714012469
13.52238397452652 -31.7994834956219
15.55273059174317 -30.857326359934632
17.550105338382252 -29.766689798406333
19.49436626604802 -28.53124082173835
21.365905125662266 -27.15805805104739
23.146383939201314 -25.657492657739255
24.819421067609994 -24.042844191391737
26.371173493083234 -22.329872985320918
27.790772349189126 -20.536187357404145
29.070584358245753 -18.680555238348177
30.20629014960167 -16.78219456271853
31.19678846600999 -14.860094493302796
32.043950376363796 -12.932411345916677
32.752258005136525 -11.015970883577609
33.32836724844509 -9.125894777808583
33.78063378524496 -7.2753556620984625
34.11863746981186 -5.4754539671529585
34.352733344515684 -3.735201561289699
26.3423261797779 22.363896583132544
27.67477452547689 20.69224187725618
28.931033779001154 18.89595997617357
30.093674397016684 16.98330887163047
31.146293944404647 14.96564039630789
32.07419790669957 12.857209945580337
32.865033697140575 10.674810491464257
33.50932526023456 8.437247154532486
34.00086270230372 6.164686078135105
34.33691474920079 3.87792527635321
34.51824959940001 1.597643119216599
34.54896907566382 -0.6563190928836207
34.43617881225265 -2.865590297551819
34.18953093770665 -5.01378033049528
33.82068370333894 -7.086845051330158
33.34272435387612 -9.0732988270141
32.76959793834669 -10.96428154973978
32.115577183529865 -12.753498387171987
31.39479879180135 -14.437057448287987
30.620881291808985 -16.013233522802437
4.792749549414566 -39.47784034191943
33.13797115338747 21.98511301182586
-5.538490449321955 33.597412940807686
-5.006263995512086 33.36849788077629
-4.48942326737631 33.20366029155366
-3.9848605903817713 33.10029990333217
-3.4895864526352796 33.05582257532217
-3.0007550018842153 33.067635713393855
-2.5156704156308933 33.1331471242421
-2.0317890190744095 33.24976463208617
-1.5467201251091467 33.41489592421601
-1.0582264061467015 33.62594847933232
-0.5642240655240585 33.88032952863804
-0.06278290801120079 34.175446031663625
0.4478736543135824 34.508704655888295
0.9693686555607712 34.877511754762054
1.5031717096876491 35.27927333628628
2.050599285595382 35.71139500941695
2.6128152764910624 36.17128188092616
3.190832266878914 36.65633832957022
3.7855147119213655 37.16396744616392
4.3975884857178755 37.691569352563846
5.027679085373848 38.23653448350885
5.676579073631331 38.796196556065496
6.34167444559526 39.36846098532945
-6.089149962934243 33.893043940932586
7.9449899032765074 40.15255106378416
8.890013481709218 40.34776134764803
9.85947026062263 40.5334154117578
10.852714335084215 40.70697938940202
11.868948458326429 40.866007974308104
12.90718251464915 41.00815172254562
13.966223139068916 41.131158876228454
15.044670259281133 41.23287597016909
16.140915715046674 41.3112480723222
17.253142633974903 41.36431888947453
18.379325124810123 41.39023081657325
19.5172281198237 41.38722495648116
20.664407296472177 41.35364112053355
21.818209050589758 41.28791781292102
22.97577051397417 41.18859219057788
24.13401963101512 41.05429998178968
25.28967534318366 40.88377531843091
26.43924801754372 40.675850361731676
27.57904053766481 40.429454365157454
28.70515159254171 40.143610859980214
29.81348884764344 39.817426393783194
30.89986116666239 39.4500117010156
31.958730668471958 39.04154840189818
7.025184787874764 39.95035586956172
33.329665469017584 38.16952577622558
33.63884828015637 37.710062149566795
33.91412064371218 37.215610059865554
34.15606004193347 36.68913754841677
34.36533253551016 36.133518099272635
34.542678484871146 35.55154284324223
34.68890898075085 34.94592360974855
34.80490465386873 34.31929394386191
34.89161519904451 33.67420951335882
34.950059158672275 33.01314829319588
34.98132381475102 32.33851065729169
34.986565131659916 31.652619427466504
34.96700772384196 30.95771989954264
34.92394483796261 30.255979856848967
34.85873834460807 29.54948957530712
34.772818736547606 28.840261819909756
34.66768513524971 28.130231831232408
34.54490530968559 27.421257294721755
34.406115719131435 26.715118274900476
34.25302161036785 26.013517066104896
34.08739726664476 25.318077818023227
33.91108675497577 24.63034540694494
33.72600692242031 23.951780920168858
33.53416837120557 23.283730039035532
33.33739128274357 22.627851375119292
32.9861832489492 38.590852912761164
32.49385195933513 21.878565512667052
31.8642789222622 21.77240505860547
31.251061277901897 21.668251215935783
30.65599390866049 21.56773448658987
30.08083469065417 21.472530452502525
29.527301260227205 21.384364651716226
28.99707020711179 21.3050137944052
28.491776808957752 21.236306165804365
28.013014928203972 21.180121783537658
27.562336969646026 21.138392464596194
27.14125386493896 21.11310185268667
26.751235072452232 21.106285424732704
26.39370858851896 21.120030482423772
26.07006097143295 21.156476129051583
25.78163738394636 21.217813226816162
25.52974166541253 21.306284321570985
25.31563646021158 21.424183510112613
25.140543455298143 21.573856191808517
25.0056438560635 21.75769857265584
24.91207943130837 21.97815657395543
24.86095512548684 22.2377231065378
24.853346891752096 22.5389298947656
24.890333020819185 22.884314777356423
24.973213433638875 23.276192821674925
-4.5281885794331345 -34.51144923502244
-4.5281885794331345 -34.51144923502244
-7.219306064574511 -34.05034860406627
-9.980325073855312 -33.34573033437135
-12.770720983420233 -32.37982868509451
-15.5445505368495 -31.14340329379195
-18.252853372381026 -29.63744192535512
-20.846649782762 -27.874034744674248
-23.280181766760677 -25.876200590871576
-25.5139639709615 -23.676618479016753
-27.517225793657303 -21.315414721119538
-29.26943624120031 -18.837322586682774
-30.760777324417887 -16.28862174986014
-31.991618926764914 -13.714260408680332
-32.971198841334285 -11.155476999108373
-33.71579572253282 -8.648106087975322
-34.24669509786642 -6.221615142887828
-34.58820495549821 -3.8988072623415917
-34.76590307184637 -1.6960553385495984
-34.80521761726641 0.3760940403242614
-8.558295765206196 33.73870468331131
-11.051864024610296 33.00607401212636
-13.604918062840767 32.038271248864675
-16.179957483925648 30.81807255379215
-18.7338059582288 29.335799536264062
-21.219601001595038 27.591178906410363
-23.589477079336007 25.59455393703746
-25.797675296010766 23.36716862253607
-27.803691230105443 20.94037664640723
-29.575026574480717 18.353812226107067
-31.089162393904218 15.652750613163505
-32.334511971723146 12.885028353206337
-33.3102994861689 10.09794871516857
-34.02549360383449 7.335557588067644
-34.49705659620474 4.636561906271339
-34.74782674187975 2.0330166818657744
-34.80433754823238 -0.45023098642801074
-34.69481313416412 -2.795453755273286
-34.44749281222201 -4.991478645086147
-34.08935357254083 -7.032822557034706
9.441687694595828 -33.2402850833229
