1.6922314111502033 -35.4771379223445
1.901652175829426 -36.26912482748032
2.1160542795896333 -36.993305261049336
2.333749231295471 -37.651902287013165
2.553776047543323 -38.24710292145452
2.7753285372314735 -38.78108544968887
2.9976735334817874 -39.2560233219729
3.220130545569617 -39.67408611734208
3.442065179027992 -40.037439841170475
3.662887008681764 -40.34824698560376
3.8820501462834898 -40.6086663816772
4.099059859007269 -40.820852396636035
4.3135229232278505 -40.98694912670995
4.524475848010468 -41.10916755849786
1.6922314111502033 -35.4771379223445
4.674854054962083 -41.25252263877816
4.613538654644032 -41.27794443451152
4.5482902388005755 -41.26796418320855
4.479482792235302 -41.22466462549114
4.407488787440911 -41.15012843586802
4.3326710609985355 -41.04643915588609
4.2553807826055845 -40.915681427051226
4.175956778165784 -40.759941069200174
4.094725258982976 -40.58130511101259
4.011999698856698 -40.38186180474217
3.9280807727236606 -40.163700632774216
3.8432563239692 -39.92891231170119
3.757801346197084 -39.67958879424525
3.6719779731497795 -39.41782327066633
3.586035473858317 -39.14571016930467
3.5002102522766734 -38.86534515658079
3.414725852813234 -38.578825137282415
3.3297929769926498 -38.288248252546396
3.2456095291460656 -37.99571387686511
3.1623607567425154 -37.703322607422976
3.0802198150257425 -37.413176219452296
2.9993517247733337 -37.127377359753986
2.9198601485595645 -36.848033681089035
4.731917807231355 -41.18960945618884
2.871762524243934 -36.306963528887536
2.9019184297771687 -36.04959254042532
2.9325980115654886 -35.80723252976517
2.9640374078044545 -35.5819792396178
2.9964853168858667 -35.37592723129296
3.030202386177365 -35.191169932405494
3.0654610618436777 -35.029799648229215
3.102545542208503 -34.89390756536378
3.1417517636021444 -34.785583752512515
3.183387400120239 -34.70691715998224
3.227751215262799 -34.65977381266455
3.274935109089057 -34.64371919397642
3.3248981370731485 -34.65695801562893
3.377587804899008 -34.69767815697999
3.4329417589701734 -34.76406843322314
3.4908878922484234 -34.85431858364019
3.551344541167566 -34.96661924918174
3.614220879810489 -35.099161928201944
3.6794177872278055 -35.250138878323035
3.74683001598828 -35.417742872230704
3.816352697767968 -35.60016646366471
3.8879073657853382 -35.79559905198136
3.961624111975823 -36.00220633599649
4.035393271677663 -36.21840647434041
2.841911010719798 -36.577248237896846
4.2223788498150725 -36.66315638027332
4.3361756225475006 -36.88793884171405
4.451460687233123 -37.11480897987896
4.567972064438663 -37.34197570135962
4.685469895752931 -37.56764616646507
4.803708604473741 -37.79002892838004
4.922429936046001 -38.00733471907276
5.041360638250978 -38.21777671034269
5.160211533526649 -38.419570618639064
5.2786770975477 -38.610934752664924
5.396435248797388 -38.79009003676664
5.513147235787073 -38.95526002409459
5.628457573087871 -39.10467090322702
5.741994003782565 -39.236551502381786
5.853367477094935 -39.34913329216904
5.962172135214644 -39.440650386335285
6.067985306495757 -39.50933954239918
6.170367503403838 -39.55344016152063
6.268862424614667 -39.57119428731475
6.362996961633598 -39.560846604591504
6.452281210700335 -39.52064443660421
6.536208491889283 -39.44883774049545
6.614255379015788 -39.34367910182238
6.685881745769109 -39.20342372481317
6.750530838359282 -39.02632941748851
6.807629392967101 -38.8106565680472
6.856587832425646 -38.5546681047367
6.896800611528477 -38.25662942650197
6.92764685887704 -37.91480827257312
6.948491661537048 -37.52747446313105
6.958688891636882 -37.092899328064206
6.957588272726923 -36.60935427752544
6.9445565790434785 -36.07510651761981
6.919062429595726 -35.48840190795325
6.881269841853225 -34.847344973425216
9.114262095972208 -33.61646399961884
11.37144894650828 -32.92152144492567
13.649531910889834 -32.044136811675
15.92217232240381 -30.977747721992685
18.161022449013387 -29.72059368515671
20.336868377719213 -28.276283524874177
22.420947705712592 -26.6540340168134
24.386327216714903 -24.86852368499297
26.20920758961813 -22.939351841672618
27.87002510241848 -20.890144235555393
29.354244845516064 -18.747392750492995
30.652781385359845 -16.539148065516606
31.762032357460782 -14.293695320502628
32.683557993852276 -12.038333034695484
33.42347650766084 -9.798349020809013
33.99166654765702 -7.596251095418161
34.40087278999255 -5.4512729411115615
34.665801845676356 -3.379143055280146
34.80227772883302 -1.39208127525675
34.82650425249426 0.5010258902950326
18.892702019370972 29.2609336111991
20.832240800179648 27.913333169563877
22.73628348246109 26.385561180253752
24.57774241743516 24.679363911048334
26.329074047287406 22.801672859775074
27.96354013355125 20.764798303643964
29.456535687229007 18.586256500402335
30.7868571797718 16.288212006972365
31.937781349994452 13.896566044591403
32.897843273296075 11.43976981225557
33.66123974424693 8.947478095646623
34.22783305061034 6.449175920324343
34.60278079641563 3.9729065615684718
34.79585973793422 1.5442054558104914
34.820578721365166 -0.8146919055432775
34.6931851806163 -3.085340729191927
34.4316629070006 -5.253286100187658
34.05480048808823 -7.308008559672814
33.58138560642027 -9.242670942138666
33.02955551692975 -11.053727323658869
-9.825724956632229 34.13130661704225
-10.513588343918059 34.72312477691775
-11.200678730618009 35.24315041280567
-11.885853195773308 35.69417502548027
-12.567464366484387 36.07912378693349
-13.243870324582062 36.40090875396877
-13.913507417932237 36.66240791488295
-14.574908399039217 36.86645998552056
-15.226708329704422 37.015862747228105
-15.867646588206668 37.113372563365765
-16.496566702470048 37.161704712873025
-17.1124118059588 37.16353583697851
-17.714189240281655 37.121522103373934
-18.301444109458743 37.03805714056371
-9.825724956632229 34.13130661704225
-18.538375499965355 37.10288085211486
-18.18598003648225 37.25651044435565
-17.81794040703184 37.378210347750844
-17.43608438528497 37.46952932465648
-17.04215839373012 37.53204791166998
-16.637833224621858 37.56737549467711
-16.224705470105164 37.577149577239595
-15.80429799922291 37.5630355373724
-15.378060148342513 37.52672652948529
-14.947367807965804 37.46994344062031
-14.513523465663127 37.39443486786996
-14.077756229140192 37.301977106802084
-13.641221838834184 37.19437414461201
-13.205002674826176 37.07345765650027
-12.77010775972974 36.94108700354195
-12.337472757967504 36.799149231827755
-11.907959970293007 36.649559073912386
-11.482358317757672 36.49425895169375
-11.061383299754823 36.335218987333036
-10.645676865349543 36.17443703600955
-10.235806895769855 36.01393881663047
-9.832263580500694 35.85577883475726
-9.435508092908634 35.702027997550914
-18.87317762598869 36.91582505627681
-7.671919326645309 34.990150935586456
-6.319353141340827 34.442256387180294
-4.987071114090213 33.91278242452904
-3.6736754582163655 33.40332296405725
-2.377464559391484 32.91540110357741
-1.0964335362202462 32.45046897842883
0.17172562129317726 32.00990772384179
1.4296240078140556 31.59502746071834
2.6801757882295476 31.207067287109155
3.9265981954814038 30.847195270406147
5.172378431946896 30.516313150995927
6.420848542186889 30.21325369000367
7.674978285331804 29.935688324112903
8.937475500696252 29.68133357199963
10.210788144082898 29.447966810394703
11.497104332216225 29.233426235860165
12.79835242515992 29.035610793615973
14.116201191246773 28.852480036014384
15.452060169500612 28.68205381091167
16.807080575856276 28.522411483938953
18.182158020909924 28.37168960464409
19.577943380489103 28.228072572230346
20.994918889546625 28.089727298410196
22.432368218682143 27.955687546520608
-9.045859696618578 35.55480233665587
23.879682107352096 28.117626994564617
23.86927210240924 28.415932513038243
23.858225477603412 28.71745443704809
23.845340946555723 29.02083990212067
23.829465765010184 29.324699575594735
23.809484101011265 29.627617641245003
23.784314128356243 29.928154296191913
23.752907057322773 30.224846582402407
23.71424674736835 30.516208719537175
23.667349531222897 30.800732256162675
23.611264126882077 31.076886144980477
23.545071590830503 31.343116783732327
23.46788529112297 31.597848037788793
23.378850891882166 31.839481253788875
23.277146344375183 32.06639526811992
23.161981881594897 32.2769464113514
23.032600016101185 32.46946851098716
22.888275540129086 32.64227289242995
22.72831552774346 32.79364837808723
22.552059340016797 32.92186128541019
22.358878633340964 33.02515542250438
22.14817737237462 33.10175208062411
21.91939185094867 33.14985002354198
21.671990723825445 33.16762546970391
21.40547505717808 33.15323206416091
21.11937841081817 33.104800833148445
20.813266976271677 33.020440106990705
20.486739820495302 32.89823538509074
20.13942933940922 32.736249082846086
19.771002167816505 32.532520025598856
19.381161183209542 32.28506233331761
18.9696505174212 31.99186262935134
18.536270597204748 31.650871667784003
18.08093830860912 31.259970834748714
17.60410816055355 30.81673765836984
17.60410816055355 30.81673765836984
-0.7822632644541017 -34.632435220027794
-3.343018215844623 -34.47958431148594
-6.00734244090259 -34.11640868969163
-8.743534195134004 -33.519667582821555
-11.513338558617775 -32.672014635142745
-14.273423833388335 -31.564012374170648
-16.97757547955358 -30.195685717009262
-19.579419250408648 -28.57733099680695
-22.035362158019012 -26.72939055888255
-24.307372395529157 -24.681352319299748
-26.365232284428814 -22.4698026620718
-28.187991578920716 -20.13590414734414
-29.764495829384046 -17.722649156007016
-31.093024230715173 -15.27224113457143
-32.1802026549764 -12.823886390988726
-33.03943446473852 -10.412169578650932
-33.689108672759644 -8.066068554092922
-34.15081351830537 -5.808566184719616
-34.44772369424308 -3.6567522980671825
-34.6032615826861 -1.6222801621594698
-11.89623699471747 32.534551640522906
-14.271268315274398 31.564987022930666
-16.67659968549887 30.362946629303863
-19.074732830422434 28.91664006298693
-21.423864269857646 27.221968055801057
-23.679931916504046 25.283953992879944
-25.7991924851313 23.117507914986874
-27.7410600854991 20.747315258053632
-29.470850040270534 18.206770800672544
-30.962056167849155 15.536041418047589
-32.19785645453018 12.77949704870285
-33.17167642690788 9.982854707590405
-33.886804708093706 7.1904083166294726
-34.35520662525366 4.442666183775636
-34.59578387913544 1.7746106255988963
-34.63236571192628 -0.785334501807057
-34.49169524147982 -3.2156592563911914
-34.20161321074869 -5.501559675826243
-33.789564014955374 -7.634321761857343
