119.088642438
9.3176500808
121.450740883
49.672333038
123.816607181
50.0593479919
126.186149511
50.4770210663
128.559276053
50.9236783853
130.935894987
51.3976460728
133.315914491
51.8972502527
135.699242745
52.420817049
138.085787928
52.9666725857
140.47545822
53.5331429866
142.8681618
54.1185543758
145.263806848
54.7212328772
147.662301543
55.3395046148
150.063554064
55.9716957124
152.46747259
56.6161322942
154.873965302
57.2711404839
157.282940379
57.9350464056
159.694305999
58.6061761833
162.107970342
59.2828559408
164.523841588
59.9634118021
166.941827917
60.6461698913
169.361837506
61.3294563321
171.783778537
62.0115972487
174.207559187
62.6909187649
176.633087638
63.3657470047
179.060272067
64.034408092
181.489020655
64.6952281509
183.91924158
65.3465333052
186.350843023
65.9866496789
188.783733162
66.6139033959
191.217820177
67.2266205803
193.653012248
67.823127356
196.089217553
68.4017498468
198.526344272
68.9608141769
200.964300585
69.4986464701
203.402994671
70.0135728503
205.842334709
70.5039194416
208.282228878
70.9680123679
210.722585359
71.4041777531
213.16331233
71.8107417212
215.604317971
72.1860303961
218.045510462
72.5283699019
220.486797981
72.8360863624
222.928088708
73.1075059016
225.369290822
73.3409546434
227.810312503
73.5347587119
230.251061931
73.6872442309
232.691447283
73.7967373245
235.131376741
73.8615641165
237.570758484
73.8800507309
240.00950068
73.8505240427
242.447502416
73.772022912
244.884636802
73.6456221176
247.320772333
73.4727580096
249.755777505
73.2548669379
252.189520816
72.9933852527
254.62187076
72.6897493041
257.052695834
72.3453954422
259.481864535
71.961760017
261.909245359
71.5402793787
264.334706801
71.0823898773
266.758117358
70.5895278629
269.179345526
70.0631296856
271.598259801
69.5046316956
274.01472868
68.9154702428
276.428620659
68.2970816773
278.839804233
67.6509023494
281.248147899
66.9783686089
283.653520154
66.2809168061
286.055789493
65.559983291
288.454824412
64.8170044138
290.850493409
64.0534165244
293.242664978
63.270655973
295.631207616
62.4701591096
298.01598982
61.6533622844
300.396880085
60.8217018475
302.773746908
59.9766141489
305.146458785
59.1195355387
307.514884212
58.251902367
309.878891685
57.3751509839
312.2383497
56.4907177394
314.593126754
55.6000389838
316.943091343
54.7045510669
319.288111963
53.8056903391
321.62805711
52.9048931502
323.96279528
52.0035958505
326.29219497
51.1032347899
328.616124675
50.2052463187
330.934452893
49.3110667868
333.247048118
48.4221325444
335.553778848
47.5398799416
337.854513578
46.6657453284
340.149120805
45.8011650549
342.437469025
44.9475754712
344.719426733
44.1064129274
346.994862427
43.2791137736
349.263644603
42.4671143599
351.525641755
41.6718510364
353.780722382
40.8947601531
356.028754978
40.1372780601
358.26960804
39.4008411076
199.320317409
97.375876864
201.312841476
197.792308694
203.313940201
198.200334222
205.323266083
198.59950741
207.340471616
198.989382219
209.3652093
199.369512608
211.39713163
199.739452539
213.435891105
200.098755971
215.481140219
200.446976867
217.532531472
200.783669186
219.589717359
201.108386889
221.652350378
201.420683937
223.720083026
201.720114291
225.7925678
202.00623191
227.869457196
202.278590756
229.950403712
202.53674479
232.035059845
202.780247971
234.123078092
203.008654261
236.214110949
203.22151762
238.307810914
203.418392009
240.403830483
203.598831389
242.501822155
203.76238972
244.601438425
203.908620962
246.702331791
204.037079077
248.804154749
204.147318025
250.906559798
204.238891767
253.009199433
204.311354263
255.111726152
204.364259475
257.213792451
204.397161361
259.315050828
204.409613885
261.41515378
204.401171005
263.513753804
204.371386683
265.610503396
204.319814879
267.705055054
204.246009553
269.797061275
204.149524668
271.886174555
204.029914182
273.972047393
203.886732058
276.054332283
203.719532255
278.132681725
203.527868733
280.206748214
203.311295455
282.276184248
203.06936638
284.340642324
202.801635469
286.399774938
202.507656683
288.453234588
202.186983982
290.500673771
201.839171327
292.541744984
201.463772678
294.576100723
201.060341997
296.603393486
200.628433244
298.623275769
200.167600379
300.63541375
199.677430623
302.639772929
199.15823896
304.636609867
198.611048037
306.626193148
198.036909743
308.608791358
197.436875966
310.584673083
196.811998595
312.55410691
196.163329517
314.517361423
195.491920622
316.47470521
194.798823797
318.426406854
194.085090931
320.372734943
193.351773912
322.313958061
192.599924628
324.250344795
191.830594968
326.182163731
191.044836821
328.109683454
190.243702073
330.03317255
189.428242614
331.952899605
188.599510332
333.869133205
187.758557115
335.782141935
186.906434852
337.692194381
186.04419543
339.599559129
185.172890739
341.504504765
184.293572666
343.407299875
183.4072931
345.308213044
182.515103929
347.207512858
181.618057042
349.105467902
180.717204326
351.002346764
179.81359767
352.898418028
178.908288963
354.79395028
178.002330092
356.689212106
177.096772946
358.584472092
176.192669414
360.479998823
175.291071383
362.376060886
174.393030742
364.272926866
173.499599379
366.170865349
172.611829182
368.070144921
171.730772041
369.971034167
170.857479842
371.873801673
169.993004475
373.778716025
169.138397828
375.68604581
168.294711789
377.596059611
167.462998246
379.509026017
166.644309088
381.425213611
165.839696203
383.34489098
165.050211479
385.26832671
164.276906805
387.195789387
163.520834068
389.127547595
162.783045158
391.063869922
162.064591963
393.005024953
161.36652637
394.951281273
160.689900268
396.902907469
160.035765546
398.86017212
159.405174092
-20.7538910102
39.917123759
-20.0652427493
140.929858313
-19.366013542
141.92989527
-18.6563286838
142.917333551
-17.9363134701
143.892272078
-17.2060931963
144.854809774
-16.4657931578
145.80504556
-15.7155386502
146.743078359
-14.9554549688
147.669007093
-14.1856674091
148.582930683
-13.4063012665
149.484948052
-12.6174818365
150.375158123
-11.8193344144
151.253659816
-11.0119842958
152.120552055
-10.195556776
152.975933761
-9.37017715056
153.819903856
-8.53597071484
154.652561264
-7.6930627643
155.474004904
-6.84157859438
156.284333701
-5.9816435005
157.083646576
-5.11338277812
157.87204245
-4.23692172267
158.649620247
-3.35238562958
159.416478888
-2.4598997943
160.172717295
-1.55958951225
160.91843439
-0.651580078885
161.653729096
0.264003210367
162.378700335
1.18703506007
163.093447029
2.11739017477
163.798068099
3.05494325906
164.492662468
3.99956901747
165.177329058
4.95114215459
165.852166792
5.90953737496
166.517274591
6.87462938316
167.172751377
7.84629288374
167.818696072
8.82440258127
168.4552076
9.80883318031
169.08238488
10.7994593854
169.700326837
11.7961559012
170.309132392
12.7987974321
170.908900466
13.8072586828
171.499729983
14.8214143578
172.081719864
15.8411391618
172.654969031
16.8663077991
173.219576407
17.8967949745
173.775640913
18.9324753924
174.323261472
19.9732237575
174.862537006
21.0189147743
175.393566436
22.0694231473
175.916448686
23.1246235812
176.431282676
24.1843907804
176.93816733
25.2485994496
177.437201569
26.3171242933
177.928484315
27.3898400161
178.412114491
28.4666213225
178.888191019
29.5473429171
179.35681282
30.6318795045
179.818078817
31.7201057892
180.272087932
32.8118964758
180.718939087
33.9071262688
181.158731204
35.0056698729
181.591563205
36.1074019925
182.017534013
37.2121973322
182.436742549
38.3199305967
182.849287735
39.4304764904
183.255268495
40.5437097179
183.654783749
41.6595049838
184.04793242
42.7777369927
184.43481343
43.8982804491
184.815525701
45.0210100575
185.190168155
46.1458005226
185.558839714
47.2725265489
185.921639301
48.401062841
186.278665838
49.5312841033
186.630018246
50.6630650406
186.975795447
51.7962803573
187.316096365
52.930804758
187.651019921
54.0665129473
187.980665036
55.2032796297
188.305130634
56.3409795099
188.624515636
57.4794872923
188.938918964
58.6186776815
189.248439541
59.7584253821
189.553176288
60.8986050986
189.853228128
62.0390915357
190.148693983
63.1797593978
190.439672774
64.3204833896
190.726263425
65.4611382156
191.008564857
66.6015985803
191.286675992
67.7417391884
191.560695752
68.8814347443
191.83072306
70.0205599527
192.096856837
71.1589895181
192.359196006
72.2965981451
192.617839488
73.4332605382
192.872886207
74.568851402
193.124435083
75.7032454411
193.372585039
76.83631736
193.617434998
77.9679418633
193.859083881
79.0979936555
194.09763061
80.226347441
194.333174107
1.662384527073982
-35.25952829179451
1.8303692609553792
-35.99489303805783
2.0014054465126208
-36.667756808918924
2.1742508997004677
-37.28017635895342
2.3482231367061672
-37.83418133789481
2.5227575646452465
-38.33179512007442
2.6973443761216913
-38.77503777948433
2.8715127950623867
-39.16592683107195
3.0448258808982587
-39.50647747243468
3.2168786187442038
-39.798702664340986
3.3872977433558447
-40.04461310134106
3.555746731102687
-40.24621670927763
3.7218533090096457
-40.40552558298678
1.662384527073982
-35.25952829179451
3.8197525023411174
-40.62153490912017
3.750464578070421
-40.68228060334179
3.677877812846674
-40.708735116094516
3.602353268519664
-40.702856571161234
3.524238805342492
-40.66660402557559
3.4438682016360076
-40.60193755464215
3.3615609339727257
-40.51081827242823
3.2776221044049123
-40.39520833927005
3.1923424119041215
-40.25707096424779
3.1059981402230505
-40.098370406605305
3.01885115295255
-39.92107197600363
2.9311488926028346
-39.72714203313247
2.843124382622875
-39.51854798940385
2.7549962327470894
-39.29725830694219
2.666968649159088
-39.06524249791234
2.57923145316596
-38.82447112371056
2.491960116468533
-38.576915793319266
2.40531583211245
-38.32454915957553
2.3194456709474593
-38.06934491136802
2.2344829730776326
-37.81327775460138
2.1505485223039784
-37.55832335267076
2.067755244396892
-37.30645809272637
1.9862410949322395
-37.059657443505316
1.9057263274297611
-36.81991805682906
3.885373486798585
-40.52454025254859
1.9025347774578734
-36.35777246881339
1.9782337336236537
-36.13946151114673
2.0537934403468796
-35.936244822067714
2.129429099278468
-35.7500900947078
2.2053820478349735
-35.58296316691169
2.2819146652897757
-35.43682827469046
2.35930910390303
-35.31364811543959
2.4378668719719485
-35.215383868397154
2.5179086751848843
-35.143995201708094
2.599774355979548
-35.10144027448844
2.683822808634744
-35.08967480356123
2.7703608629956307
-35.10975074100837
2.8594955346574977
-35.160133481780875
2.9512809535790723
-35.23882924877559
3.0457526335341356
-35.34384572196123
3.1429277576968957
-35.47319200819198
3.242805753158308
-35.62487857806458
3.345369557795891
-35.796917129958544
3.4505887893133718
-35.98732024709568
3.5584292543970264
-36.194100371125074
3.6688909869572512
-36.415265694896455
3.7822745178965533
-36.64879141060361
3.8956081137561114
-36.89300549056954
1.826543188550147
-36.58920636483861
4.162994028677986
-37.39042568576682
4.317927402270072
-37.63939341494591
4.475111619860002
-37.89066697174694
4.634248319037681
-38.14228288500912
4.795069978847039
-38.39227605308775
4.957299183217003
-38.63868414298427
5.1206384370176465
-38.879548689348695
5.284766771791567
-39.11291546144464
5.449338388280125
-39.33683460927236
5.613982039824407
-39.54936073058607
5.7783007243428415
-39.74855290347189
5.9418715190481635
-39.93247470459642
6.104245486466084
-40.09919421882477
6.264947618849078
-40.2467840455573
6.4234768041797565
-40.37332130157988
6.579305805419949
-40.47688762341592
6.731881248131117
-40.55556916837566
6.880623613850503
-40.60745661414704
7.024927238282828
-40.630645159079414
7.164160313399748
-40.623234520271154
7.297664894141292
-40.58332893197103
7.424756910380665
-40.50903714213272
7.54472618617541
-40.39847240721427
7.656836469894927
-40.24975248546526
7.760325480650522
-40.0609996250291
7.854404981626487
-39.83034054646416
7.938260898665817
-39.55590641436309
8.011053519083646
-39.235832789389974
8.071917841046968
-38.86825954493242
8.119964223714646
-38.451330711619335
8.154279688904353
-37.983194165390785
8.173930786839435
-37.46200094238338
8.177970762502412
-36.88590352484708
8.165461057332436
-36.25305069746667
8.135557320888836
-35.561566974949365
8.088111499311026
-34.80940858738915
10.101186624511001
-33.443543180517956
12.093140173471795
-32.77591360183772
14.086489280949934
-31.969913534885453
16.063669201106052
-31.023589145806532
18.006470485034015
-29.937795048432807
19.896620197626305
-28.71635520747329
21.716404358606667
-27.366079979124837
23.449289137594747
-25.89662894339432
25.080496080122543
-24.320223437816658
26.59748975857383
-22.65122712421845
27.990344425279034
-20.90562533493365
29.251968266827475
-19.10044251337877
30.37817783571552
-17.25314067270104
31.367629050921323
-15.381040257868314
32.221622912101736
-13.500798813429071
32.943812429591674
-11.627973782832878
33.539841641893986
-9.77668524230182
34.01694810305554
-7.959383986490117
34.38355755616118
-6.186721383133467
34.64889465740032
-4.46751057197875
27.971051280751965
20.931431913271325
29.178618783997933
19.212307449874174
30.305226649258486
17.380960543866465
31.335575412776677
15.446237899260588
32.255512602047816
13.419629595093333
33.052596091823375
11.315053834655373
33.71660530635285
9.148501424057706
34.2399599402533
6.937556845188077
34.61801251315495
4.700825600829738
34.84919213792966
2.4573072709838257
34.934990834802534
0.22575885946958607
34.87979848471224
-1.9759072235892816
34.690605908246084
-4.131151583896589
34.376605765998136
-6.225233144189161
33.94872688871203
-8.245513587764556
33.41913898952748
-10.181635472212257
32.80076198598948
-12.025579604694208
32.10680840965705
-13.77161593408497
31.350379895834294
-15.416167879120891
30.54413078133041
-16.957612641623594
-8.766295700137192
34.19283429862856
-9.415418137210338
34.751387078870124
-10.065841880083667
35.243729822728824
-10.716345608451036
35.672444056424105
-11.365326066692148
36.040199371867374
-12.011201015041365
36.34965011936293
-12.652466787454259
36.60342065321796
-13.287712665047707
36.80410165042097
-13.91562562604949
36.95424890256659
-14.534992119471724
37.056382890568415
-15.144698350868396
37.11298882959603
-15.74372660009928
37.12651843717459
-16.33120989778763
37.09936502039894
-8.766295700137192
34.19283429862856
-16.718150843880608
37.20132279262563
-16.514239257613013
37.33581885019989
-16.295975982694785
37.43899380485802
-16.064713967003712
37.512452090661604
-15.821761295787468
37.557814814013085
-15.56838185480538
37.57671945154089
-15.305795495528514
37.570819773964395
-15.035178090090994
37.54178582146977
-14.757661552554453
37.49130389354956
-14.474333847977448
37.42107654490253
-14.18623899577588
37.33282258330772
-13.894377070227733
37.22827706943488
-13.599704198274083
37.109191316905864
-13.303132554689
36.97733289373397
-13.005530352870295
36.83448562466924
-12.707721828237084
36.682449596016355
-12.410487206916429
36.52304116470803
-12.114562642663401
36.35809297622394
-11.820640077988571
36.18945400453953
-11.529366896932913
36.0189896525667
-11.241344882491376
35.84858205127766
-10.95712604754155
35.680131260445535
-10.677183449349712
35.51556366822294
-10.40230353575808
35.356719068544194
-16.906308289388534
37.033919990145534
-8.84329106058101
34.815836031156294
-7.571733429732603
34.44065117286715
-6.317076132321176
34.08173178487981
-5.07808817949072
33.74072450918243
-3.853265322992314
33.41924003112128
-2.6408345763241243
33.118851775038564
-1.4387553418171422
32.8410955764801
-0.24471978189868082
32.58746957020021
0.9438470385666449
32.35943414128904
2.1297870963859964
32.15841189750489
3.3162093070558
31.985786797213024
4.506373679809968
31.842086721983364
5.703265606513014
31.725485893609473
6.909575163661572
31.633774282106728
8.127725157982383
31.564779565419087
9.359871300030221
31.516367019074877
10.607902553334526
31.48643929425988
11.873441904910578
31.47293593327379
13.157848292014364
31.473832156446164
14.462222383914536
31.487135226046675
15.787429709160222
31.510869901784574
17.134262546078617
31.542976630313916
18.501256828645523
31.58268444942216
-10.132675088003964
35.20561287620667
20.261394468701155
31.654579439464058
20.639146774618894
31.682665161253098
21.02176877775389
31.710010431796434
21.408152398447385
31.734968165003494
21.797175797985744
31.755911572412288
22.187678611504737
31.771249739181954
22.578455756126004
31.779431517213908
22.968255367654706
31.778946823205757
23.35577797513156
31.768327157194427
23.739676126207314
31.746145838643194
24.11855419949643
31.71101812365461
24.490968304171076
31.661601268599135
24.855426222330834
31.596594565778233
25.210387375033804
31.514739365231982
25.554262800700712
31.41481908744727
25.88541514185465
31.295659231929704
26.202158636489514
31.15612738242818
26.502759112148453
30.995133209521335
26.785433983113933
30.811628472684497
27.048352248385697
30.604607019859237
27.28963449198727
30.373104786550407
27.507352884473733
30.116199792768107
27.699531186392676
29.833012137728787
27.86414475521832
29.522703992121457
27.99912055564181
29.18447958453659
28.10233717714499
28.817585180561295
28.17162486288771
28.421309048376507
28.20476555847705
27.99498140022535
28.19949299892147
27.5379742895813
28.15349287099309
27.049701418680385
28.064403138863725
26.529617751680632
27.92981476333233
25.977218662841025
27.747273501584118
25.392037803923124
27.514285309073102
24.773640702357056
27.228337954608378
24.121599150541066
26.887052332472138
23.43531191486756
26.887052332472138
23.43531191486756
-0.8040759875974857
-34.47945955675532
-3.3624902721530674
-34.32452954796952
-6.026532292851897
-33.95821812231864
-8.76426652694201
-33.35666802551599
-11.536980470863398
-32.50196534264772
-14.300673965299566
-31.384237981157998
-17.00830245649422
-30.00328843757247
-19.61258274050283
-28.369460124695493
-22.06903773842471
-26.503532647927198
-24.338882690279775
-24.435598190111012
-26.39136644973331
-22.203050385828707
-28.205279033989797
-19.847969773619987
-29.76949252078043
-17.414275310071186
-31.08257193176854
-14.945012265842763
-32.15163188454335
-12.48007358474188
-32.990695638010976
-10.054534839557732
-33.61882993049824
-7.697658320813801
-34.0582943346095
-5.432518434102519
-34.332879549998125
-3.2761335938996297
-34.46653691273133
-1.239960790946931
-10.894888717606378
32.72279128299923
-13.294977392294442
31.823312927131532
-15.733955091639828
30.690753113829224
-18.174287989717797
29.31168581959347
-20.573709638984752
27.680356594713565
-22.887260920605897
25.800251104821903
-25.069913906802924
23.684997070408222
-27.079508305435084
21.35836837063237
-28.879631206550513
18.853290717893024
-30.44204600268678
16.209919947058943
-31.74833978671836
13.473031964143551
-32.79059655339748
10.689080745886123
-33.57107767139655
7.903316613980344
-34.101053408703336
5.15730801257007
-34.39904079141873
2.4870991435943424
-34.48874600726535
-0.07789971820318442
-34.39698900682333
-2.5153164381907303
-34.151824453448114
-4.809631588866331
-33.78099203201988
-6.951564345697072
0.47815677058483175
-33.84470202291547
0.49928391835200614
-33.640097041273066
0.5211283208593898
-33.49689421565864
0.5437485015248171
-33.41259135197481
0.5672177660215141
-33.384686121894276
0.591608532804969
-33.410676272897206
0.6169884190700543
-33.488059680528295
0.6434189402185666
-33.614334366154395
0.6709549950098221
-33.78699850354107
0.6996446387790627
-34.00355042160726
0.7295289801930664
-34.2614886056362
0.7606421404237835
-34.558311697411966
0.793011252212807
-34.89151849469775
0.8266564947959409
-35.258607949652685
0.8615911748459837
-35.65707916585529
0.8978218831653635
-36.08443139364363
0.9353487961438134
-36.53816402027749
0.9741662864134923
-37.01577655095949
1.0142642723041604
-37.51476856635986
1.0556315965473573
-38.03263961695953
1.098266167022416
-38.56688890591539
1.1422155246314105
-39.11501401905204
1.1878608257391647
-39.67450203969693
1.2321230332255482
-40.24294825812322
0.4578128423080443
-34.11320974779801
1.4583653755938997
-41.384170578150616
1.6447832959250377
-41.95157807436857
1.8359090598371495
-42.51752164600492
2.0315195946270705
-43.0795094935734
2.2314138743452645
-43.63505101855037
2.435368902949392
-44.1816582001488
2.6431287140145514
-44.716845939758485
2.8544007090511627
-45.238132174369014
3.068854199787495
-45.743037921046806
3.286119755419577
-46.22908729678781
3.50578889041509
-46.693807525327
3.7274139180664747
-47.13472893903304
3.950507900927903
-47.5493849753575
4.174544677751214
-47.93531216728718
4.398958980034422
-48.290050125012755
4.623146695088451
-48.611141499855734
4.846465425504846
-48.896131911581676
5.068235745201832
-49.142569787487076
5.28774436004079
-49.348005959686475
5.504253607696228
-49.509992455336004
5.717039475771799
-49.6260776594803
5.925657753245048
-49.6937724505396
6.126373966268886
-49.71107945567795
1.2772085574665653
-40.81778251671926
6.300406817639782
-49.61222296744819
6.274801431502681
-49.50049716010116
6.243819144342751
-49.34471271293009
6.207696003464264
-49.14720034108677
6.166723779931203
-48.91028366409452
6.121208708335132
-48.63628445522269
6.071461174064041
-48.32752395384986
6.017792278738284
-47.986323302787156
5.960512470317099
-47.61500372200476
5.899930926054253
-47.2158865873904
5.836355252004353
-46.79129346965658
5.7700913327965395
-46.34354615245064
5.701443263971214
-45.87496664213455
5.630713339893703
-45.38787716907956
5.558202094125193
-44.884600183066425
5.4842084101392174
-44.36745833986146
5.4090297551264825
-43.8387744730895
5.332962668431946
-43.30087153492798
5.2563038524959325
-42.75607246314752
5.1793529142484545
-42.206699848540836
5.102420601780693
-41.65507493340445
5.0258617647449455
-41.103513605334655
4.950306096631721
-40.554298351524864
4.8735351223720045
-40.010057849917104
6.320743813179945
-49.677515573944135
4.875906629590133
-38.919484447467056
4.952145210076594
-38.378410042475195
5.02656934934663
-37.85199918721426
5.099575927117996
-37.34255336382529
5.171645938630377
-36.852362149031734
5.243308842346664
-36.383707547629484
5.315133652495433
-35.93886507405847
5.387725977033483
-35.52010411149416
5.461726841984387
-35.12968805367137
5.537812169129836
-34.76987436659533
5.61669253133465
-34.44291461535835
5.699113044326282
-34.15105447422786
5.7858533390243
-33.896533724019406
5.87772759733366
-33.681586239685544
5.975584657610568
-33.50843996347186
6.080308222214569
-33.379316857875125
6.192817241967418
-33.29643281882099
6.314066645903665
-33.26199751413188
6.445048812390269
-33.278214058659415
6.586796814731144
-33.34727829752438
6.740392543534142
-33.47137701514782
6.906991080840044
-33.65268255863984
7.087918205709059
-33.89333133336331
7.28535294612783
-34.19527326701267
-1.915588125739447
-34.39738186197425
13.785625668129683
-32.57429444258895
15.838841624742315
-31.62687511406409
17.858858546667363
-30.531775331683605
19.82593413213641
-29.292669207200362
21.72085994580158
-27.916525154631074
23.52566193864226
-26.413469364000548
25.224252572689238
-24.796475871451094
26.802985394876714
-23.08090352252924
28.251072356521206
-21.28391515207855
29.56083838985387
-19.423824731067214
30.727804410044257
-17.519422639811523
31.75060638179508
-15.589327371076337
32.630772018618984
-13.651404724906058
33.37238644008363
-11.72228462322937
33.98168300832987
-9.816993094408389
34.466595815129494
-7.948704700187022
34.836306786335115
-6.128610199924566
35.10081436259111
-4.3658864594941065
27.704872811963753
21.990183172661148
28.99710271597172
20.255768748029794
30.208598304737222
18.40023700818287
31.32258029397542
16.432409963901762
32.32339653617419
14.364058265668461
33.197162629375384
12.209689875385038
33.93235072865423
9.98617582069707
34.52027861477154
7.712230407140424
34.95545824268601
5.4077788913849645
35.23577570788609
3.0932577903921015
35.36249101495855
0.7888996838962328
35.34006366109344
-1.4859454647256882
35.17582614532574
-3.713406588039078
34.879539803743626
-5.8775706353338535
34.46287445277824
-7.964823786269335
33.9388548619832
-9.964048582354138
33.32131371037747
-11.866683871616658
32.62438371606919
-13.666664576294949
31.862052667130627
-15.360264754595505
31.047795657597078
-16.94587024317056
4.797790443311158
-39.47287867757612
33.674511433878365
21.14602146793024
-12.664374213722795
31.299301522932637
-12.116244360858758
31.215129137585677
-11.595049121694899
31.186868075623124
-11.097400180883028
31.212745108335184
-10.620032438125492
31.290963093487676
-10.159816167062331
31.419695852696094
-9.713760051660358
31.59708689078124
-9.279012194377316
31.821248969505405
-8.852860513970086
32.09026393695001
-8.43273291910728
32.4021826502362
-8.01619738510098
32.755024937419506
-7.600961980467588
33.14677957748441
-7.184874859765642
33.57540428985726
-6.765924223809833
34.03882572929996
-6.34223823572114
34.53493948481011
-5.912084862487433
35.06161008334399
-5.473871572363009
35.616670999161414
-5.02614472380435
36.197924675818854
-4.567588216306461
36.803142575908225
-4.0970201136171625
37.43006530763722
-3.613382509666792
38.076403005984815
-3.1157009881832494
38.739836857532396
-2.602800834636554
39.41802978149639
-2.077098148710803
40.108483748561554
-13.242865078471283
31.44117040457064
-0.4720530675228076
41.054394707178574
0.6228022826829829
41.29198564830503
1.7482512968979904
41.519152336255786
2.9039470779408703
41.73350006134362
4.0893419705708425
41.93271698417195
5.303643573320699
42.11457247834349
6.545803743703459
42.276916715194915
7.81451493603555
42.41768052254375
9.108208740291161
42.534875325377755
10.42505522334352
42.626593115826665
11.762962606916915
42.691006431330095
13.11957710573256
42.726368335393744
14.492282852906328
42.73101239311501
15.878201884809414
42.70335263448007
17.274194183802365
42.64188349341322
18.67685780377991
42.545179696040776
20.082529154351505
42.411896039188576
21.48728365079245
42.2407669041784
22.8869373589809
42.03060504272824
24.277051947185214
41.7802979350667
25.65295451181015
41.48879322620772
27.009876381274296
41.15499677831784
28.341115446419394
40.77921386463541
-1.53586068542171
40.80886868361378
30.1133989547057
39.75917097524618
30.553423823518358
39.12135830858983
30.963566312348576
38.451679316801346
31.343905078916862
37.75341229678065
31.694644440982188
37.02971067259975
32.01609285505549
36.283618801547306
32.30865753581202
35.51807592626511
32.572842662404014
34.735917492507525
32.80924866033229
33.93987567574288
33.01857187531124
33.13257962066737
33.20160441075211
32.31655556078499
33.35923403975744
31.49422688084084
33.492444156899296
30.667914151975623
33.60231375019811
29.839835149239548
33.69001738686865
29.012104857964147
33.75682520939432
28.186735469036762
33.80410294351134
27.365636359257252
33.8333119250928
26.550614043453038
33.84600916787605
25.743372062262665
33.843847541599644
24.945510696910475
33.82857631177944
24.158526106910273
33.802043307593976
23.383806876254624
33.76621010821975
22.622609828762705
33.72294550204754
21.87638893803029
29.643689351151863
40.361603506348956
33.06935892678149
21.066845670157875
32.47833320290192
20.98847767993206
31.903226391766395
20.912423074242753
31.345813622125434
20.84020478415968
30.807836594377193
20.773389255184128
30.291001236171724
20.713590182751034
29.796977117979395
20.662469443417052
29.32739726092018
20.621737402488577
28.883858063163586
20.593153033699423
28.46791927034502
20.578523969127986
28.081103965660645
20.57970651807713
27.724898572345808
20.59860566969806
27.400752864647302
20.637175082534526
27.11007999029283
20.69741706151683
26.854256508006927
20.7813825162213
26.63462245247638
20.891170889912303
26.452481446902482
21.028930033144718
26.309100913053044
21.196855969844393
26.2057124902542
21.397192429843074
26.14351295508135
21.63222982121991
26.123666520039876
21.90430266460433
26.14731172434182
22.215781897810928
26.21558899444426
22.56904410220605
26.329833554862773
22.966256097823873
-4.400311186167073
-34.1685033077371
-4.400311186167073
-34.1685033077371
-6.967747029225109
-33.73869971060938
-9.587906160088181
-33.08959673811833
-12.225739354018827
-32.20839415546115
-14.842527160129691
-31.089367062176763
-17.3977802930022
-29.73493900619897
-19.851482937030283
-28.156135779377536
-22.16643349892641
-26.37230711871112
-24.310402764532313
-24.410114179416837
-26.25785040039753
-22.30189788283255
-27.99101367754963
-20.083637870893256
-29.500288126640896
-17.79276137284819
-30.783931169733876
-15.466057628336841
-31.847210764457373
-13.137904069910775
-32.701175425606834
-10.838933647256795
-33.361235957494245
-8.595190062723532
-33.845729789026905
-6.427747029412814
-34.17459866353127
-4.352719036707356
-34.368262932267015
-2.381566678577144
-15.531415251190197
30.75100806674547
-17.716492425372593
29.546154622347473
-19.89688845706192
28.12406774549487
-22.037765146590658
26.479921906411704
-24.101880510146373
24.616025526079056
-26.05146322329543
22.54264005726111
-27.850383725961706
20.27820216741702
-29.46639149977065
17.848841105466533
-30.873148432682882
15.287186225053972
-32.05180081307981
12.630574866751118
-32.991898676751475
9.918869821149627
-33.691575960979236
7.192153091495953
-34.15702174756518
4.488565713266013
-34.401373427070865
1.8425154428578878
-34.44322618962261
-0.7166076167924302
-34.30497226264788
-3.1651595354590825
-34.01116302854206
-5.4854485934955335
-33.587041042541955
-7.665509169817142
-33.05733271608307
-9.698562291604475
-32.44533911997695
-11.582285017026749
9.65710899465762
-34.02746507396016
20.983823999083466
-27.88979672661793
21.12400485778731
-28.24103943903043
21.250436648803102
-28.57727852803268
21.36350964478388
-28.898756292056333
21.463610351127812
-29.205717580129473
21.551121404246178
-29.49840986918211
21.6264215457943
-29.777083283606473
21.68988561364983
-30.04199060188472
21.741884537960818
-30.293387259495688
21.78278533889859
-30.531531350393948
21.812951125247462
-30.756683628215484
21.832741093033636
-30.969107507056975
21.842510524148935
-31.169069062232012
21.842610785051697
-31.356837031432804
21.833389324785056
-31.532682815482758
21.815189672914673
-31.69688047983324
21.788351436845012
-31.849706756435822
21.753210297853098
-31.991441045575897
21.710098006511835
-32.122365419477106
21.659342375371835
-32.24276462582178
21.601267269580976
-32.35292609415963
21.536192592717263
-32.45313994441108
21.46443426550155
-32.54369899935074
21.38630419362021
-32.6248988047671
21.302110215849456
-32.697037660903874
21.212156017587265
-32.76041667459435
21.116740980369894
-32.81533985150608
21.01615990165715
-32.86211426601892
20.91070243532183
-32.90105040205745
20.800651860155853
-32.93246290165493
20.686282002294845
-32.95667243770336
20.567848001896422
-32.97401133069363
20.445549380259948
-32.9848460154258
20.31927151220285
-32.98973431041097
20.192057058862385
-32.98731365962058
20.829500744085834
-27.523310105583548
19.702813774214064
-33.0384503027295
19.34168446802449
-33.09274749523968
18.979420961609943
-33.142146743357216
18.616433793955004
-33.186910776379875
18.25306493784654
-33.22734146796486
17.889626938293844
-33.26375602744545
17.526412696331565
-33.296481047429836
17.163698729874845
-33.32585052023566
16.801746477218735
-33.35220504438777
16.440802888871993
-33.37589146442039
16.081100722474105
-33.39726269095624
15.722858700271285
-33.41667760378371
15.3662815979715
-33.43450099750942
15.011560296026659
-33.45110354908658
14.658871809118086
-33.46686179785331
14.30837930231581
-33.48215813424375
13.960232096973005
-33.49738079262272
13.614565668622117
-33.51292384862049
13.271501636047581
-33.52918721939881
12.931147739422105
-33.546576667441315
12.593597802605736
-33.56550380931242
12.258931669371307
-33.586386130658354
11.9272150951956
-33.60964701401252
11.598499555401823
-33.63571578720965
11.272821887668158
-33.665027815421496
10.950203575428773
-33.69802468541954
10.630649170215143
-33.7351546119032
10.314142346321304
-33.776873453826255
10.000634064013063
-33.823647765215384
9.689995220151843
-33.87596699619559
9.381685202453724
-33.9344289072572
9.079227025617435
-33.99858632415399
20.06205580331943
-32.9791982449602
8.821613960531465
-34.0122478721095
8.86475649771026
-33.963221285450686
8.909864589348594
-33.922818278386615
8.957190589148453
-33.89140683115363
9.006918771596304
-33.86937240447071
9.059215738379379
-33.85710494924993
9.114243022369081
-33.854995658707054
9.17216129153315
-33.86343588461921
9.23313203378553
-33.88281670321055
9.29731832656153
-33.91352871600819
9.364885226740256
-33.95596194967757
9.435999986520727
-34.01050579892407
9.510832185370617
-34.07754899279561
9.589553819776008
-34.1574795696273
9.67233937478504
-34.25068485803516
9.759365891207338
-34.35755145667815
9.850813041737354
-34.47846521266078
9.946863229104466
-34.61381119136226
10.047701726964988
-34.76397363349301
10.153516897155498
-34.92933588822646
10.264500545699903
-35.11028030359725
10.380848540996965
-35.307188035970825
10.502761957757016
-35.52043869657632
10.630449361687326
-35.75040964591457
10.764131833078153
-35.99747444301036
10.904055522329259
-36.26199896696107
11.05052931475582
-36.54432978586877
11.204075485161496
-36.8447476288346
11.366484276410219
-37.16314169703159
18.741093096887226
-28.49464929715225
19.58841000169994
-33.996613978068865
22.29220638695128
-32.2882811987584
24.935891298461712
-30.29318229436828
27.46794017145811
-28.017634288171507
29.837252616807476
-25.47967669828921
31.996561296676944
-22.7089329021978
33.90572681209021
-19.74530976491465
35.53446015240563
-16.636637582324852
36.8640969136063
-13.43554714601413
37.88821594388166
-10.196012012464394
38.61210212561623
-6.970017059484832
39.05124151042223
-3.8047476740517254
39.22916190704238
-0.7405568442606807
39.17497435098814
2.1901947328828157
38.92093888762241
4.963475040179787
38.50029767560507
7.563243170646132
37.945520092472435
9.980634913686458
37.28701317813346
12.212870941028882
-1.6286994723301405
39.20233292034234
1.2928080969792006
39.214846877081015
4.351623874179879
38.99408850103043
7.51306212585753
38.51012160278816
10.73413438638795
37.73928890882141
13.96509186896779
36.666766662194476
17.151884767247722
35.28864431087686
20.23934190672945
33.613161225196166
23.17471069873538
31.660833097037198
25.911096406487687
29.463378139348293
28.41033757192271
27.061564762923865
30.644956316201075
24.502290112286516
32.59899878377644
21.835311920461976
34.267780464337235
19.110070392767113
35.65672041830145
16.37296116710749
36.77955210061246
13.665288714361623
37.65622701178884
11.021984195468178
38.310793716688366
8.471047937880996
38.7694636884804
6.033593761277416
39.0589926500909
3.7243337026468453
8.779763713218806
-34.06963846330112
-13.091016743827652
32.6565429354184
-33.217761737800586
9.914062680838555
-33.15351444171033
10.581928658299063
-33.06183165361507
11.255227758574193
-32.94381287525273
11.933131354732211
-32.80053722803414
12.61483960434586
-32.633063842315806
13.299580052722092
-32.44243195506845
13.986607283513962
-32.22966094264706
14.67520280199949
-31.995750334285262
15.36467498818331
-31.741679818517532
16.054359075198107
-31.46840924701542
16.74361713834557
-31.176878636936273
17.431838088817216
-30.86800817277295
18.11843766973618
-30.542698208400264
18.802858453539244
-30.201829268659985
19.484569839563846
-29.84626205174946
20.16306805206645
-29.476837432123045
20.837876138138853
-29.09437646365361
21.508543964880545
-28.699680384906642
22.174648216535957
-28.293530625043797
22.835792389744995
-27.87668881345757
23.491606787892863
-27.449896792998153
24.14174851247239
-27.01387663954359
24.785901450081383
-26.569330692928617
25.423776253127983
-26.11694160566437
26.055110308538104
-25.657372423880904
26.67966768552907
-25.19126672972263
27.297239045182522
-24.719248904573025
27.907641471553404
-24.24192465627548
28.510718134954487
-23.75988217795441
29.106337550349593
-23.2736950459604
29.694391724748613
-22.78393091242074
30.274790598450267
-22.291186275094873
30.84743981023388
-21.796329867640818
31.412085056847104
-21.297236136057055
31.970400942001163
-33.253450939957915
9.252497014309284
-20.554897650735224
32.549302905046034
-20.31194203683236
32.572057688704945
-20.067404692632625
32.589976519475215
-19.821502359064535
32.60342820341839
-19.5744948776016
32.61275292395419
-19.326648343859816
32.6182858045527
-19.07822589627214
32.62036279876932
-18.829484646430068
32.619322653714164
-18.580674451675392
32.61550769490057
-18.332037358044598
32.60926418294403
-18.08380732252817
32.60094249147673
-17.836210064342378
32.590897202179605
-17.58946298156859
32.579487159198635
-17.34377510255923
32.567075500790395
-17.09934705753893
32.55402967794089
-16.85637106348866
32.54072146601467
-16.615030917583358
32.527526970145715
-16.3755019985786
32.51482662724899
-16.137951275770426
32.50300520388964
-15.902537327631416
32.492451789820876
-15.669410374641874
32.483559785950035
-15.438712334302508
32.47672688234323
-15.210576915724744
32.47235502138966
-14.985129786317742
32.47085033077832
-14.762488883388087
32.47262299916068
-14.542765038325353
32.478087026020205
-14.326063351041189
32.487659670851116
-14.1124866270397
32.50176007524283
-13.902145690165145
32.520805129548364
-13.695200633482774
32.5451929358706
-13.492149579707267
32.57518705347374
-13.289931725472218
32.61247866997758
-20.796355823501948
32.52114980129372
-12.778597762015181
32.6904903908991
-12.470520499649965
32.73185657786962
-12.16625741520923
32.78127257015555
-11.865635700923363
32.839225128767936
-11.568529890721955
32.906179925774694
-11.274817944675803
32.98259914754618
-10.984370267677932
33.06894589622581
-10.697046045903448
33.16568565693976
-10.412691777917772
33.273286885440996
-10.131140602401594
33.39222127511144
-9.852211956782888
33.52296389198017
-9.575711385989266
33.66599324700712
-9.301430424350187
33.82179133986446
-9.029146511922633
33.99084368517106
-8.75862292553304
34.173639332102795
-8.4896087097558
34.370670878427745
-8.221838596375825
34.58243448522563
-7.955032896658679
34.80942989177751
-7.6888973447030295
35.052160435571494
-7.423122853818107
35.31113308124313
-7.157385115925074
35.58685846693115
-6.891343904739344
35.8798509837539
-6.624641785007341
36.19062892139857
-6.3569015340248
36.51971475864252
-6.087720471731998
36.86763580230115
-5.816656287996722
37.23492578131919
-5.543184527644655
37.62212963173104
-5.266528532782544
38.02982263072644
-4.984469044829908
38.458744339341706
16.73986924173215
-29.714481095984198
16.73986924173215
-29.714481095984198
14.584963815375604
-30.829408679669427
12.288905922221794
-31.814405546366487
9.869446890594972
-32.646096659594974
7.349237178171984
-33.30408866690195
4.755104301714896
-33.77221627482723
2.1169657421816055
-34.03956617056572
-0.5335355708987564
-34.101157587807464
-3.1645429904068436
-33.9581989613077
-5.745493215456918
-33.61789578104245
-8.248470900369206
-33.09284419386849
-10.64929119466979
-32.400095772775444
-12.928235396340458
-31.56001170105459
-15.070415746869205
-30.59503518955991
-17.06579191878468
-29.528500727579043
-18.90889644881008
-28.383573491054136
-20.598345884487397
-27.182379510574748
-22.136219259089405
-25.94535422667056
-23.527378871790095
-24.69080906850033
-33.389010520675654
6.953242803476854
-33.78771269202589
4.643714038892199
-34.032359023093335
2.229831463848768
-34.10428161638984
-0.2675527310019845
-33.98826823277088
-2.8233369567075215
-33.67368057933818
-5.408959722034808
-33.155347949968856
-7.993529342561288
-32.434119796748206
-10.545211332357383
-31.51699700201142
-13.032747561780525
-30.41681480391188
-15.426956479436242
-29.151510065710337
-17.702064001767752
-27.74305934844155
-19.836740332593536
-26.216211198912813
-21.814762877645308
-24.59715012498342
-23.625279146772442
-22.912220868090618
-25.262694708318932
-21.186814977961628
-26.726250768177607
-19.444485430115083
-28.019378925877987
-17.706317422652877
-29.148926778908205
-15.990551041211358
-30.12434043149007
-14.312427889943923
-30.95687350054989
14.190836695698394
-36.57999073598225
3.563845989992267
3.5846683017671017
3.6033851995158317
3.6201595568455356
3.6351353672329316
3.648440756804872
3.660190418711759
3.6704876198711642
3.6794258716501202
3.6870903325388067
3.6935589951708545
3.6989036981837904
3.7031910058650706
3.563845989992267
3.708699985126481
3.7100240947702074
3.710507339343251
3.7101994691967994
3.7091483138119044
3.707400151051885
3.7050000430125154
3.70199214332478
3.6984199797501325
3.6943267151951815
3.6897553895268893
3.6847491440142566
3.679351429609752
3.673606199846742
3.6675580886110684
3.6612525726471987
3.6547361182197213
3.648056310957153
3.641261967554382
3.6344032276622844
3.627531623937038
3.6207001281831723
3.613963172234083
3.6073766060755075
3.706482930878655
3.5947752504931985
3.5888813175495864
3.583376850138994
3.578323602713395
3.5737839541105805
3.5698206249530746
3.566496351374836
3.5638735166527775
3.562013743431429
3.5609774505878895
3.5608233536255667
3.5615822975924605
3.5632090840202437
3.565643435935766
3.568823620044419
3.5726869184916934
3.5771700668866875
3.582209653767968
3.5877424779081957
3.5937058611909007
3.600037914784891
3.6066777463604045
3.613565970835285
3.600997755718116
3.6275747028155756
3.634588421729995
3.641631134433458
3.648650505497782
3.655595683890579
3.6624172498763934
3.669067136148666
3.6754985276864782
3.6816657426962975
3.6875240964474814
3.693029749274941
3.6981395397245493
3.7028108033052805
3.7070011769890865
3.7106683890686982
3.7137700336236037
3.7162633282657778
3.7181048533198844
3.719250270053944
3.719654014777056
3.719268964976055
3.718046072636908
3.7159339588699813
3.712878462659845
3.708822134878847
3.7037036668378267
3.697457240117103
3.6900117813438555
3.681290101690113
3.671207895794188
3.659672568313874
3.6465818478604484
3.6318221366945527
3.615266529103816
3.5967724078469123
3.576178464381275
3.5535098095956887
3.5535098095956883
3.5535098095956887
3.5535098095956883
3.5535098095956887
3.5535098095956887
3.5535098095956883
3.553509809595688
3.5535098095956887
3.5535098095956887
3.5535098095956887
3.5535098095956887
3.5535098095956883
3.5535098095956887
3.553509809595688
3.553509809595688
3.5535098095956883
3.5535098095956887
3.5535098095956887
3.553509809595688
3.5535098095956887
3.5535098095956883
3.5535098095956887
3.5535098095956883
3.553509809595689
3.553509809595688
3.553509809595688
3.553509809595688
3.5535098095956887
3.5535098095956883
3.5535098095956874
3.553509809595688
3.5535098095956887
3.553509809595688
3.5535098095956887
3.553509809595688
3.553509809595689
3.553509809595688
3.5535098095956887
3.5535098095956883
3.5638459899922674
3.58363813821398
3.6014950033116726
3.6175801692704
3.6320383928127966
3.644998402128384
3.6565752987688858
3.6668725552908974
3.6759836826517627
3.6839936319340274
3.6909799819629514
3.697013954501591
3.7021612571608418
3.5638459899922674
3.7083200057663404
3.7092954915904484
3.7094615492008867
3.708868001969563
3.7075627450715016
3.7055921148368487
3.703001224596274
3.6998342719596278
3.6961348213848058
3.6919460651684184
3.6873110652408836
3.682272977592481
3.6768752605437967
3.671161867636735
3.665177425403945
3.6589673958763536
3.652578223247967
3.6460574637211076
3.639453897198566
3.6328176191216257
3.6262001103181953
3.619654282253631
3.6132344914551933
3.606996623788167
3.7064829308786553
3.581332930412019
3.5628384499967027
3.545650498225297
3.529904797184604
3.515735124231415
3.5032716792816614
3.492639365966205
3.483956041934825
3.4773307992848723
3.472862339807058
3.470637482794052
3.470704247012738
3.4730232098026126
3.477528312598137
3.4841406422067496
3.4927693709341985
3.503312945555525
3.515660478744444
3.5296932863188593
3.545286506756923
3.5623107278872435
3.580633439960163
3.600123804761588
3.600997755718116
3.626571153575407
3.6326329148086853
3.638775714522064
3.644947627332179
3.6510981868527375
3.6571783346907947
3.6631403417552986
3.6689377078858825
3.674525042465267
3.6798579279073853
3.684892767323109
3.6895866173506477
3.693897006620011
3.6977817399954813
3.701198688208035
3.704105562129198
3.706459670358721
3.7082176582814728
3.709335226209967
3.709766823429473
3.7094653143177596
3.7083816116853856
3.706464271455653
3.703659041504754
3.6999083558011603
3.695150763117327
3.6893202770565114
3.682345631060483
3.674149418172087
3.6646470902555826
3.6537457848840806
3.6413429396468486
3.6273246422697705
3.6115636495128673
3.5939169844271293
3.5742229589366166
3.5742229589366166
3.5406356189892088
3.5406356189892088
3.5406356189892088
3.5406356189892088
3.5406356189892088
3.5406356189892088
3.5406356189892088
3.5406356189892088
3.5406356189892088
3.5406356189892088
3.540635618989209
3.5406356189892088
3.5406356189892088
3.5406356189892083
3.5406356189892088
3.5406356189892088
3.540635618989209
3.540635618989209
3.5406356189892088
3.5406356189892088
3.540635618989209
3.5406356189892088
3.5406356189892088
3.540635618989209
3.5406356189892088
3.540635618989209
3.5406356189892088
3.5406356189892088
3.540635618989209
3.540635618989209
3.540635618989209
3.5406356189892083
3.540635618989209
3.5406356189892088
3.5406356189892088
3.540635618989209
3.540635618989209
3.540635618989209
3.540635618989209
3.5218822634942057
3.515828849092466
3.5115737279936727
3.5090652156323987
3.508241610797302
3.50903224516173
3.511358643361794
3.5151357533896537
3.520273207553788
3.526676576909934
3.534248586196079
3.54289026151423
3.552501988834383
3.56298446735597
3.5742395475327577
3.586170948839861
3.598684856863051
3.611690403113213
3.6251000338200132
3.638829776093383
3.6527994111241973
3.666932564499747
3.681156721085235
3.6954032743233487
3.5297747373383737
3.7235189872149124
3.7372840430718117
3.750847655678654
3.7641581440652954
3.7771665960607717
3.7898266286975146
3.802094137715533
3.813927041282376
3.825285020369028
3.836129257168135
3.8464221721742016
3.8561271600985028
3.8652083241696262
3.8736302079461233
3.881357523321052
3.888354872921035
3.894586464671991
3.9000158157786884
3.90460544278676
3.908316533518543
3.911108594637
3.912939053805737
3.9137647439740206
3.709607140445356
3.9122365186016923
3.9099531976497026
3.9067727262741094
3.9027338063147288
3.897873539360217
3.8922277458919647
3.8858312638034516
3.8787182302216543
3.8709223500141996
3.8624771539049236
3.8534162486137262
3.8437735609772474
3.8335835777355216
3.822881582132481
3.8117038882167824
3.8000880732766213
3.7880732084573103
3.7757000871454514
3.7630114502283853
3.7500522068512874
3.736869648657539
3.7235136550545773
3.7100368875002627
3.6964949360264043
3.9135820434904938
3.66928183628808
3.6557514897849597
3.642424256468567
3.629372233026549
3.616670853254382
3.6043987760317058
3.592637697310086
3.581472079882585
3.570988793937953
3.5612766624549375
3.552425907356986
3.5445274949320416
3.5376723821082297
3.5319506690704268
3.527450667859546
3.5242579012939017
3.522454051086725
3.5221158786452245
3.5233141458525585
3.526112566140796
3.5305668178642433
3.536723651346694
3.544620115194675
3.5542828792551076
3.5395287378549662
3.5659004650386907
3.5659004650386903
3.5659004650386907
3.56590046503869
3.5659004650386903
3.5659004650386903
3.5659004650386903
3.5659004650386907
3.56590046503869
3.5659004650386903
3.56590046503869
3.5659004650386903
3.56590046503869
3.5659004650386907
3.5659004650386903
3.5659004650386907
3.5659004650386907
3.5659004650386903
3.5659004650386907
3.56590046503869
3.56590046503869
3.56590046503869
3.56590046503869
3.5659004650386907
3.5659004650386903
3.5659004650386894
3.5659004650386894
3.5659004650386903
3.56590046503869
3.56590046503869
3.5659004650386894
3.5659004650386894
3.5659004650386903
3.5659004650386894
3.5659004650386903
3.56590046503869
3.5659004650386894
3.5659004650386907
3.682946563809175
3.682946563809175
3.519406090685987
3.5110719085841025
3.504734232632153
3.500343929983373
3.497841620529363
3.4971587222235514
3.498218603976772
3.500937808913482
3.5052273088942023
3.510993753425199
3.5181406800904926
3.526569658808442
3.5361813480259374
3.546876446907221
3.5585565333301905
3.5711247827588335
3.5844865675385367
3.5985499399414835
3.613226005041936
3.628429191337976
3.6440774271573266
3.660092224940084
3.6763986094512746
3.692927028622693
3.5297747373383737
3.7149639879219754
3.720782162815183
3.7270405420294463
3.7337192283238814
3.7407991100596854
3.7482612454361326
3.7560862306282576
3.764253581199388
3.772741142591709
3.781524542016957
3.790576691855955
3.79986735263244
3.8093627610699734
3.8190253260709777
3.8288133925565377
3.838681070099536
3.848578120387786
3.858449894741252
3.8682373102384107
3.8778768498432385
3.8873005642987937
3.8964359919033518
3.90520941217256
3.709607140445356
3.9095385377081495
3.904769116717297
3.899317756941863
3.893226176000541
3.8865342193614505
3.8792801756040753
3.871501066097715
3.86323291777461
3.854511023401029
3.8453701926019486
3.8358449962078938
3.825970005968751
3.81578003137625
3.805310354777977
3.7945969656865253
3.7836767947177106
3.77258794718997
3.7613699359333284
3.750063912355858
3.7387128942793586
3.7273619882601654
3.7160586028469274
3.7048526415156764
3.6937968953861824
3.9135820434904938
3.668922185270533
3.655060569007712
3.641430516189939
3.6281042167018245
3.615157193665363
3.6026681873228306
3.5907189659464214
3.579394055208029
3.568780378544145
3.5589668024439196
3.5500435825385974
3.5421017089814475
3.535232152703254
3.529525018027239
3.525068611287489
3.52194843979659
3.520246160050469
3.520038498686405
3.5213961735672688
3.5243828454867216
3.5290541330642187
3.535456724251161
3.5436276202474595
3.5535935804247663
3.539528737854966
3.539528737854966
3.5395287378549662
3.539528737854966
3.5395287378549662
3.5395287378549662
3.5395287378549662
3.539528737854966
3.539528737854966
3.5395287378549654
3.5395287378549654
3.539528737854966
3.539528737854966
3.5395287378549662
3.5395287378549654
3.539528737854966
3.539528737854966
3.539528737854966
3.539528737854966
3.539528737854966
3.539528737854966
3.5395287378549662
3.5395287378549662
3.539528737854966
3.5395287378549662
3.5395287378549654
3.5395287378549662
3.539528737854966
3.5395287378549662
3.539528737854966
3.5395287378549662
3.5395287378549662
3.539528737854966
3.5395287378549654
3.5395287378549662
3.539528737854966
3.539528737854966
3.539528737854966
3.539528737854966
3.5395287378549662
3.56590046503869
3.5525490707495115
3.5629551601035545
3.572693447136359
3.581794385834878
3.590286400439884
3.598196079701396
3.6055483498293133
3.612366628950362
3.6186729654731
3.624488162398401
3.6298318893355628
3.634722783710942
3.639178542472759
3.643216005422384
3.6468512311140917
3.6500995662015496
3.652975708950708
3.6554937675436907
3.6576673137855638
3.659509432637626
3.6610327680859323
3.662249565672489
3.6631717120358793
3.6638107717886004
3.664178021953986
3.664284484200612
3.664140955109151
3.663758034592626
3.6631461526673257
3.66231559463501
3.6612765247496055
3.660039008077339
3.6586130288750423
3.657008489749194
3.6552356494861225
3.5414424765438204
3.6498108611489792
3.6462471029718286
3.6426231376550233
3.6389494843141734
3.635236673433839
3.6314952695022287
3.6277358850199324
3.6239691919701635
3.620205931915488
3.616456925052371
3.6127330782885037
3.6090453923445507
3.605404967892498
3.6018230106535714
3.598310835417667
3.5948798689677464
3.5915416517965757
3.588307838607915
3.5851901975082616
3.582200607837015
3.5793510565824906
3.576653633286957
3.5741205234289373
3.5717640001564273
3.5695964143510834
3.5676301828955297
3.56587777499129
3.5643516961048047
3.5630644681399053
3.5620285987220233
3.5612564764535706
3.5607620060131744
3.6533038188004876
3.559272974600369
3.55823128672354
3.557442967518037
3.5569205739547276
3.55667648820017
3.5567228820076457
3.557071681867488
3.557734533767463
3.558722767548915
3.5600473609863674
3.5617189038755166
3.563747562306044
3.5661430434912056
3.56891456132886
3.5720708030843618
3.5756198973890774
3.5795693839406773
3.583926185095887
3.5886965796819315
3.593886179258948
3.5994999070794824
3.6055419799525374
3.6120158931754007
3.6189244086910155
3.6262695465572694
3.634052579601454
3.6422740308272488
3.6509336706671465
3.660030490261618
3.5294537091386413
3.6695985486951583
3.669598548695159
3.669598548695159
3.6695985486951583
3.669598548695159
3.669598548695159
3.669598548695159
3.669598548695159
3.669598548695159
3.669598548695159
3.669598548695159
3.669598548695159
3.669598548695159
3.6695985486951583
3.669598548695159
3.669598548695159
3.669598548695159
3.669598548695159
3.6695985486951583
3.6695985486951583
3.669598548695159
3.669598548695159
3.669598548695159
3.669598548695159
3.669598548695159
3.6695985486951583
3.669598548695159
3.669598548695159
3.6695985486951583
3.6695985486951583
3.669598548695159
3.669598548695159
3.6695985486951583
3.6695985486951583
3.669598548695159
3.669598548695159
3.6695985486951583
3.669598548695159
3.5605553475598946
3.560555347559895
3.545749717413061
3.549655672227528
3.553206692440326
3.5564466213993464
3.5594169385614416
3.562156872192054
3.5647034888036475
3.5670917635871926
3.569354635398873
3.5715230494989103
3.57362599098857
3.575690511630278
3.577741752539209
3.5798029650189966
3.5818955315529033
3.584038988794981
3.5862510541157273
3.5885476570049066
3.590942976443756
3.5934494849770138
3.596078000097067
3.5988377431648444
3.601736405908628
3.604780224330063
3.6079740595667182
3.6113214851233635
3.6148248797593463
3.61848552512425
3.6223037072917825
3.626278821315017
3.630409478419144
3.6346936170681965
3.639128628620607
3.6437116024772847
3.6484366843125806
3.5414424765438204
3.650560723616887
3.647702628376999
3.644739488699418
3.6416813537538317
3.6385383352658436
3.635320614078414
3.6320384506204406
3.628702195585781
3.62532230002921
3.6219093246751024
3.618473948324286
3.6150269752907214
3.6115793418495654
3.608142121604793
3.6047265297305766
3.601343926065657
3.598005816945766
3.59472385576512
3.591509842172983
3.588375719854103
3.5853335728426625
3.5823956202773646
3.57957420959428
3.576881808047627
3.5743309925733233
3.571934437947575
3.569704903294547
3.5676552171376894
3.565798261851699
3.564146961684921
3.5627143127247485
3.5615123755780975
3.6533038188004876
3.558181131354661
3.5561182095124684
3.554379634779818
3.5529783805315485
3.5519272273062583
3.5512387173611417
3.5509251169591884
3.550998379851364
3.5514701108626454
3.5523515294168337
3.553653433188167
3.5553861620194787
3.557559562463422
3.5601829531144054
3.5632650911180517
3.566814140049635
3.5708376395456067
3.575342476876207
3.5803348607813237
3.5858202977946716
3.5918035712892107
3.598288723425206
3.6052790401088295
3.6127770389909584
3.620784460260717
3.6293022591137056
3.6383305958251073
3.6478688023537456
3.6579151384540958
3.5294537091386413
3.5294537091386413
3.5294537091386413
3.5294537091386413
3.5294537091386413
3.5294537091386413
3.5294537091386413
3.5294537091386413
3.5294537091386413
3.5294537091386413
3.5294537091386413
3.5294537091386413
3.5294537091386413
3.5294537091386413
3.5294537091386413
3.5294537091386413
3.5294537091386413
3.5294537091386413
3.5294537091386413
3.5294537091386413
3.5294537091386413
3.5294537091386413
3.5294537091386413
3.5294537091386413
3.5294537091386413
3.5294537091386413
3.5294537091386413
3.5294537091386413
3.5294537091386413
3.5294537091386413
3.5294537091386413
3.5294537091386413
3.5294537091386413
3.5294537091386413
3.5294537091386413
3.5294537091386413
3.5294537091386413
3.5294537091386413
3.5294537091386413
3.5294537091386413
3.6695985486951592
0.0
0.0
0.0
0.0
0.0
0.0
0.0
0.0
0.0
0.0
0.0
0.0
0.0
0.0
0.0
0.0
0.0
0.0
0.0
0.0
0.0
0.0
0.0
0.0
0.0
0.0
0.0
0.0
0.0
0.0
0.0
0.0
0.0
0.0
0.0
0.0
0.0
0.0
0.0
0.0
0.0
0.0
0.0
0.0
0.0
0.0
0.0
0.0
0.0
0.0
0.0
0.0
0.0
0.0
0.0
0.0
0.0
0.0
0.0
0.0
0.0
0.0
0.0
0.0
0.0
0.0
0.0
0.0
0.0
0.0
0.0
0.0
0.0
0.0
0.0
0.0
0.0
0.0
0.0
0.0
0.0
0.0
0.0
0.0
0.0
0.0
0.0
0.0
0.0
0.0
0.0
0.0
0.0
0.0
0.0
0.0
0.0
0.0
0.0
0.0
0.0
0.0
0.0
0.0
0.0
0.0
0.0
0.0
0.0
0.0
0.0
0.0
0.0
0.0
0.0
0.0
0.0
0.0
0.0
41.324575749552174
45.13759055117862
49.14125609288622
57.75914617141246
62.3938894941317
72.37017449628527
77.73546923524849
0.0
0.0
0.0
0.0
0.0
0.0
0.0
0.0
0.0
0.0
0.0
0.0
0.0
53.89934898824548
54.97675985943137
51.55680048815889
48.12422807093719
44.700556923381704
53.849198567853776
54.47622769646212
46.285101301169334
42.60415588639576
55.99054015267504
56.383079275725194
47.70143695898021
39.72134699715428
53.89934898824548
48.24381213391257
48.290896249960355
48.298915986648204
44.02845475401664
48.20729282027986
43.88445849213925
52.41573370067239
47.83616004604515
47.65951947425549
51.839460672347556
47.240833404891674
47.0034284811783
42.64215774818538
42.39922100394634
42.14624303615286
38.0421551014262
37.799872023727964
33.94097732370229
33.717584229477346
37.0602554191634
33.27364697743088
33.05655470474226
32.84501827534852
29.331441206688538
57.26399401828526
38.75659955116856
31.230776699842398
30.69857048572996
36.81380530813099
39.792668711592796
35.846280186200055
35.46717028310291
35.16053060362739
31.72351782487746
31.582078813572707
28.48002812547364
25.594248099746924
25.653669079617217
25.76950222009384
25.940463265103855
26.165264967337485
26.44259987243898
26.771124814334993
24.232163775776748
24.612982627107638
25.035586530495348
25.49853465492304
26.000385135141695
35.899567550488946
23.636203714368715
23.77991587208174
23.926440708098387
24.074569262049653
24.223097631287747
24.37082629694019
24.51655933451055
24.659103596637625
24.79726788447343
24.92986211405277
25.05569647854135
28.433674466041424
28.556499192371646
28.66764933241818
28.765772751413103
28.84951287807488
28.917507756008504
32.45586134830727
32.49215325359921
32.506179803291445
32.4963803712771
32.46118303349448
32.399003530040055
32.308244234822666
32.187293131640956
35.64883096861046
35.44158571394863
35.19525323954264
34.90796439986245
38.25883767884274
37.84403147857905
37.37755660068212
36.857242377447115
39.94612899997728
39.247396323107104
38.48201852222827
38.48201852222827
0.0
0.0
0.0
0.0
0.0
0.0
0.0
0.0
0.0
0.0
0.0
0.0
0.0
0.0
0.0
0.0
0.0
0.0
0.0
76.74110255473805
48.51265722832803
40.795965301633935
40.79596530163398
44.56020526587488
44.560205265874956
44.560205265874984
44.560205265874956
44.56020526587491
44.560205265874906
44.56020526587494
48.512657228328
48.51265722832801
57.02031007750821
61.595767280542866
61.59576728054284
66.39999734372928
71.44443891007516
0.0
0.0
0.0
0.0
0.0
0.0
0.0
0.0
0.0
0.0
0.0
0.0
0.0
0.0
0.0
0.0
0.0
0.0
0.0
0.0
0.0
0.0
0.0
0.0
0.0
0.0
0.0
0.0
0.0
0.0
0.0
0.0
0.0
0.0
0.0
0.0
0.0
0.0
0.0
0.0
0.0
0.0
0.0
0.0
0.0
0.0
0.0
0.0
0.0
0.0
0.0
0.0
0.0
0.0
0.0
0.0
0.0
0.0
0.0
0.0
0.0
0.0
0.0
0.0
0.0
0.0
0.0
0.0
0.0
0.0
0.0
0.0
0.0
0.0
0.0
0.0
0.0
0.0
0.0
0.0
0.0
0.0
0.0
0.0
0.0
0.0
0.0
0.0
0.0
0.0
0.0
0.0
0.0
0.0
0.0
0.0
0.0
0.0
0.0
0.0
0.0
0.0
0.0
0.0
0.0
0.0
0.0
0.0
0.0
0.0
0.0
0.0
0.0
0.0
0.0
0.0
0.0
0.0
0.0
0.0
0.0
1.8314292091832123
1.835028405976524
1.838627602769836
1.84266191270059
1.8466962226313441
1.8507305325620984
1.8547648424928522
0.0
0.0
0.0
0.0
0.0
0.0
0.0
0.0
0.0
0.0
0.0
0.0
0.0
0.9294060802398902
0.9294060802398902
0.9294060802398902
1.8222100382156647
1.8222100382156647
0.9294060802398902
0.9294060802398902
1.825033795006069
1.825033795006069
0.9294060802398902
1.8278575517964735
1.8278575517964735
1.8278575517964735
0.9294060802398902
1.8321611130015616
1.8321611130015616
1.83646467420665
1.83646467420665
1.8407682354117378
1.8407682354117378
1.8450717966168262
1.8450717966168262
1.8450717966168262
1.8493753578219143
1.7198541085905452
1.7198541085905452
1.7162549117972334
1.7126557150039217
1.7126557150039217
1.7090565182106097
1.7090565182106097
1.705457321417298
1.7018581246239861
1.7018581246239861
1.6982589278306741
1.6946597310373623
1.6946597310373623
1.6910605342440506
0.9294060802398902
1.6874613374507388
1.0
1.0143967871732473
1.0287935743464947
1.0503887551063658
1.064785542279613
0.9280160641337631
0.9280160641337631
0.9280160641337631
0.9280160641337631
1.1439678717324737
1.158364658905721
1.3455228921579367
1.1871582332522157
1.201555020425463
1.2159518075987104
1.2231502011853341
1.2375469883585815
1.2519437755318288
1.2663405627050761
1.2735389562916999
1.2879357434649472
1.3023325306381945
1.6874613374507388
1.3311261049846892
1.338324498571313
1.5075014977851469
1.3594701484802245
1.365769480364929
1.3783681441343383
1.3909668079037474
1.4035654716731565
1.4098648035578611
1.4224634673272702
1.4350621310966796
1.441361462981384
1.4539601267507933
1.472858122404907
1.4791574542896115
1.4931047106118993
1.991931380138492
1.5146998913717704
1.5362950721316415
1.543493465718265
0.9280160641337631
0.9280160641337631
0.9280160641337631
0.9280160641337631
0.9280160641337631
1.2843365466716354
1.2843365466716354
0.9280160641337631
0.9280160641337631
1.6442709759309966
1.6514693695176204
1.658667763104244
1.6658661566908677
1.680262943864115
1.6730645502774912
1.680262943864115
1.680262943864115
0.0
0.0
0.0
0.0
0.0
0.0
0.0
0.0
0.0
0.0
0.0
0.0
0.0
0.0
0.0
0.0
0.0
0.0
0.0
1.7205547937611065
0.9294060802398902
1.6527846307914014
1.6245470628873573
1.6019570085641224
1.5737194406600783
1.9913928775898238
1.3534591917565457
1.23154805681316
1.175072921005072
1.1298928123586018
1.0847127037121318
1.0338850814848526
1.0
1.709259766599489
1.7149072801802978
1.7177310369707022
1.7205547937611065
0.0
0.0
