0.0
0.0
0.0
0.0
0.0
0.0
0.0
0.0
0.0
0.0
0.0
0.0
0.0
0.0
0.0
0.0
0.0
0.0
0.0
0.0
0.0
0.0
0.0
0.0
0.0
0.0
0.0
0.0
0.0
0.0
0.0
0.0
0.0
0.0
0.0
0.0
0.0
0.0
0.0
0.0
0.0
0.0
0.0
0.0
0.0
0.0
0.0
0.0
0.0
0.0
0.0
0.0
0.0
0.0
0.0
0.0
0.0
0.0
0.0
0.0
0.0
0.0
0.0
0.0
0.0
0.0
0.0
0.0
0.0
0.0
0.0
0.0
0.0
0.0
0.0
0.0
0.0
0.0
0.0
0.0
0.0
0.0
0.0
0.0
0.0
0.0
0.0
0.0
0.0
0.0
0.0
0.0
0.0
0.0
0.0
0.0
0.0
0.0
0.0
0.0
0.0
0.0
0.0
0.0
0.0
0.0
0.0
0.0
0.0
0.0
0.0
0.0
0.0
0.0
0.0
0.0
0.0
0.0
0.0
41.324575749552174
45.13759055117862
49.14125609288622
57.75914617141246
62.3938894941317
72.37017449628527
77.73546923524849
0.0
0.0
0.0
0.0
0.0
0.0
0.0
0.0
0.0
0.0
0.0
0.0
0.0
53.89934898824548
54.97675985943137
51.55680048815889
48.12422807093719
44.700556923381704
53.849198567853776
54.47622769646212
46.285101301169334
42.60415588639576
55.99054015267504
56.383079275725194
47.70143695898021
39.72134699715428
53.89934898824548
48.24381213391257
48.290896249960355
48.298915986648204
44.02845475401664
48.20729282027986
43.88445849213925
52.41573370067239
47.83616004604515
47.65951947425549
51.839460672347556
47.240833404891674
47.0034284811783
42.64215774818538
42.39922100394634
42.14624303615286
38.0421551014262
37.799872023727964
33.94097732370229
33.717584229477346
37.0602554191634
33.27364697743088
33.05655470474226
32.84501827534852
29.331441206688538
57.26399401828526
38.75659955116856
31.230776699842398
30.69857048572996
36.81380530813099
39.792668711592796
35.846280186200055
35.46717028310291
35.16053060362739
31.72351782487746
31.582078813572707
28.48002812547364
25.594248099746924
25.653669079617217
25.76950222009384
25.940463265103855
26.165264967337485
26.44259987243898
26.771124814334993
24.232163775776748
24.612982627107638
25.035586530495348
25.49853465492304
26.000385135141695
35.899567550488946
23.636203714368715
23.77991587208174
23.926440708098387
24.074569262049653
24.223097631287747
24.37082629694019
24.51655933451055
24.659103596637625
24.79726788447343
24.92986211405277
25.05569647854135
28.433674466041424
28.556499192371646
28.66764933241818
28.765772751413103
28.84951287807488
28.917507756008504
32.45586134830727
32.49215325359921
32.506179803291445
32.4963803712771
32.46118303349448
32.399003530040055
32.308244234822666
32.187293131640956
35.64883096861046
35.44158571394863
35.19525323954264
34.90796439986245
38.25883767884274
37.84403147857905
37.37755660068212
36.857242377447115
39.94612899997728
39.247396323107104
38.48201852222827
38.48201852222827
0.0
0.0
0.0
0.0
0.0
0.0
0.0
0.0
0.0
0.0
0.0
0.0
0.0
0.0
0.0
0.0
0.0
0.0
0.0
76.74110255473805
48.51265722832803
40.795965301633935
40.79596530163398
44.56020526587488
44.560205265874956
44.560205265874984
44.560205265874956
44.56020526587491
44.560205265874906
44.56020526587494
48.512657228328
48.51265722832801
57.02031007750821
61.595767280542866
61.59576728054284
66.39999734372928
71.44443891007516
0.0
0.0
