0.0
0.0
0.0
0.0
0.0
0.0
0.0
0.0
0.0
0.0
0.0
0.0
0.0
0.0
0.0
0.0
0.0
0.0
0.0
0.0
0.0
0.0
0.0
0.0
0.0
0.0
0.0
0.0
0.0
0.0
0.0
0.0
0.0
0.0
0.0
0.0
0.0
0.0
0.0
0.0
0.0
0.0
0.0
0.0
0.0
0.0
0.0
0.0
0.0
0.0
0.0
0.0
0.0
0.0
0.0
0.0
0.0
0.0
0.0
0.0
0.0
0.0
0.0
0.0
0.0
0.0
0.0
0.0
0.0
0.0
0.0
0.0
0.0
0.0
0.0
0.0
0.0
0.0
0.0
0.0
0.0
0.0
0.0
0.0
0.0
0.0
0.0
0.0
0.0
0.0
0.0
0.0
0.0
0.0
0.0
0.0
0.0
0.0
0.0
0.0
0.0
0.0
0.0
0.0
0.0
0.0
0.0
0.0
0.0
0.0
0.0
0.0
0.0
0.0
0.0
0.0
0.0
0.0
0.0
1.8314292091832123
1.835028405976524
1.838627602769836
1.84266191270059
1.8466962226313441
1.8507305325620984
1.8547648424928522
0.0
0.0
0.0
0.0
0.0
0.0
0.0
0.0
0.0
0.0
0.0
0.0
0.0
0.9294060802398902
0.9294060802398902
0.9294060802398902
1.8222100382156647
1.8222100382156647
0.9294060802398902
0.9294060802398902
1.825033795006069
1.825033795006069
0.9294060802398902
1.8278575517964735
1.8278575517964735
1.8278575517964735
0.9294060802398902
1.8321611130015616
1.8321611130015616
1.83646467420665
1.83646467420665
1.8407682354117378
1.8407682354117378
1.8450717966168262
1.8450717966168262
1.8450717966168262
1.8493753578219143
1.7198541085905452
1.7198541085905452
1.7162549117972334
1.7126557150039217
1.7126557150039217
1.7090565182106097
1.7090565182106097
1.705457321417298
1.7018581246239861
1.7018581246239861
1.6982589278306741
1.6946597310373623
1.6946597310373623
1.6910605342440506
0.9294060802398902
1.6874613374507388
1.0
1.0143967871732473
1.0287935743464947
1.0503887551063658
1.064785542279613
0.9280160641337631
0.9280160641337631
0.9280160641337631
0.9280160641337631
1.1439678717324737
1.158364658905721
1.3455228921579367
1.1871582332522157
1.201555020425463
1.2159518075987104
1.2231502011853341
1.2375469883585815
1.2519437755318288
1.2663405627050761
1.2735389562916999
1.2879357434649472
1.3023325306381945
1.6874613374507388
1.3311261049846892
1.338324498571313
1.5075014977851469
1.3594701484802245
1.365769480364929
1.3783681441343383
1.3909668079037474
1.4035654716731565
1.4098648035578611
1.4224634673272702
1.4350621310966796
1.441361462981384
1.4539601267507933
1.472858122404907
1.4791574542896115
1.4931047106118993
1.991931380138492
1.5146998913717704
1.5362950721316415
1.543493465718265
0.9280160641337631
0.9280160641337631
0.9280160641337631
0.9280160641337631
0.9280160641337631
1.2843365466716354
1.2843365466716354
0.9280160641337631
0.9280160641337631
1.6442709759309966
1.6514693695176204
1.658667763104244
1.6658661566908677
1.680262943864115
1.6730645502774912
1.680262943864115
1.680262943864115
0.0
0.0
0.0
0.0
0.0
0.0
0.0
0.0
0.0
0.0
0.0
0.0
0.0
0.0
0.0
0.0
0.0
0.0
0.0
1.7205547937611065
0.9294060802398902
1.6527846307914014
1.6245470628873573
1.6019570085641224
1.5737194406600783
1.9913928775898238
1.3534591917565457
1.23154805681316
1.175072921005072
1.1298928123586018
1.0847127037121318
1.0338850814848526
1.0
1.709259766599489
1.7149072801802978
1.7177310369707022
1.7205547937611065
0.0
0.0
