-20.7538910102 39.917123759
-20.0652427493 140.929858313
-19.366013542 141.92989527
-18.6563286838 142.917333551
-17.9363134701 143.892272078
-17.2060931963 144.854809774
-16.4657931578 145.80504556
-15.7155386502 146.743078359
-14.9554549688 147.669007093
-14.1856674091 148.582930683
-13.4063012665 149.484948052
-12.6174818365 150.375158123
-11.8193344144 151.253659816
-11.0119842958 152.120552055
-10.195556776 152.975933761
-9.37017715056 153.819903856
-8.53597071484 154.652561264
-7.6930627643 155.474004904
-6.84157859438 156.284333701
-5.9816435005 157.083646576
-5.11338277812 157.87204245
-4.23692172267 158.649620247
-3.35238562958 159.416478888
-2.4598997943 160.172717295
-1.55958951225 160.91843439
-0.651580078885 161.653729096
0.264003210367 162.378700335
1.18703506007 163.093447029
2.11739017477 163.798068099
3.05494325906 164.492662468
3.99956901747 165.177329058
4.95114215459 165.852166792
5.90953737496 166.517274591
6.87462938316 167.172751377
7.84629288374 167.818696072
8.82440258127 168.4552076
9.80883318031 169.08238488
10.7994593854 169.700326837
11.7961559012 170.309132392
12.7987974321 170.908900466
13.8072586828 171.499729983
14.8214143578 172.081719864
15.8411391618 172.654969031
16.8663077991 173.219576407
17.8967949745 173.775640913
18.9324753924 174.323261472
19.9732237575 174.862537006
21.0189147743 175.393566436
22.0694231473 175.916448686
23.1246235812 176.431282676
24.1843907804 176.93816733
25.2485994496 177.437201569
26.3171242933 177.928484315
27.3898400161 178.412114491
28.4666213225 178.888191019
29.5473429171 179.35681282
30.6318795045 179.818078817
31.7201057892 180.272087932
32.8118964758 180.718939087
33.9071262688 181.158731204
35.0056698729 181.591563205
36.1074019925 182.017534013
37.2121973322 182.436742549
38.3199305967 182.849287735
39.4304764904 183.255268495
40.5437097179 183.654783749
41.6595049838 184.04793242
42.7777369927 184.43481343
43.8982804491 184.815525701
45.0210100575 185.190168155
46.1458005226 185.558839714
47.2725265489 185.921639301
48.401062841 186.278665838
49.5312841033 186.630018246
50.6630650406 186.975795447
51.7962803573 187.316096365
52.930804758 187.651019921
54.0665129473 187.980665036
55.2032796297 188.305130634
56.3409795099 188.624515636
57.4794872923 188.938918964
58.6186776815 189.248439541
59.7584253821 189.553176288
60.8986050986 189.853228128
62.0390915357 190.148693983
63.1797593978 190.439672774
64.3204833896 190.726263425
65.4611382156 191.008564857
66.6015985803 191.286675992
67.7417391884 191.560695752
68.8814347443 191.83072306
70.0205599527 192.096856837
71.1589895181 192.359196006
72.2965981451 192.617839488
73.4332605382 192.872886207
74.568851402 193.124435083
75.7032454411 193.372585039
76.83631736 193.617434998
77.9679418633 193.859083881
79.0979936555 194.09763061
80.226347441 194.333174107
