119.088642438 9.3176500808
121.450740883 49.672333038
123.816607181 50.0593479919
126.186149511 50.4770210663
128.559276053 50.9236783853
130.935894987 51.3976460728
133.315914491 51.8972502527
135.699242745 52.420817049
138.085787928 52.9666725857
140.47545822 53.5331429866
142.8681618 54.1185543758
145.263806848 54.7212328772
147.662301543 55.3395046148
150.063554064 55.9716957124
152.46747259 56.6161322942
154.873965302 57.2711404839
157.282940379 57.9350464056
159.694305999 58.6061761833
162.107970342 59.2828559408
164.523841588 59.9634118021
166.941827917 60.6461698913
169.361837506 61.3294563321
171.783778537 62.0115972487
174.207559187 62.6909187649
176.633087638 63.3657470047
179.060272067 64.034408092
181.489020655 64.6952281509
183.91924158 65.3465333052
186.350843023 65.9866496789
188.783733162 66.6139033959
191.217820177 67.2266205803
193.653012248 67.823127356
196.089217553 68.4017498468
198.526344272 68.9608141769
200.964300585 69.4986464701
203.402994671 70.0135728503
205.842334709 70.5039194416
208.282228878 70.9680123679
210.722585359 71.4041777531
213.16331233 71.8107417212
215.604317971 72.1860303961
218.045510462 72.5283699019
220.486797981 72.8360863624
222.928088708 73.1075059016
225.369290822 73.3409546434
227.810312503 73.5347587119
230.251061931 73.6872442309
232.691447283 73.7967373245
235.131376741 73.8615641165
237.570758484 73.8800507309
240.00950068 73.8505240427
242.447502416 73.772022912
244.884636802 73.6456221176
247.320772333 73.4727580096
249.755777505 73.2548669379
252.189520816 72.9933852527
254.62187076 72.6897493041
257.052695834 72.3453954422
259.481864535 71.961760017
261.909245359 71.5402793787
264.334706801 71.0823898773
266.758117358 70.5895278629
269.179345526 70.0631296856
271.598259801 69.5046316956
274.01472868 68.9154702428
276.428620659 68.2970816773
278.839804233 67.6509023494
281.248147899 66.9783686089
283.653520154 66.2809168061
286.055789493 65.559983291
288.454824412 64.8170044138
290.850493409 64.0534165244
293.242664978 63.270655973
295.631207616 62.4701591096
298.01598982 61.6533622844
300.396880085 60.8217018475
302.773746908 59.9766141489
305.146458785 59.1195355387
307.514884212 58.251902367
309.878891685 57.3751509839
312.2383497 56.4907177394
314.593126754 55.6000389838
316.943091343 54.7045510669
319.288111963 53.8056903391
321.62805711 52.9048931502
323.96279528 52.0035958505
326.29219497 51.1032347899
328.616124675 50.2052463187
330.934452893 49.3110667868
333.247048118 48.4221325444
335.553778848 47.5398799416
337.854513578 46.6657453284
340.149120805 45.8011650549
342.437469025 44.9475754712
344.719426733 44.1064129274
346.994862427 43.2791137736
349.263644603 42.4671143599
351.525641755 41.6718510364
353.780722382 40.8947601531
356.028754978 40.1372780601
358.26960804 39.4008411076
