199.320317409 97.375876864
201.312841476 197.792308694
203.313940201 198.200334222
205.323266083 198.59950741
207.340471616 198.989382219
209.3652093 199.369512608
211.39713163 199.739452539
213.435891105 200.098755971
215.481140219 200.446976867
217.532531472 200.783669186
219.589717359 201.108386889
221.652350378 201.420683937
223.720083026 201.720114291
225.7925678 202.00623191
227.869457196 202.278590756
229.950403712 202.53674479
232.035059845 202.780247971
234.123078092 203.008654261
236.214110949 203.22151762
238.307810914 203.418392009
240.403830483 203.598831389
242.501822155 203.76238972
244.601438425 203.908620962
246.702331791 204.037079077
248.804154749 204.147318025
250.906559798 204.238891767
253.009199433 204.311354263
255.111726152 204.364259475
257.213792451 204.397161361
259.315050828 204.409613885
261.41515378 204.401171005
263.513753804 204.371386683
265.610503396 204.319814879
267.705055054 204.246009553
269.797061275 204.149524668
271.886174555 204.029914182
273.972047393 203.886732058
276.054332283 203.719532255
278.132681725 203.527868733
280.206748214 203.311295455
282.276184248 203.06936638
284.340642324 202.801635469
286.399774938 202.507656683
288.453234588 202.186983982
290.500673771 201.839171327
292.541744984 201.463772678
294.576100723 201.060341997
296.603393486 200.628433244
298.623275769 200.167600379
300.63541375 199.677430623
302.639772929 199.15823896
304.636609867 198.611048037
306.626193148 198.036909743
308.608791358 197.436875966
310.584673083 196.811998595
312.55410691 196.163329517
314.517361423 195.491920622
316.47470521 194.798823797
318.426406854 194.085090931
320.372734943 193.351773912
322.313958061 192.599924628
324.250344795 191.830594968
326.182163731 191.044836821
328.109683454 190.243702073
330.03317255 189.428242614
331.952899605 188.599510332
333.869133205 187.758557115
335.782141935 186.906434852
337.692194381 186.04419543
339.599559129 185.172890739
341.504504765 184.293572666
343.407299875 183.4072931
345.308213044 182.515103929
347.207512858 181.618057042
349.105467902 180.717204326
351.002346764 179.81359767
352.898418028 178.908288963
354.79395028 178.002330092
356.689212106 177.096772946
358.584472092 176.192669414
360.479998823 175.291071383
362.376060886 174.393030742
364.272926866 173.499599379
366.170865349 172.611829182
368.070144921 171.730772041
369.971034167 170.857479842
371.873801673 169.993004475
373.778716025 169.138397828
375.68604581 168.294711789
377.596059611 167.462998246
379.509026017 166.644309088
381.425213611 165.839696203
383.34489098 165.050211479
385.26832671 164.276906805
387.195789387 163.520834068
389.127547595 162.783045158
391.063869922 162.064591963
393.005024953 161.36652637
394.951281273 160.689900268
396.902907469 160.035765546
398.86017212 159.405174092
