0.47815677058483175 -33.84470202291547
0.49928391835200614 -33.640097041273066
0.5211283208593898 -33.49689421565864
0.5437485015248171 -33.41259135197481
0.5672177660215141 -33.384686121894276
0.591608532804969 -33.410676272897206
0.6169884190700543 -33.488059680528295
0.6434189402185666 -33.614334366154395
0.6709549950098221 -33.78699850354107
0.6996446387790627 -34.00355042160726
0.7295289801930664 -34.2614886056362
0.7606421404237835 -34.558311697411966
0.793011252212807 -34.89151849469775
0.8266564947959409 -35.258607949652685
0.8615911748459837 -35.65707916585529
0.8978218831653635 -36.08443139364363
0.9353487961438134 -36.53816402027749
0.9741662864134923 -37.01577655095949
1.0142642723041604 -37.51476856635986
1.0556315965473573 -38.03263961695953
1.098266167022416 -38.56688890591539
1.1422155246314105 -39.11501401905204
1.1878608257391647 -39.67450203969693
1.2321230332255482 -40.24294825812322
0.4578128423080443 -34.11320974779801
1.4583653755938997 -41.384170578150616
1.6447832959250377 -41.95157807436857
1.8359090598371495 -42.51752164600492
2.0315195946270705 -43.0795094935734
2.2314138743452645 -43.63505101855037
2.435368902949392 -44.1816582001488
2.6431287140145514 -44.716845939758485
2.8544007090511627 -45.238132174369014
3.068854199787495 -45.743037921046806
3.286119755419577 -46.22908729678781
3.50578889041509 -46.693807525327
3.7274139180664747 -47.13472893903304
3.950507900927903 -47.5493849753575
4.174544677751214 -47.93531216728718
4.398958980034422 -48.290050125012755
4.623146695088451 -48.611141499855734
4.846465425504846 -48.896131911581676
5.068235745201832 -49.142569787487076
5.28774436004079 -49.348005959686475
5.504253607696228 -49.509992455336004
5.717039475771799 -49.6260776594803
5.925657753245048 -49.6937724505396
6.126373966268886 -49.71107945567795
1.2772085574665653 -40.81778251671926
6.300406817639782 -49.61222296744819
6.274801431502681 -49.50049716010116
6.243819144342751 -49.34471271293009
6.207696003464264 -49.14720034108677
6.166723779931203 -48.91028366409452
6.121208708335132 -48.63628445522269
6.071461174064041 -48.32752395384986
6.017792278738284 -47.986323302787156
5.960512470317099 -47.61500372200476
5.899930926054253 -47.2158865873904
5.836355252004353 -46.79129346965658
5.7700913327965395 -46.34354615245064
5.701443263971214 -45.87496664213455
5.630713339893703 -45.38787716907956
5.558202094125193 -44.884600183066425
5.4842084101392174 -44.36745833986146
5.4090297551264825 -43.8387744730895
5.332962668431946 -43.30087153492798
5.2563038524959325 -42.75607246314752
5.1793529142484545 -42.206699848540836
5.102420601780693 -41.65507493340445
5.0258617647449455 -41.103513605334655
4.950306096631721 -40.554298351524864
4.8735351223720045 -40.010057849917104
6.320743813179945 -49.677515573944135
4.875906629590133 -38.919484447467056
4.952145210076594 -38.378410042475195
5.02656934934663 -37.85199918721426
5.099575927117996 -37.34255336382529
5.171645938630377 -36.852362149031734
5.243308842346664 -36.383707547629484
5.315133652495433 -35.93886507405847
5.387725977033483 -35.52010411149416
5.461726841984387 -35.12968805367137
5.537812169129836 -34.76987436659533
5.61669253133465 -34.44291461535835
5.699113044326282 -34.15105447422786
5.7858533390243 -33.896533724019406
5.87772759733366 -33.681586239685544
5.975584657610568 -33.50843996347186
6.080308222214569 -33.379316857875125
6.192817241967418 -33.29643281882099
6.314066645903665 -33.26199751413188
6.445048812390269 -33.278214058659415
6.586796814731144 -33.34727829752438
6.740392543534142 -33.47137701514782
6.906991080840044 -33.65268255863984
7.087918205709059 -33.89333133336331
7.28535294612783 -34.19527326701267
-1.915588125739447 -34.39738186197425
13.785625668129683 -32.57429444258895
15.838841624742315 -31.62687511406409
17.858858546667363 -30.531775331683605
19.82593413213641 -29.292669207200362
21.72085994580158 -27.916525154631074
23.52566193864226 -26.413469364000548
25.224252572689238 -24.796475871451094
26.802985394876714 -23.08090352252924
28.251072356521206 -21.28391515207855
29.56083838985387 -19.423824731067214
30.727804410044257 -17.519422639811523
31.75060638179508 -15.589327371076337
32.630772018618984 -13.651404724906058
33.37238644008363 -11.72228462322937
33.98168300832987 -9.816993094408389
34.466595815129494 -7.948704700187022
34.836306786335115 -6.128610199924566
35.10081436259111 -4.3658864594941065
27.704872811963753 21.990183172661148
28.99710271597172 20.255768748029794
30.208598304737222 18.40023700818287
31.32258029397542 16.432409963901762
32.32339653617419 14.364058265668461
33.197162629375384 12.209689875385038
33.93235072865423 9.98617582069707
34.52027861477154 7.712230407140424
34.95545824268601 5.4077788913849645
35.23577570788609 3.0932577903921015
35.36249101495855 0.7888996838962328
35.34006366109344 -1.4859454647256882
35.17582614532574 -3.713406588039078
34.879539803743626 -5.8775706353338535
34.46287445277824 -7.964823786269335
33.9388548619832 -9.964048582354138
33.32131371037747 -11.866683871616658
32.62438371606919 -13.666664576294949
31.862052667130627 -15.360264754595505
31.047795657597078 -16.94587024317056
4.797790443311158 -39.47287867757612
33.674511433878365 21.14602146793024
-12.664374213722795 31.299301522932637
-12.116244360858758 31.215129137585677
-11.595049121694899 31.186868075623124
-11.097400180883028 31.212745108335184
-10.620032438125492 31.290963093487676
-10.159816167062331 31.419695852696094
-9.713760051660358 31.59708689078124
-9.279012194377316 31.821248969505405
-8.852860513970086 32.09026393695001
-8.43273291910728 32.4021826502362
-8.01619738510098 32.755024937419506
-7.600961980467588 33.14677957748441
-7.184874859765642 33.57540428985726
-6.765924223809833 34.03882572929996
-6.34223823572114 34.53493948481011
-5.912084862487433 35.06161008334399
-5.473871572363009 35.616670999161414
-5.02614472380435 36.197924675818854
-4.567588216306461 36.803142575908225
-4.0970201136171625 37.43006530763722
-3.613382509666792 38.076403005984815
-3.1157009881832494 38.739836857532396
-2.602800834636554 39.41802978149639
-2.077098148710803 40.108483748561554
-13.242865078471283 31.44117040457064
-0.4720530675228076 41.054394707178574
0.6228022826829829 41.29198564830503
1.7482512968979904 41.519152336255786
2.9039470779408703 41.73350006134362
4.0893419705708425 41.93271698417195
5.303643573320699 42.11457247834349
6.545803743703459 42.276916715194915
7.81451493603555 42.41768052254375
9.108208740291161 42.534875325377755
10.42505522334352 42.626593115826665
11.762962606916915 42.691006431330095
13.11957710573256 42.726368335393744
14.492282852906328 42.73101239311501
15.878201884809414 42.70335263448007
17.274194183802365 42.64188349341322
18.67685780377991 42.545179696040776
20.082529154351505 42.411896039188576
21.48728365079245 42.2407669041784
22.8869373589809 42.03060504272824
24.277051947185214 41.7802979350667
25.65295451181015 41.48879322620772
27.009876381274296 41.15499677831784
28.341115446419394 40.77921386463541
-1.53586068542171 40.80886868361378
30.1133989547057 39.75917097524618
30.553423823518358 39.12135830858983
30.963566312348576 38.451679316801346
31.343905078916862 37.75341229678065
31.694644440982188 37.02971067259975
32.01609285505549 36.283618801547306
32.30865753581202 35.51807592626511
32.572842662404014 34.735917492507525
32.80924866033229 33.93987567574288
33.01857187531124 33.13257962066737
33.20160441075211 32.31655556078499
33.35923403975744 31.49422688084084
33.492444156899296 30.667914151975623
33.60231375019811 29.839835149239548
33.69001738686865 29.012104857964147
33.75682520939432 28.186735469036762
33.80410294351134 27.365636359257252
33.8333119250928 26.550614043453038
33.84600916787605 25.743372062262665
33.843847541599644 24.945510696910475
33.82857631177944 24.158526106910273
33.802043307593976 23.383806876254624
33.76621010821975 22.622609828762705
33.72294550204754 21.87638893803029
29.643689351151863 40.361603506348956
33.06935892678149 21.066845670157875
32.47833320290192 20.98847767993206
31.903226391766395 20.912423074242753
31.345813622125434 20.84020478415968
30.807836594377193 20.773389255184128
30.291001236171724 20.713590182751034
29.796977117979395 20.662469443417052
29.32739726092018 20.621737402488577
28.883858063163586 20.593153033699423
28.46791927034502 20.578523969127986
28.081103965660645 20.57970651807713
27.724898572345808 20.59860566969806
27.400752864647302 20.637175082534526
27.11007999029283 20.69741706151683
26.854256508006927 20.7813825162213
26.63462245247638 20.891170889912303
26.452481446902482 21.028930033144718
26.309100913053044 21.196855969844393
26.2057124902542 21.397192429843074
26.14351295508135 21.63222982121991
26.123666520039876 21.90430266460433
26.14731172434182 22.215781897810928
26.21558899444426 22.56904410220605
26.329833554862773 22.966256097823873
-4.400311186167073 -34.1685033077371
-4.400311186167073 -34.1685033077371
-6.967747029225109 -33.73869971060938
-9.587906160088181 -33.08959673811833
-12.225739354018827 -32.20839415546115
-14.842527160129691 -31.089367062176763
-17.3977802930022 -29.73493900619897
-19.851482937030283 -28.156135779377536
-22.16643349892641 -26.37230711871112
-24.310402764532313 -24.410114179416837
-26.25785040039753 -22.30189788283255
-27.99101367754963 -20.083637870893256
-29.500288126640896 -17.79276137284819
-30.783931169733876 -15.466057628336841
-31.847210764457373 -13.137904069910775
-32.701175425606834 -10.838933647256795
-33.361235957494245 -8.595190062723532
-33.845729789026905 -6.427747029412814
-34.17459866353127 -4.352719036707356
-34.368262932267015 -2.381566678577144
-15.531415251190197 30.75100806674547
-17.716492425372593 29.546154622347473
-19.89688845706192 28.12406774549487
-22.037765146590658 26.479921906411704
-24.101880510146373 24.616025526079056
-26.05146322329543 22.54264005726111
-27.850383725961706 20.27820216741702
-29.46639149977065 17.848841105466533
-30.873148432682882 15.287186225053972
-32.05180081307981 12.630574866751118
-32.991898676751475 9.918869821149627
-33.691575960979236 7.192153091495953
-34.15702174756518 4.488565713266013
-34.401373427070865 1.8425154428578878
-34.44322618962261 -0.7166076167924302
-34.30497226264788 -3.1651595354590825
-34.01116302854206 -5.4854485934955335
-33.587041042541955 -7.665509169817142
-33.05733271608307 -9.698562291604475
-32.44533911997695 -11.582285017026749
9.65710899465762 -34.02746507396016
