20.983823999083466 -27.88979672661793
21.12400485778731 -28.24103943903043
21.250436648803102 -28.57727852803268
21.36350964478388 -28.898756292056333
21.463610351127812 -29.205717580129473
21.551121404246178 -29.49840986918211
21.6264215457943 -29.777083283606473
21.68988561364983 -30.04199060188472
21.741884537960818 -30.293387259495688
21.78278533889859 -30.531531350393948
21.812951125247462 -30.756683628215484
21.832741093033636 -30.969107507056975
21.842510524148935 -31.169069062232012
21.842610785051697 -31.356837031432804
21.833389324785056 -31.532682815482758
21.815189672914673 -31.69688047983324
21.788351436845012 -31.849706756435822
21.753210297853098 -31.991441045575897
21.710098006511835 -32.122365419477106
21.659342375371835 -32.24276462582178
21.601267269580976 -32.35292609415963
21.536192592717263 -32.45313994441108
21.46443426550155 -32.54369899935074
21.38630419362021 -32.6248988047671
21.302110215849456 -32.697037660903874
21.212156017587265 -32.76041667459435
21.116740980369894 -32.81533985150608
21.01615990165715 -32.86211426601892
20.91070243532183 -32.90105040205745
20.800651860155853 -32.93246290165493
20.686282002294845 -32.95667243770336
20.567848001896422 -32.97401133069363
20.445549380259948 -32.9848460154258
20.31927151220285 -32.98973431041097
20.192057058862385 -32.98731365962058
20.829500744085834 -27.523310105583548
19.702813774214064 -33.0384503027295
19.34168446802449 -33.09274749523968
18.979420961609943 -33.142146743357216
18.616433793955004 -33.186910776379875
18.25306493784654 -33.22734146796486
17.889626938293844 -33.26375602744545
17.526412696331565 -33.296481047429836
17.163698729874845 -33.32585052023566
16.801746477218735 -33.35220504438777
16.440802888871993 -33.37589146442039
16.081100722474105 -33.39726269095624
15.722858700271285 -33.41667760378371
15.3662815979715 -33.43450099750942
15.011560296026659 -33.45110354908658
14.658871809118086 -33.46686179785331
14.30837930231581 -33.48215813424375
13.960232096973005 -33.49738079262272
13.614565668622117 -33.51292384862049
13.271501636047581 -33.52918721939881
12.931147739422105 -33.546576667441315
12.593597802605736 -33.56550380931242
12.258931669371307 -33.586386130658354
11.9272150951956 -33.60964701401252
11.598499555401823 -33.63571578720965
11.272821887668158 -33.665027815421496
10.950203575428773 -33.69802468541954
10.630649170215143 -33.7351546119032
10.314142346321304 -33.776873453826255
10.000634064013063 -33.823647765215384
9.689995220151843 -33.87596699619559
9.381685202453724 -33.9344289072572
9.079227025617435 -33.99858632415399
20.06205580331943 -32.9791982449602
8.821613960531465 -34.0122478721095
8.86475649771026 -33.963221285450686
8.909864589348594 -33.922818278386615
8.957190589148453 -33.89140683115363
9.006918771596304 -33.86937240447071
9.059215738379379 -33.85710494924993
9.114243022369081 -33.854995658707054
9.17216129153315 -33.86343588461921
9.23313203378553 -33.88281670321055
9.29731832656153 -33.91352871600819
9.364885226740256 -33.95596194967757
9.435999986520727 -34.01050579892407
9.510832185370617 -34.07754899279561
9.589553819776008 -34.1574795696273
9.67233937478504 -34.25068485803516
9.759365891207338 -34.35755145667815
9.850813041737354 -34.47846521266078
9.946863229104466 -34.61381119136226
10.047701726964988 -34.76397363349301
10.153516897155498 -34.92933588822646
10.264500545699903 -35.11028030359725
10.380848540996965 -35.307188035970825
10.502761957757016 -35.52043869657632
10.630449361687326 -35.75040964591457
10.764131833078153 -35.99747444301036
10.904055522329259 -36.26199896696107
11.05052931475582 -36.54432978586877
11.204075485161496 -36.8447476288346
11.366484276410219 -37.16314169703159
18.741093096887226 -28.49464929715225
19.58841000169994 -33.996613978068865
22.29220638695128 -32.2882811987584
24.935891298461712 -30.29318229436828
27.46794017145811 -28.017634288171507
29.837252616807476 -25.47967669828921
31.996561296676944 -22.7089329021978
33.90572681209021 -19.74530976491465
35.53446015240563 -16.636637582324852
36.8640969136063 -13.43554714601413
37.88821594388166 -10.196012012464394
38.61210212561623 -6.970017059484832
39.05124151042223 -3.8047476740517254
39.22916190704238 -0.7405568442606807
39.17497435098814 2.1901947328828157
38.92093888762241 4.963475040179787
38.50029767560507 7.563243170646132
37.945520092472435 9.980634913686458
37.28701317813346 12.212870941028882
-1.6286994723301405 39.20233292034234
1.2928080969792006 39.214846877081015
4.351623874179879 38.99408850103043
7.51306212585753 38.51012160278816
10.73413438638795 37.73928890882141
13.96509186896779 36.666766662194476
17.151884767247722 35.28864431087686
20.23934190672945 33.613161225196166
23.17471069873538 31.660833097037198
25.911096406487687 29.463378139348293
28.41033757192271 27.061564762923865
30.644956316201075 24.502290112286516
32.59899878377644 21.835311920461976
34.267780464337235 19.110070392767113
35.65672041830145 16.37296116710749
36.77955210061246 13.665288714361623
37.65622701178884 11.021984195468178
38.310793716688366 8.471047937880996
38.7694636884804 6.033593761277416
39.0589926500909 3.7243337026468453
8.779763713218806 -34.06963846330112
-13.091016743827652 32.6565429354184
-33.217761737800586 9.914062680838555
-33.15351444171033 10.581928658299063
-33.06183165361507 11.255227758574193
-32.94381287525273 11.933131354732211
-32.80053722803414 12.61483960434586
-32.633063842315806 13.299580052722092
-32.44243195506845 13.986607283513962
-32.22966094264706 14.67520280199949
-31.995750334285262 15.36467498818331
-31.741679818517532 16.054359075198107
-31.46840924701542 16.74361713834557
-31.176878636936273 17.431838088817216
-30.86800817277295 18.11843766973618
-30.542698208400264 18.802858453539244
-30.201829268659985 19.484569839563846
-29.84626205174946 20.16306805206645
-29.476837432123045 20.837876138138853
-29.09437646365361 21.508543964880545
-28.699680384906642 22.174648216535957
-28.293530625043797 22.835792389744995
-27.87668881345757 23.491606787892863
-27.449896792998153 24.14174851247239
-27.01387663954359 24.785901450081383
-26.569330692928617 25.423776253127983
-26.11694160566437 26.055110308538104
-25.657372423880904 26.67966768552907
-25.19126672972263 27.297239045182522
-24.719248904573025 27.907641471553404
-24.24192465627548 28.510718134954487
-23.75988217795441 29.106337550349593
-23.2736950459604 29.694391724748613
-22.78393091242074 30.274790598450267
-22.291186275094873 30.84743981023388
-21.796329867640818 31.412085056847104
-21.297236136057055 31.970400942001163
-33.253450939957915 9.252497014309284
-20.554897650735224 32.549302905046034
-20.31194203683236 32.572057688704945
-20.067404692632625 32.589976519475215
-19.821502359064535 32.60342820341839
-19.5744948776016 32.61275292395419
-19.326648343859816 32.6182858045527
-19.07822589627214 32.62036279876932
-18.829484646430068 32.619322653714164
-18.580674451675392 32.61550769490057
-18.332037358044598 32.60926418294403
-18.08380732252817 32.60094249147673
-17.836210064342378 32.590897202179605
-17.58946298156859 32.579487159198635
-17.34377510255923 32.567075500790395
-17.09934705753893 32.55402967794089
-16.85637106348866 32.54072146601467
-16.615030917583358 32.527526970145715
-16.3755019985786 32.51482662724899
-16.137951275770426 32.50300520388964
-15.902537327631416 32.492451789820876
-15.669410374641874 32.483559785950035
-15.438712334302508 32.47672688234323
-15.210576915724744 32.47235502138966
-14.985129786317742 32.47085033077832
-14.762488883388087 32.47262299916068
-14.542765038325353 32.478087026020205
-14.326063351041189 32.487659670851116
-14.1124866270397 32.50176007524283
-13.902145690165145 32.520805129548364
-13.695200633482774 32.5451929358706
-13.492149579707267 32.57518705347374
-13.289931725472218 32.61247866997758
-20.796355823501948 32.52114980129372
-12.778597762015181 32.6904903908991
-12.470520499649965 32.73185657786962
-12.16625741520923 32.78127257015555
-11.865635700923363 32.839225128767936
-11.568529890721955 32.906179925774694
-11.274817944675803 32.98259914754618
-10.984370267677932 33.06894589622581
-10.697046045903448 33.16568565693976
-10.412691777917772 33.273286885440996
-10.131140602401594 33.39222127511144
-9.852211956782888 33.52296389198017
-9.575711385989266 33.66599324700712
-9.301430424350187 33.82179133986446
-9.029146511922633 33.99084368517106
-8.75862292553304 34.173639332102795
-8.4896087097558 34.370670878427745
-8.221838596375825 34.58243448522563
-7.955032896658679 34.80942989177751
-7.6888973447030295 35.052160435571494
-7.423122853818107 35.31113308124313
-7.157385115925074 35.58685846693115
-6.891343904739344 35.8798509837539
-6.624641785007341 36.19062892139857
-6.3569015340248 36.51971475864252
-6.087720471731998 36.86763580230115
-5.816656287996722 37.23492578131919
-5.543184527644655 37.62212963173104
-5.266528532782544 38.02982263072644
-4.984469044829908 38.458744339341706
16.73986924173215 -29.714481095984198
16.73986924173215 -29.714481095984198
14.584963815375604 -30.829408679669427
12.288905922221794 -31.814405546366487
9.869446890594972 -32.646096659594974
7.349237178171984 -33.30408866690195
4.755104301714896 -33.77221627482723
2.1169657421816055 -34.03956617056572
-0.5335355708987564 -34.101157587807464
-3.1645429904068436 -33.9581989613077
-5.745493215456918 -33.61789578104245
-8.248470900369206 -33.09284419386849
-10.64929119466979 -32.400095772775444
-12.928235396340458 -31.56001170105459
-15.070415746869205 -30.59503518955991
-17.06579191878468 -29.528500727579043
-18.90889644881008 -28.383573491054136
-20.598345884487397 -27.182379510574748
-22.136219259089405 -25.94535422667056
-23.527378871790095 -24.69080906850033
-33.389010520675654 6.953242803476854
-33.78771269202589 4.643714038892199
-34.032359023093335 2.229831463848768
-34.10428161638984 -0.2675527310019845
-33.98826823277088 -2.8233369567075215
-33.67368057933818 -5.408959722034808
-33.155347949968856 -7.993529342561288
-32.434119796748206 -10.545211332357383
-31.51699700201142 -13.032747561780525
-30.41681480391188 -15.426956479436242
-29.151510065710337 -17.702064001767752
-27.74305934844155 -19.836740332593536
-26.216211198912813 -21.814762877645308
-24.59715012498342 -23.625279146772442
-22.912220868090618 -25.262694708318932
-21.186814977961628 -26.726250768177607
-19.444485430115083 -28.019378925877987
-17.706317422652877 -29.148926778908205
-15.990551041211358 -30.12434043149007
-14.312427889943923 -30.95687350054989
14.190836695698394 -36.57999073598225
