57.7771192488
8.7581537581
60.1557406889
18.9735795133
62.5381912834
19.238520726
64.9243619344
19.5506963588
67.314143544
19.9078253743
69.7074270142
20.3076267349
72.1041032471
20.7478194033
74.5040631448
21.2261223421
76.9071976093
21.7402545138
79.3133975428
22.287934881
81.7225538472
22.8668824062
84.1345574247
23.474816052
86.5492991774
24.1094547809
88.9666700072
24.7685175556
91.3865608164
25.4497233387
93.8088625068
26.1507910925
96.2334659807
26.8694397798
98.6602621401
27.6033883632
101.089141887
28.350355805
103.519996124
29.108061068
105.952715752
29.8742231147
108.387191674
30.6465609077
110.823314792
31.4227934095
113.260976008
32.2006395827
115.700066224
32.9778183898
118.140476342
33.7520487935
120.582097264
34.5210497562
123.024819892
35.2825402406
125.468535129
36.0342392093
127.913133875
36.7738656247
130.358507035
37.4991384494
132.804545509
38.2077766461
135.251140199
38.8974991773
137.698182008
39.5660250055
140.145561838
40.2110730933
142.59317059
40.8303624033
145.040899168
41.421611898
147.488638472
41.98254054
149.936279405
42.510867292
152.38371287
43.0043111163
154.830829767
43.4605909757
157.277521
43.8774258326
159.72367747
44.2525346497
162.169190079
44.5836363895
164.61394973
44.8684500145
167.057847324
45.1046944874
169.500773764
45.2900887707
171.942619952
45.4223518269
174.383276789
45.4992026187
176.822635178
45.5183601086
179.260586062
45.4775473383
181.697032141
45.3756572268
184.131904042
45.2143614813
186.565136448
44.995735403
188.996664044
44.7218542929
191.426421511
44.3947934523
193.854343533
44.0166281824
196.280364793
43.5894337843
198.704419975
43.1152855593
201.126443761
42.5962588084
203.546370835
42.0344288329
205.964135881
41.4318709339
208.37967358
40.7906604127
210.792918616
40.1128725704
213.203805674
39.4005827081
215.612269434
38.6558661271
218.018244582
37.8807981286
220.4216658
37.0774540136
222.822467772
36.2479090834
225.220585179
35.3942386392
227.615952707
34.5185179822
230.008505037
33.6228224134
232.398176854
32.7092272342
234.78490284
31.7798077456
237.168617678
30.8366392488
239.549256052
29.8817970451
241.926752645
28.9173564356
244.30104214
27.9453927215
246.67205922
26.967981204
249.039738568
25.9871971841
251.404014868
25.0051159632
253.764822803
24.0238128424
256.122097056
23.0453631228
258.475772311
22.0718421057
260.825783249
21.1053250922
263.172064556
20.1478873836
265.514550913
19.2016042808
267.853177004
18.2685510853
270.187877512
17.350803098
272.51858712
16.4504356203
274.845240512
15.5695239533
277.167772371
14.7101433981
279.48611738
13.874369256
281.800210222
13.064276828
284.10998558
12.2819414155
286.415378138
11.5294383196
288.716322578
10.8088428413
291.012753585
10.1222302821
293.30460584
9.47167594288
295.591814028
8.85925512498
297.87431283
8.28704312953
201.006630136
16.816402996
203.130221744
217.009074337
205.25032984
217.170519067
207.366967428
217.30126911
209.480147512
217.401856392
211.589883094
217.472812835
213.696187178
217.514670364
215.799072768
217.527960904
217.898552867
217.513216379
219.994640479
217.470968713
222.087348606
217.401749831
224.176690253
217.306091656
226.262678422
217.184526114
228.345326118
217.037585127
230.424646343
216.865800622
232.500652101
216.669704521
234.573356395
216.449828749
236.642772229
216.206705231
238.708912607
215.94086589
240.771790531
215.652842652
242.831419005
215.34316744
244.887811033
215.012372179
246.940979618
214.660988792
248.990937763
214.289549205
251.037698472
213.898585342
253.081274748
213.488629126
255.121679595
213.060212482
257.158926016
212.613867335
259.193027014
212.150125608
261.223995594
211.669519226
263.251844757
211.172580114
265.276587509
210.659840195
267.298236852
210.131831394
269.316805789
209.589085635
271.332307324
209.032134842
273.344754461
208.46151094
275.354160203
207.877745853
277.360537553
207.281371506
279.363899515
206.672919822
281.364259092
206.052922726
283.361629288
205.421912142
285.356023106
204.780419994
287.347453549
204.128978208
289.335933621
203.468118706
291.321476325
202.798373413
293.304094665
202.120274255
295.283801644
201.434353154
297.260610266
200.741142035
299.234533534
200.041172823
301.205590219
199.334955554
303.173851326
198.622802044
305.139415642
197.904918676
307.102382212
197.181510857
309.062850082
196.452783992
311.020918297
195.718943489
312.976685901
194.980194753
314.930251939
194.236743191
316.881715456
193.488794209
318.831175498
192.736553214
320.778731109
191.980225612
322.724481334
191.22001681
324.668525219
190.456132213
326.610961807
189.688777228
328.551890145
188.918157262
330.491409277
188.144477721
332.429618248
187.367944011
334.366616104
186.588761538
336.302501888
185.80713571
338.237374646
185.023271932
340.171333424
184.23737561
342.104477266
183.449652152
344.036905216
182.660306963
345.968716321
181.86954545
347.900009624
181.077573019
349.830884172
180.284595077
351.761439008
179.49081703
353.691773178
178.696444284
355.621985727
177.901682245
357.5521757
177.106736321
359.482442142
176.311811917
361.412884098
175.51711444
363.343600612
174.722849296
365.274690731
173.929221891
367.206253498
173.136437633
369.138387958
172.344701926
371.071193158
171.554220179
373.004768141
170.765197796
374.939211953
169.977840184
376.874623638
169.192352751
378.811102242
168.408940901
380.74874681
167.627810042
382.687656386
166.84916558
384.627930015
166.073212921
386.569666744
165.300157471
388.512965616
164.530204638
390.457925676
163.763559827
392.404645969
163.000428444
394.353225542
162.241015897
396.303763437
161.485527591
398.256358701
160.734168932
400.21111037
159.987145328
-18.3724317665
37.933984232
-17.8048048913
139.077325098
-17.2225185099
140.203865347
-16.6257596765
141.313769792
-16.0147154456
142.40720325
-15.3895728713
143.484330536
-14.7505190079
144.545316464
-14.0977409099
145.59032585
-13.4314256314
146.61952351
-12.7517602267
147.633074258
-12.0589317502
148.631142911
-11.3531272561
149.613894282
-10.6345337988
150.581493188
-9.90333843253
151.534104444
-9.15972821159
152.471892864
-8.4038901903
153.395023265
-7.63601142294
154.303660462
-6.8562789638
155.197969269
-6.0648798672
156.078114502
-5.26200118743
156.944260977
-4.44782997877
157.796573508
-3.62255329554
158.635216911
-2.78635819202
159.460356001
-1.93943172251
160.272155594
-1.08196094132
161.070780504
-0.214132902733
161.856395548
0.663865338949
162.629165539
1.55184672943
163.389255294
2.44962421441
164.136829628
3.35701073959
164.872053356
4.27381925068
165.595091293
5.19986269338
166.306108254
6.1349540134
167.005269056
7.07890615643
167.692738512
8.03153206817
168.368681439
8.99264469434
169.033262652
9.96205698064
169.686646965
10.9395818728
170.328999194
11.9250323164
170.960484155
12.9182212573
171.581266663
13.9189616411
172.191511533
14.9270664136
172.79138358
15.9423485204
173.381047619
16.9646209072
173.960668466
17.9936965198
174.530410937
19.0293883039
175.090439845
20.0715092051
175.640920007
21.1198721691
176.182016238
22.1742901417
176.713893353
23.2345760686
177.236716168
24.3005428955
177.750649497
25.372003568
178.255858156
26.4487710318
178.752506961
27.5306582328
179.240760725
28.6174781165
179.720784266
29.7090436287
180.192742397
30.8051677151
180.656799935
31.9056633214
181.113121694
33.0103433933
181.56187249
34.1190208765
182.003217139
35.2315087166
182.437320454
36.3476198595
182.864347252
37.4671672507
183.284462348
38.5899638361
183.697830557
39.7158225613
184.104616695
40.8445563719
184.504985576
41.9759782138
184.899102017
43.1099010326
185.287130831
44.2461377741
185.669236835
45.3845013838
186.045584844
46.5248048076
186.416339672
47.6668609911
186.781666136
48.81048288
187.141729051
49.95548342
187.496693231
51.1016755569
187.846723493
52.2488722364
188.191984651
53.396886404
188.53264152
54.5455310056
188.868858917
55.6946189869
189.200801656
56.8439632935
189.528634552
57.9933768712
189.85252242
59.1426726656
190.172630077
60.2916636225
190.489122337
61.4401626875
190.802164016
62.5879828065
191.111919928
63.7349369249
191.41855489
64.8808379887
191.722233715
66.0254989434
192.023121221
67.1687327348
192.321382221
68.3103523086
192.617181531
69.4501706104
192.910683967
70.5880005861
193.202054343
71.7236551812
193.491457475
72.8569473416
193.779058179
73.9876900128
194.065021269
75.1156961406
194.349511561
76.2407786707
194.63269387
77.3627505488
194.914733011
78.4814247207
195.195793799
79.5966141319
195.476041051
80.708131728
195.75563958
1.8721290089937312
-36.13665586399025
1.9710580859979032
-36.93178805815359
2.0691179368140666
-37.658172066216515
2.165823009521006
-38.31801376486916
2.2609289644886843
-38.91350612509769
2.354243018394783
-39.44683903777493
2.4455968508584647
-39.92020071688116
2.5348398313508653
-40.335778051095566
2.6218367615314833
-40.69575672005596
2.7064669722371804
-41.00232124163991
2.788623912925999
-41.2576549927327
2.8682149463701307
-41.46394022056359
2.9451612379226475
-41.62335804784212
3.0193976921229932
-41.73808847604314
3.090872914557764
-41.81031038808512
3.159549187748823
-41.8422015484816
3.225402455515237
-41.835938605356915
3.2884223122141094
-41.79369708980978
3.348611995330259
-41.717651417507696
3.405988379916977
-41.609974887888086
3.4605819744841
-41.47283968509092
3.5124369176620576
-41.308416878158454
3.561610975298038
-41.11887642062383
3.6081755378613707
-40.906387151400935
3.6522156176710325
-40.673116794509056
3.6938298457939425
-40.42123195985565
3.7331304679292856
-40.152898142938376
3.7702433386916994
-39.870279726143735
3.8053079125749036
-39.575539979319174
3.8384772287907936
-39.27084106154051
3.869917883654807
-38.95834402428036
3.89980997582839
-38.64020881712001
3.9283469865297036
-38.31859430175983
3.9557354804288707
-37.99565828512536
3.9821942090856624
-37.673557620044576
4.007950525337861
-37.35444860672203
4.033215285620486
-37.04048980646778
4.058522712747873
-36.73380394800767
1.8721290089937312
-36.13665586399025
3.945743839497567
-36.16362083075561
3.8106116803026
-35.90424386464412
3.6786795447603424
-35.66059714831113
3.550031237946058
-35.43484711821629
3.4247197497157913
-35.2291627197359
3.3027710855680823
-35.04571497828408
3.1841852257107632
-34.88667689154362
3.0689364466133497
-34.75422339400579
2.956973452001648
-34.650531342137555
2.8482194358074935
-34.57777950809177
2.7425719643578645
-34.53814663628806
2.63982503244236
-34.532791156400684
2.5395610022640085
-34.56017440866506
2.441349650049119
-34.618316385685425
2.3447844108925153
-34.70523531012898
2.2494824367878437
-34.81894763248912
2.1550847022942037
-34.95746802678094
2.0612562143611513
-35.11880938270299
1.9676864726640702
-35.300982787891634
1.8740906194112767
-35.5019974843702
1.7802128876809604
-35.719860737107055
1.6858403937070534
-35.95257731006026
1.5908996809025382
-36.198145794568305
1.4941586369710365
-36.454607968335
4.08393459419932
-36.436567124048445
1.524594848377518
-36.97467276184957
1.6550618773952408
-37.23400792891836
1.7874357197449626
-37.49593700189045
1.921609460839079
-37.758454565125156
2.057471386050537
-38.019556421941274
2.1948900453173508
-38.27724016114456
2.333710525835528
-38.52950529901515
2.473753217820672
-38.7743533247608
2.614813331705477
-39.00978771784739
2.756660693525987
-39.23381395412274
2.8990396635730633
-39.444439506137044
3.041669123344832
-39.639673839969525
3.184242514876672
-39.81752840743783
3.3264279388267255
-39.976016633253735
3.467868339976974
-40.113153891416815
3.6081818468488507
-40.22695746446752
3.746962413065404
-40.315446466401035
3.8837811085308545
-40.37664168970098
4.018188966806861
-40.40856526590489
4.149724110282591
-40.40923981882783
4.277933132604005
-40.37668592357757
4.402456636903366
-40.30891193978274
4.523628019449518
-40.20384284769305
4.634426159384816
-40.06027665681075
1.3962413318160998
-36.71993415841547
4.952991976762121
-39.620058119942875
5.159621740833984
-39.319650919860564
5.35693552715037
-38.97270327733176
5.543587594293399
-38.577386723061615
5.718321409577243
-38.131863799483405
5.879875849478026
-37.63429900246276
6.026967904071057
-37.08286032363115
6.158305155868959
-36.475716223711885
6.272664672738301
-35.81102008475297
6.369466353028258
-35.0867988666574
8.783832439609341
-33.78598317096053
10.954484218403366
-33.145854139911876
13.14023563290965
-32.34165392596941
15.318570017533546
-31.368611441590524
17.465573080767342
-30.225851983292984
19.55681156368655
-28.91676836401361
21.568318003364823
-27.44915353269187
23.4776035476404
-25.835063437417446
25.264611757544515
-24.090408130542407
26.912529702529127
-22.234300442470612
28.408388335259588
-20.28821932424455
29.74340935935936
-18.275064181477845
30.913085817149806
-16.21818412822755
31.91701295880364
-14.140461624116922
32.75850982549406
-12.063515456473361
33.44408732277168
-10.007067217840769
33.982824443271056
-7.988492599569859
34.38571169760439
-6.022557779282279
34.66501197293911
-4.121324553047025
34.83367669149408
-2.2941968764740093
23.68331343799781
25.646618407757284
25.295279675620918
24.058204365406862
26.843160432688364
22.317999667096416
28.304851222810214
20.432419543708964
29.658853312732106
18.41197412906618
30.88522354637189
16.271181200091046
31.96650520876085
14.028218557387387
32.88855636825775
11.704325318765378
33.641197985585165
9.322991432486756
34.21862182755092
6.909000751094027
34.61952515228347
4.487410097814966
34.846970444073975
2.0825518061730506
34.907998528143764
-0.28286023876181154
34.81304715437631
-2.588458804526585
34.57524134612237
-4.8167475554517765
34.2096255216141
-6.953408719936616
33.73240181294062
-8.987404468804197
33.16022678797026
-10.910899620376878
32.5096031429735
-12.719043778599367
31.796386863810312
-14.409654873121388
-4.650691797734268
35.885008427771965
-4.903941211198976
36.647680806927085
-5.153924872916484
37.341089926174476
-5.400393201419092
37.96752008089216
-5.64290869585588
38.52927707531593
-5.881031792476591
39.02866413567637
-6.114347415221275
39.467978468852294
-6.342471613359535
39.849510402846136
-6.565053773873856
40.17554309936152
-6.78177750657737
40.448352439600995
-6.992361046419717
40.670206971628836
-7.196557454922626
40.843367884971656
-7.394154728634035
40.97008899596058
-7.5849758613169485
41.05261673967098
-7.768878881563069
41.09319016574699
-7.945756876203362
41.09404093425604
-8.115538005988668
41.05739331485046
-8.278185515863655
40.985464184215
-8.433697742581913
40.88046302626046
-8.58210811988117
40.744591930316304
-8.723485182715592
40.5800455912374
-8.857932570528675
40.38901130891355
-8.98558902990223
40.173668987231444
-9.10662841725511
39.936191134290844
-9.221259701324641
39.67874286138353
-9.329726966212519
39.40348188279998
-9.432309414955483
39.11255851420354
-9.529321374942285
38.80811567188813
-9.621112305953176
38.49228887010188
-9.708066813826491
38.16720621721638
-9.790604675272121
37.83498840860109
-9.869180886814362
37.4977487118631
-9.944285772299722
37.15759293587691
-10.016445250638213
36.81661935159809
-10.08622163875765
36.476918455943576
-10.154216862348363
36.140572026263776
-10.221094930769425
35.80964650519924
-10.287277980675498
35.48628247502299
-4.650691797734268
35.885008427771965
-9.026061278426113
34.69592993616769
-7.720847299427788
34.235603795117655
-6.436951847747906
33.793327907869106
-5.173043083684263
33.370865709682064
-3.9274965109481172
32.969930257100415
-2.6983915466238386
32.59218523723083
-1.483510662653572
32.239245218912124
-0.28033909844413074
31.912675736015927
0.913935255905642
31.61399331898157
2.1024219151951797
31.34466550788806
3.28852764593006
31.106109109068413
4.475823905786797
30.898777338835643
5.667596138372488
30.720699299579508
6.86682763024541
30.569550935243342
8.076226260489335
30.443053496164573
9.298224532095446
30.338973518549416
10.534979628301528
30.255122785627265
11.788373523975395
30.18935825024515
13.060013229294071
30.139581863881638
14.351231398052875
30.103740149727635
15.66308815118117
30.07982292116683
16.996378370163285
30.065858157233706
18.35168274723611
30.059876127621116
19.72867732978446
30.06039459668429
-10.353656973711281
35.17248545135395
21.54600854356704
30.04109909317124
21.970979490896582
30.01722252867345
22.401482559650788
29.992016556089418
22.836348005616998
29.963848683650014
23.27435931492613
29.931130825727024
23.714245304636307
29.89232485216413
24.154678150268154
29.845943974572677
24.59427272980801
29.79055320540469
25.031586364158017
29.724769538981537
25.465118702612784
29.647262029835627
25.89331167025037
29.556751826164515
26.3145494468192
29.45201218000725
26.727158465083107
29.33186844045933
27.129407427273634
29.195198030540464
27.519507343250865
29.04093039942077
27.89561160588903
28.868046934081303
28.255816136085713
28.67558079042799
28.598159678312015
28.462616553323276
28.920624452869504
28.22828948381712
29.221137791730257
27.971783635722833
29.49757705005038
27.692326201538606
29.747789256174485
27.389164889430557
29.96972867564199
27.061409555073542
30.159620640810374
26.710146068645436
21.127747994777422
30.065284284773
29.73776779967403
26.589154453651417
29.13081844226565
26.80926825203146
28.495064437050416
26.991436661405366
27.83049811087477
27.132891359266456
27.137226996040113
27.230746996438697
26.415452955428123
27.28202566899191
25.665469908022374
27.28366064346799
24.88767180599592
27.232490492330633
24.082591228221304
27.12522795106308
23.251174436117708
26.958236287009477
23.251174436117708
26.958236287009477
-0.6814699262606254
-35.30681298596981
-3.3365137548802863
-35.15541381423548
-6.112910343864854
-34.780278486730296
-8.976706167425114
-34.153392084394135
-11.88577072554422
-33.25302841466384
-14.791358927218567
-32.06635535218862
-17.640642875960843
-30.59155379201024
-20.38000874218789
-28.83904797587794
-22.958728981239332
-26.831552471906008
-25.332503978738053
-24.602838995812345
-27.466364889685384
-22.195365377332767
-29.336548352541236
-19.657120217510347
-30.93115860092516
-17.038159292924163
-32.24966035689562
-14.387315640922019
-33.30143322445151
-11.749467634069278
-34.10372470189207
-9.163591323504187
-34.67935664580266
-6.661656484679087
-35.05448814503081
-4.268290685571753
-35.256648086644056
-2.001052268478329
-35.31315385066566
0.12887825984775958
-7.013649271829905
34.60988541411838
-9.598291058777342
33.98394110808279
-12.262114289863398
33.11609876825729
-14.966684716391534
31.984899454067016
-17.666654007608237
30.57653971040713
-20.311764790565313
28.887153815829553
-22.849721933627002
26.924443393365987
-25.22965681591611
24.708295397249525
-27.40574823336813
22.270168572686732
-29.340484861812925
19.651244046125182
-31.007094879633737
16.89957134403225
-32.39082328452232
14.066627578687456
-33.48896095753495
11.203791254363143
-34.309754737385404
8.359196991763277
-34.87049451479967
5.575307774461496
-35.19514963385521
2.8873667479531946
-35.31191433731704
0.3227232880152364
-35.250946688004646
-2.099095540011991
-35.04248219206014
-4.365762969492543
0.0728469922951831
-34.8525457478317
0.11011735164777292
-34.6910313628982
0.14735698793185747
-34.584691074587624
0.18468328183769245
-34.53124078242956
0.22223749540782478
-34.52839648506642
0.26016064163002284
-34.57387430509158
0.29858745958014765
-34.66539049422687
0.33764441670808765
-34.8006614357019
0.3774489245694497
-34.977403644036826
0.41810900384462
-35.19333376510909
0.4597231492188314
-35.44616857439283
0.5023803075611966
-35.73362497586294
0.5461599495907308
-36.0534199980238
0.5911322602158577
-36.40327078851837
0.6373585337814234
-36.78089460323028
0.6848919932625108
-37.18400878476032
0.7337796135318513
-37.61033071453437
0.7840666961484146
-38.057577694109455
0.8358106080510197
-38.52346658818189
0.889135750554999
-39.00571239631449
0.944618361542922
-39.502018257526004
0.9981453044076147
-40.01020899980048
0.035621364146976475
-35.07151825788944
1.2888284384007989
-41.03227743835282
1.531636155248009
-41.54103232924487
1.780547589383218
-42.051918964827394
2.0353723780813198
-42.56266005898439
2.2959541295889494
-43.07098085531109
2.5621106564433376
-43.57461067924655
2.833619036973289
-44.07128332560015
3.1102106398008686
-44.55873718718303
3.39156913884284
-45.034715305076304
3.677329618134138
-45.49696539076402
3.9670781341442876
-45.94323983533107
4.260351494563906
-46.37129571220382
4.556637153787676
-46.77889477486937
4.855373184937832
-47.16380344992996
5.155948320237258
-47.5237928234676
5.457702079171099
-47.85663861543986
5.75992504655494
-48.16012113030749
6.061859458440722
-48.432025159404475
6.362700513941149
-48.670139763626764
6.661599674110391
-48.87225773073942
6.957674576028069
-49.03617394653543
7.250048707421513
-49.15967887897506
7.538129155089166
-49.24051296643097
7.8178716757270195
-49.2769799605569
1.0527671575792112
-40.52792324015877
8.020549425312538
-49.245491892065104
7.944169186167983
-49.180059770342325
7.861409316207926
-49.07259550102171
7.772671879471204
-48.92515836770957
7.6784082907937545
-48.73979936395355
7.579076395510242
-48.518568241881525
7.4751297406855315
-48.263515273813795
7.3670140005927465
-47.976691839343516
7.255165549177889
-47.66015066017624
7.140010814105096
-47.31594590615717
7.021965957850057
-46.94613324755517
6.901436711924134
-46.55276988321262
6.7788182906096495
-46.13791455478463
6.654495352358822
-45.703627553918324
6.5288419965671665
-45.25197072406712
6.4022217963875505
-44.78500745666878
6.274987882661435
-44.30480268142122
6.14748311859222
-43.81342284370393
6.020040463574446
-43.312935857447656
5.892983785263539
-42.80541100028529
5.766629899493637
-42.29291864907023
5.641294699125922
-41.77752948453238
5.517317679481948
-41.261311310584546
5.395233629661618
-40.746306781714736
5.2734482939252985
-40.23483491991098
8.090497770737386
-49.266774953099144
5.22098195462172
-39.19930716641193
5.286543960827942
-38.68014003580549
5.350477389385503
-38.17337602146969
5.413145314317546
-37.681073376762214
5.474976193280497
-37.20528058253814
5.536437382792599
-36.748039782844046
5.5980285222879616
-36.31138764183717
5.660279335653513
-35.89735562875799
5.723748760521971
-35.50797012975235
5.78902456400823
-35.145252495536766
5.856723166708946
-34.811219062781845
5.927489570395096
-34.50788115939423
6.0019973501884465
-34.2372451012979
6.080948700599777
-34.001312178428634
6.165074545436255
-33.80207862846984
6.2551347444479575
-33.641535589297376
6.351918471423744
-33.52166901503273
6.456244927687919
-33.44445951656087
6.568964778390978
-33.41188204377693
6.69096331898055
-33.42590518319429
6.823168397823622
-33.488489403393885
6.96657418929999
-33.60158178878427
7.1223362924677645
-33.767094975736896
7.2924374298585235
-33.98675970226215
-2.4568981155523204
-35.26424857413605
13.469404183513802
-32.38483006437045
15.42418706835133
-31.500738414162868
17.348050181921394
-30.483556587815485
19.224049317419087
-29.336632308403267
21.035719651683507
-28.066003742834255
22.76761979208436
-26.680284038220094
24.405837846296095
-25.19041774916232
25.93842497108153
-23.609323950011486
27.355728302339912
-21.95145089522717
28.65060466928844
-20.232274203390006
29.818507635847595
-18.467773816242982
30.857451584547505
-16.673924225098233
31.767866287964353
-14.866228131810345
32.55236262110401
-13.059316794578535
33.21543421419358
-11.26663203089501
33.76312093125
-9.500196436853372
34.20265852537369
-7.77047084504494
34.542135376141744
-6.086292057838648
29.614919530183954
18.79251469542433
30.667830652905025
17.02017128003564
31.634459972485956
15.148036493426986
32.50141785415212
13.185594595118346
33.25657641666754
11.14460373451496
33.88954262618449
9.038858774482264
34.392074953684585
6.883839607163537
34.75841175760485
4.696262284605552
34.98548593045973
2.493560018651692
35.073009936074925
0.29332811150817406
35.02342688250542
-1.8872299178445928
34.84173509831248
-4.031818782637686
34.535204165511175
-6.125499212592501
34.113008181085604
-8.15504384992505
33.585806384383716
-10.10918774519996
32.9653020459038
-11.978769902596099
32.26380808164379
-13.756771257379654
31.49384305549779
-15.43826146146921
30.667775062296528
-17.020271445702434
29.797524424899905
-18.50161088944708
5.15367910523122
-39.72878533458015
31.608925527651536
24.613261049040773
-5.372130581823029
34.1929974040396
-4.485218987340744
33.93823400636734
-3.6119924756095543
33.73820267185707
-2.7482037916322497
33.59021334855191
-1.8898003890965072
33.49160728478677
-1.0329473742959294
33.439752852395486
-0.17403323587285513
33.432044498890406
0.6903282535669462
33.46590239538065
1.5632972884696414
33.538772289893785
2.447807706683136
33.648125434130975
3.3465668528169203
33.79145853507947
4.262055544314649
33.96629371311252
5.196528117330757
34.17017844898572
6.152012568642476
34.40068550396404
7.130310858634516
34.655412778037885
8.132999544351492
34.931983031767516
9.161431191853609
35.2280432776989
10.216737922789775
35.541263263032675
11.299842067219544
35.869330919624815
12.411498787772473
36.209934166735565
13.55259446670945
36.56063353703095
14.720151485952414
36.92056762220591
-6.277008582596949
34.505243442831414
16.71216894670863
37.3426398748191
17.52562804317961
37.392009759030856
18.35567317147388
37.432645956593745
19.201296032498533
37.46250235375766
20.061422036482725
37.479600206243646
20.93486395695828
37.482047922473754
21.82031034533287
37.46804600831658
22.716321670366824
37.43588871415125
23.621328775301834
37.38396469181143
24.53363217870691
37.31075729146272
25.451401727404118
37.214844706927295
26.372676413401166
37.09490004987944
27.295364274723738
36.949691385736145
28.21724234474715
36.77808174534587
29.135956635191576
36.57902911591293
30.04902215070757
36.35158640594875
30.95382294646214
36.09490136638681
31.84761226725408
35.80821642454998
32.72751287010095
35.49086830984814
33.59051784610284
35.1422871125736
34.433493099213706
34.761993454337016
35.253187275274
34.34958716380197
36.04630128506636
33.904667998211465
36.80855023961112
33.42790531274653
15.91656231957461
37.28651129799323
37.58467266268616
32.81206082285527
37.598695024224185
32.67608570819365
37.58039009611667
32.51251763359872
37.53113972729449
32.322969533488276
37.45235279006897
32.10902269571989
37.345454436610055
31.872239012805778
37.21188341291571
31.614164044290135
37.05309116375355
31.336328037329054
36.870541475176765
31.04024633471053
36.66571031222554
30.72741955951568
36.44008573827483
30.39933370647978
36.19516787314626
30.057460190442725
35.93246887003926
29.703255871708706
35.65351290417084
29.338163068625107
35.35983616927109
28.96360956088435
35.05298688094831
28.581008583667682
34.73452529023842
28.191758810628983
34.40602371250333
27.797244315887752
34.06906658921923
27.39883449406662
33.72525062745723
26.99788388144856
33.376185150560445
26.59573170547762
33.02349315225649
26.193700530278733
32.66881551747821
25.793090837233905
32.31384056755974
25.39514308130822
31.959903839691606
25.001551663745488
37.537043392778514
32.918712638654114
31.241561989570016
24.252439356104844
30.88113637816309
23.898785400733033
30.529285596980742
23.553604618980017
30.18769234792302
23.218143235356706
29.858053221766568
22.89362924099916
29.542074140872785
22.58127824697067
29.241469220121758
22.28229494581521
28.95796038900994
21.997873597682997
28.693277241732005
21.729198222638843
28.44915697043956
21.47744268509402
28.227344335302064
21.243770733128173
28.029591650996338
21.029336013919675
27.857658785148715
20.835282075964955
27.713313164699628
20.66274235884049
27.598329792863467
20.51284016949836
27.514491280736024
20.386688637286596
27.46358790636168
20.28539063270921
27.447417724558534
20.210038612987404
27.467786789776028
20.1617143129925
27.52650964530875
20.141488062705093
27.625410548757827
20.150417081445283
27.766327147258153
20.189540359016604
27.951125180011047
20.25985818137312
28.181801393737373
20.36218880982031
-5.076615639026045
-34.983303867734634
-5.076615639026045
-34.983303867734634
-7.796776508181125
-34.47917997763486
-10.58322127713808
-33.72831159794086
-13.3949042360328
-32.713607510578385
-16.185535513818536
-31.426613180226383
-18.906009300189794
-29.86915446057685
-21.507404218534447
-28.054146567472486
-23.944202456547345
-26.005359919995982
-26.17729934716573
-23.756106051656218
-28.176393786257222
-21.34700000118113
-29.92146135976128
-18.823116796773462
-31.40318445515507
-16.230945195033087
-32.62239707094474
-13.615534701005203
-33.58874876017265
-11.018145605076228
-34.31887312652003
-8.47458100288631
-34.83435719730471
-6.014244299930482
-35.15976432098569
-3.6598563826197505
-35.32088974667673
-1.4276986207769085
-35.34334858849974
0.6717785352738588
-8.763514421667594
34.24623177562583
-11.289890915177494
33.49838711000953
-13.874903603266546
32.51293013323655
-16.480709631846622
31.27282823601695
-19.063857512753657
29.76865654647665
-21.57729162872849
28.000429672015116
-23.973036633158188
25.978781542518817
-26.205294425816362
23.725221177155333
-28.233568574921975
21.271322981277848
-30.025388249295446
18.656892461707884
-31.558256885690753
15.92733493668706
-32.820589495173294
13.130593323912734
-33.81158749592328
10.31407421217176
-34.54017911920104
7.521941389174003
-35.023282231355836
4.793044709937021
-35.28370253953304
2.159608980906114
-35.347966495953074
-0.35332768026336225
-35.24432557713587
-2.7278362233660687
-35.0010840829388
-4.9525436765068775
-34.645319691320964
-7.0217803536445444
9.534017106070849
-33.75358625654704
20.43167228252153
-28.60620610997509
20.632897317479493
-29.062623230334466
20.816476068557
-29.498920184050434
20.982913332461123
-29.915417188100463
21.132707134110397
-30.312438934975503
21.26634984470471
-30.690313788481845
21.384328461075242
-31.049373583304515
21.487124698434567
-31.38995355852046
21.57521502677746
-31.712392330853817
21.64907068736853
-32.01703188333522
21.709157699921544
-32.304217559036005
21.755936866802703
-32.57429805925804
21.78986377382147
-32.82762544132274
21.81138879103349
-33.06455511914564
21.82095707159451
-33.28544586283121
21.819008550514628
-33.49065979975276
21.80597794233941
-33.68056241570366
21.782294737925923
-33.85552255670123
21.74838319999394
-34.01591243161988
21.70466235659799
-34.16210761544917
21.65154599246832
-34.29448705492831
21.589442635679085
-34.413433075597936
21.518755538358736
-34.51933139330325
21.439882646497555
-34.61257113114297
21.353216552079555
-34.69354484700891
21.259144413302757
-34.762648579184656
21.15804781532663
-34.82028192637361
21.05030251159204
-34.86684819582484
20.936277906824817
-34.90275469972789
20.816335919612577
-34.928413406706994
20.690828139670117
-34.944242571302
20.560087299482312
-34.95067162135746
20.424393161617587
-34.948160707743455
20.283733730351535
-34.93733755091779
20.141006597459057
-34.91716278496472
20.212281562939655
-28.12935870892609
19.65670383421067
-34.910212359990936
19.316242824176197
-34.924346037148865
18.97402261313379
-34.93177040116677
18.63052123471669
-34.93285847670447
18.286150748594242
-34.92801867583998
17.94129339032534
-34.91767408086534
17.596310608157548
-34.90225726491255
17.251546074931774
-34.882208566038344
16.907326892148838
-34.85797539686129
16.563964136676468
-34.83001193109911
16.22175313313985
-34.798778946670666
15.880973600022266
-34.7647437422159
15.541889731693082
-34.72838008905836
15.204750246324775
-34.69016820309923
14.869788413928127
-34.65059472772498
14.537222071926749
-34.61015272336056
14.207253632202875
-34.569341661802696
13.880070080800309
-34.52866742323772
13.555842970626966
-34.488642296316726
13.234728405516975
-34.449784981356146
12.91686701172926
-34.412620597152824
12.602383889359437
-34.37768069314973
12.291388529608966
-34.345503272260686
11.983974667541752
-34.316632830052924
11.680220007745405
-34.29162042994474
11.38018567407488
-34.27102385349022
11.083914998043483
-34.2554079318555
10.791430488754322
-34.2453453751115
10.50272474163993
-34.24141926071883
10.217724072206273
-34.244232988059736
9.936033950654249
-34.2544799620818
9.66037766065429
-34.27200231133915
19.994608582816852
-34.88917675414473
9.42822425491341
-34.211611690430345
9.469899312401317
-34.135512452741864
9.514196080801867
-34.07008751821965
9.56139645067772
-34.01582137488987
9.611731656429953
-33.973212275821766
9.665420991209594
-33.94276164126373
9.722681487853464
-33.924971408472146
9.783731148433006
-33.92034314747008
9.84879023914771
-33.9293777063327
9.918081882677043
-33.95257504870693
9.991832359039904
-33.99043417091562
10.070271273725986
-34.043453055663605
10.153631661534298
-34.11212864251797
10.242150059508653
-34.19695680686499
10.336066567120412
-34.29843234213621
10.435624905689878
-34.417048941391016
10.54107248771271
-34.55329917488632
10.652660509151616
-34.7076744605159
10.770644083266646
-34.88066501937928
10.89528244894727
-35.072759807835666
11.026839312618193
-35.28444640368079
11.16558344350156
-35.51621081008031
11.311789775393322
-35.768537090098675
11.465741608333943
-36.041906638659356
11.627735449438262
-36.33679657963293
11.79809311316393
-36.65367576019884
11.977198019842419
-36.99299273414897
12.165640387519602
-37.35512769646746
12.36523357018396
-37.74005602410219
18.167531310601838
-28.845708504301854
20.786864723165976
-34.37294004195667
23.53625828135226
-32.552070567947396
26.218992962316875
-30.43283030198026
28.780839434472853
-28.02242019516234
31.16809256641045
-25.34053586487113
33.33124617085758
-22.419205624750447
35.228542311135996
-19.30136157838743
36.828889304662184
-16.03825628714324
38.11373455277236
-12.686054965510635
39.07766725106988
-9.302079034377755
39.727758039513205
-5.94121143379391
40.08185243252183
-2.6528961013755747
40.1661713287162
0.5209922642100082
40.01261441042432
3.547314503938736
39.65612144549188
6.401935960906599
39.1323528826798
9.069272849163411
38.475839721105515
11.54133917285813
37.71865128405439
13.81651538771817
-4.107184439630387
39.95902636609165
-1.10887859821446
40.15424187307701
2.0491063533091705
40.11725209059037
5.332818081227742
39.81399004696314
8.698980067922776
39.216329480524195
12.096410215394144
38.3049554502816
15.468476332328763
37.071808589591825
18.756410145569674
35.52168113417946
21.90311025985301
33.67263745375274
24.856935173842942
31.555118854324093
27.574965621974954
29.209827508803414
30.025312928318826
26.684702278715406
32.18823809286452
24.031439420563544
34.05606804735213
21.302041716729207
35.63208968336964
18.54580645168747
36.92872604215722
15.807022017143169
37.96533893587606
13.123482450599852
38.76597096186383
10.525789639313558
39.35726462109325
8.037317568218356
39.766706041082614
5.674666755790497
9.38856737051642
-34.29798868789908
-12.577416356733181
33.261175912696785
-34.75530314213834
-0.10998001561685555
-34.84629824675979
0.7073187914578227
-34.90070441706497
1.5461174961998267
-34.91992577357769
2.404641277365016
-34.9053419790213
3.2811548735363374
-34.85830843123607
4.17396997901858
-34.78015631217569
5.081447092549126
-34.672192604649354
6.001996133294483
-34.53570009890359
6.934076686918246
-34.37193739657777
7.87619811725736
-34.182138912095866
8.826919621686756
-33.96751487517486
9.784850260919399
-33.72925133107633
10.74864897531134
-33.468510142858506
11.717024594667208
-33.18642899208548
12.68873584355461
-32.884121380808715
13.662591344419013
-32.56267663348657
14.637449618874712
-32.223159899540825
15.612219087713129
-31.86661215680242
16.5858580697641
-31.494050215764176
17.557374779267406
-31.106466726438672
18.525827322026345
-30.704830187143088
19.490323688841272
-30.290084958422224
20.450021745878956
-29.863151283698585
21.4041292192006
-29.42492532258796
22.351903670155878
-28.976279206046275
23.292652454182644
-28.518061132947405
24.225732648898884
-28.05109554888457
25.150550920328072
-27.576183503748968
26.0665632555677
-27.0941034377729
26.97327437441939
-26.605613147031626
27.870236259243995
-26.111455678832627
28.7570437441085
-25.612382913040577
29.633316871960545
-25.109320629496104
30.498577394650823
-24.60116489988764
31.35389746098994
-34.62628917242891
-0.9040163175069722
-23.724730404145543
32.27322160392984
-23.35723055880352
32.34111535937822
-22.98757606938561
32.40232979950417
-22.616178600277916
32.457263107588915
-22.24346864784616
32.506296157515095
-21.869870551202368
32.549811210250994
-21.49579624522657
32.588196587478706
-21.121643178977916
32.621848229555496
-20.747793483486056
32.651170318267674
-20.374613594163563
32.676575559755406
-20.002454062484507
32.698485325297696
-19.631649455855815
32.71732972745801
-19.262518301047233
32.73354766255656
-18.895363051747964
32.74758683591986
-18.530470069971045
32.75990377694302
-18.168109616267504
32.770963847866284
-17.808535846535804
32.781241248735626
-17.4519868140509
32.791219018663725
-17.098684477491144
32.8013890344227
-16.748834716540415
32.81225200590862
-16.402627358420318
32.8243174669407
-16.06023622211465
32.8381037587242
-15.721819194198705
32.85413800236361
-15.387518361898834
32.87295604814571
-15.057460261945252
32.89510238211395
-14.731756378724516
32.92112993778477
-14.410504241052358
32.95159968156159
-14.093790164787993
32.98707957575462
-13.781697481357561
33.02814146712774
-13.474339452559452
33.0753486404227
-13.172089675701415
33.12916869298388
-12.872470766748485
33.191150051565415
-24.089857701027313
32.19810216311299
-12.343671689770133
33.25170013394438
-12.114821393128615
33.2516097623961
-11.890496686848238
33.26160494428069
-11.670610379579415
33.282278015298346
-11.455111596653431
33.31420624792497
-11.243950739003061
33.35796510127324
-11.037070720419585
33.414131534014444
-10.834404043741557
33.48328510919163
-10.63587162786746
33.566008436749286
-10.441382270340988
33.66288737542408
-10.25083237331205
33.774511134521305
-10.064105789296242
33.901472330240665
-9.881073724019316
34.044367018966085
-9.701594666283839
34.20379471949019
-9.525514327849407
34.380358429953674
-9.352665581442146
34.57466464271462
-9.18286838587688
34.78732335982724
-9.015929684797626
35.01894811299195
-8.851643257597424
35.27015599041317
-8.689789486943724
35.541567679086285
-8.530134975160422
35.83380753176115
-8.372431876846981
36.147503684981785
-8.216416661716309
36.48328827505762
-8.0618076431996
36.841797871358665
-7.908299543072459
37.22367442691066
-7.755549905323591
37.629567655222274
-7.603138339788686
38.06014215964157
-7.45040349934925
38.51610595061061
-7.295301923901874
38.99841006266081
16.318632403017833
-29.930525046046668
16.318632403017833
-29.930525046046668
14.35346983947998
-30.921060728959304
12.282945728848508
-31.80036693591778
10.121102228116488
-32.55299345259766
7.884825160609717
-33.16569952863148
5.593359714078648
-33.62808974868737
3.2676637258080508
-33.93311755220685
0.9296432367554885
-34.077409767897635
-1.3986709175401018
-34.061383012163176
-3.6959402898918334
-33.88914455117457
-5.942266901487635
-33.56819263988359
-8.119819704327568
-33.10895076872815
-10.213303121572554
-32.52418380811004
-12.210250327898507
-31.828350255187672
-14.101142458996549
-31.036943702432026
-15.87937042010347
-30.16586958962054
-17.541066802441485
-29.230892365255215
-19.084841123933778
-28.24717565193123
-20.511452625567784
-27.22892587352537
-33.96082445716134
-2.965888606593836
-33.70727240617146
-5.094495065558789
-33.308333302486574
-7.258720661887651
-32.757096676506706
-9.439635075724254
-32.049743900393736
-11.616712484865289
-31.185935440508608
-13.768497511975653
-30.169024612248514
-15.873375412381407
-29.00606772301439
-17.910391628458427
-27.707620466667407
-19.860056926201494
-26.2873328747923
-21.705073677984018
-24.761376338311784
-23.430926888822484
-23.14775266933583
-25.026298955221222
-21.465544376703072
-26.483287138281042
-19.734166330428188
-27.797423842504642
-17.97267247487494
-28.96751865707043
-16.19915918606487
-29.99535521878981
-14.43029188792459
-30.885284021134538
-12.680966278616737
-31.643754317043914
-10.964102085387339
-32.27882523416946
-9.290556984862256
-32.79968969285956
15.28843258570788
-37.14642083996
3.58864792909763
3.610494811529225
3.6300571717906767
3.647514958969987
3.663026434971665
3.6767316894942135
3.6887554916338248
3.69920962911759
3.7081948448031987
3.715802453701686
3.7221157044480506
3.727210934992516
3.7311585614425913
3.7340239309364325
3.7358680631194443
3.7367482998786885
3.7367188793481003
3.7358314469870284
3.734135514368905
3.7316788741628653
3.728507978430128
3.7246682859032423
3.720204582892044
3.715161281578994
3.709582698558325
3.7035133158760947
3.6969980260787
3.69008236230033
3.6828127137349274
3.675236526401686
3.667402488540535
3.6593606994637438
3.6511628202426447
3.642862204036761
3.6345140035112307
3.626175252352861
3.617904918301545
3.6097639008074776
3.58864792909763
3.593970801450366
3.5864560851673555
3.5793390433598757
3.572689191718809
3.5665771868414793
3.5610745050847084
3.556253062411883
3.5521847760337546
3.548941070109627
3.5465923297695063
3.545207253566608
3.544822680207615
3.545394551544067
3.5468634238076104
3.5491677246209368
3.5522442787275805
3.556028806403138
3.56045638745704
3.5654618853309574
3.570980327459159
3.576947239588971
3.5832989336833747
3.589972755356391
3.596907124516833
3.6018150788608327
3.6110825368540564
3.6182094740652886
3.6253675114942108
3.6325027446350373
3.6395628080384808
3.6464968181993442
3.6532552911081413
3.659790037579831
3.6660540386826135
3.67200130303358
3.677586707331499
3.6827658211017624
3.687494716155738
3.691729760872554
3.6954273988607476
3.6985439111453196
3.701035160399451
3.70285631522152
3.7039615516438498
3.704303728310783
3.7038340302663917
3.7025015722453447
3.700252921369134
3.6970325163004
3.6040421655105237
3.687089107266187
3.680260799427706
3.672220088701087
3.6628860188558185
3.652169948187431
3.639974284549521
3.626190971671895
3.610699675259375
3.5933655868093695
3.5740366727142336
3.5527488155326536
3.552748815532654
3.5527488155326536
3.552748815532654
3.5527488155326536
3.5527488155326545
3.552748815532654
3.5527488155326536
3.552748815532653
3.5527488155326536
3.5527488155326545
3.5527488155326536
3.5527488155326536
3.5527488155326545
3.5527488155326545
3.5527488155326536
3.5527488155326545
3.5527488155326536
3.552748815532653
3.5527488155326536
3.5527488155326545
3.5527488155326545
3.552748815532654
3.5527488155326536
3.5527488155326545
3.5527488155326536
3.5527488155326545
3.552748815532653
3.5527488155326536
3.552748815532654
3.552748815532653
3.552748815532653
3.552748815532653
3.552748815532653
3.552748815532653
3.5527488155326536
3.5527488155326536
3.5527488155326536
3.552748815532653
3.552748815532653
3.5886479290976303
3.6102239133098135
3.6295298924140784
3.646745799993714
3.662029917220463
3.675522357478065
3.687347913619446
3.6976183961052036
3.7064345691317913
3.713887767500242
3.72006125801232
3.725031395120901
3.728868609747054
3.73163826213674
3.7334013833255293
3.7342153248641274
3.734134332816773
3.7332100588344854
3.7314920189396763
3.7290280085047343
3.7258644805462873
3.7220468930031565
3.7176200296417847
3.7126282983517602
3.7071160096858087
3.7011276379013043
3.6947080660107585
3.6879028158716474
3.6807582636609153
3.6733218406427515
3.6656422185651327
3.657769478509144
3.649755261564437
3.641652899121332
3.633517520163916
3.625406132266668
3.617377670941433
3.6094930692534004
3.5886479290976303
3.5793648999928616
3.5580704530276237
3.5380833349659944
3.5195562405529386
3.5026412859512357
3.4874881567354956
3.474242107948584
3.463041872197228
3.454017545527843
3.4472885300736973
3.442961560161364
3.441099460078842
3.441671356951876
3.444617804875425
3.4498640419330973
3.45732090296932
3.466886068426334
3.478445597354119
3.491875677566377
3.5070445165840862
3.5238142934042385
3.5420430906388756
3.5615866978974386
3.5823014204609387
3.6018150788608323
3.6100764887889563
3.6162789838739324
3.62259476848871
3.6289704628108472
3.6353541749966523
3.6416954444065612
3.647945158665382
3.6540554483883003
3.659979562041198
3.6656717227434137
3.671086968398245
3.6761809761327795
3.680909871552659
3.6852300229215116
3.689097819823173
3.6924694354521095
3.695300571050034
3.697546180486413
3.6991601721621308
3.700095084654017
3.700301730969108
3.699728801932948
3.6983223849169704
3.696026449141379
3.6040421655105237
3.6861589313587184
3.678568058679784
3.6699332201365777
3.6601742668947903
3.649203156270579
3.636922658552885
3.6232248379973777
3.607989245017712
3.591080754939474
3.5723470645875044
3.5723470645875044
3.564262184541269
3.564262184541269
3.564262184541269
3.564262184541269
3.5642621845412696
3.564262184541269
3.564262184541269
3.564262184541269
3.564262184541269
3.564262184541269
3.564262184541269
3.564262184541269
3.564262184541269
3.564262184541269
3.564262184541269
3.5642621845412696
3.564262184541269
3.564262184541269
3.564262184541269
3.564262184541269
3.564262184541269
3.564262184541269
3.564262184541269
3.564262184541269
3.564262184541269
3.5642621845412696
3.564262184541269
3.564262184541269
3.564262184541269
3.564262184541269
3.5642621845412696
3.564262184541269
3.564262184541269
3.564262184541269
3.564262184541269
3.564262184541269
3.564262184541269
3.564262184541269
3.5642621845412696
3.5511283676122445
3.546486229227645
3.5434202066057114
3.5418787461460886
3.5418027850039446
3.5431266292827868
3.545778891228282
3.5496834579014016
3.554760464668292
3.5609272493341044
3.568099265810152
3.576190940049259
3.5851164547595875
3.594790453489959
3.6051286582664783
3.6160483983622496
3.6274690506106073
3.639312394043255
3.651502883296761
3.6639678459541525
3.6766376037893016
3.689445732776452
3.5573898712279
3.714852065967755
3.7273609226820943
3.739800625717992
3.7521194444625996
3.764268237716211
3.776200292458352
3.787871142851572
3.799238377434036
3.8102614380196433
3.8209014125889293
3.8311208237010215
3.8408834134463903
3.8501539254612815
3.858897884116314
3.8670813705803497
3.8746707950736017
3.8816326642449335
3.887933342282072
3.89353880386146
3.898414376628155
3.9025244700336046
3.90583228484014
3.9082994767868207
3.909886421245816
3.7023284706327733
3.9099080757556472
3.9083672943301413
3.90597080072048
3.9027547429451754
3.8987536768501503
3.8940008473604197
3.8885284508639457
3.8823678816513225
3.8755499653123784
3.8681051816160914
3.860063879054207
3.851456482899369
3.8423136982514547
3.8326667093182776
3.8225473758464203
3.811988427329095
3.801023655366702
3.7896881041731705
3.778018258955611
3.766052231532004
3.7538299421547663
3.7413932961710947
3.7287863541150896
3.7160554971053754
3.703249463753448
3.9105551064994737
3.6774511930174625
3.6645799314130594
3.6518658373783044
3.6393715531395654
3.6271625626221975
3.615307125210154
3.6038761534949675
3.592943030099963
3.5825833579072612
3.5728746386181816
3.5638958757164767
3.555727099300998
3.548448812407564
3.5421413606984036
3.5368842303282553
3.5327552818372503
3.529829931320463
3.5281802933452293
3.5278743034256386
3.528974840434091
3.5315388715037206
3.5356166424329807
3.54125093289954
3.5484763541493165
3.565290820337983
3.5574668586388305
3.557466858638831
3.557466858638831
3.5574668586388305
3.55746685863883
3.5574668586388314
3.5574668586388305
3.557466858638831
3.55746685863883
3.5574668586388314
3.5574668586388305
3.5574668586388305
3.5574668586388305
3.55746685863883
3.5574668586388305
3.5574668586388314
3.5574668586388305
3.557466858638831
3.55746685863883
3.5574668586388305
3.557466858638831
3.557466858638831
3.557466858638831
3.5574668586388305
3.557466858638831
3.5574668586388305
3.5574668586388314
3.5574668586388305
3.5574668586388305
3.55746685863883
3.557466858638831
3.5574668586388314
3.5574668586388305
3.5574668586388305
3.55746685863883
3.557466858638831
3.55746685863883
3.5574668586388314
3.6904198265783843
3.6904198265783847
3.5442130947964765
3.533199745378666
3.524329071725203
3.517570500183721
3.512884301406309
3.510222259902685
3.509528405027953
3.5107397895450427
3.513787295621021
3.5185964489313677
3.5250882236869145
3.533179824368399
3.542785432773946
3.55381691202829
3.566184461692674
3.579797220385433
3.594563813962103
3.610392848193083
3.627193343499882
3.644875096980746
3.6633488268164496
3.682530304159549
3.5573898712279
3.7114167270275553
3.720751105106052
3.7302836211939443
3.7399684220295786
3.749761749522103
3.7596217605201563
3.76950831917422
3.7793827780711258
3.7892077535767417
3.7989468984116743
3.808564673405887
3.8180261197331453
3.8272966323441135
3.836341734840014
3.8451268555530773
3.853617104149802
3.861777047631861
3.869570484221795
3.8769602130565453
3.8839077971244236
3.890373315895121
3.8963151011087582
3.9016894240526594
3.906450917143081
3.7023284706327733
3.909866151009916
3.908286769622612
3.905855021892864
3.9026070610937103
3.898577445596804
3.893799421979988
3.888305187873715
3.8821261385545327
3.8752931004030056
3.8678365538113155
3.859786847740501
3.851174407785646
3.842029939225817
3.8323846263063177
3.822270328669488
3.811719775560865
3.8007667581856377
3.7894463202065105
3.7777949461057387
3.765850746763461
3.7536536411822596
3.7412455328495025
3.728670478634032
3.7159748457712354
3.7032075105151456
3.9105551064994737
3.6775700127757878
3.664808127819671
3.6521939373910133
3.639790071183903
3.627662004164079
3.615877988347973
3.604508930057402
3.59362820658035
3.5833114163339923
3.573636057397504
3.564681130463195
3.5565266636648047
3.5492531588998277
3.542940961523547
3.5376695582248083
3.5335168109364945
3.5305581380369047
3.528865657326996
3.528507308625421
3.52954597644586
3.5320386355634197
3.536035543405023
3.5415795031536055
3.5487052157711023
3.565290820337983
3.565290820337983
3.5652908203379834
3.565290820337983
3.5652908203379825
3.5652908203379825
3.565290820337983
3.5652908203379834
3.5652908203379834
3.565290820337983
3.5652908203379834
3.565290820337984
3.565290820337983
3.565290820337983
3.565290820337983
3.565290820337983
3.565290820337983
3.565290820337983
3.5652908203379834
3.565290820337983
3.565290820337983
3.565290820337983
3.565290820337983
3.565290820337983
3.565290820337983
3.565290820337983
3.565290820337983
3.5652908203379834
3.565290820337983
3.5652908203379834
3.565290820337983
3.5652908203379834
3.5652908203379834
3.565290820337983
3.565290820337983
3.565290820337983
3.565290820337983
3.5652908203379834
3.565290820337983
3.565290820337983
3.557466858638831
3.5597240643726455
3.5735248581615706
3.5864087073591384
3.5984237424100436
3.6096142661244692
3.6200211693178908
3.62968229338801
3.638632747898916
3.64690518982564
3.654530070040525
3.661535851617073
3.6679492039269315
3.6737951757054557
3.6790973499866366
3.6838779831659827
3.6881581302904345
3.6919577582621748
3.695295848458589
3.6981904900501847
3.7006589651099864
3.7027178265124023
3.7043829694047075
3.705669697027983
3.706592781482849
3.707166520021813
3.707404787338603
3.7073210842906854
3.706928583409148
3.7062401715247275
3.7052684897534016
3.7040259710306707
3.702524875072677
3.7007773193926266
3.69879529242562
3.6965910545763307
3.5449538888078607
3.6904734520340927
3.6866329093775994
3.6826666765973823
3.678587031691933
3.6744063003599208
3.670136884860569
3.665791285849212
3.661382121771011
3.6569221466788737
3.652424266703825
3.6479015551941942
3.6433672665333217
3.6388348485259625
3.6343179533152963
3.6298304467252422
3.6253864159272156
3.6210001753345007
3.6166862705800553
3.612459480477065
3.6083348168304537
3.6043275219559145
3.600453063766115
3.596727128329321
3.5931656096977673
3.5897845969366977
3.5866003581644685
3.5836293214334978
3.5808880521090147
3.578393225748046
3.576161591787494
3.5742098863587137
3.5725558886592124
3.6941759973491743
3.5691658835486253
3.5674104458336022
3.565965464974345
3.564847615488778
3.5640733384062324
3.5636587849249355
3.563619759740842
3.56397166331825
3.5647294333085346
3.565907485523438
3.5675196549414285
3.5695791372841277
3.5720984316846525
3.5750892850404683
3.5785626386227314
3.582528577503964
3.586996283363116
3.5919739912360398
3.5974689506757023
3.6034873918476222
3.6100344969025255
3.6171143770670264
3.624730055649852
3.6328834572478708
3.6415754031692433
3.6508056130090645
3.6605727117125997
3.6708742389578237
3.6817066342728477
3.529006664618312
3.6931092474507867
3.6931092474507867
3.6931092474507867
3.6931092474507867
3.693109247450787
3.693109247450787
3.6931092474507867
3.6931092474507867
3.693109247450787
3.6931092474507867
3.6931092474507867
3.6931092474507867
3.6931092474507867
3.6931092474507867
3.6931092474507867
3.693109247450787
3.693109247450787
3.693109247450787
3.6931092474507867
3.6931092474507867
3.6931092474507867
3.6931092474507867
3.6931092474507867
3.6931092474507867
3.6931092474507867
3.6931092474507867
3.6931092474507867
3.693109247450787
3.6931092474507867
3.6931092474507867
3.693109247450787
3.6931092474507867
3.6931092474507867
3.6931092474507867
3.6931092474507867
3.693109247450787
3.6931092474507867
3.6931092474507867
3.5712149359031455
3.571214935903146
3.5483371754932365
3.551152878960236
3.5534873169282766
3.5554229602486904
3.557038619046718
3.5584095642546583
3.5596075715965365
3.5607008969744345
3.5617541943962787
3.5628283882248684
3.5639805118280194
3.565263525166906
3.5667261238346235
3.5684125522104724
3.570362432773653
3.5726106230319346
3.5751871102172057
3.578116952379896
3.58142027256771
3.5851123105539004
3.5892035342581172
3.5936998104945865
3.5986026324500386
3.60390939908164
3.609613739888006
3.615705877063933
3.6221730161322903
3.6289997556542573
3.6361685066587963
3.6436599128997216
3.6514532641765514
3.6595268973407915
3.667858588750202
3.676426022503629
3.685204796658404
3.5449538888078607
3.6902599420636357
3.686218624789223
3.6820643531864037
3.677809517152886
3.6734665652899317
3.669048019187394
3.664566491439153
3.6600347036206258
3.655465503424346
3.650871880726853
3.6462669824519973
3.641664126182627
3.6370768123863386
3.6325187352061086
3.6280037917051526
3.623546089462572
3.6191599524217555
3.6148599248469377
3.6106607732874076
3.6065774864183493
3.6026252726165113
3.598819555133588
3.595175964778887
3.5917103299215385
3.5884386637713317
3.585377148814742
3.5825421184087554
3.579950035708959
3.577617470840788
3.575561081156966
3.5737976386981893
3.5723428546577463
3.6941759973491743
3.5686558290786827
3.5664238446893526
3.564535891101736
3.5630087385344287
3.561858922159609
3.5611026812531232
3.560755901348078
3.5608340560752465
3.5613521483790724
3.562324651374582
3.563765449276624
3.5656877789203434
3.5681041723868785
3.571026401323123
3.5744654235254334
3.578431332347759
3.5829333094919265
3.5879795817465756
3.593577382136654
3.5997329160048874
3.6064513323596525
3.61373670091503
3.6215919949884428
3.630019080465374
3.639018710654173
3.6485905263839387
3.6587330585467175
3.6694437192590774
3.6807186593939423
3.529006664618312
3.529006664618312
3.529006664618312
3.529006664618312
3.529006664618312
3.529006664618312
3.529006664618312
3.529006664618312
3.529006664618312
3.529006664618312
3.529006664618312
3.529006664618312
3.529006664618312
3.529006664618312
3.529006664618312
3.529006664618312
3.529006664618312
3.529006664618312
3.529006664618312
3.529006664618312
3.529006664618312
3.529006664618312
3.5290066646183123
3.529006664618312
3.529006664618312
3.529006664618312
3.5290066646183123
3.529006664618312
3.529006664618312
3.529006664618312
3.5290066646183123
3.529006664618312
3.5290066646183123
3.5290066646183123
3.529006664618312
3.5290066646183123
3.529006664618312
3.529006664618312
3.529006664618312
3.529006664618312
3.6931092474507867
39.041143476354634
0.0
0.0
0.0
0.0
0.0
0.0
0.0
0.0
0.0
0.0
0.0
0.0
0.0
0.0
0.0
0.0
0.0
0.0
0.0
0.0
0.0
0.0
0.0
0.0
0.0
0.0
0.0
0.0
0.0
0.0
0.0
0.0
0.0
0.0
0.0
0.0
0.0
39.041143476354634
0.0
0.0
0.0
0.0
0.0
0.0
0.0
0.0
0.0
0.0
0.0
0.0
0.0
0.0
0.0
0.0
0.0
0.0
0.0
0.0
0.0
0.0
0.0
0.0
0.0
0.0
0.0
0.0
0.0
0.0
0.0
0.0
0.0
0.0
0.0
0.0
0.0
0.0
0.0
0.0
0.0
0.0
0.0
0.0
0.0
0.0
0.0
0.0
0.0
0.0
0.0
0.0
0.0
0.0
0.0
0.0
0.0
0.0
0.0
0.0
0.0
0.0
0.0
0.0
0.0
0.0
0.0
0.0
0.0
0.0
0.0
0.0
0.0
0.0
0.0
0.0
0.0
0.0
0.0
0.0
57.71520852435477
62.34642617659927
62.34642617659921
67.209204711456
72.31512217305533
77.67633550773483
83.30560950914835
0.0
0.0
0.0
0.0
0.0
0.0
0.0
0.0
0.0
0.0
0.0
0.0
0.0
39.0411434763547
39.89264755829527
44.58856608177778
45.36284454399793
46.0615011517855
46.6871947791412
47.242574185076705
47.730278407637975
48.1529371795298
48.513171353142326
48.81359332816888
53.58327459508865
49.24541060605671
53.93846421789137
49.469135566352506
54.07764628703247
54.07326660510586
49.4596718145206
53.93057666120432
53.79785473879952
49.097693022497715
53.42359360124254
48.69457353562452
48.45210897169245
52.631857526768606
43.68897403199632
47.59156948425465
47.26879647062163
65.5970133157099
60.135133234637756
46.228190058357825
64.10621909850555
54.1059618454314
45.132403378543835
62.57021853751765
52.80443856727077
48.114483981784176
47.73661208246323
39.0411434763547
46.319844821432525
49.36588367352921
56.87496361272925
51.56425244154738
54.89450148942001
54.06894866612885
53.35747126922029
66.11041658025367
60.89060801382615
56.1061855767118
51.71425468156751
64.67559387800245
60.14346277328586
51.799977111590415
56.250873966402516
52.46219450327073
52.96641169001096
53.58223089080493
54.30669848945965
55.13674758126174
51.784283873966054
52.736905277186864
53.777712073560174
50.576676897232474
55.98520663308092
52.00113823494447
52.32467737699165
52.65619456291988
48.675510831086676
48.98723520345712
49.29886347468275
49.607932073909964
49.91197887246936
50.208540673536106
50.495150696966455
50.769336062886396
51.028615277963816
51.27049572595288
51.49247116675697
51.692019244144944
51.866599006665446
52.01364844168081
52.130582025883086
52.21478828714574
52.263627371554385
52.27442857353984
52.24448761340316
56.79859012087295
56.66833379311154
51.68829141472181
56.11190778827199
55.687581979589666
55.208798782987756
54.672639130804384
54.076097902246424
57.98562113016954
57.196759672957405
56.3319378878918
55.38745724770422
54.35950451162721
54.35950451162721
0.0
0.0
0.0
0.0
0.0
0.0
0.0
0.0
0.0
0.0
0.0
0.0
0.0
0.0
0.0
0.0
0.0
0.0
0.0
0.0
38.10061053043887
38.10061053043893
38.10061053043893
34.604705789666205
41.77131050825025
41.771310508250274
41.77131050825022
41.77131050825019
41.77131050825021
45.62554548495211
49.67249221048913
53.92178627230295
58.383545037207504
67.98748077866458
78.57581993362098
0.0
0.0
0.0
0.0
1.2852742577133878
0.0
0.0
0.0
0.0
0.0
0.0
0.0
0.0
0.0
0.0
0.0
0.0
0.0
0.0
0.0
0.0
0.0
0.0
0.0
0.0
0.0
0.0
0.0
0.0
0.0
0.0
0.0
0.0
0.0
0.0
0.0
0.0
0.0
0.0
0.0
0.0
0.0
1.0
0.0
0.0
0.0
0.0
0.0
0.0
0.0
0.0
0.0
0.0
0.0
0.0
0.0
0.0
0.0
0.0
0.0
0.0
0.0
0.0
0.0
0.0
0.0
0.0
0.0
0.0
0.0
0.0
0.0
0.0
0.0
0.0
0.0
0.0
0.0
0.0
0.0
0.0
0.0
0.0
0.0
0.0
0.0
0.0
0.0
0.0
0.0
0.0
0.0
0.0
0.0
0.0
0.0
0.0
0.0
0.0
0.0
0.0
0.0
0.0
0.0
0.0
0.0
0.0
0.0
0.0
0.0
0.0
0.0
0.0
0.0
0.0
0.0
0.0
0.0
0.0
0.0
0.0
0.0
0.0
1.4791574542896115
1.4931047106118993
1.5362950721316415
1.5506918593048888
1.5722870400647597
1.5938822208246308
1.615477401584502
0.0
0.0
0.0
0.0
0.0
0.0
0.0
0.0
0.0
0.0
0.0
0.0
0.0
1.180720434585881
1.5281491014992086
1.203310488909116
1.2371955703939688
1.2654331382980126
1.3131461356620853
1.3803345624861862
1.434085303945467
0.9294060802398902
1.9913928775898238
0.9294060802398902
1.5567768999176521
1.5680719270792696
1.1383640827298152
1.585014467821696
1.1383640827298152
1.6019570085641224
1.6132520357257398
1.6245470628873573
1.6301945764681662
1.641489603629784
1.6527846307914014
1.65843214437221
1.6697271715338275
1.6753746851146365
1.686669712276254
1.6979647394378716
1.7036122530186804
0.9294060802398902
1.8222100382156647
1.8222100382156647
1.825033795006069
1.825033795006069
1.825033795006069
1.8278575517964735
1.8278575517964735
1.8278575517964735
1.8278575517964735
1.180720434585881
1.8321611130015616
1.83646467420665
1.8407682354117378
1.8407682354117378
1.8450717966168262
1.8450717966168262
1.7018581246239861
1.7018581246239861
1.6982589278306741
1.6946597310373623
1.6910605342440506
1.6874613374507388
0.9280160641337631
1.0
1.0143967871732473
1.0359919679331184
1.0575871486929895
1.0719839358662369
1.093579116626108
1.1079759037993553
1.1295710845592262
1.1439678717324737
1.338324498571313
1.1727614460789684
1.8321611130015616
1.1943566268388395
1.201555020425463
1.2087534140120868
1.2231502011853341
1.2303485947719577
1.2375469883585815
1.2447453819452052
1.2591421691184526
1.2735389562916999
1.2735389562916999
1.2807373498783234
1.2879357434649472
1.295134137051571
1.3023325306381945
1.3167293178114419
1.3239277113980656
1.3311261049846892
1.3455228921579367
1.3527212857445603
1.365769480364929
1.3909668079037474
1.4035654716731565
1.4098648035578611
1.4098648035578611
1.1871582332522157
1.4350621310966796
1.4476607948660887
1.4539601267507933
1.4539601267507933
1.4602594586354978
1.472858122404907
1.472858122404907
1.472858122404907
1.472858122404907
1.472858122404907
1.472858122404907
0.0
0.0
0.0
0.0
0.0
0.0
0.0
0.0
0.0
0.0
0.0
0.0
0.0
0.0
0.0
0.0
0.0
0.0
0.0
0.0
1.1242452987777931
1.0903602172929405
1.0564751358080877
1.0225900543232351
0.9294060802398902
0.9294060802398902
1.7149072801802978
1.7205547937611065
1.7233785505515111
1.7262023073419155
1.7318498209227242
1.7346735777131286
1.7403210912939375
1.743144848084342
1.7459686048747463
0.0
0.0
0.0
0.0
