39.041143476354634
0.0
0.0
0.0
0.0
0.0
0.0
0.0
0.0
0.0
0.0
0.0
0.0
0.0
0.0
0.0
0.0
0.0
0.0
0.0
0.0
0.0
0.0
0.0
0.0
0.0
0.0
0.0
0.0
0.0
0.0
0.0
0.0
0.0
0.0
0.0
0.0
0.0
39.041143476354634
0.0
0.0
0.0
0.0
0.0
0.0
0.0
0.0
0.0
0.0
0.0
0.0
0.0
0.0
0.0
0.0
0.0
0.0
0.0
0.0
0.0
0.0
0.0
0.0
0.0
0.0
0.0
0.0
0.0
0.0
0.0
0.0
0.0
0.0
0.0
0.0
0.0
0.0
0.0
0.0
0.0
0.0
0.0
0.0
0.0
0.0
0.0
0.0
0.0
0.0
0.0
0.0
0.0
0.0
0.0
0.0
0.0
0.0
0.0
0.0
0.0
0.0
0.0
0.0
0.0
0.0
0.0
0.0
0.0
0.0
0.0
0.0
0.0
0.0
0.0
0.0
0.0
0.0
0.0
0.0
57.71520852435477
62.34642617659927
62.34642617659921
67.209204711456
72.31512217305533
77.67633550773483
83.30560950914835
0.0
0.0
0.0
0.0
0.0
0.0
0.0
0.0
0.0
0.0
0.0
0.0
0.0
39.0411434763547
39.89264755829527
44.58856608177778
45.36284454399793
46.0615011517855
46.6871947791412
47.242574185076705
47.730278407637975
48.1529371795298
48.513171353142326
48.81359332816888
53.58327459508865
49.24541060605671
53.93846421789137
49.469135566352506
54.07764628703247
54.07326660510586
49.4596718145206
53.93057666120432
53.79785473879952
49.097693022497715
53.42359360124254
48.69457353562452
48.45210897169245
52.631857526768606
43.68897403199632
47.59156948425465
47.26879647062163
65.5970133157099
60.135133234637756
46.228190058357825
64.10621909850555
54.1059618454314
45.132403378543835
62.57021853751765
52.80443856727077
48.114483981784176
47.73661208246323
39.0411434763547
46.319844821432525
49.36588367352921
56.87496361272925
51.56425244154738
54.89450148942001
54.06894866612885
53.35747126922029
66.11041658025367
60.89060801382615
56.1061855767118
51.71425468156751
64.67559387800245
60.14346277328586
51.799977111590415
56.250873966402516
52.46219450327073
52.96641169001096
53.58223089080493
54.30669848945965
55.13674758126174
51.784283873966054
52.736905277186864
53.777712073560174
50.576676897232474
55.98520663308092
52.00113823494447
52.32467737699165
52.65619456291988
48.675510831086676
48.98723520345712
49.29886347468275
49.607932073909964
49.91197887246936
50.208540673536106
50.495150696966455
50.769336062886396
51.028615277963816
51.27049572595288
51.49247116675697
51.692019244144944
51.866599006665446
52.01364844168081
52.130582025883086
52.21478828714574
52.263627371554385
52.27442857353984
52.24448761340316
56.79859012087295
56.66833379311154
51.68829141472181
56.11190778827199
55.687581979589666
55.208798782987756
54.672639130804384
54.076097902246424
57.98562113016954
57.196759672957405
56.3319378878918
55.38745724770422
54.35950451162721
54.35950451162721
0.0
0.0
0.0
0.0
0.0
0.0
0.0
0.0
0.0
0.0
0.0
0.0
0.0
0.0
0.0
0.0
0.0
0.0
0.0
0.0
38.10061053043887
38.10061053043893
38.10061053043893
34.604705789666205
41.77131050825025
41.771310508250274
41.77131050825022
41.77131050825019
41.77131050825021
45.62554548495211
49.67249221048913
53.92178627230295
58.383545037207504
67.98748077866458
78.57581993362098
0.0
0.0
0.0
0.0
