1.2852742577133878
0.0
0.0
0.0
0.0
0.0
0.0
0.0
0.0
0.0
0.0
0.0
0.0
0.0
0.0
0.0
0.0
0.0
0.0
0.0
0.0
0.0
0.0
0.0
0.0
0.0
0.0
0.0
0.0
0.0
0.0
0.0
0.0
0.0
0.0
0.0
0.0
0.0
1.0
0.0
0.0
0.0
0.0
0.0
0.0
0.0
0.0
0.0
0.0
0.0
0.0
0.0
0.0
0.0
0.0
0.0
0.0
0.0
0.0
0.0
0.0
0.0
0.0
0.0
0.0
0.0
0.0
0.0
0.0
0.0
0.0
0.0
0.0
0.0
0.0
0.0
0.0
0.0
0.0
0.0
0.0
0.0
0.0
0.0
0.0
0.0
0.0
0.0
0.0
0.0
0.0
0.0
0.0
0.0
0.0
0.0
0.0
0.0
0.0
0.0
0.0
0.0
0.0
0.0
0.0
0.0
0.0
0.0
0.0
0.0
0.0
0.0
0.0
0.0
0.0
0.0
0.0
0.0
0.0
1.4791574542896115
1.4931047106118993
1.5362950721316415
1.5506918593048888
1.5722870400647597
1.5938822208246308
1.615477401584502
0.0
0.0
0.0
0.0
0.0
0.0
0.0
0.0
0.0
0.0
0.0
0.0
0.0
1.180720434585881
1.5281491014992086
1.203310488909116
1.2371955703939688
1.2654331382980126
1.3131461356620853
1.3803345624861862
1.434085303945467
0.9294060802398902
1.9913928775898238
0.9294060802398902
1.5567768999176521
1.5680719270792696
1.1383640827298152
1.585014467821696
1.1383640827298152
1.6019570085641224
1.6132520357257398
1.6245470628873573
1.6301945764681662
1.641489603629784
1.6527846307914014
1.65843214437221
1.6697271715338275
1.6753746851146365
1.686669712276254
1.6979647394378716
1.7036122530186804
0.9294060802398902
1.8222100382156647
1.8222100382156647
1.825033795006069
1.825033795006069
1.825033795006069
1.8278575517964735
1.8278575517964735
1.8278575517964735
1.8278575517964735
1.180720434585881
1.8321611130015616
1.83646467420665
1.8407682354117378
1.8407682354117378
1.8450717966168262
1.8450717966168262
1.7018581246239861
1.7018581246239861
1.6982589278306741
1.6946597310373623
1.6910605342440506
1.6874613374507388
0.9280160641337631
1.0
1.0143967871732473
1.0359919679331184
1.0575871486929895
1.0719839358662369
1.093579116626108
1.1079759037993553
1.1295710845592262
1.1439678717324737
1.338324498571313
1.1727614460789684
1.8321611130015616
1.1943566268388395
1.201555020425463
1.2087534140120868
1.2231502011853341
1.2303485947719577
1.2375469883585815
1.2447453819452052
1.2591421691184526
1.2735389562916999
1.2735389562916999
1.2807373498783234
1.2879357434649472
1.295134137051571
1.3023325306381945
1.3167293178114419
1.3239277113980656
1.3311261049846892
1.3455228921579367
1.3527212857445603
1.365769480364929
1.3909668079037474
1.4035654716731565
1.4098648035578611
1.4098648035578611
1.1871582332522157
1.4350621310966796
1.4476607948660887
1.4539601267507933
1.4539601267507933
1.4602594586354978
1.472858122404907
1.472858122404907
1.472858122404907
1.472858122404907
1.472858122404907
1.472858122404907
0.0
0.0
0.0
0.0
0.0
0.0
0.0
0.0
0.0
0.0
0.0
0.0
0.0
0.0
0.0
0.0
0.0
0.0
0.0
0.0
1.1242452987777931
1.0903602172929405
1.0564751358080877
1.0225900543232351
0.9294060802398902
0.9294060802398902
1.7149072801802978
1.7205547937611065
1.7233785505515111
1.7262023073419155
1.7318498209227242
1.7346735777131286
1.7403210912939375
1.743144848084342
1.7459686048747463
0.0
0.0
0.0
0.0
