-18.3724317665 37.933984232
-17.8048048913 139.077325098
-17.2225185099 140.203865347
-16.6257596765 141.313769792
-16.0147154456 142.40720325
-15.3895728713 143.484330536
-14.7505190079 144.545316464
-14.0977409099 145.59032585
-13.4314256314 146.61952351
-12.7517602267 147.633074258
-12.0589317502 148.631142911
-11.3531272561 149.613894282
-10.6345337988 150.581493188
-9.90333843253 151.534104444
-9.15972821159 152.471892864
-8.4038901903 153.395023265
-7.63601142294 154.303660462
-6.8562789638 155.197969269
-6.0648798672 156.078114502
-5.26200118743 156.944260977
-4.44782997877 157.796573508
-3.62255329554 158.635216911
-2.78635819202 159.460356001
-1.93943172251 160.272155594
-1.08196094132 161.070780504
-0.214132902733 161.856395548
0.663865338949 162.629165539
1.55184672943 163.389255294
2.44962421441 164.136829628
3.35701073959 164.872053356
4.27381925068 165.595091293
5.19986269338 166.306108254
6.1349540134 167.005269056
7.07890615643 167.692738512
8.03153206817 168.368681439
8.99264469434 169.033262652
9.96205698064 169.686646965
10.9395818728 170.328999194
11.9250323164 170.960484155
12.9182212573 171.581266663
13.9189616411 172.191511533
14.9270664136 172.79138358
15.9423485204 173.381047619
16.9646209072 173.960668466
17.9936965198 174.530410937
19.0293883039 175.090439845
20.0715092051 175.640920007
21.1198721691 176.182016238
22.1742901417 176.713893353
23.2345760686 177.236716168
24.3005428955 177.750649497
25.372003568 178.255858156
26.4487710318 178.752506961
27.5306582328 179.240760725
28.6174781165 179.720784266
29.7090436287 180.192742397
30.8051677151 180.656799935
31.9056633214 181.113121694
33.0103433933 181.56187249
34.1190208765 182.003217139
35.2315087166 182.437320454
36.3476198595 182.864347252
37.4671672507 183.284462348
38.5899638361 183.697830557
39.7158225613 184.104616695
40.8445563719 184.504985576
41.9759782138 184.899102017
43.1099010326 185.287130831
44.2461377741 185.669236835
45.3845013838 186.045584844
46.5248048076 186.416339672
47.6668609911 186.781666136
48.81048288 187.141729051
49.95548342 187.496693231
51.1016755569 187.846723493
52.2488722364 188.191984651
53.396886404 188.53264152
54.5455310056 188.868858917
55.6946189869 189.200801656
56.8439632935 189.528634552
57.9933768712 189.85252242
59.1426726656 190.172630077
60.2916636225 190.489122337
61.4401626875 190.802164016
62.5879828065 191.111919928
63.7349369249 191.41855489
64.8808379887 191.722233715
66.0254989434 192.023121221
67.1687327348 192.321382221
68.3103523086 192.617181531
69.4501706104 192.910683967
70.5880005861 193.202054343
71.7236551812 193.491457475
72.8569473416 193.779058179
73.9876900128 194.065021269
75.1156961406 194.349511561
76.2407786707 194.63269387
77.3627505488 194.914733011
78.4814247207 195.195793799
79.5966141319 195.476041051
80.708131728 195.75563958
