57.7771192488 8.7581537581
60.1557406889 18.9735795133
62.5381912834 19.238520726
64.9243619344 19.5506963588
67.314143544 19.9078253743
69.7074270142 20.3076267349
72.1041032471 20.7478194033
74.5040631448 21.2261223421
76.9071976093 21.7402545138
79.3133975428 22.287934881
81.7225538472 22.8668824062
84.1345574247 23.474816052
86.5492991774 24.1094547809
88.9666700072 24.7685175556
91.3865608164 25.4497233387
93.8088625068 26.1507910925
96.2334659807 26.8694397798
98.6602621401 27.6033883632
101.089141887 28.350355805
103.519996124 29.108061068
105.952715752 29.8742231147
108.387191674 30.6465609077
110.823314792 31.4227934095
113.260976008 32.2006395827
115.700066224 32.9778183898
118.140476342 33.7520487935
120.582097264 34.5210497562
123.024819892 35.2825402406
125.468535129 36.0342392093
127.913133875 36.7738656247
130.358507035 37.4991384494
132.804545509 38.2077766461
135.251140199 38.8974991773
137.698182008 39.5660250055
140.145561838 40.2110730933
142.59317059 40.8303624033
145.040899168 41.421611898
147.488638472 41.98254054
149.936279405 42.510867292
152.38371287 43.0043111163
154.830829767 43.4605909757
157.277521 43.8774258326
159.72367747 44.2525346497
162.169190079 44.5836363895
164.61394973 44.8684500145
167.057847324 45.1046944874
169.500773764 45.2900887707
171.942619952 45.4223518269
174.383276789 45.4992026187
176.822635178 45.5183601086
179.260586062 45.4775473383
181.697032141 45.3756572268
184.131904042 45.2143614813
186.565136448 44.995735403
188.996664044 44.7218542929
191.426421511 44.3947934523
193.854343533 44.0166281824
196.280364793 43.5894337843
198.704419975 43.1152855593
201.126443761 42.5962588084
203.546370835 42.0344288329
205.964135881 41.4318709339
208.37967358 40.7906604127
210.792918616 40.1128725704
213.203805674 39.4005827081
215.612269434 38.6558661271
218.018244582 37.8807981286
220.4216658 37.0774540136
222.822467772 36.2479090834
225.220585179 35.3942386392
227.615952707 34.5185179822
230.008505037 33.6228224134
232.398176854 32.7092272342
234.78490284 31.7798077456
237.168617678 30.8366392488
239.549256052 29.8817970451
241.926752645 28.9173564356
244.30104214 27.9453927215
246.67205922 26.967981204
249.039738568 25.9871971841
251.404014868 25.0051159632
253.764822803 24.0238128424
256.122097056 23.0453631228
258.475772311 22.0718421057
260.825783249 21.1053250922
263.172064556 20.1478873836
265.514550913 19.2016042808
267.853177004 18.2685510853
270.187877512 17.350803098
272.51858712 16.4504356203
274.845240512 15.5695239533
277.167772371 14.7101433981
279.48611738 13.874369256
281.800210222 13.064276828
284.10998558 12.2819414155
286.415378138 11.5294383196
288.716322578 10.8088428413
291.012753585 10.1222302821
293.30460584 9.47167594288
295.591814028 8.85925512498
297.87431283 8.28704312953
