201.006630136 16.816402996
203.130221744 217.009074337
205.25032984 217.170519067
207.366967428 217.30126911
209.480147512 217.401856392
211.589883094 217.472812835
213.696187178 217.514670364
215.799072768 217.527960904
217.898552867 217.513216379
219.994640479 217.470968713
222.087348606 217.401749831
224.176690253 217.306091656
226.262678422 217.184526114
228.345326118 217.037585127
230.424646343 216.865800622
232.500652101 216.669704521
234.573356395 216.449828749
236.642772229 216.206705231
238.708912607 215.94086589
240.771790531 215.652842652
242.831419005 215.34316744
244.887811033 215.012372179
246.940979618 214.660988792
248.990937763 214.289549205
251.037698472 213.898585342
253.081274748 213.488629126
255.121679595 213.060212482
257.158926016 212.613867335
259.193027014 212.150125608
261.223995594 211.669519226
263.251844757 211.172580114
265.276587509 210.659840195
267.298236852 210.131831394
269.316805789 209.589085635
271.332307324 209.032134842
273.344754461 208.46151094
275.354160203 207.877745853
277.360537553 207.281371506
279.363899515 206.672919822
281.364259092 206.052922726
283.361629288 205.421912142
285.356023106 204.780419994
287.347453549 204.128978208
289.335933621 203.468118706
291.321476325 202.798373413
293.304094665 202.120274255
295.283801644 201.434353154
297.260610266 200.741142035
299.234533534 200.041172823
301.205590219 199.334955554
303.173851326 198.622802044
305.139415642 197.904918676
307.102382212 197.181510857
309.062850082 196.452783992
311.020918297 195.718943489
312.976685901 194.980194753
314.930251939 194.236743191
316.881715456 193.488794209
318.831175498 192.736553214
320.778731109 191.980225612
322.724481334 191.22001681
324.668525219 190.456132213
326.610961807 189.688777228
328.551890145 188.918157262
330.491409277 188.144477721
332.429618248 187.367944011
334.366616104 186.588761538
336.302501888 185.80713571
338.237374646 185.023271932
340.171333424 184.23737561
342.104477266 183.449652152
344.036905216 182.660306963
345.968716321 181.86954545
347.900009624 181.077573019
349.830884172 180.284595077
351.761439008 179.49081703
353.691773178 178.696444284
355.621985727 177.901682245
357.5521757 177.106736321
359.482442142 176.311811917
361.412884098 175.51711444
363.343600612 174.722849296
365.274690731 173.929221891
367.206253498 173.136437633
369.138387958 172.344701926
371.071193158 171.554220179
373.004768141 170.765197796
374.939211953 169.977840184
376.874623638 169.192352751
378.811102242 168.408940901
380.74874681 167.627810042
382.687656386 166.84916558
384.627930015 166.073212921
386.569666744 165.300157471
388.512965616 164.530204638
390.457925676 163.763559827
392.404645969 163.000428444
394.353225542 162.241015897
396.303763437 161.485527591
398.256358701 160.734168932
400.21111037 159.987145328
