1.8721290089937312 -36.13665586399025
1.9710580859979032 -36.93178805815359
2.0691179368140666 -37.658172066216515
2.165823009521006 -38.31801376486916
2.2609289644886843 -38.91350612509769
2.354243018394783 -39.44683903777493
2.4455968508584647 -39.92020071688116
2.5348398313508653 -40.335778051095566
2.6218367615314833 -40.69575672005596
2.7064669722371804 -41.00232124163991
2.788623912925999 -41.2576549927327
2.8682149463701307 -41.46394022056359
2.9451612379226475 -41.62335804784212
3.0193976921229932 -41.73808847604314
3.090872914557764 -41.81031038808512
3.159549187748823 -41.8422015484816
3.225402455515237 -41.835938605356915
3.2884223122141094 -41.79369708980978
3.348611995330259 -41.717651417507696
3.405988379916977 -41.609974887888086
3.4605819744841 -41.47283968509092
3.5124369176620576 -41.308416878158454
3.561610975298038 -41.11887642062383
3.6081755378613707 -40.906387151400935
3.6522156176710325 -40.673116794509056
3.6938298457939425 -40.42123195985565
3.7331304679292856 -40.152898142938376
3.7702433386916994 -39.870279726143735
3.8053079125749036 -39.575539979319174
3.8384772287907936 -39.27084106154051
3.869917883654807 -38.95834402428036
3.89980997582839 -38.64020881712001
3.9283469865297036 -38.31859430175983
3.9557354804288707 -37.99565828512536
3.9821942090856624 -37.673557620044576
4.007950525337861 -37.35444860672203
4.033215285620486 -37.04048980646778
4.058522712747873 -36.73380394800767
1.8721290089937312 -36.13665586399025
3.945743839497567 -36.16362083075561
3.8106116803026 -35.90424386464412
3.6786795447603424 -35.66059714831113
3.550031237946058 -35.43484711821629
3.4247197497157913 -35.2291627197359
3.3027710855680823 -35.04571497828408
3.1841852257107632 -34.88667689154362
3.0689364466133497 -34.75422339400579
2.956973452001648 -34.650531342137555
2.8482194358074935 -34.57777950809177
2.7425719643578645 -34.53814663628806
2.63982503244236 -34.532791156400684
2.5395610022640085 -34.56017440866506
2.441349650049119 -34.618316385685425
2.3447844108925153 -34.70523531012898
2.2494824367878437 -34.81894763248912
2.1550847022942037 -34.95746802678094
2.0612562143611513 -35.11880938270299
1.9676864726640702 -35.300982787891634
1.8740906194112767 -35.5019974843702
1.7802128876809604 -35.719860737107055
1.6858403937070534 -35.95257731006026
1.5908996809025382 -36.198145794568305
1.4941586369710365 -36.454607968335
4.08393459419932 -36.436567124048445
1.524594848377518 -36.97467276184957
1.6550618773952408 -37.23400792891836
1.7874357197449626 -37.49593700189045
1.921609460839079 -37.758454565125156
2.057471386050537 -38.019556421941274
2.1948900453173508 -38.27724016114456
2.333710525835528 -38.52950529901515
2.473753217820672 -38.7743533247608
2.614813331705477 -39.00978771784739
2.756660693525987 -39.23381395412274
2.8990396635730633 -39.444439506137044
3.041669123344832 -39.639673839969525
3.184242514876672 -39.81752840743783
3.3264279388267255 -39.976016633253735
3.467868339976974 -40.113153891416815
3.6081818468488507 -40.22695746446752
3.746962413065404 -40.315446466401035
3.8837811085308545 -40.37664168970098
4.018188966806861 -40.40856526590489
4.149724110282591 -40.40923981882783
4.277933132604005 -40.37668592357757
4.402456636903366 -40.30891193978274
4.523628019449518 -40.20384284769305
4.634426159384816 -40.06027665681075
1.3962413318160998 -36.71993415841547
4.952991976762121 -39.620058119942875
5.159621740833984 -39.319650919860564
5.35693552715037 -38.97270327733176
5.543587594293399 -38.577386723061615
5.718321409577243 -38.131863799483405
5.879875849478026 -37.63429900246276
6.026967904071057 -37.08286032363115
6.158305155868959 -36.475716223711885
6.272664672738301 -35.81102008475297
6.369466353028258 -35.0867988666574
8.783832439609341 -33.78598317096053
10.954484218403366 -33.145854139911876
13.14023563290965 -32.34165392596941
15.318570017533546 -31.368611441590524
17.465573080767342 -30.225851983292984
19.55681156368655 -28.91676836401361
21.568318003364823 -27.44915353269187
23.4776035476404 -25.835063437417446
25.264611757544515 -24.090408130542407
26.912529702529127 -22.234300442470612
28.408388335259588 -20.28821932424455
29.74340935935936 -18.275064181477845
30.913085817149806 -16.21818412822755
31.91701295880364 -14.140461624116922
32.75850982549406 -12.063515456473361
33.44408732277168 -10.007067217840769
33.982824443271056 -7.988492599569859
34.38571169760439 -6.022557779282279
34.66501197293911 -4.121324553047025
34.83367669149408 -2.2941968764740093
23.68331343799781 25.646618407757284
25.295279675620918 24.058204365406862
26.843160432688364 22.317999667096416
28.304851222810214 20.432419543708964
29.658853312732106 18.41197412906618
30.88522354637189 16.271181200091046
31.96650520876085 14.028218557387387
32.88855636825775 11.704325318765378
33.641197985585165 9.322991432486756
34.21862182755092 6.909000751094027
34.61952515228347 4.487410097814966
34.846970444073975 2.0825518061730506
34.907998528143764 -0.28286023876181154
34.81304715437631 -2.588458804526585
34.57524134612237 -4.8167475554517765
34.2096255216141 -6.953408719936616
33.73240181294062 -8.987404468804197
33.16022678797026 -10.910899620376878
32.5096031429735 -12.719043778599367
31.796386863810312 -14.409654873121388
-4.650691797734268 35.885008427771965
-4.903941211198976 36.647680806927085
-5.153924872916484 37.341089926174476
-5.400393201419092 37.96752008089216
-5.64290869585588 38.52927707531593
-5.881031792476591 39.02866413567637
-6.114347415221275 39.467978468852294
-6.342471613359535 39.849510402846136
-6.565053773873856 40.17554309936152
-6.78177750657737 40.448352439600995
-6.992361046419717 40.670206971628836
-7.196557454922626 40.843367884971656
-7.394154728634035 40.97008899596058
-7.5849758613169485 41.05261673967098
-7.768878881563069 41.09319016574699
-7.945756876203362 41.09404093425604
-8.115538005988668 41.05739331485046
-8.278185515863655 40.985464184215
-8.433697742581913 40.88046302626046
-8.58210811988117 40.744591930316304
-8.723485182715592 40.5800455912374
-8.857932570528675 40.38901130891355
-8.98558902990223 40.173668987231444
-9.10662841725511 39.936191134290844
-9.221259701324641 39.67874286138353
-9.329726966212519 39.40348188279998
-9.432309414955483 39.11255851420354
-9.529321374942285 38.80811567188813
-9.621112305953176 38.49228887010188
-9.708066813826491 38.16720621721638
-9.790604675272121 37.83498840860109
-9.869180886814362 37.4977487118631
-9.944285772299722 37.15759293587691
-10.016445250638213 36.81661935159809
-10.08622163875765 36.476918455943576
-10.154216862348363 36.140572026263776
-10.221094930769425 35.80964650519924
-10.287277980675498 35.48628247502299
-4.650691797734268 35.885008427771965
-9.026061278426113 34.69592993616769
-7.720847299427788 34.235603795117655
-6.436951847747906 33.793327907869106
-5.173043083684263 33.370865709682064
-3.9274965109481172 32.969930257100415
-2.6983915466238386 32.59218523723083
-1.483510662653572 32.239245218912124
-0.28033909844413074 31.912675736015927
0.913935255905642 31.61399331898157
2.1024219151951797 31.34466550788806
3.28852764593006 31.106109109068413
4.475823905786797 30.898777338835643
5.667596138372488 30.720699299579508
6.86682763024541 30.569550935243342
8.076226260489335 30.443053496164573
9.298224532095446 30.338973518549416
10.534979628301528 30.255122785627265
11.788373523975395 30.18935825024515
13.060013229294071 30.139581863881638
14.351231398052875 30.103740149727635
15.66308815118117 30.07982292116683
16.996378370163285 30.065858157233706
18.35168274723611 30.059876127621116
19.72867732978446 30.06039459668429
-10.353656973711281 35.17248545135395
21.54600854356704 30.04109909317124
21.970979490896582 30.01722252867345
22.401482559650788 29.992016556089418
22.836348005616998 29.963848683650014
23.27435931492613 29.931130825727024
23.714245304636307 29.89232485216413
24.154678150268154 29.845943974572677
24.59427272980801 29.79055320540469
25.031586364158017 29.724769538981537
25.465118702612784 29.647262029835627
25.89331167025037 29.556751826164515
26.3145494468192 29.45201218000725
26.727158465083107 29.33186844045933
27.129407427273634 29.195198030540464
27.519507343250865 29.04093039942077
27.89561160588903 28.868046934081303
28.255816136085713 28.67558079042799
28.598159678312015 28.462616553323276
28.920624452869504 28.22828948381712
29.221137791730257 27.971783635722833
29.49757705005038 27.692326201538606
29.747789256174485 27.389164889430557
29.96972867564199 27.061409555073542
30.159620640810374 26.710146068645436
21.127747994777422 30.065284284773
29.73776779967403 26.589154453651417
29.13081844226565 26.80926825203146
28.495064437050416 26.991436661405366
27.83049811087477 27.132891359266456
27.137226996040113 27.230746996438697
26.415452955428123 27.28202566899191
25.665469908022374 27.28366064346799
24.88767180599592 27.232490492330633
24.082591228221304 27.12522795106308
23.251174436117708 26.958236287009477
23.251174436117708 26.958236287009477
-0.6814699262606254 -35.30681298596981
-3.3365137548802863 -35.15541381423548
-6.112910343864854 -34.780278486730296
-8.976706167425114 -34.153392084394135
-11.88577072554422 -33.25302841466384
-14.791358927218567 -32.06635535218862
-17.640642875960843 -30.59155379201024
-20.38000874218789 -28.83904797587794
-22.958728981239332 -26.831552471906008
-25.332503978738053 -24.602838995812345
-27.466364889685384 -22.195365377332767
-29.336548352541236 -19.657120217510347
-30.93115860092516 -17.038159292924163
-32.24966035689562 -14.387315640922019
-33.30143322445151 -11.749467634069278
-34.10372470189207 -9.163591323504187
-34.67935664580266 -6.661656484679087
-35.05448814503081 -4.268290685571753
-35.256648086644056 -2.001052268478329
-35.31315385066566 0.12887825984775958
-7.013649271829905 34.60988541411838
-9.598291058777342 33.98394110808279
-12.262114289863398 33.11609876825729
-14.966684716391534 31.984899454067016
-17.666654007608237 30.57653971040713
-20.311764790565313 28.887153815829553
-22.849721933627002 26.924443393365987
-25.22965681591611 24.708295397249525
-27.40574823336813 22.270168572686732
-29.340484861812925 19.651244046125182
-31.007094879633737 16.89957134403225
-32.39082328452232 14.066627578687456
-33.48896095753495 11.203791254363143
-34.309754737385404 8.359196991763277
-34.87049451479967 5.575307774461496
-35.19514963385521 2.8873667479531946
-35.31191433731704 0.3227232880152364
-35.250946688004646 -2.099095540011991
-35.04248219206014 -4.365762969492543
