20.43167228252153 -28.60620610997509
20.632897317479493 -29.062623230334466
20.816476068557 -29.498920184050434
20.982913332461123 -29.915417188100463
21.132707134110397 -30.312438934975503
21.26634984470471 -30.690313788481845
21.384328461075242 -31.049373583304515
21.487124698434567 -31.38995355852046
21.57521502677746 -31.712392330853817
21.64907068736853 -32.01703188333522
21.709157699921544 -32.304217559036005
21.755936866802703 -32.57429805925804
21.78986377382147 -32.82762544132274
21.81138879103349 -33.06455511914564
21.82095707159451 -33.28544586283121
21.819008550514628 -33.49065979975276
21.80597794233941 -33.68056241570366
21.782294737925923 -33.85552255670123
21.74838319999394 -34.01591243161988
21.70466235659799 -34.16210761544917
21.65154599246832 -34.29448705492831
21.589442635679085 -34.413433075597936
21.518755538358736 -34.51933139330325
21.439882646497555 -34.61257113114297
21.353216552079555 -34.69354484700891
21.259144413302757 -34.762648579184656
21.15804781532663 -34.82028192637361
21.05030251159204 -34.86684819582484
20.936277906824817 -34.90275469972789
20.816335919612577 -34.928413406706994
20.690828139670117 -34.944242571302
20.560087299482312 -34.95067162135746
20.424393161617587 -34.948160707743455
20.283733730351535 -34.93733755091779
20.141006597459057 -34.91716278496472
20.212281562939655 -28.12935870892609
19.65670383421067 -34.910212359990936
19.316242824176197 -34.924346037148865
18.97402261313379 -34.93177040116677
18.63052123471669 -34.93285847670447
18.286150748594242 -34.92801867583998
17.94129339032534 -34.91767408086534
17.596310608157548 -34.90225726491255
17.251546074931774 -34.882208566038344
16.907326892148838 -34.85797539686129
16.563964136676468 -34.83001193109911
16.22175313313985 -34.798778946670666
15.880973600022266 -34.7647437422159
15.541889731693082 -34.72838008905836
15.204750246324775 -34.69016820309923
14.869788413928127 -34.65059472772498
14.537222071926749 -34.61015272336056
14.207253632202875 -34.569341661802696
13.880070080800309 -34.52866742323772
13.555842970626966 -34.488642296316726
13.234728405516975 -34.449784981356146
12.91686701172926 -34.412620597152824
12.602383889359437 -34.37768069314973
12.291388529608966 -34.345503272260686
11.983974667541752 -34.316632830052924
11.680220007745405 -34.29162042994474
11.38018567407488 -34.27102385349022
11.083914998043483 -34.2554079318555
10.791430488754322 -34.2453453751115
10.50272474163993 -34.24141926071883
10.217724072206273 -34.244232988059736
9.936033950654249 -34.2544799620818
9.66037766065429 -34.27200231133915
19.994608582816852 -34.88917675414473
9.42822425491341 -34.211611690430345
9.469899312401317 -34.135512452741864
9.514196080801867 -34.07008751821965
9.56139645067772 -34.01582137488987
9.611731656429953 -33.973212275821766
9.665420991209594 -33.94276164126373
9.722681487853464 -33.924971408472146
9.783731148433006 -33.92034314747008
9.84879023914771 -33.9293777063327
9.918081882677043 -33.95257504870693
9.991832359039904 -33.99043417091562
10.070271273725986 -34.043453055663605
10.153631661534298 -34.11212864251797
10.242150059508653 -34.19695680686499
10.336066567120412 -34.29843234213621
10.435624905689878 -34.417048941391016
10.54107248771271 -34.55329917488632
10.652660509151616 -34.7076744605159
10.770644083266646 -34.88066501937928
10.89528244894727 -35.072759807835666
11.026839312618193 -35.28444640368079
11.16558344350156 -35.51621081008031
11.311789775393322 -35.768537090098675
11.465741608333943 -36.041906638659356
11.627735449438262 -36.33679657963293
11.79809311316393 -36.65367576019884
11.977198019842419 -36.99299273414897
12.165640387519602 -37.35512769646746
12.36523357018396 -37.74005602410219
18.167531310601838 -28.845708504301854
20.786864723165976 -34.37294004195667
23.53625828135226 -32.552070567947396
26.218992962316875 -30.43283030198026
28.780839434472853 -28.02242019516234
31.16809256641045 -25.34053586487113
33.33124617085758 -22.419205624750447
35.228542311135996 -19.30136157838743
36.828889304662184 -16.03825628714324
38.11373455277236 -12.686054965510635
39.07766725106988 -9.302079034377755
39.727758039513205 -5.94121143379391
40.08185243252183 -2.6528961013755747
40.1661713287162 0.5209922642100082
40.01261441042432 3.547314503938736
39.65612144549188 6.401935960906599
39.1323528826798 9.069272849163411
38.475839721105515 11.54133917285813
37.71865128405439 13.81651538771817
-4.107184439630387 39.95902636609165
-1.10887859821446 40.15424187307701
2.0491063533091705 40.11725209059037
5.332818081227742 39.81399004696314
8.698980067922776 39.216329480524195
12.096410215394144 38.3049554502816
15.468476332328763 37.071808589591825
18.756410145569674 35.52168113417946
21.90311025985301 33.67263745375274
24.856935173842942 31.555118854324093
27.574965621974954 29.209827508803414
30.025312928318826 26.684702278715406
32.18823809286452 24.031439420563544
34.05606804735213 21.302041716729207
35.63208968336964 18.54580645168747
36.92872604215722 15.807022017143169
37.96533893587606 13.123482450599852
38.76597096186383 10.525789639313558
39.35726462109325 8.037317568218356
39.766706041082614 5.674666755790497
9.38856737051642 -34.29798868789908
-12.577416356733181 33.261175912696785
-34.75530314213834 -0.10998001561685555
-34.84629824675979 0.7073187914578227
-34.90070441706497 1.5461174961998267
-34.91992577357769 2.404641277365016
-34.9053419790213 3.2811548735363374
-34.85830843123607 4.17396997901858
-34.78015631217569 5.081447092549126
-34.672192604649354 6.001996133294483
-34.53570009890359 6.934076686918246
-34.37193739657777 7.87619811725736
-34.182138912095866 8.826919621686756
-33.96751487517486 9.784850260919399
-33.72925133107633 10.74864897531134
-33.468510142858506 11.717024594667208
-33.18642899208548 12.68873584355461
-32.884121380808715 13.662591344419013
-32.56267663348657 14.637449618874712
-32.223159899540825 15.612219087713129
-31.86661215680242 16.5858580697641
-31.494050215764176 17.557374779267406
-31.106466726438672 18.525827322026345
-30.704830187143088 19.490323688841272
-30.290084958422224 20.450021745878956
-29.863151283698585 21.4041292192006
-29.42492532258796 22.351903670155878
-28.976279206046275 23.292652454182644
-28.518061132947405 24.225732648898884
-28.05109554888457 25.150550920328072
-27.576183503748968 26.0665632555677
-27.0941034377729 26.97327437441939
-26.605613147031626 27.870236259243995
-26.111455678832627 28.7570437441085
-25.612382913040577 29.633316871960545
-25.109320629496104 30.498577394650823
-24.60116489988764 31.35389746098994
-34.62628917242891 -0.9040163175069722
-23.724730404145543 32.27322160392984
-23.35723055880352 32.34111535937822
-22.98757606938561 32.40232979950417
-22.616178600277916 32.457263107588915
-22.24346864784616 32.506296157515095
-21.869870551202368 32.549811210250994
-21.49579624522657 32.588196587478706
-21.121643178977916 32.621848229555496
-20.747793483486056 32.651170318267674
-20.374613594163563 32.676575559755406
-20.002454062484507 32.698485325297696
-19.631649455855815 32.71732972745801
-19.262518301047233 32.73354766255656
-18.895363051747964 32.74758683591986
-18.530470069971045 32.75990377694302
-18.168109616267504 32.770963847866284
-17.808535846535804 32.781241248735626
-17.4519868140509 32.791219018663725
-17.098684477491144 32.8013890344227
-16.748834716540415 32.81225200590862
-16.402627358420318 32.8243174669407
-16.06023622211465 32.8381037587242
-15.721819194198705 32.85413800236361
-15.387518361898834 32.87295604814571
-15.057460261945252 32.89510238211395
-14.731756378724516 32.92112993778477
-14.410504241052358 32.95159968156159
-14.093790164787993 32.98707957575462
-13.781697481357561 33.02814146712774
-13.474339452559452 33.0753486404227
-13.172089675701415 33.12916869298388
-12.872470766748485 33.191150051565415
-24.089857701027313 32.19810216311299
-12.343671689770133 33.25170013394438
-12.114821393128615 33.2516097623961
-11.890496686848238 33.26160494428069
-11.670610379579415 33.282278015298346
-11.455111596653431 33.31420624792497
-11.243950739003061 33.35796510127324
-11.037070720419585 33.414131534014444
-10.834404043741557 33.48328510919163
-10.63587162786746 33.566008436749286
-10.441382270340988 33.66288737542408
-10.25083237331205 33.774511134521305
-10.064105789296242 33.901472330240665
-9.881073724019316 34.044367018966085
-9.701594666283839 34.20379471949019
-9.525514327849407 34.380358429953674
-9.352665581442146 34.57466464271462
-9.18286838587688 34.78732335982724
-9.015929684797626 35.01894811299195
-8.851643257597424 35.27015599041317
-8.689789486943724 35.541567679086285
-8.530134975160422 35.83380753176115
-8.372431876846981 36.147503684981785
-8.216416661716309 36.48328827505762
-8.0618076431996 36.841797871358665
-7.908299543072459 37.22367442691066
-7.755549905323591 37.629567655222274
-7.603138339788686 38.06014215964157
-7.45040349934925 38.51610595061061
-7.295301923901874 38.99841006266081
16.318632403017833 -29.930525046046668
16.318632403017833 -29.930525046046668
14.35346983947998 -30.921060728959304
12.282945728848508 -31.80036693591778
10.121102228116488 -32.55299345259766
7.884825160609717 -33.16569952863148
5.593359714078648 -33.62808974868737
3.2676637258080508 -33.93311755220685
0.9296432367554885 -34.077409767897635
-1.3986709175401018 -34.061383012163176
-3.6959402898918334 -33.88914455117457
-5.942266901487635 -33.56819263988359
-8.119819704327568 -33.10895076872815
-10.213303121572554 -32.52418380811004
-12.210250327898507 -31.828350255187672
-14.101142458996549 -31.036943702432026
-15.87937042010347 -30.16586958962054
-17.541066802441485 -29.230892365255215
-19.084841123933778 -28.24717565193123
-20.511452625567784 -27.22892587352537
-33.96082445716134 -2.965888606593836
-33.70727240617146 -5.094495065558789
-33.308333302486574 -7.258720661887651
-32.757096676506706 -9.439635075724254
-32.049743900393736 -11.616712484865289
-31.185935440508608 -13.768497511975653
-30.169024612248514 -15.873375412381407
-29.00606772301439 -17.910391628458427
-27.707620466667407 -19.860056926201494
-26.2873328747923 -21.705073677984018
-24.761376338311784 -23.430926888822484
-23.14775266933583 -25.026298955221222
-21.465544376703072 -26.483287138281042
-19.734166330428188 -27.797423842504642
-17.97267247487494 -28.96751865707043
-16.19915918606487 -29.99535521878981
-14.43029188792459 -30.885284021134538
-12.680966278616737 -31.643754317043914
-10.964102085387339 -32.27882523416946
-9.290556984862256 -32.79968969285956
15.28843258570788 -37.14642083996
