0.0728469922951831 -34.8525457478317
0.11011735164777292 -34.6910313628982
0.14735698793185747 -34.584691074587624
0.18468328183769245 -34.53124078242956
0.22223749540782478 -34.52839648506642
0.26016064163002284 -34.57387430509158
0.29858745958014765 -34.66539049422687
0.33764441670808765 -34.8006614357019
0.3774489245694497 -34.977403644036826
0.41810900384462 -35.19333376510909
0.4597231492188314 -35.44616857439283
0.5023803075611966 -35.73362497586294
0.5461599495907308 -36.0534199980238
0.5911322602158577 -36.40327078851837
0.6373585337814234 -36.78089460323028
0.6848919932625108 -37.18400878476032
0.7337796135318513 -37.61033071453437
0.7840666961484146 -38.057577694109455
0.8358106080510197 -38.52346658818189
0.889135750554999 -39.00571239631449
0.944618361542922 -39.502018257526004
0.9981453044076147 -40.01020899980048
0.035621364146976475 -35.07151825788944
1.2888284384007989 -41.03227743835282
1.531636155248009 -41.54103232924487
1.780547589383218 -42.051918964827394
2.0353723780813198 -42.56266005898439
2.2959541295889494 -43.07098085531109
2.5621106564433376 -43.57461067924655
2.833619036973289 -44.07128332560015
3.1102106398008686 -44.55873718718303
3.39156913884284 -45.034715305076304
3.677329618134138 -45.49696539076402
3.9670781341442876 -45.94323983533107
4.260351494563906 -46.37129571220382
4.556637153787676 -46.77889477486937
4.855373184937832 -47.16380344992996
5.155948320237258 -47.5237928234676
5.457702079171099 -47.85663861543986
5.75992504655494 -48.16012113030749
6.061859458440722 -48.432025159404475
6.362700513941149 -48.670139763626764
6.661599674110391 -48.87225773073942
6.957674576028069 -49.03617394653543
7.250048707421513 -49.15967887897506
7.538129155089166 -49.24051296643097
7.8178716757270195 -49.2769799605569
1.0527671575792112 -40.52792324015877
8.020549425312538 -49.245491892065104
7.944169186167983 -49.180059770342325
7.861409316207926 -49.07259550102171
7.772671879471204 -48.92515836770957
7.6784082907937545 -48.73979936395355
7.579076395510242 -48.518568241881525
7.4751297406855315 -48.263515273813795
7.3670140005927465 -47.976691839343516
7.255165549177889 -47.66015066017624
7.140010814105096 -47.31594590615717
7.021965957850057 -46.94613324755517
6.901436711924134 -46.55276988321262
6.7788182906096495 -46.13791455478463
6.654495352358822 -45.703627553918324
6.5288419965671665 -45.25197072406712
6.4022217963875505 -44.78500745666878
6.274987882661435 -44.30480268142122
6.14748311859222 -43.81342284370393
6.020040463574446 -43.312935857447656
5.892983785263539 -42.80541100028529
5.766629899493637 -42.29291864907023
5.641294699125922 -41.77752948453238
5.517317679481948 -41.261311310584546
5.395233629661618 -40.746306781714736
5.2734482939252985 -40.23483491991098
8.090497770737386 -49.266774953099144
5.22098195462172 -39.19930716641193
5.286543960827942 -38.68014003580549
5.350477389385503 -38.17337602146969
5.413145314317546 -37.681073376762214
5.474976193280497 -37.20528058253814
5.536437382792599 -36.748039782844046
5.5980285222879616 -36.31138764183717
5.660279335653513 -35.89735562875799
5.723748760521971 -35.50797012975235
5.78902456400823 -35.145252495536766
5.856723166708946 -34.811219062781845
5.927489570395096 -34.50788115939423
6.0019973501884465 -34.2372451012979
6.080948700599777 -34.001312178428634
6.165074545436255 -33.80207862846984
6.2551347444479575 -33.641535589297376
6.351918471423744 -33.52166901503273
6.456244927687919 -33.44445951656087
6.568964778390978 -33.41188204377693
6.69096331898055 -33.42590518319429
6.823168397823622 -33.488489403393885
6.96657418929999 -33.60158178878427
7.1223362924677645 -33.767094975736896
7.2924374298585235 -33.98675970226215
-2.4568981155523204 -35.26424857413605
13.469404183513802 -32.38483006437045
15.42418706835133 -31.500738414162868
17.348050181921394 -30.483556587815485
19.224049317419087 -29.336632308403267
21.035719651683507 -28.066003742834255
22.76761979208436 -26.680284038220094
24.405837846296095 -25.19041774916232
25.93842497108153 -23.609323950011486
27.355728302339912 -21.95145089522717
28.65060466928844 -20.232274203390006
29.818507635847595 -18.467773816242982
30.857451584547505 -16.673924225098233
31.767866287964353 -14.866228131810345
32.55236262110401 -13.059316794578535
33.21543421419358 -11.26663203089501
33.76312093125 -9.500196436853372
34.20265852537369 -7.77047084504494
34.542135376141744 -6.086292057838648
29.614919530183954 18.79251469542433
30.667830652905025 17.02017128003564
31.634459972485956 15.148036493426986
32.50141785415212 13.185594595118346
33.25657641666754 11.14460373451496
33.88954262618449 9.038858774482264
34.392074953684585 6.883839607163537
34.75841175760485 4.696262284605552
34.98548593045973 2.493560018651692
35.073009936074925 0.29332811150817406
35.02342688250542 -1.8872299178445928
34.84173509831248 -4.031818782637686
34.535204165511175 -6.125499212592501
34.113008181085604 -8.15504384992505
33.585806384383716 -10.10918774519996
32.9653020459038 -11.978769902596099
32.26380808164379 -13.756771257379654
31.49384305549779 -15.43826146146921
30.667775062296528 -17.020271445702434
29.797524424899905 -18.50161088944708
5.15367910523122 -39.72878533458015
31.608925527651536 24.613261049040773
-5.372130581823029 34.1929974040396
-4.485218987340744 33.93823400636734
-3.6119924756095543 33.73820267185707
-2.7482037916322497 33.59021334855191
-1.8898003890965072 33.49160728478677
-1.0329473742959294 33.439752852395486
-0.17403323587285513 33.432044498890406
0.6903282535669462 33.46590239538065
1.5632972884696414 33.538772289893785
2.447807706683136 33.648125434130975
3.3465668528169203 33.79145853507947
4.262055544314649 33.96629371311252
5.196528117330757 34.17017844898572
6.152012568642476 34.40068550396404
7.130310858634516 34.655412778037885
8.132999544351492 34.931983031767516
9.161431191853609 35.2280432776989
10.216737922789775 35.541263263032675
11.299842067219544 35.869330919624815
12.411498787772473 36.209934166735565
13.55259446670945 36.56063353703095
14.720151485952414 36.92056762220591
-6.277008582596949 34.505243442831414
16.71216894670863 37.3426398748191
17.52562804317961 37.392009759030856
18.35567317147388 37.432645956593745
19.201296032498533 37.46250235375766
20.061422036482725 37.479600206243646
20.93486395695828 37.482047922473754
21.82031034533287 37.46804600831658
22.716321670366824 37.43588871415125
23.621328775301834 37.38396469181143
24.53363217870691 37.31075729146272
25.451401727404118 37.214844706927295
26.372676413401166 37.09490004987944
27.295364274723738 36.949691385736145
28.21724234474715 36.77808174534587
29.135956635191576 36.57902911591293
30.04902215070757 36.35158640594875
30.95382294646214 36.09490136638681
31.84761226725408 35.80821642454998
32.72751287010095 35.49086830984814
33.59051784610284 35.1422871125736
34.433493099213706 34.761993454337016
35.253187275274 34.34958716380197
36.04630128506636 33.904667998211465
36.80855023961112 33.42790531274653
15.91656231957461 37.28651129799323
37.58467266268616 32.81206082285527
37.598695024224185 32.67608570819365
37.58039009611667 32.51251763359872
37.53113972729449 32.322969533488276
37.45235279006897 32.10902269571989
37.345454436610055 31.872239012805778
37.21188341291571 31.614164044290135
37.05309116375355 31.336328037329054
36.870541475176765 31.04024633471053
36.66571031222554 30.72741955951568
36.44008573827483 30.39933370647978
36.19516787314626 30.057460190442725
35.93246887003926 29.703255871708706
35.65351290417084 29.338163068625107
35.35983616927109 28.96360956088435
35.05298688094831 28.581008583667682
34.73452529023842 28.191758810628983
34.40602371250333 27.797244315887752
34.06906658921923 27.39883449406662
33.72525062745723 26.99788388144856
33.376185150560445 26.59573170547762
33.02349315225649 26.193700530278733
32.66881551747821 25.793090837233905
32.31384056755974 25.39514308130822
31.959903839691606 25.001551663745488
37.537043392778514 32.918712638654114
31.241561989570016 24.252439356104844
30.88113637816309 23.898785400733033
30.529285596980742 23.553604618980017
30.18769234792302 23.218143235356706
29.858053221766568 22.89362924099916
29.542074140872785 22.58127824697067
29.241469220121758 22.28229494581521
28.95796038900994 21.997873597682997
28.693277241732005 21.729198222638843
28.44915697043956 21.47744268509402
28.227344335302064 21.243770733128173
28.029591650996338 21.029336013919675
27.857658785148715 20.835282075964955
27.713313164699628 20.66274235884049
27.598329792863467 20.51284016949836
27.514491280736024 20.386688637286596
27.46358790636168 20.28539063270921
27.447417724558534 20.210038612987404
27.467786789776028 20.1617143129925
27.52650964530875 20.141488062705093
27.625410548757827 20.150417081445283
27.766327147258153 20.189540359016604
27.951125180011047 20.25985818137312
28.181801393737373 20.36218880982031
-5.076615639026045 -34.983303867734634
-5.076615639026045 -34.983303867734634
-7.796776508181125 -34.47917997763486
-10.58322127713808 -33.72831159794086
-13.3949042360328 -32.713607510578385
-16.185535513818536 -31.426613180226383
-18.906009300189794 -29.86915446057685
-21.507404218534447 -28.054146567472486
-23.944202456547345 -26.005359919995982
-26.17729934716573 -23.756106051656218
-28.176393786257222 -21.34700000118113
-29.92146135976128 -18.823116796773462
-31.40318445515507 -16.230945195033087
-32.62239707094474 -13.615534701005203
-33.58874876017265 -11.018145605076228
-34.31887312652003 -8.47458100288631
-34.83435719730471 -6.014244299930482
-35.15976432098569 -3.6598563826197505
-35.32088974667673 -1.4276986207769085
-35.34334858849974 0.6717785352738588
-8.763514421667594 34.24623177562583
-11.289890915177494 33.49838711000953
-13.874903603266546 32.51293013323655
-16.480709631846622 31.27282823601695
-19.063857512753657 29.76865654647665
-21.57729162872849 28.000429672015116
-23.973036633158188 25.978781542518817
-26.205294425816362 23.725221177155333
-28.233568574921975 21.271322981277848
-30.025388249295446 18.656892461707884
-31.558256885690753 15.92733493668706
-32.820589495173294 13.130593323912734
-33.81158749592328 10.31407421217176
-34.54017911920104 7.521941389174003
-35.023282231355836 4.793044709937021
-35.28370253953304 2.159608980906114
-35.347966495953074 -0.35332768026336225
-35.24432557713587 -2.7278362233660687
-35.0010840829388 -4.9525436765068775
-34.645319691320964 -7.0217803536445444
9.534017106070849 -33.75358625654704
