93.4301074733
6.5371872373
95.7716191749
36.8539490444
98.1181767462
37.2076605452
100.469634072
37.5964455213
102.825845036
38.0184277541
105.186663524
38.471731025
107.551943419
38.9544791157
109.921538607
39.4647958074
112.295302972
40.0008048818
114.673090399
40.5606301203
117.054754772
41.1423953044
119.440149975
41.7442242154
121.829129895
42.364240635
124.221548414
43.0005683446
126.617259417
43.6513311256
129.01611679
44.3146527596
131.417974416
44.9886570279
133.822686181
45.6714677121
136.230105968
46.3612085937
138.640087663
47.0560034541
141.052485149
47.7539760749
143.467152313
48.4532502373
145.883943037
49.1519497231
148.302711207
49.8481983135
150.723310707
50.5401197902
153.145595422
51.2258379345
155.569419237
51.903476528
157.994636035
52.5711593521
160.421099702
53.2270101882
162.848664122
53.869152818
165.27718318
54.4957110227
167.70651076
55.104808584
170.136500747
55.6945692833
172.567007025
56.263116902
174.99788348
56.8085752217
177.428983995
57.3290680238
179.860162455
57.8227190897
182.291272745
58.2876522011
184.722168749
58.7219911392
187.152704352
59.1238596856
189.582733438
59.4913816219
192.012109893
59.8226807293
194.4406876
60.1158807895
196.868320444
60.3691055839
199.29486231
60.580478894
201.720167082
60.7481245012
204.144088645
60.8701661871
206.566480883
60.944727733
208.987197682
60.9699329205
211.406092925
60.943905531
213.823020769
60.864776402
216.237878499
60.731798162
218.650653375
60.5465636347
221.061343916
60.3109585201
223.469948645
60.0268685179
225.876466079
59.6961793279
228.28089474
59.3207766501
230.683233148
58.9025461842
233.083479823
58.4433736302
235.481633285
57.9451446877
237.877692053
57.4097450567
240.271654649
56.839060437
242.663519593
56.2349765284
245.053285404
55.5993790308
247.440950602
54.9341536439
249.826513709
54.2411860678
252.209973243
53.522362002
254.591327725
52.7795671466
256.970575676
52.0146872013
259.347715615
51.229607866
261.722746063
50.4262148405
264.095665539
49.6063938247
266.466472564
48.7720305183
268.835165657
47.9250106213
271.20174334
47.0672198334
273.566204132
46.2005438545
275.928546554
45.3268683844
278.288769124
44.448079123
280.646870365
43.5660617701
283.002848795
42.6827020255
285.356702935
41.799885589
287.708431305
40.9194981606
290.058032426
40.04342544
292.405504816
39.1735531271
294.750846997
38.3117669216
297.094057489
37.4599525236
299.435134811
36.6199956327
301.774077484
35.7937819488
304.110884028
34.9831971717
306.445552964
34.1901270014
308.77808281
33.4164571376
311.108472088
32.6640732801
313.436719318
31.9348611288
315.762823019
31.2307063835
318.086781712
30.5534947441
320.408593917
29.9051119104
322.728258154
29.2874435822
325.045772943
28.7023754594
327.361136805
28.1517932418
329.674348259
27.6375826293
331.98540582
27.1616293216
200.111826416
94.955641063
202.088472197
195.194950499
204.074740176
195.44366718
206.070242755
195.700788532
208.07459234
195.96531198
210.087401335
196.23623495
212.108282143
196.512554867
214.13684717
196.793269156
216.172708818
197.077375244
218.215479494
197.363870556
220.2647716
197.651752517
222.320197541
197.940018552
224.381369721
198.227666089
226.447900545
198.513692551
228.519402416
198.797095364
230.595487739
199.076871955
232.675768919
199.352019748
234.759858358
199.621536169
236.847368463
199.884418644
238.937911636
200.139664597
241.031100282
200.386271456
243.126546806
200.623236644
245.223863611
200.849557589
247.322663102
201.064231714
249.422557683
201.266256446
251.523159759
201.454629211
253.624081732
201.628347433
255.724936009
201.786408539
257.825334992
201.927809953
259.924891087
202.051549102
262.023216697
202.156623411
264.119924227
202.242030305
266.21462608
202.30676721
268.306934662
202.349831552
270.396462376
202.370220756
272.482821627
202.366932247
274.565624818
202.338963452
276.644484355
202.285311795
278.71901264
202.204974703
280.78882208
202.0969496
282.853525077
201.960233912
284.912734036
201.793825065
286.966061361
201.596720484
289.013119457
201.367917595
291.053520727
201.106413824
293.086877577
200.811206595
295.112802409
200.481293335
297.130907629
200.115671469
299.14080564
199.713338422
301.14216076
199.273468542
303.135085187
198.796762608
305.119920072
198.284701685
307.097008408
197.738773119
309.066693189
197.160464259
311.029317407
196.55126245
312.985224057
195.912655039
314.934756131
195.246129374
316.878256623
194.553172802
318.816068527
193.835272669
320.748534835
193.093916323
322.67599854
192.33059111
324.598802637
191.546784377
326.517290119
190.743983471
328.431803978
189.923675739
330.342687209
189.087348528
332.250282804
188.236489185
334.154933758
187.372585058
336.056983062
186.497123491
337.956773711
185.611591834
339.854648698
184.717477432
341.750951016
183.816267633
343.646023659
182.909449784
345.54020962
181.998511231
347.433851892
181.084939321
349.327293469
180.170221401
351.220877343
179.255844819
353.114946509
178.343296921
355.00984396
177.434065054
356.905912688
176.529636565
358.803495688
175.631498802
360.702935953
174.74113911
362.604576475
173.860044837
364.508760249
172.989703329
366.415830267
172.131601934
368.326129524
171.287227999
370.240001011
170.458068871
372.157787724
169.645611896
374.079832654
168.851344421
376.006478796
168.076753794
377.938069143
167.323327361
379.874946687
166.592552469
381.817454423
165.885916465
383.765935344
165.204906697
385.720732442
164.55101051
387.682188712
163.925715253
389.650647147
163.330508271
391.62645074
162.766876912
393.609942484
162.236308522
395.601465373
161.74029045
397.601362399
161.280310041
399.60997655
160.857854642
-20.1587410653
40.965589102
-19.5511171975
142.122903761
-18.9283131487
143.25835233
-18.2905449959
144.372229038
-17.6380288159
145.464828115
-16.9709806857
146.536443792
-16.2896166821
147.587370298
-15.5941528821
148.617901865
-14.8848053626
149.628332722
-14.1617902004
150.618957099
-13.4253234725
151.590069227
-12.6756212558
152.541963336
-11.9128996272
153.474933656
-11.1373746636
154.389274417
-10.3492624419
155.28527985
-9.54877903905
156.163244185
-8.73614053187
157.023461652
-7.91156299731
157.866226481
-7.07526251227
158.691832902
-6.22745515366
159.500575146
-5.36835699839
160.292747443
-4.49818412336
161.068644022
-3.61715260547
161.828559116
-2.72547852164
162.572786952
-1.82337794876
163.301621763
-0.911066963743
164.015357777
0.0112383565069
164.714289226
0.943321935084
165.398710339
1.88496769508
166.068915347
2.8359595596
166.725198479
3.79608145172
167.367853967
4.76511729455
167.997176039
5.74285101119
168.613458928
6.72906652471
169.216996862
7.72354775823
169.808084072
8.72607863483
170.387014788
9.73644307761
170.95408324
10.7544250097
171.509583659
11.7798083541
172.053810275
12.812377034
172.587057318
13.8519149724
173.109619018
14.8982060925
173.621789606
15.9510343173
174.123863311
17.01018357
174.616134364
18.0754377736
175.098896995
19.1465808513
175.572445435
20.223396726
176.037073913
21.305669321
176.49307666
22.3931825593
176.940747906
23.485720364
177.380381881
24.5830666582
177.812272816
25.685005365
178.23671494
26.7913204075
178.654002484
27.9017957088
179.064429679
29.016215192
179.468290753
30.1343627801
179.865879938
31.2560223963
180.257491464
32.3809779637
180.643419561
33.5090134053
181.023958459
34.6399126443
181.399402388
35.7734596038
181.770045579
36.9094382068
182.136182262
38.0476323764
182.498106667
39.1878260357
182.856113024
40.3298031079
183.210495564
41.473347516
183.561548516
42.6182431831
183.909566112
43.7642740323
184.25484258
44.9112239868
184.597672152
46.0588769695
184.938349058
47.2070169036
185.277167527
48.3554277123
185.61442179
49.5038933185
185.950406078
50.6521976453
186.28541462
51.800124616
186.619741647
52.9474581535
186.953681389
54.093982181
187.287528075
55.2394806215
187.621575938
56.3837373982
187.956119205
57.5265364341
188.291452109
58.6676616524
188.627868878
59.8068969761
188.965663744
60.9440263284
189.305130936
62.0788336322
189.646564685
63.2111028108
189.990259221
64.3406177872
190.336508774
65.4671624845
190.685607574
66.5905208258
191.037849851
67.7104767342
191.393529837
68.8268141328
191.75294176
69.9393169447
192.116379852
71.0477690929
192.484138342
72.1519545007
192.85651146
73.251657091
193.233793438
74.3466607869
193.616278504
75.4367495117
194.00426089
76.5217071882
194.398034826
77.6013177398
194.797894541
78.6753650894
195.204134266
79.7436331601
195.617048231
80.80590587
196.036930667
0.9345271742244705
-35.19387402984804
1.0772749303929459
-36.03522955391109
1.224232940227239
-36.80640481674134
1.3741723257827942
-37.50966367091353
1.526376860242351
-38.14725515242711
1.6802405070943536
-38.72142416759204
1.8352099260985142
-39.23441301945643
1.990770100234613
-39.68846178938762
2.146439545387082
-40.085808464558916
2.301768395265128
-40.42868898813335
2.4563375326465717
-40.71933728217833
2.6097581577725464
-40.95998525903781
2.7616715603808046
-41.15286282657794
2.9117489967870966
-41.30019789027126
3.059691628711647
-41.40421635347886
3.2052305074755907
-41.46714211508808
3.348126606344721
-41.49119706269407
3.4881709298190344
-41.478601059765495
3.625184788044834
-41.431571914140925
3.7590205112397257
-41.352325300201386
3.8895636186526588
-41.24307452399392
4.016741521612914
-41.10602958388429
4.140584483573122
-40.9433905895806
4.260405038027557
-40.757436330692606
0.9345271742244705
-35.19387402984804
4.273121532869027
-40.34010130645489
4.168776335715563
-40.11292490833779
4.0638948194037425
-39.87098254288427
3.9587634059784307
-39.61646049965782
3.85366440196006
-39.35154509610994
3.7488665319428947
-39.078423699126525
3.644622572309629
-38.79928498074696
3.5411685628498333
-38.51631900338168
3.4387234918849003
-38.23171725333032
3.3374891539474163
-37.947672656596815
3.23765007968521
-37.66637958653256
3.1393734997371325
-37.39003386765405
3.04280932668982
-37.12083277788219
2.9480901485267736
-36.86097504966828
2.855331232004289
-36.612660869885374
2.7646305389856707
-36.37809187950145
2.676068766124331
-36.159471171063274
2.5897094375892493
-35.95900328333895
2.5055991411961998
-35.77889418730752
2.4237682405856162
-35.62135124321745
2.3442337278684704
-35.488583029301296
2.2670191974238776
-35.38279814151032
2.191886409709582
-35.30622132489145
4.376706139423021
-40.550318323468446
2.1892355303264424
-35.23755273679269
2.2617049900716495
-35.24864408357718
2.3364287670966633
-35.292565023049136
2.4134556142084307
-35.367182504753984
2.4928214728466003
-35.47036468536768
2.574546379436754
-35.59998111385795
2.6586336952136094
-35.753902778269996
2.7450698534365756
-35.930002119743776
2.8338242636676796
-36.12615303888789
2.9248492753565642
-36.340230896526066
3.0180801698307675
-36.570112513991944
3.11343517069065
-36.813676171026316
3.2108154721718165
-37.0688016025569
3.3101052915936577
-37.333369992244435
3.4111719612734532
-37.6052639623281
3.5138660922541476
-37.882367555436396
3.618021880340933
-38.162566200407454
3.723457719633444
-38.44374664394669
3.829977553459571
-38.723796800627596
3.937374252601103
-39.00060537724215
4.045439750876994
-39.272060745897754
4.154005588642065
-39.53604643763068
4.263226718627266
-39.79040959369522
4.369771891919584
-40.03338444810319
2.118958390312571
-35.26105602913285
4.63988760410075
-40.4605247766457
4.804151770288968
-40.640250098610586
4.9675446170192
-40.79976225869527
5.12950215569083
-40.937000662808565
5.289492417121323
-41.04990256537706
5.446971656684013
-41.13640793649609
5.601373408590632
-41.19446067922973
5.752104840936568
-41.22200903369883
5.89854530275079
-41.21700573820784
6.040045670249128
-41.17740810073899
6.175928029325689
-41.10117803314592
6.3054855176642945
-40.9862820661583
6.4279822537483255
-40.83069135474221
6.542653322781916
-40.63238167496427
6.648704812001938
-40.38933341249957
6.745313904661089
-40.09953154116116
6.831629062184504
-39.76096558307579
6.90677036170041
-39.37162953766464
6.96983013692909
-38.929521747155555
7.019874271537162
-38.432644627249815
7.0559450541253455
-37.87900407310825
7.077068324308129
-37.26660797294705
7.082274919326039
-36.5934617481589
7.070686469276268
-35.85755051264984
7.042115975798538
-35.05671418901413
9.265504920039461
-33.650591433281626
11.46207689284995
-32.96714544111027
13.67383431343086
-32.11289679243781
15.876865008005097
-31.082745096765596
18.045708165996928
-29.875814667061274
20.15432679112382
-28.49587683910621
22.177204348970292
-26.951502601839035
24.090475305666303
-25.25590791834665
25.872988020322396
-23.426488770901546
27.50720226288962
-21.484080359685024
28.979842478889054
-19.452007997420168
30.282258365247912
-17.355019836730055
31.410480379896285
-15.218199878338892
32.364992650736326
-13.065953311974805
33.15027349887208
-10.921137861180053
33.77417083460426
-8.804389227418909
34.24718514435642
-6.733661331036387
34.58172815736191
-4.723977443134693
34.79141354370472
-2.7873695240926004
34.89042060037929
-0.932971361591342
21.807977078443287
27.2511288019233
23.555748386965433
25.755360668468583
25.249979624379137
24.096688863853487
26.86668916380131
22.279876539348322
28.382142083861368
20.314179677368898
29.773910357849445
18.213350796480768
31.02194056966158
15.995345839503095
32.10953133482025
13.681735368406976
33.02412597973665
11.29685746158664
33.75784430792595
8.866782557092272
34.30770768162216
6.418183455253207
34.67554854058403
3.9772124210963895
34.867631888078904
1.5684807140498904
34.89404575422935
-0.7857837709401068
34.76793587525037
-3.0663529163160277
34.504665377927495
-5.25737124332808
34.12097444826685
-7.346494942055191
33.63420098897842
-9.32482756226213
33.06160506840365
-11.18669546979032
32.41982118925711
-12.92931085903344
-8.450049647445752
34.17716739614151
-8.940109583998293
34.89994843769078
-9.424995204368145
35.55071624274224
-9.904185345465095
36.13204549365955
-10.376785834437612
36.646595420838395
-10.841898337315897
37.09701860778116
-11.298673052072544
37.485947963010666
-11.746321882187544
37.81599346314437
-12.184122827992951
38.089741067794684
-12.61142174269348
38.30975228522726
-13.027633129784064
38.47856397581973
-13.432240540162482
38.59868825497513
-13.824796782874941
38.6726124420571
-14.20492404035781
38.70279903370989
-14.572313928714877
38.69168569264698
-14.926727519062126
38.64168524842527
-15.267995319914107
38.55518571226608
-15.596017201536768
38.434550318752954
-15.910762196970865
38.28211762324363
-16.212267978829843
38.100201753530065
-16.500639265317105
37.891093170169384
-16.776041419093758
37.65706171499521
-17.038655600500903
37.400377955816715
-17.289282117249314
37.12302602507379
-8.450049647445752
34.17716739614151
-16.570187589965286
36.78870967224998
-15.615067241351142
36.7329391908565
-14.664540401536243
36.66184066987368
-13.720324004394769
36.57725753653213
-12.783937554414962
36.48107227069756
-11.856710090846576
36.375203089931546
-10.939781928576025
36.261603121044516
-10.034105238014263
36.14226012391408
-9.140444276376115
36.01919638046548
-8.259375492243635
35.894468644732676
-7.391287576692974
35.77016811762286
-6.5363814891487095
35.64842043301371
-5.694670469633451
35.53138564980985
-4.8659800418508325
35.42125824687982
-4.04994800757882
35.320267118947406
-3.2460244290623166
35.23067557336538
-2.4534715884380205
35.15478132508839
-1.6713638946596916
35.094916488199225
-0.8985876476303645
35.05344755607417
-0.13384032783014277
35.03277534268356
0.6243722478639882
35.03533474994322
1.3777558392058324
35.06359314017215
2.127959804935216
35.12007223563394
-17.52793833330597
36.82737094267399
3.779881159723743
34.75999034020402
4.6863110788542315
34.34681123469152
5.598843219324294
33.96481291260708
6.519609525597815
33.61078227295155
7.450528938612592
33.28160920269383
8.393304309311162
32.974286827124544
9.3494216284341
32.685911571913365
10.32014977098072
32.41368318121277
11.306540396100957
32.1549047242888
12.30942790353177
31.90698259490538
13.32942941521327
31.667426508722095
14.366944769643425
31.43384949671173
15.422156525448258
31.203967894896635
16.49502997373446
30.97560132682583
17.585313163261446
30.74667267499178
18.69253694716602
30.515208030582855
19.81601507144947
30.27933660000493
20.954844353269465
30.037290518132735
22.10790507435928
29.78740443793405
23.273861965033234
29.52811450420547
24.45116715688789
29.257955275030888
25.63807199510967
28.975547408724942
26.832709723443656
28.679511469564062
28.03198140024716
28.369629285891243
2.877200105146926
35.20729720533039
29.170953540194773
28.38882942513351
29.09271513230584
28.722776005760537
28.99809990728744
29.044367458133607
28.885926969946183
29.351839814639952
28.75507972353148
29.643370678246562
28.60449311003805
29.91709252268359
28.43315042230472
30.171096017432035
28.24008224245864
30.4034311342319
28.0243660200519
30.61210758842396
27.785125883449723
30.795095036979376
27.52153255063132
30.950323174451135
27.232803287760362
31.075681779253614
26.91820189648979
31.1690207334035
26.57703872197203
31.228150022976095
26.20867068254688
31.250839720733723
25.81250132985639
31.234819947189713
25.387980957024297
31.1777807962158
24.934606795455863
31.07737219877078
24.45192338576544
30.93120366343816
23.939523326000256
30.73684375309019
23.397048923442355
30.491818928109428
22.824196330590098
30.19361064848267
22.220727961613136
29.83964667339443
21.586522169957505
29.42726624969427
20.921921015660075
28.953476414071865
20.921921015660075
28.953476414071865
-1.5014237834321733
-34.25158271751591
-4.037315976439501
-34.04592885704069
-6.6727924620251855
-33.62884227550853
-9.37577914470188
-32.977567488552936
-12.107693825449758
-32.07536347824379
-14.824961197108323
-30.9135199797196
-17.48125105968289
-29.492898355716516
-20.03024499918483
-27.824709833256502
-22.428611544079047
-25.930340843056687
-24.63880222157603
-23.840189116664952
-26.63129646947354
-21.591647468113596
-28.386021386551775
-19.226517674152927
-29.89282513993723
-16.788216021526118
-31.151046951255367
-14.319129368539613
-32.168359851594744
-11.858406996329556
-32.95913859130457
-9.440358857133965
-33.54261930576063
-7.093509860506568
-33.94108238427371
-4.840260180634338
-34.1782267071445
-2.697037483485225
-34.27783303191196
-0.6747997248482349
-10.548076600179698
32.62151547781052
-12.938176519982662
31.74946897776495
-15.368103754478497
30.647130029154013
-17.800890965296304
29.301083134824935
-20.19489467728536
27.70544027814107
-22.50579154471896
25.863382202990138
-24.689145525329494
23.788049210925067
-26.703281890459095
21.502556320376634
-28.51210903519336
19.03903438721448
-30.08750478498545
16.43676512717048
-31.410944908595553
13.739640897107364
-32.47418470683151
10.993294304205648
-33.27897291973229
8.242278413158289
-33.83593467667943
5.527632095913425
-34.16286914394066
2.885058731859239
-34.28275051413091
0.34381567466741814
-34.221702545565385
-2.073708493287725
-34.007156490096975
-4.351838633307253
-33.666324213289734
-6.481034330872735
0.3883265837131944
-33.89815784930548
0.4368700308482687
-33.68300039711002
0.48576655316293227
-33.52928824430589
0.5351879487934923
-33.434505750324576
0.5853363410803354
-33.39613724989928
0.6364116284495367
-33.41166737735051
0.688603351409455
-33.478581147662595
0.742087987100831
-33.59436398246379
0.797027874355507
-33.756501721173805
0.8535707348933386
-33.962480624460625
0.9118494479732249
-34.20978737652521
0.9719819499934204
-34.495909084235194
1.034071210044857
-34.81833327600788
1.0982052696354003
-35.17454789782025
1.1644573630350408
-35.562041307299694
1.2328861747129451
-35.97830226051653
1.3035363783559717
-36.420819886532456
1.3764398409003036
-36.88708363192788
1.4516186471897754
-37.37458311922799
1.5290941870632935
-37.88080772574784
1.608923516885568
-38.40324489603745
1.6914539088218135
-38.93936832819486
1.7739251668077713
-39.48679565261108
0.3402226169306175
-34.17727394942469
2.0004141925598162
-40.59747430453598
2.1465265420863773
-41.15546124951811
2.296110597796769
-41.714398263846874
2.44894892156384
-42.27178439244241
2.6048505845668046
-42.82511845047384
2.76361164280479
-43.371900857134534
2.9250052584675927
-43.90963409356246
3.0887784104608613
-44.43582285588096
3.254650583165585
-44.94797411489347
3.4223131770206123
-45.44359714326464
3.591429223370028
-45.920203527239494
3.7616332456159967
-46.37530717221344
3.932531203008523
-46.80642430221769
4.103700495579005
-47.2110734555782
4.274690035271021
-47.5867754745382
4.445020420095034
-47.93105348307165
4.614184312711245
-48.24143284230058
4.781647296202038
-48.51544105017007
4.94685003236566
-48.75060749051141
5.10921475344179
-48.944462679759226
5.268171246094539
-49.094535251553395
5.423338763373181
-49.19833085010737
5.572080544135019
-49.25361586945647
1.8582941815128606
-40.04292531347622
5.696749163468269
-49.22537278804697
5.673166977666483
-49.14474971978947
5.644478621800943
-49.01850509628426
5.6109268762451165
-48.84893357607709
5.572791371845597
-48.638325532800565
5.53036043061951
-48.388970321792186
5.483924027671549
-48.10315709721334
5.433771447303798
-47.78317508372095
5.380190348447229
-47.431313685134256
5.323466343893983
-47.04986253309852
5.2638827956870955
-46.64111151109279
5.201720713203883
-46.20735076605146
5.137258707346746
-45.75087071423178
5.070772982054905
-45.27396204223069
5.002537359518328
-44.77891570433408
4.932823347732267
-44.268022915406874
4.861900276403901
-43.74357513632512
4.790035562238813
-43.207864045039884
4.717495249534238
-42.66318147804736
4.644545207601027
-42.11181930056307
4.571454131354585
-41.55606908068978
4.498502549896955
-40.99822111183832
4.426018868143274
-40.440560501364104
4.35463166873393
-39.88533978779208
4.28185281535508
-39.33514977556243
5.715216373112298
-49.25805248559445
4.313943976645135
-38.230132936340766
4.4151718908938165
-37.68059674100883
4.513781608730483
-37.14575111082044
4.610158005089147
-36.62786267219167
4.704779492287571
-36.129185683059006
4.798179098507092
-35.65196625609727
4.890934743161154
-35.19844341352385
4.983666002423718
-34.77084943685577
5.077032824585103
-34.371410004963394
5.17173495820515
-34.00234425419143
5.268511682669043
-33.66586480449871
5.368141686496301
-33.36417776853827
5.471443032109619
-33.09948274935141
5.579273186880471
-32.87397282662178
5.692529126068166
-32.689834530766575
5.812147538615022
-32.549247793524415
5.939105211603476
-32.45438586137652
6.074419761388015
-32.40741513116009
6.219151109330539
-32.41049481965166
6.374404740048533
-32.465776237158536
6.5413398569462515
-32.575400967600984
6.721193860066762
-32.74149540917807
6.915380271180254
-32.96614893408085
7.126174234610517
-33.2512610023621
-2.0828009809436594
-34.46022320967796
13.868091997213696
-31.48341413239953
16.000936052594398
-30.454874593669587
18.098000857267152
-29.257335935551566
20.134726692975846
-27.89484042030935
22.087134935719178
-26.37589451386799
23.93286359386218
-24.713303730439293
25.652135239737163
-22.923727853854672
27.228570779134657
-21.02698919011027
28.64977970225584
-19.0451953019014
29.907684544569577
-17.00175715206734
30.998569086130544
-14.920390601045
31.92287048061553
-12.82418345756193
32.684760000029655
-10.734794120793453
33.29157229302166
-8.671825374964158
33.75314818244544
-6.652392716101389
34.08115229518398
-4.690884704172078
34.28841674270194
-2.7988959169919667
34.38834861530387
-0.9853022823917001
22.086535876493997
26.376396153601092
23.75900271746906
24.880496999591003
25.37544198571635
23.22964238004755
26.913264483035107
21.429081546850313
28.350262045779402
19.488252436044576
29.66558404659395
17.420748096733092
30.84071001148834
15.244013482762398
31.860330895608115
12.978777149551433
32.713055841167034
10.648254251662422
33.39187834921313
8.277185595763115
33.89436313875649
5.890796931949296
34.22254760241918
3.5137695820174883
34.38258370078563
1.1693071169839868
34.38417188792005
-1.1216348146017765
34.239854569906356
-3.3409130648706196
33.96424146706198
-5.473540229364005
33.57323420293176
-7.507815010404272
33.083305210373055
-9.435266685826178
32.51087000951878
-11.250452093117417
31.871775246433458
-12.950648003717475
4.21007901189688
-38.792051129414745
32.99802351486801
20.82494754436999
-7.6257615541960035
33.02573537122228
-7.4418352176470535
32.84247465345305
-7.272855588525033
32.718864494750534
-7.117607211377049
32.6525771310568
-6.9748731234225545
32.64128723587689
-6.843464874455407
32.6826648593603
-6.722230027314367
32.77437366392462
-6.610054652338846
32.914070336128646
-6.505864318241635
33.099404353464394
-6.408624532607405
33.328017878533245
-6.317340948627475
33.597545709167406
-6.23105945567994
33.905615253220816
-6.148866199094016
34.249846519351905
-6.069887538691859
34.627852117809624
-5.9932899297782285
35.03723727436463
-5.918279670525038
35.47559986167934
-5.8441023748131045
35.94053046844613
-5.770041795930382
36.42961255610862
-5.695416871927648
36.9404228511207
-5.619572850406996
37.4705325281611
-5.541845775067969
38.01751194307499
-5.461313874430914
38.578963766817225
-5.380115112295016
39.15208082499748
-7.8256383800964215
33.27102628394647
-4.264654207348514
40.06083076290764
-3.2025104074749606
40.38424422829087
-2.109351954690794
40.70234236914479
-0.9851015936853855
41.012663948536186
0.1700987876413933
41.312812543896456
1.3558495551322949
41.60045140054834
2.571483679243215
41.87330214376868
3.8160635208737403
42.12914434880861
5.088379548637818
42.36581536604507
6.386949760031769
42.58121023962127
7.710019398054442
42.77328166222165
9.055560808003975
42.940039945864754
10.421273370164954
43.0795529952249
11.80458348380688
43.189946277090286
13.20264460006615
43.26940277524298
14.612337323691975
43.31616291140037
16.030269645994906
43.32852439229737
17.45277747911109
43.3048418754434
18.875926009743978
43.24352613701572
20.295513776334587
43.14304157855847
21.707088993106822
43.00189625567617
23.106063840658123
42.81857208617919
24.486167031000264
42.59246976473236
-5.295809522081925
39.73466404075296
26.443399562045784
41.68322474937585
27.0166333762956
41.00523679729835
27.562219632307915
40.291761668756266
28.07971973744742
39.546371452260104
28.56883507474754
38.77250959706825
29.02938930846159
37.97350171770796
29.46132396026644
37.15255829617627
29.864696933971345
36.312775582667854
30.239681925296395
35.45713595630497
30.586568153256678
34.588508088874704
30.90576022605177
33.70964702667558
31.19777806881558
32.82319423372314
31.463256883235204
31.931677615821656
31.702947124039497
31.037511532931205
31.917714486085913
30.142996803964422
32.1085398992509
29.25032070490795
32.27651953076037
28.361556958427116
32.422864797555576
27.478665709104433
32.54890239782327
26.603493470204427
32.656074385575664
25.737773003144525
32.74593836137831
24.883123013008287
32.820168049458914
24.04104723281455
32.880555610773
23.212930757603516
32.9290278397591
22.400014377984803
32.9674270385982
21.603741795240296
25.843220611248
42.32194916710989
32.16802528114681
20.940185343258946
31.358274650645797
21.050639653147414
30.57028523771561
21.158025077383144
29.80550177293236
21.264119465659405
29.06528261276725
21.370791631784556
28.350897244181965
21.480005310518635
27.66352566504463
21.593820143903145
27.004258182195713
21.714392006272703
26.374095336735138
21.843973129931527
25.77394787765337
21.984912156673033
25.204636758474976
22.13965415592031
24.666893149438692
22.31074062435337
24.161358464450643
22.500809471060563
23.68858440664934
22.71259498604411
23.249033044972634
22.9489277865882
22.843076940939795
23.212734723744347
22.470999372411427
23.50703871924489
22.1329947473497
23.834958461228126
21.829169430153854
24.19970779603142
21.559543559194367
24.604594392582413
21.324055586597467
25.05301640327312
21.122575895839418
25.548452450656868
20.954961267042677
26.09442157781112
20.821436125800574
26.694202909245007
-4.630929395042216
-34.21110253302547
-4.630929395042216
-34.21110253302547
-7.275324634589481
-33.74781022597443
-9.983384034908255
-33.04810262025018
-12.716098872708642
-32.09588560931985
-15.429609423092472
-30.88320249970627
-18.077473046976962
-29.411732553912373
-20.613445238485696
-27.693517634764277
-22.994450813385214
-25.750733492035835
-25.183358159679983
-23.614476818009933
-27.151188236552912
-21.322711387868054
-28.878490241087206
-18.91765960636988
-30.355769356817262
-16.443001865315296
-31.583015263362114
-13.941240635656584
-32.56851152746319
-11.45151083798757
-33.32718005874844
-9.00800271529755
-33.87872716629232
-6.639042790867904
-34.24582132391046
-4.366779756049823
-34.4524688389356
-2.2073591663386196
-34.522683127690726
-0.17144460360967173
-10.24617954860696
32.96757267747742
-12.661238395904007
32.11756662434334
-15.11867305109746
31.036603692431726
-17.581514587144966
29.710863138068817
-20.008040625467117
28.134024843891524
-22.353759843682838
26.308828640553372
-24.57397214505542
24.24798830008561
-26.626642762516724
21.97423351983781
-28.475233024610617
19.51937877549318
-30.091104997511735
16.922483376141088
-31.45517653126862
14.227329790715316
-32.55863470247226
11.47956226944288
-33.40268286183283
8.723865039010349
-33.997453735456986
6.001515066423622
-34.36033068349465
3.3485398172852
-34.51396362320739
0.7945807718325
-34.484249329711645
-1.6375566412582714
-34.298486889218026
-3.931773225554508
-33.983841986727725
-6.0781187392292395
-33.56617899799093
-8.071968227259049
9.590241415614344
-33.038713816757365
20.97443702165377
-28.941709525233165
21.086446750790532
-29.2936674959131
21.18445556418401
-29.629994302283592
21.268892227795522
-29.950944529770524
21.340179440200014
-30.256776780116283
21.398734719988795
-30.54775302417761
21.444970626947555
-30.82413844030775
21.479294835352047
-31.086201360995133
21.502110162273578
-31.334213251201376
21.51381458066194
-31.56844870001376
21.51480122432345
-31.789185415470257
21.505458390648563
-31.9967042232239
21.48616954116987
-32.19128906588813
21.457313300671245
-32.373227002651035
21.41926345616198
-32.54280821052848
21.372388954480986
-32.70032598529315
21.317053898987563
-32.84607674294651
21.253617545574446
-32.98036002262147
21.182434296530694
-33.10347848956715
21.10385369243101
-33.21573793994354
21.01822040027999
-33.31744730705162
20.92587419700162
-33.40891867145859
20.82714994393259
-33.49046727472319
20.72237754806973
-33.5624115412995
20.611881900550763
-33.625073114002845
20.49598277347387
-33.678776911658474
20.3749946401429
-33.723851230851125
20.249226341464706
-33.76062793478238
20.118980418822673
-33.78944283060255
19.984551646255795
-33.81063649868767
19.84622336227943
-33.82455636747201
19.70425646480929
-33.83156293619626
19.55884539103829
-33.832054665122655
19.409809979979375
-33.82664221076931
19.26073469757646
-33.813807926103436
20.847985328917343
-28.573874355940745
18.799243545555257
-33.81413790762048
18.487409587287846
-33.82825142293882
18.174668007269073
-33.83774893828769
17.861418983604633
-33.842929758554305
17.54798530215693
-33.84413520270459
17.234659048141463
-33.841722202078245
16.92171327852097
-33.83605670027919
16.609405912057753
-33.82751145305056
16.29798128486974
-33.8164651488151
15.987670856723934
-33.80330200913281
15.678693562968633
-33.78841158853314
15.371256003563406
-33.7721886683924
15.06555254896669
-33.75503319515403
14.761765402466335
-33.73735024510947
14.460064636289399
-33.71955000219356
14.160608211960437
-33.70204774533431
13.863541988747553
-33.68526384044384
13.568999723070817
-33.669623738092724
13.27710305724462
-33.65555797361736
12.987961495871723
-33.64350217309854
12.701672362070525
-33.6338970639662
12.418320721258773
-33.62718849692635
12.137979243798377
-33.623827484206004
11.860707947859893
-33.624270273652
11.586553682593873
-33.628978497466164
11.315548988990578
-33.63841950027668
11.047709250461452
-33.65306716137667
10.783024142324557
-33.67340436169226
10.521423427404564
-33.69993285273952
10.262537522074062
-33.733242342650044
10.008932120403855
-33.773077179541815
19.109365466123204
-33.79533591411223
9.79047948879849
-33.76342695093146
9.824356771619847
-33.71535245691513
9.860728828290938
-33.67660044973027
9.89983429030488
-33.6475665924159
9.941863040109105
-33.62866056314698
9.986992624346776
-33.620295548927885
10.035397358425712
-33.622885617858344
10.087251363251674
-33.63684484322778
10.142729781922583
-33.662586952316815
10.202009335153782
-33.700525165544434
10.265268602364344
-33.75107211586362
10.332688176676733
-33.81463980300683
10.404450758875825
-33.891639566489374
10.480741220365246
-33.98248206647594
10.561746651848324
-34.08757726928431
10.647656407497777
-34.20733443367371
10.738662152198799
-34.34216209495153
10.834957920654844
-34.49246804681587
10.936740197833899
-34.658659313623104
11.04420803871318
-34.84114211144339
11.157563255443776
-35.040321785270976
11.277010726522391
-35.25660270585695
11.40275893569445
-35.490388090189555
11.53502097056652
-35.742079667221304
11.674016519117387
-36.01207701179746
11.819976260215668
-36.30077607723615
11.973152839733558
-36.60856552892838
12.133853798207781
-36.935815744660715
12.302573280824504
-37.28283481424779
12.480914009104396
-37.64956053991327
18.82042864151145
-29.47475279135014
20.98961957534722
-34.15836765486338
23.817217027170116
-32.25055633385716
26.586293982847053
-30.008785097371828
29.23289846424551
-27.437125544446673
31.69220094718665
-24.55529698223495
33.90339611268321
-21.399017332324206
35.814670044861245
-18.01853546602311
37.387442927947475
-14.47540403830186
38.599191321164014
-10.837926006150383
39.4444349928509
-7.175984870202399
39.933853456118456
-3.556059463489248
40.09185495139258
-0.037112250180285855
39.95315431807258
3.332217099604236
39.55898332307093
6.514986508628539
38.95347778197895
9.486030753243796
38.18061939203575
12.231047118015653
37.28192230733097
14.745049333005028
36.294893841326385
17.030528230488443
-14.084014556641378
37.53663203766328
-11.18325416840186
38.500558917599335
-8.03741280386042
39.277960820070035
-4.669576535031851
39.81900633800515
-1.116112279972171
40.07633346678699
2.5735272277792802
40.0091885492632
6.3385502986481015
39.58763684376882
10.110163417560827
38.79616999695756
13.816199517821218
37.6360311622569
17.386420547667157
36.12576077125951
20.757690305964317
34.29980326363827
23.8782292234158
32.205409171700126
26.710378116893352
29.898393127644823
29.23163538614652
27.438471229534684
31.434078511501767
24.88487329474188
33.322538513258806
22.292748547341546
34.91201764700875
19.710637599468072
36.22483255656256
17.179048780756744
37.287868987718966
14.730004654355042
38.130200900810735
12.387331836453995
9.758554716310655
-33.8205158277344
-10.274952812871604
33.66722479947708
-35.20656002435032
1.7988187455368063
-35.02276558788356
2.6778184333872446
-34.808553353885614
3.571792400289695
-34.5652670581363
4.479323165935796
-34.29422413299693
5.399027215629644
-33.99671554407673
6.329561205933828
-33.67400574981631
7.269623515728114
-33.327332688805626
8.21795476294264
-32.957907774609396
9.173338010754946
-32.566915895284794
10.134598861269865
-32.15551541234481
11.100605501633623
-31.724838162051455
12.070268728761363
-31.275989456602865
13.042541962957415
-30.810048085309436
14.016421255371029
-30.32806631733989
14.990945292390762
-29.83106990426944
15.965195397515231
-29.3200580834879
16.938295531590285
-28.796003583449615
17.909412292078372
-28.25985262980153
18.877754910594717
-27.71252495438413
19.84257524910325
-27.15491380742456
20.803167793705143
-26.587885976079935
21.7588696458956
-26.012281810898866
22.7090605084189
-25.428915267182646
23.653162663713374
-24.838573971324315
24.59064093973012
-24.242019330095577
25.521002652005137
-23.639986722437868
26.443797502917022
-23.033185855375592
27.358617394662673
-22.422301475373352
28.265096055080875
-21.80799493255389
29.162908213927466
-21.1909080921274
30.051767545112853
-20.571675067157923
30.93142049233481
-19.950969148814455
31.801621571212365
-19.329831319666628
32.66196048836099
-18.70525487258505
33.514185756545146
-35.358567774065165
0.9362013408883456
-17.821047620651413
34.352369000576175
-17.561157299592864
34.34255481994697
-17.30052626723116
34.32800738258376
-17.039324339715694
34.30915020535028
-16.777781318000294
34.286374123543226
-16.516137208696517
34.26006348738261
-16.254629779895936
34.23060271104319
-15.99349041355524
34.198378455157155
-15.732942447278207
34.16378049997326
-15.473200421303053
34.12720214197074
-15.214469702569295
34.089040391202275
-14.95694628398864
34.04969607855068
-14.700816670407088
34.009573915020326
-14.446257812567652
33.969082528084726
-14.193437067828947
33.9286344827558
-13.942512178362307
33.88864629496109
-13.693631260866875
33.849538438091
-13.446932806791061
33.81173534658518
-13.202545692144422
33.77566541408453
-12.960589200867147
33.74176098853863
-12.72117306703353
33.71045835952026
-12.484397550277965
33.68219773679377
-12.25035357047512
33.65742320905284
-12.019122961298187
33.6365826673846
-11.790778979470918
33.62012765018389
-11.565387427191055
33.60851300054719
-11.34300946058417
33.60219600967454
-11.123710016846871
33.60163384514158
-10.90759152521229
33.607273262522654
-10.695029888003859
33.61947858607431
-10.483486560012473
33.63950463560323
-18.080435856526975
34.35681034822002
-10.398674235280382
33.572059305647116
-10.525302445339086
33.48564710039517
-10.654704425762645
33.40848779922899
-10.787055603923157
33.34098635915629
-10.922588644701584
33.28352974513078
-11.0615575628037
33.23649788327094
-11.204228749389955
33.200266399063935
-11.3508779796866
33.17520753133394
-11.50178921423845
33.161690498475735
-11.657254051756063
33.16008166552652
-11.817571453162842
33.170744629775214
-11.983047589253552
33.194040267403125
-12.153995749525834
33.23032676300801
-12.330736281398693
33.27995962934327
-12.513596544496636
33.343291723802906
-12.702910870079315
33.42067326402966
-12.899020518152248
33.512451844753144
-13.102273625938125
33.61897246122348
-13.313025136883887
33.74057753959963
-13.531636697067974
33.87760698467167
-13.758476492700694
34.030398253509105
-13.993918982434451
34.1992864779794
-14.238344431275337
34.38460467889402
-14.492138046163248
34.58668416190724
-14.755688249299205
34.805855311007406
-15.029382879533749
35.042449331714494
-15.31359969737381
35.29680261085346
-15.608677900222318
35.56926979535996
-15.914804182707549
35.86027610621019
-16.231215159522847
36.17068353999417
16.894347059596857
-30.619448456680573
16.894347059596857
-30.619448456680573
14.841873238618142
-31.66525517235283
12.674554292344022
-32.59333152428347
10.407511977362267
-33.38642360005768
8.059126210880828
-34.029693960988254
5.6504938859431135
-34.51146918353878
3.2046915118906263
-34.82383578348376
0.74589442635342
-34.96302658332317
-1.7015766377993131
-34.92956088053674
-4.114202450091682
-34.728128722421644
-6.470129191615797
-34.36723751780508
-8.749885916115279
-33.858663334756656
-10.936912476748581
-33.21676582446534
-13.017878530401795
-32.45773289878903
-14.982797104592848
-31.5988192387632
-16.824954948815268
-30.6576332637039
-18.54069456176274
-29.65151314062824
-20.12908892361063
-28.5970167231969
-21.591550292123934
-27.50953548034046
-34.94883753477276
-1.2443236433848028
-34.79742562316654
-3.479763837047045
-34.49284488143862
-5.763092776143793
-34.02614266293561
-8.07410687587057
-33.39170283438518
-10.390561495007887
-32.58774844040858
-12.688902156848542
-31.616649747332517
-14.945134496414738
-30.484996090763083
-17.135769597762064
-29.203413784394996
-19.238768403898305
-27.78614012012944
-21.23440612746117
-26.250390440009262
-23.10598598001171
-24.615576697937605
-24.840349639032425
-22.9024484046735
-26.428156262454166
-21.1322289380889
-27.863928051687637
-19.32581266066034
-29.145883952395195
-17.503073610648663
-30.275600746172515
-15.682318117411171
-31.257550844967753
-13.87989493201406
-32.0985685512248
-12.10996006349724
-32.80729268961292
-10.38438111743978
-33.39362536726415
15.386543200852628
-37.02178411544898
3.5612244591741185
3.5849437160564457
3.6062247289176588
3.625269215014769
3.64225367655742
3.6573336358333175
3.6706470242574802
3.6823169393135045
3.69245391030681
3.7011577774476048
3.708519263781635
3.7146213011689735
3.7195401579194516
3.7233464054868928
3.726105753825987
3.727879778986436
3.7287265618619814
3.728701253415955
3.727856578686215
3.726243289659554
3.723910575089965
3.720906433512335
3.7172780110114236
3.713072015230671
3.5612244591741185
3.7029251074792273
3.697069952308136
3.690816475349695
3.6842126647369224
3.67730745469034
3.670150909190079
3.6627943873671915
3.655290688769801
3.647694176403212
3.6400608750840524
3.632448542180388
3.624916707499945
3.617526678821207
3.6103415093609548
3.6034259234093495
3.5968461964934892
3.590669986629545
3.5849661137621327
3.5798042851507135
3.5752547654218994
3.571387991302656
3.5682741332148358
3.5659825828893803
3.708334700325391
3.5640385765877562
3.5644813663112407
3.5658588655687016
3.5681072848733018
3.571161039840461
3.5749532941649624
3.5794164662294485
3.584482692996514
3.5900842467330216
3.5961539015872797
3.602625248764669
3.6094329602119966
3.6165130019350507
3.623802798876543
3.6312413540111246
3.6387693247115047
3.646329059721434
3.653864600179292
3.661321648092776
3.668647505454476
3.675790986806218
3.6827023068504277
3.689332935184311
3.695635718443766
3.564581485061033
3.706859337279868
3.71169758844838
3.7160339020868007
3.7198236642725293
3.7230221236782524
3.7255841274834336
3.7274638338930917
3.7286144006128192
3.728987646191713
3.7285336798141278
3.727200494023705
3.724933513500521
3.7216750915248173
3.7173639437713706
3.7119345067607132
3.705316205355354
3.6974326098739154
3.688200458687886
3.6775285159313915
3.665316225984399
3.6514521157587683
3.6358118816848473
3.6182560788661693
3.5986273005852394
3.576746663503463
3.552569697371831
3.552569697371831
3.5525696973718306
3.552569697371831
3.5525696973718306
3.5525696973718306
3.552569697371831
3.552569697371831
3.552569697371831
3.5525696973718315
3.55256969737183
3.55256969737183
3.552569697371831
3.5525696973718306
3.5525696973718306
3.552569697371831
3.552569697371831
3.552569697371831
3.55256969737183
3.55256969737183
3.5525696973718306
3.552569697371831
3.552569697371831
3.552569697371831
3.552569697371831
3.5525696973718306
3.5525696973718315
3.5525696973718306
3.552569697371831
3.5525696973718315
3.552569697371831
3.552569697371831
3.552569697371831
3.552569697371832
3.5525696973718306
3.5525696973718306
3.5525696973718306
3.55256969737183
3.5525696973718306
3.5525696973718315
3.561224459174119
3.5842637385180076
3.6049230081199624
3.6234040910205594
3.6398837260725765
3.654517670709485
3.6674440707758906
3.6787862124316346
3.6886547860517775
3.697149764440984
3.704361974281078
3.710374421812649
3.715263420283078
3.719099556530879
3.7219485262958845
3.7238718618239837
3.7249275706836618
3.72517070112232
3.7246538462865937
3.72342759746446
3.721540954675402
3.7190417021238
3.7159767614545856
3.712392311129237
3.561224459174119
3.6975477155405354
3.6867308274202766
3.6759446106892173
3.6652494778009683
3.6547058025786057
3.644374007909999
3.6343146386133864
3.6245884218638516
3.6152563151918113
3.6063795411932795
3.598019607340588
3.5902383087106258
3.583097710900907
3.5766601099020896
3.5709879653176526
3.566143803130133
3.5621900840948135
3.559189034071824
3.5572024329599907
3.5562913594631196
3.556515889154301
3.557934736620382
3.5606050980529065
3.7083347003253913
3.5543447821368277
3.5457316677035986
3.538730276046099
3.5333145336895266
3.529454690741811
3.527117368895335
3.5262655761868094
3.526858697061872
3.52885246780923
3.5321989486566356
3.5368465047009017
3.542739807447059
3.549819867691904
3.558024108445809
3.5672864840422904
3.5775376484808366
3.588705172824184
3.6007138082861374
3.61348578870013
3.6269411633991715
3.640998148805693
3.65557348060109
3.6705826944897617
3.685942044813303
3.564581485061033
3.7063428299223173
3.7107036329829577
3.7146016660074963
3.7179924682756207
3.720831436814521
3.723073555038289
3.724673103338948
3.725583346835571
3.7257561963640473
3.7251418380625365
3.7236883259611315
3.721341130668305
3.7180426357762006
3.7137315716246553
3.708342373749888
3.701804450409114
3.6940413397618106
3.6849697325890247
3.6744983302176673
3.662526499395844
3.6489426753716665
3.6336224507423385
3.6164262699929304
3.5971966301518847
3.57575471278286
3.57575471278286
3.5346926133400522
3.5346926133400522
3.5346926133400522
3.5346926133400522
3.534692613340052
3.5346926133400522
3.5346926133400522
3.5346926133400522
3.534692613340052
3.5346926133400522
3.5346926133400522
3.534692613340052
3.534692613340052
3.5346926133400522
3.5346926133400522
3.5346926133400522
3.534692613340052
3.534692613340052
3.5346926133400522
3.5346926133400522
3.5346926133400522
3.534692613340052
3.534692613340052
3.5346926133400522
3.5346926133400522
3.5346926133400522
3.5346926133400522
3.534692613340052
3.5346926133400522
3.5346926133400522
3.5346926133400522
3.534692613340052
3.5346926133400522
3.534692613340052
3.5346926133400522
3.5346926133400522
3.5346926133400522
3.5346926133400522
3.534692613340052
3.523426284224
3.517077374790901
3.5125242703878494
3.509716569476204
3.508593817548023
3.5090865340369426
3.511117351965423
3.514602231256646
3.5194517065246784
3.5255721322583833
3.5328668924188396
3.54123754632501
3.550584888560747
3.560809906381624
3.5718146239454946
3.58350282780647
3.5957806728209585
3.6085571713531825
3.621744571548494
3.635258632661492
3.64901880607739
3.662948325388823
3.6769744178683585
3.5316104638050296
3.70491836488233
3.718714939748678
3.7323589599001457
3.7457951583904685
3.758971254994215
3.7718377275414015
3.784347569197445
3.796456036870001
3.8081203936886827
3.8192996476305443
3.8299542875181225
3.8400460170832376
3.849537487118632
3.858392025317974
3.8665733628602053
3.874045356314525
3.8807717030209234
3.8867156475453655
3.8918396763141625
3.8961051968146263
3.899472196385348
3.9018988679398694
3.9033414214216444
3.6910276841446077
3.9030612250434937
3.9013889698705757
3.8987840688793525
3.895286144913095
3.8909329460656967
3.8857606814996126
3.8798043333316454
3.8730979490427218
3.8656749183185353
3.8575682376127327
3.8488107652594237
3.839435469482728
3.829475671291667
3.8189652838167816
3.807939049318847
3.7964327747179354
3.784483566101538
3.772130062261141
3.7594126668871084
3.746373778551153
3.7330580170792675
3.719512444378626
3.70578677727082
3.691933590766422
3.678008462305867
3.903758972468056
3.6499504296756062
3.635963416251767
3.622178414334717
3.608668110907682
3.5955086768820625
3.5827796655756825
3.57056383302207
3.5589468737611254
3.54801706458692
3.537864809649426
3.528582082147387
3.5202617604505146
3.5129968597422097
3.5068796641785474
3.5020007691273207
3.498448047731143
3.4963055612342773
3.495652437128954
3.4965617435514997
3.499099391705207
3.503323099830319
3.5092814519237328
3.517013077544978
3.526545921671174
3.541628921092111
3.5381281102149384
3.538128110214938
3.5381281102149393
3.538128110214939
3.538128110214939
3.538128110214939
3.538128110214939
3.5381281102149393
3.538128110214939
3.538128110214939
3.53812811021494
3.5381281102149393
3.53812811021494
3.5381281102149393
3.5381281102149393
3.53812811021494
3.5381281102149384
3.538128110214939
3.5381281102149393
3.538128110214939
3.5381281102149384
3.5381281102149393
3.5381281102149384
3.5381281102149393
3.538128110214939
3.5381281102149393
3.5381281102149393
3.5381281102149384
3.538128110214939
3.538128110214939
3.5381281102149393
3.538128110214939
3.53812811021494
3.538128110214939
3.538128110214939
3.538128110214939
3.538128110214939
3.53812811021494
3.6640702618140395
3.66407026181404
3.523258985524068
3.51675723364878
3.51206578381127
3.5091342548583073
3.507902207904633
3.5083001754666654
3.510250801661865
3.5136700557019234
3.5184684797532437
3.524552434150961
3.5318253070097185
3.5401886601147567
3.549543288829797
3.5597901795010625
3.570831353680372
3.5825705936034162
3.5949140480626522
3.607770721537787
3.6210528522784275
3.6346761870552164
3.6485601598641813
3.6626279657599485
3.6768070878673305
3.53161046380503
3.696033478121522
3.7015741922689083
3.7076266983688613
3.7141692795913093
3.7211811591040878
3.728641861508693
3.736530555572906
3.7448254082645307
3.753502967494804
3.762537587761357
3.771900910530291
3.781561408919171
3.7914840034159325
3.8016297524245353
3.811955618116577
3.822414304734258
3.8329541632916806
3.8435191535070747
3.85404885101423
3.8644784848403235
3.874738983642054
3.8847569600249012
3.894456165355067
3.691027684144608
3.899209124785845
3.8939664402297383
3.8880791416647997
3.8815927386668565
3.874550409269782
3.866993311533819
3.8589608679025935
3.850491031379483
3.841620538605803
3.832385153666144
3.822819905793438
3.812959323579859
3.8028376678780362
3.792489165088896
3.7819482421507757
3.7712497641061637
3.760429274676278
3.749523239807619
3.7385692936772794
3.7276064860793885
3.7166755294966607
3.7058190433944427
3.6950817916973193
3.6845108998712446
3.6741563286553856
3.9037589724680557
3.6476209398551656
3.631479356996431
3.6157174347186682
3.6004104343524728
3.585636895574376
3.571478519576784
3.5580199792550635
3.5453486466982085
3.533554229836662
3.522728311515645
3.512963786220792
3.504354192314818
3.4969929409029294
3.490972446347382
3.4863831680161397
3.4833125775295453
3.48184407097151
3.4820558501751937
3.484019801651346
3.4878004053252107
3.4934537078288797
3.5010263981534107
3.5105550351812376
3.5220656047291174
3.541628921092111
3.541628921092111
3.5416289210921117
3.541628921092111
3.541628921092111
3.5416289210921112
3.541628921092111
3.5416289210921117
3.5416289210921112
3.5416289210921117
3.541628921092111
3.5416289210921112
3.5416289210921112
3.541628921092111
3.5416289210921117
3.5416289210921112
3.5416289210921112
3.541628921092111
3.5416289210921112
3.5416289210921117
3.541628921092111
3.541628921092111
3.541628921092111
3.5416289210921112
3.5416289210921112
3.5416289210921117
3.5416289210921112
3.5416289210921112
3.5416289210921117
3.541628921092111
3.5416289210921112
3.541628921092111
3.5416289210921112
3.5416289210921112
3.5416289210921117
3.5416289210921117
3.541628921092111
3.5416289210921112
3.5416289210921112
3.541628921092111
3.538128110214939
3.576349557382195
3.5861191071768297
3.5952316456049154
3.6037168735949847
3.6116025422011644
3.6189146389622513
3.625677553993069
3.6319142285361683
3.637646288209945
3.6428941629556557
3.647677195231338
3.652013737980455
3.655921243536123
3.659416344525918
3.6625149277476914
3.6652322017586094
3.6675827589027734
3.669580632411623
3.6712393490640465
3.6725719779171064
3.6735911754898343
3.6743092278067153
3.674738089560022
3.6748894207211165
3.6747746208486713
3.674404861265971
3.673791115345105
3.672944187045378
3.6718747378328556
3.670593312052326
3.6691103607831823
3.6674362637579976
3.665581347072305
3.663555875785471
3.6613706288936987
3.5658911351676634
3.655544886244633
3.651967003439066
3.6483123216519817
3.6445916255870983
3.640815760851172
3.6369956567752535
3.633142340831166
3.62926695041488
3.62538074315389
3.6214951059949843
3.617621563115221
3.613771782712926
3.609957582531356
3.606190934168839
3.6024839660264347
3.598848964885678
3.5952983759843526
3.5918448015883353
3.5885009978992377
3.585279870308754
3.5821944668371652
3.5792579697702775
3.5764836853378545
3.573885031432959
3.571475523249785
3.569268756723833
3.567278389538671
3.5655181188117595
3.56400165123655
3.562742627789678
3.5617555900889757
3.659035162905745
3.5597460048273013
3.5587012728037677
3.5579321442733196
3.5574519784267893
3.5572739200283845
3.557410859466027
3.5578753928662152
3.5586797817685754
3.5598359124320043
3.5613552550220313
3.563248823018608
3.565527133093193
3.568200165863111
3.5712773278057663
3.574767414723139
3.57867857707398
3.583018287492911
3.5877933108923075
3.593009677341067
3.5986726581175246
3.604786745105713
3.6113556338024915
3.618382210120957
3.6258685410930194
3.633815869634253
3.642224613315341
3.651094367109426
3.6604239096384728
3.6702112107651104
3.6804534230581565
3.554518633658491
3.6911736237040995
3.6911736237040995
3.691173623704099
3.691173623704099
3.691173623704099
3.691173623704099
3.6911736237040986
3.691173623704099
3.6911736237040986
3.6911736237040986
3.691173623704099
3.691173623704099
3.6911736237040995
3.6911736237040995
3.6911736237040986
3.691173623704099
3.691173623704099
3.691173623704099
3.691173623704099
3.691173623704099
3.6911736237040995
3.6911736237040986
3.691173623704099
3.691173623704099
3.6911736237040986
3.691173623704099
3.691173623704099
3.691173623704099
3.691173623704099
3.691173623704099
3.6911736237040986
3.6911736237040995
3.691173623704099
3.691173623704099
3.691173623704099
3.6911736237040986
3.691173623704099
3.6911736237040986
3.5610528139819633
3.5610528139819637
3.562535990618869
3.558912801816402
3.5551002807332583
3.5511764308867315
3.5472183686883905
3.543302078519065
3.539502083582096
3.5358910365106264
3.5325392384407497
3.529514098873277
3.5268795518189995
3.5246954470734058
3.523016937978677
3.521893889039659
3.521370327727261
3.521483964375728
3.522265802476978
3.5237398585990514
3.525923006746023
3.5288249567119117
3.532448369898854
3.536789109910297
3.5418366191302377
3.547574407284667
3.553980633642371
3.5610287614606304
3.56868826177827
3.5769253434061077
3.585703687094947
3.594985164156702
3.6047305234534703
3.614900036796176
3.6254541122785
3.6363540479250513
3.6475578091108836
3.5658911351676634
3.6558345903788974
3.6525286858300268
3.6491279206840512
3.6456429074076775
3.6420843542495898
3.6384630698260874
3.634789973087596
3.631076103706053
3.6273326318939025
3.6235708673255287
3.619802267008646
3.616038442087226
3.6122911633962955
3.6085723658073423
3.6048941512078687
3.601268790103762
3.597708721710524
3.5942265525305945
3.590835053256651
3.587547154012924
3.584375937774583
3.5813346319847277
3.5784365982228006
3.57569531994694
3.5731243882416983
3.570737485594869
3.5685483678869665
3.5665708452427234
3.564818765205086
3.5633060294855894
3.5620457615661127
3.6590351629057447
3.5595004010726603
3.558225704870573
3.557242339453045
3.556563700880731
3.556202960830578
3.556173032480632
3.5564865320786083
3.5571557390972326
3.5581925557298533
3.5596084661618748
3.561414496019196
3.563621172266436
3.5662384839732133
3.569275844235963
3.5727420536482835
3.576645265638786
3.580992953996796
3.5857918829829365
3.591048080220132
3.5967668127645496
3.602952566529544
3.609609029337302
3.616739077797884
3.624344768149062
3.632427331291257
3.6409871721468248
3.6500238738676
3.6595362084459793
3.6695221617259617
3.679979046475202
3.554518633658491
3.554518633658491
3.554518633658491
3.554518633658491
3.5545186336584913
3.554518633658491
3.554518633658491
3.5545186336584913
3.5545186336584913
3.554518633658491
3.554518633658491
3.5545186336584913
3.554518633658491
3.554518633658491
3.5545186336584913
3.554518633658491
3.554518633658491
3.5545186336584913
3.554518633658491
3.5545186336584913
3.554518633658491
3.5545186336584913
3.554518633658491
3.554518633658491
3.5545186336584913
3.554518633658491
3.554518633658491
3.554518633658491
3.554518633658491
3.554518633658491
3.554518633658491
3.554518633658491
3.554518633658491
3.554518633658491
3.554518633658491
3.554518633658491
3.554518633658491
3.554518633658491
3.554518633658491
3.554518633658491
3.6911736237040986
14.332491230122677
0.0
0.0
0.0
0.0
0.0
0.0
0.0
0.0
0.0
0.0
0.0
0.0
0.0
0.0
0.0
0.0
0.0
0.0
0.0
0.0
0.0
0.0
0.0
14.332491230122677
0.0
0.0
0.0
0.0
0.0
0.0
0.0
0.0
0.0
0.0
0.0
0.0
0.0
0.0
0.0
0.0
0.0
0.0
0.0
0.0
0.0
0.0
0.0
0.0
0.0
0.0
0.0
0.0
0.0
0.0
0.0
0.0
0.0
0.0
0.0
0.0
0.0
0.0
0.0
0.0
0.0
0.0
0.0
0.0
0.0
0.0
0.0
0.0
0.0
0.0
0.0
0.0
0.0
0.0
0.0
0.0
0.0
0.0
0.0
0.0
0.0
0.0
0.0
0.0
0.0
0.0
0.0
0.0
0.0
0.0
0.0
0.0
0.0
0.0
0.0
0.0
0.0
0.0
0.0
0.0
0.0
0.0
0.0
0.0
0.0
0.0
0.0
0.0
0.0
0.0
0.0
0.0
0.0
0.0
45.095176090846266
49.09507950632543
49.095079506325355
53.29497809257855
57.704871608144536
0.0
0.0
0.0
0.0
0.0
0.0
0.0
0.0
0.0
0.0
0.0
0.0
0.0
0.0
0.0
22.14103995310745
46.54731497658835
47.51895058893901
48.405317536534895
49.20962867844739
49.93505463585442
50.58472503295507
51.16173020139102
51.669123006185785
52.10992072221703
43.830507630355015
52.80363351609296
53.062422493572825
48.766671789023874
53.418338756704514
40.59315091005746
49.0517144519243
53.59073958676234
53.56304811070991
58.24258080334719
58.13280144803562
57.9876943009201
57.81023754447507
57.60339055754424
22.14103995310745
47.72690492382961
56.144007145215554
42.60249129093243
50.473833875743324
45.72537385675734
49.43109062149436
48.93633764966049
48.462679408084796
43.956648332585694
43.56818181517842
39.408744339279146
39.10328311471693
42.56555162171458
38.57591938963927
34.83823390376396
34.669879944563775
41.68484576984558
45.3946663648896
45.304574787860815
45.263317787418266
45.27348188721126
41.50783914612416
34.47838451239516
62.27793003834833
37.72461895553992
37.40108780106807
37.14014269235847
36.93954493164351
36.797238905780056
36.71133235013962
36.680075219111565
36.701837390583975
36.775085435988565
33.512766051791516
33.66888100571051
33.867887742099384
34.10852528662783
34.38951090056937
34.709519197799125
35.06716218326092
32.04915327449441
32.43634001230796
32.8532731751244
33.29831365456842
33.769692887195944
37.91326209980985
34.783679113930106
39.082294508669044
38.11277801762367
39.887792459179316
40.062115083682876
40.21858329231066
40.35518802469238
40.469917914091376
40.560758053671975
40.62568886142776
40.662684965687
40.66971409908344
40.644735996144654
44.68582994273678
44.581066571183406
44.4342584069106
44.243111787104915
44.00531823686515
43.718553284749675
43.380475284600394
47.130356281455974
46.639410289461644
46.08438015241058
45.46261060692951
44.771421306857484
48.06872958492665
47.15321593755288
46.152923000896976
46.152923000896976
0.0
0.0
0.0
0.0
0.0
0.0
0.0
0.0
0.0
0.0
0.0
0.0
0.0
0.0
0.0
0.0
0.0
0.0
0.0
0.0
48.22520125466398
44.296169075668224
40.55423366710091
44.29616907566827
44.29616907566829
40.55423366710091
40.55423366710092
40.554233667100924
44.29616907566824
44.29616907566828
48.225201254664
52.350685042609506
52.350685042609506
0.0
0.0
0.0
0.0
0.0
0.0
1.1801732153979292
0.0
0.0
0.0
0.0
0.0
0.0
0.0
0.0
0.0
0.0
0.0
0.0
0.0
0.0
0.0
0.0
0.0
0.0
0.0
0.0
0.0
0.0
0.0
1.0
0.0
0.0
0.0
0.0
0.0
0.0
0.0
0.0
0.0
0.0
0.0
0.0
0.0
0.0
0.0
0.0
0.0
0.0
0.0
0.0
0.0
0.0
0.0
0.0
0.0
0.0
0.0
0.0
0.0
0.0
0.0
0.0
0.0
0.0
0.0
0.0
0.0
0.0
0.0
0.0
0.0
0.0
0.0
0.0
0.0
0.0
0.0
0.0
0.0
0.0
0.0
0.0
0.0
0.0
0.0
0.0
0.0
0.0
0.0
0.0
0.0
0.0
0.0
0.0
0.0
0.0
0.0
0.0
0.0
0.0
0.0
0.0
0.0
0.0
0.0
0.0
0.0
0.0
0.0
0.0
0.0
0.0
0.0
0.0
0.0
0.0
0.0
0.0
0.0
0.0
0.0
0.0
0.0
0.0
0.0
1.6082790079978784
1.6226757951711255
1.6442709759309966
1.6514693695176204
0.0
0.0
0.0
0.0
0.0
0.0
0.0
0.0
0.0
0.0
0.0
0.0
0.0
0.0
0.0
1.1839268240520526
1.585014467821696
0.0
0.0
1.607604522144931
0.0
0.0
0.0
0.0
0.0
1.6527846307914014
0.0
1.6697271715338275
1.6753746851146365
1.686669712276254
1.692317225857063
1.7036122530186804
0.0
0.0
0.0
0.0
0.0
0.0
0.0
1.0037536086541234
1.8278575517964735
1.8321611130015616
1.8321611130015616
1.83646467420665
1.83646467420665
1.8407682354117378
1.8407682354117378
1.7162549117972334
1.7126557150039217
1.7126557150039217
1.7090565182106097
1.705457321417298
1.705457321417298
1.7018581246239861
1.6982589278306741
1.6946597310373623
1.6910605342440506
1.6910605342440506
0.0
0.0
0.0
1.0143967871732473
1.0287935743464947
0.0
1.0575871486929895
1.0719839358662369
1.0863807230394842
1.1007775102127315
1.1151742973859788
1.1295710845592262
1.13676947814585
1.1511662653190973
1.338324498571313
1.179959839665592
1.1943566268388395
1.2087534140120868
1.2159518075987104
1.2303485947719577
1.2447453819452052
1.2591421691184526
1.2735389562916999
1.2879357434649472
1.3023325306381945
1.3167293178114419
1.3311261049846892
1.3455228921579367
1.365769480364929
1.3720688122496336
1.043190361519742
1.397266139788452
1.4035654716731565
1.4161641354425658
1.4224634673272702
1.4350621310966796
1.441361462981384
1.4539601267507933
1.4602594586354978
1.472858122404907
1.4791574542896115
1.4931047106118993
1.4859063170252758
1.4931047106118993
1.5003031041985229
1.5146998913717704
1.521898284958394
1.5290966785450177
1.543493465718265
1.5362950721316415
1.5362950721316415
1.5506918593048888
1.5578902528915126
1.5650886464781362
1.5722870400647597
1.5650886464781362
1.5650886464781362
0.0
0.0
0.0
0.0
0.0
0.0
0.0
0.0
0.0
0.0
0.0
0.0
0.0
0.0
0.0
0.0
0.0
0.0
0.0
0.0
0.0
1.434085303945467
1.299708450297265
1.23154805681316
1.180720434585881
1.1355403259394108
1.0960077308737493
1.050827622227279
1.0112950271616175
1.709259766599489
1.7120835233898934
1.7149072801802978
1.7205547937611065
0.0
0.0
0.0
0.0
0.0
0.0
