14.332491230122677
0.0
0.0
0.0
0.0
0.0
0.0
0.0
0.0
0.0
0.0
0.0
0.0
0.0
0.0
0.0
0.0
0.0
0.0
0.0
0.0
0.0
0.0
0.0
14.332491230122677
0.0
0.0
0.0
0.0
0.0
0.0
0.0
0.0
0.0
0.0
0.0
0.0
0.0
0.0
0.0
0.0
0.0
0.0
0.0
0.0
0.0
0.0
0.0
0.0
0.0
0.0
0.0
0.0
0.0
0.0
0.0
0.0
0.0
0.0
0.0
0.0
0.0
0.0
0.0
0.0
0.0
0.0
0.0
0.0
0.0
0.0
0.0
0.0
0.0
0.0
0.0
0.0
0.0
0.0
0.0
0.0
0.0
0.0
0.0
0.0
0.0
0.0
0.0
0.0
0.0
0.0
0.0
0.0
0.0
0.0
0.0
0.0
0.0
0.0
0.0
0.0
0.0
0.0
0.0
0.0
0.0
0.0
0.0
0.0
0.0
0.0
0.0
0.0
0.0
0.0
0.0
0.0
0.0
0.0
45.095176090846266
49.09507950632543
49.095079506325355
53.29497809257855
57.704871608144536
0.0
0.0
0.0
0.0
0.0
0.0
0.0
0.0
0.0
0.0
0.0
0.0
0.0
0.0
0.0
22.14103995310745
46.54731497658835
47.51895058893901
48.405317536534895
49.20962867844739
49.93505463585442
50.58472503295507
51.16173020139102
51.669123006185785
52.10992072221703
43.830507630355015
52.80363351609296
53.062422493572825
48.766671789023874
53.418338756704514
40.59315091005746
49.0517144519243
53.59073958676234
53.56304811070991
58.24258080334719
58.13280144803562
57.9876943009201
57.81023754447507
57.60339055754424
22.14103995310745
47.72690492382961
56.144007145215554
42.60249129093243
50.473833875743324
45.72537385675734
49.43109062149436
48.93633764966049
48.462679408084796
43.956648332585694
43.56818181517842
39.408744339279146
39.10328311471693
42.56555162171458
38.57591938963927
34.83823390376396
34.669879944563775
41.68484576984558
45.3946663648896
45.304574787860815
45.263317787418266
45.27348188721126
41.50783914612416
34.47838451239516
62.27793003834833
37.72461895553992
37.40108780106807
37.14014269235847
36.93954493164351
36.797238905780056
36.71133235013962
36.680075219111565
36.701837390583975
36.775085435988565
33.512766051791516
33.66888100571051
33.867887742099384
34.10852528662783
34.38951090056937
34.709519197799125
35.06716218326092
32.04915327449441
32.43634001230796
32.8532731751244
33.29831365456842
33.769692887195944
37.91326209980985
34.783679113930106
39.082294508669044
38.11277801762367
39.887792459179316
40.062115083682876
40.21858329231066
40.35518802469238
40.469917914091376
40.560758053671975
40.62568886142776
40.662684965687
40.66971409908344
40.644735996144654
44.68582994273678
44.581066571183406
44.4342584069106
44.243111787104915
44.00531823686515
43.718553284749675
43.380475284600394
47.130356281455974
46.639410289461644
46.08438015241058
45.46261060692951
44.771421306857484
48.06872958492665
47.15321593755288
46.152923000896976
46.152923000896976
0.0
0.0
0.0
0.0
0.0
0.0
0.0
0.0
0.0
0.0
0.0
0.0
0.0
0.0
0.0
0.0
0.0
0.0
0.0
0.0
48.22520125466398
44.296169075668224
40.55423366710091
44.29616907566827
44.29616907566829
40.55423366710091
40.55423366710092
40.554233667100924
44.29616907566824
44.29616907566828
48.225201254664
52.350685042609506
52.350685042609506
0.0
0.0
0.0
0.0
0.0
0.0
