1.1801732153979292
0.0
0.0
0.0
0.0
0.0
0.0
0.0
0.0
0.0
0.0
0.0
0.0
0.0
0.0
0.0
0.0
0.0
0.0
0.0
0.0
0.0
0.0
0.0
1.0
0.0
0.0
0.0
0.0
0.0
0.0
0.0
0.0
0.0
0.0
0.0
0.0
0.0
0.0
0.0
0.0
0.0
0.0
0.0
0.0
0.0
0.0
0.0
0.0
0.0
0.0
0.0
0.0
0.0
0.0
0.0
0.0
0.0
0.0
0.0
0.0
0.0
0.0
0.0
0.0
0.0
0.0
0.0
0.0
0.0
0.0
0.0
0.0
0.0
0.0
0.0
0.0
0.0
0.0
0.0
0.0
0.0
0.0
0.0
0.0
0.0
0.0
0.0
0.0
0.0
0.0
0.0
0.0
0.0
0.0
0.0
0.0
0.0
0.0
0.0
0.0
0.0
0.0
0.0
0.0
0.0
0.0
0.0
0.0
0.0
0.0
0.0
0.0
0.0
0.0
0.0
0.0
0.0
0.0
0.0
1.6082790079978784
1.6226757951711255
1.6442709759309966
1.6514693695176204
0.0
0.0
0.0
0.0
0.0
0.0
0.0
0.0
0.0
0.0
0.0
0.0
0.0
0.0
0.0
1.1839268240520526
1.585014467821696
0.0
0.0
1.607604522144931
0.0
0.0
0.0
0.0
0.0
1.6527846307914014
0.0
1.6697271715338275
1.6753746851146365
1.686669712276254
1.692317225857063
1.7036122530186804
0.0
0.0
0.0
0.0
0.0
0.0
0.0
1.0037536086541234
1.8278575517964735
1.8321611130015616
1.8321611130015616
1.83646467420665
1.83646467420665
1.8407682354117378
1.8407682354117378
1.7162549117972334
1.7126557150039217
1.7126557150039217
1.7090565182106097
1.705457321417298
1.705457321417298
1.7018581246239861
1.6982589278306741
1.6946597310373623
1.6910605342440506
1.6910605342440506
0.0
0.0
0.0
1.0143967871732473
1.0287935743464947
0.0
1.0575871486929895
1.0719839358662369
1.0863807230394842
1.1007775102127315
1.1151742973859788
1.1295710845592262
1.13676947814585
1.1511662653190973
1.338324498571313
1.179959839665592
1.1943566268388395
1.2087534140120868
1.2159518075987104
1.2303485947719577
1.2447453819452052
1.2591421691184526
1.2735389562916999
1.2879357434649472
1.3023325306381945
1.3167293178114419
1.3311261049846892
1.3455228921579367
1.365769480364929
1.3720688122496336
1.043190361519742
1.397266139788452
1.4035654716731565
1.4161641354425658
1.4224634673272702
1.4350621310966796
1.441361462981384
1.4539601267507933
1.4602594586354978
1.472858122404907
1.4791574542896115
1.4931047106118993
1.4859063170252758
1.4931047106118993
1.5003031041985229
1.5146998913717704
1.521898284958394
1.5290966785450177
1.543493465718265
1.5362950721316415
1.5362950721316415
1.5506918593048888
1.5578902528915126
1.5650886464781362
1.5722870400647597
1.5650886464781362
1.5650886464781362
0.0
0.0
0.0
0.0
0.0
0.0
0.0
0.0
0.0
0.0
0.0
0.0
0.0
0.0
0.0
0.0
0.0
0.0
0.0
0.0
0.0
1.434085303945467
1.299708450297265
1.23154805681316
1.180720434585881
1.1355403259394108
1.0960077308737493
1.050827622227279
1.0112950271616175
1.709259766599489
1.7120835233898934
1.7149072801802978
1.7205547937611065
0.0
0.0
0.0
0.0
0.0
0.0
