200.111826416 94.955641063
202.088472197 195.194950499
204.074740176 195.44366718
206.070242755 195.700788532
208.07459234 195.96531198
210.087401335 196.23623495
212.108282143 196.512554867
214.13684717 196.793269156
216.172708818 197.077375244
218.215479494 197.363870556
220.2647716 197.651752517
222.320197541 197.940018552
224.381369721 198.227666089
226.447900545 198.513692551
228.519402416 198.797095364
230.595487739 199.076871955
232.675768919 199.352019748
234.759858358 199.621536169
236.847368463 199.884418644
238.937911636 200.139664597
241.031100282 200.386271456
243.126546806 200.623236644
245.223863611 200.849557589
247.322663102 201.064231714
249.422557683 201.266256446
251.523159759 201.454629211
253.624081732 201.628347433
255.724936009 201.786408539
257.825334992 201.927809953
259.924891087 202.051549102
262.023216697 202.156623411
264.119924227 202.242030305
266.21462608 202.30676721
268.306934662 202.349831552
270.396462376 202.370220756
272.482821627 202.366932247
274.565624818 202.338963452
276.644484355 202.285311795
278.71901264 202.204974703
280.78882208 202.0969496
282.853525077 201.960233912
284.912734036 201.793825065
286.966061361 201.596720484
289.013119457 201.367917595
291.053520727 201.106413824
293.086877577 200.811206595
295.112802409 200.481293335
297.130907629 200.115671469
299.14080564 199.713338422
301.14216076 199.273468542
303.135085187 198.796762608
305.119920072 198.284701685
307.097008408 197.738773119
309.066693189 197.160464259
311.029317407 196.55126245
312.985224057 195.912655039
314.934756131 195.246129374
316.878256623 194.553172802
318.816068527 193.835272669
320.748534835 193.093916323
322.67599854 192.33059111
324.598802637 191.546784377
326.517290119 190.743983471
328.431803978 189.923675739
330.342687209 189.087348528
332.250282804 188.236489185
334.154933758 187.372585058
336.056983062 186.497123491
337.956773711 185.611591834
339.854648698 184.717477432
341.750951016 183.816267633
343.646023659 182.909449784
345.54020962 181.998511231
347.433851892 181.084939321
349.327293469 180.170221401
351.220877343 179.255844819
353.114946509 178.343296921
355.00984396 177.434065054
356.905912688 176.529636565
358.803495688 175.631498802
360.702935953 174.74113911
362.604576475 173.860044837
364.508760249 172.989703329
366.415830267 172.131601934
368.326129524 171.287227999
370.240001011 170.458068871
372.157787724 169.645611896
374.079832654 168.851344421
376.006478796 168.076753794
377.938069143 167.323327361
379.874946687 166.592552469
381.817454423 165.885916465
383.765935344 165.204906697
385.720732442 164.55101051
387.682188712 163.925715253
389.650647147 163.330508271
391.62645074 162.766876912
393.609942484 162.236308522
395.601465373 161.74029045
397.601362399 161.280310041
399.60997655 160.857854642
