93.4301074733 6.5371872373
95.7716191749 36.8539490444
98.1181767462 37.2076605452
100.469634072 37.5964455213
102.825845036 38.0184277541
105.186663524 38.471731025
107.551943419 38.9544791157
109.921538607 39.4647958074
112.295302972 40.0008048818
114.673090399 40.5606301203
117.054754772 41.1423953044
119.440149975 41.7442242154
121.829129895 42.364240635
124.221548414 43.0005683446
126.617259417 43.6513311256
129.01611679 44.3146527596
131.417974416 44.9886570279
133.822686181 45.6714677121
136.230105968 46.3612085937
138.640087663 47.0560034541
141.052485149 47.7539760749
143.467152313 48.4532502373
145.883943037 49.1519497231
148.302711207 49.8481983135
150.723310707 50.5401197902
153.145595422 51.2258379345
155.569419237 51.903476528
157.994636035 52.5711593521
160.421099702 53.2270101882
162.848664122 53.869152818
165.27718318 54.4957110227
167.70651076 55.104808584
170.136500747 55.6945692833
172.567007025 56.263116902
174.99788348 56.8085752217
177.428983995 57.3290680238
179.860162455 57.8227190897
182.291272745 58.2876522011
184.722168749 58.7219911392
187.152704352 59.1238596856
189.582733438 59.4913816219
192.012109893 59.8226807293
194.4406876 60.1158807895
196.868320444 60.3691055839
199.29486231 60.580478894
201.720167082 60.7481245012
204.144088645 60.8701661871
206.566480883 60.944727733
208.987197682 60.9699329205
211.406092925 60.943905531
213.823020769 60.864776402
216.237878499 60.731798162
218.650653375 60.5465636347
221.061343916 60.3109585201
223.469948645 60.0268685179
225.876466079 59.6961793279
228.28089474 59.3207766501
230.683233148 58.9025461842
233.083479823 58.4433736302
235.481633285 57.9451446877
237.877692053 57.4097450567
240.271654649 56.839060437
242.663519593 56.2349765284
245.053285404 55.5993790308
247.440950602 54.9341536439
249.826513709 54.2411860678
252.209973243 53.522362002
254.591327725 52.7795671466
256.970575676 52.0146872013
259.347715615 51.229607866
261.722746063 50.4262148405
264.095665539 49.6063938247
266.466472564 48.7720305183
268.835165657 47.9250106213
271.20174334 47.0672198334
273.566204132 46.2005438545
275.928546554 45.3268683844
278.288769124 44.448079123
280.646870365 43.5660617701
283.002848795 42.6827020255
285.356702935 41.799885589
287.708431305 40.9194981606
290.058032426 40.04342544
292.405504816 39.1735531271
294.750846997 38.3117669216
297.094057489 37.4599525236
299.435134811 36.6199956327
301.774077484 35.7937819488
304.110884028 34.9831971717
306.445552964 34.1901270014
308.77808281 33.4164571376
311.108472088 32.6640732801
313.436719318 31.9348611288
315.762823019 31.2307063835
318.086781712 30.5534947441
320.408593917 29.9051119104
322.728258154 29.2874435822
325.045772943 28.7023754594
327.361136805 28.1517932418
329.674348259 27.6375826293
331.98540582 27.1616293216
