-20.1587410653 40.965589102
-19.5511171975 142.122903761
-18.9283131487 143.25835233
-18.2905449959 144.372229038
-17.6380288159 145.464828115
-16.9709806857 146.536443792
-16.2896166821 147.587370298
-15.5941528821 148.617901865
-14.8848053626 149.628332722
-14.1617902004 150.618957099
-13.4253234725 151.590069227
-12.6756212558 152.541963336
-11.9128996272 153.474933656
-11.1373746636 154.389274417
-10.3492624419 155.28527985
-9.54877903905 156.163244185
-8.73614053187 157.023461652
-7.91156299731 157.866226481
-7.07526251227 158.691832902
-6.22745515366 159.500575146
-5.36835699839 160.292747443
-4.49818412336 161.068644022
-3.61715260547 161.828559116
-2.72547852164 162.572786952
-1.82337794876 163.301621763
-0.911066963743 164.015357777
0.0112383565069 164.714289226
0.943321935084 165.398710339
1.88496769508 166.068915347
2.8359595596 166.725198479
3.79608145172 167.367853967
4.76511729455 167.997176039
5.74285101119 168.613458928
6.72906652471 169.216996862
7.72354775823 169.808084072
8.72607863483 170.387014788
9.73644307761 170.95408324
10.7544250097 171.509583659
11.7798083541 172.053810275
12.812377034 172.587057318
13.8519149724 173.109619018
14.8982060925 173.621789606
15.9510343173 174.123863311
17.01018357 174.616134364
18.0754377736 175.098896995
19.1465808513 175.572445435
20.223396726 176.037073913
21.305669321 176.49307666
22.3931825593 176.940747906
23.485720364 177.380381881
24.5830666582 177.812272816
25.685005365 178.23671494
26.7913204075 178.654002484
27.9017957088 179.064429679
29.016215192 179.468290753
30.1343627801 179.865879938
31.2560223963 180.257491464
32.3809779637 180.643419561
33.5090134053 181.023958459
34.6399126443 181.399402388
35.7734596038 181.770045579
36.9094382068 182.136182262
38.0476323764 182.498106667
39.1878260357 182.856113024
40.3298031079 183.210495564
41.473347516 183.561548516
42.6182431831 183.909566112
43.7642740323 184.25484258
44.9112239868 184.597672152
46.0588769695 184.938349058
47.2070169036 185.277167527
48.3554277123 185.61442179
49.5038933185 185.950406078
50.6521976453 186.28541462
51.800124616 186.619741647
52.9474581535 186.953681389
54.093982181 187.287528075
55.2394806215 187.621575938
56.3837373982 187.956119205
57.5265364341 188.291452109
58.6676616524 188.627868878
59.8068969761 188.965663744
60.9440263284 189.305130936
62.0788336322 189.646564685
63.2111028108 189.990259221
64.3406177872 190.336508774
65.4671624845 190.685607574
66.5905208258 191.037849851
67.7104767342 191.393529837
68.8268141328 191.75294176
69.9393169447 192.116379852
71.0477690929 192.484138342
72.1519545007 192.85651146
73.251657091 193.233793438
74.3466607869 193.616278504
75.4367495117 194.00426089
76.5217071882 194.398034826
77.6013177398 194.797894541
78.6753650894 195.204134266
79.7436331601 195.617048231
80.80590587 196.036930667
