0.9345271742244705 -35.19387402984804
1.0772749303929459 -36.03522955391109
1.224232940227239 -36.80640481674134
1.3741723257827942 -37.50966367091353
1.526376860242351 -38.14725515242711
1.6802405070943536 -38.72142416759204
1.8352099260985142 -39.23441301945643
1.990770100234613 -39.68846178938762
2.146439545387082 -40.085808464558916
2.301768395265128 -40.42868898813335
2.4563375326465717 -40.71933728217833
2.6097581577725464 -40.95998525903781
2.7616715603808046 -41.15286282657794
2.9117489967870966 -41.30019789027126
3.059691628711647 -41.40421635347886
3.2052305074755907 -41.46714211508808
3.348126606344721 -41.49119706269407
3.4881709298190344 -41.478601059765495
3.625184788044834 -41.431571914140925
3.7590205112397257 -41.352325300201386
3.8895636186526588 -41.24307452399392
4.016741521612914 -41.10602958388429
4.140584483573122 -40.9433905895806
4.260405038027557 -40.757436330692606
0.9345271742244705 -35.19387402984804
4.273121532869027 -40.34010130645489
4.168776335715563 -40.11292490833779
4.0638948194037425 -39.87098254288427
3.9587634059784307 -39.61646049965782
3.85366440196006 -39.35154509610994
3.7488665319428947 -39.078423699126525
3.644622572309629 -38.79928498074696
3.5411685628498333 -38.51631900338168
3.4387234918849003 -38.23171725333032
3.3374891539474163 -37.947672656596815
3.23765007968521 -37.66637958653256
3.1393734997371325 -37.39003386765405
3.04280932668982 -37.12083277788219
2.9480901485267736 -36.86097504966828
2.855331232004289 -36.612660869885374
2.7646305389856707 -36.37809187950145
2.676068766124331 -36.159471171063274
2.5897094375892493 -35.95900328333895
2.5055991411961998 -35.77889418730752
2.4237682405856162 -35.62135124321745
2.3442337278684704 -35.488583029301296
2.2670191974238776 -35.38279814151032
2.191886409709582 -35.30622132489145
4.376706139423021 -40.550318323468446
2.1892355303264424 -35.23755273679269
2.2617049900716495 -35.24864408357718
2.3364287670966633 -35.292565023049136
2.4134556142084307 -35.367182504753984
2.4928214728466003 -35.47036468536768
2.574546379436754 -35.59998111385795
2.6586336952136094 -35.753902778269996
2.7450698534365756 -35.930002119743776
2.8338242636676796 -36.12615303888789
2.9248492753565642 -36.340230896526066
3.0180801698307675 -36.570112513991944
3.11343517069065 -36.813676171026316
3.2108154721718165 -37.0688016025569
3.3101052915936577 -37.333369992244435
3.4111719612734532 -37.6052639623281
3.5138660922541476 -37.882367555436396
3.618021880340933 -38.162566200407454
3.723457719633444 -38.44374664394669
3.829977553459571 -38.723796800627596
3.937374252601103 -39.00060537724215
4.045439750876994 -39.272060745897754
4.154005588642065 -39.53604643763068
4.263226718627266 -39.79040959369522
4.369771891919584 -40.03338444810319
2.118958390312571 -35.26105602913285
4.63988760410075 -40.4605247766457
4.804151770288968 -40.640250098610586
4.9675446170192 -40.79976225869527
5.12950215569083 -40.937000662808565
5.289492417121323 -41.04990256537706
5.446971656684013 -41.13640793649609
5.601373408590632 -41.19446067922973
5.752104840936568 -41.22200903369883
5.89854530275079 -41.21700573820784
6.040045670249128 -41.17740810073899
6.175928029325689 -41.10117803314592
6.3054855176642945 -40.9862820661583
6.4279822537483255 -40.83069135474221
6.542653322781916 -40.63238167496427
6.648704812001938 -40.38933341249957
6.745313904661089 -40.09953154116116
6.831629062184504 -39.76096558307579
6.90677036170041 -39.37162953766464
6.96983013692909 -38.929521747155555
7.019874271537162 -38.432644627249815
7.0559450541253455 -37.87900407310825
7.077068324308129 -37.26660797294705
7.082274919326039 -36.5934617481589
7.070686469276268 -35.85755051264984
7.042115975798538 -35.05671418901413
9.265504920039461 -33.650591433281626
11.46207689284995 -32.96714544111027
13.67383431343086 -32.11289679243781
15.876865008005097 -31.082745096765596
18.045708165996928 -29.875814667061274
20.15432679112382 -28.49587683910621
22.177204348970292 -26.951502601839035
24.090475305666303 -25.25590791834665
25.872988020322396 -23.426488770901546
27.50720226288962 -21.484080359685024
28.979842478889054 -19.452007997420168
30.282258365247912 -17.355019836730055
31.410480379896285 -15.218199878338892
32.364992650736326 -13.065953311974805
33.15027349887208 -10.921137861180053
33.77417083460426 -8.804389227418909
34.24718514435642 -6.733661331036387
34.58172815736191 -4.723977443134693
34.79141354370472 -2.7873695240926004
34.89042060037929 -0.932971361591342
21.807977078443287 27.2511288019233
23.555748386965433 25.755360668468583
25.249979624379137 24.096688863853487
26.86668916380131 22.279876539348322
28.382142083861368 20.314179677368898
29.773910357849445 18.213350796480768
31.02194056966158 15.995345839503095
32.10953133482025 13.681735368406976
33.02412597973665 11.29685746158664
33.75784430792595 8.866782557092272
34.30770768162216 6.418183455253207
34.67554854058403 3.9772124210963895
34.867631888078904 1.5684807140498904
34.89404575422935 -0.7857837709401068
34.76793587525037 -3.0663529163160277
34.504665377927495 -5.25737124332808
34.12097444826685 -7.346494942055191
33.63420098897842 -9.32482756226213
33.06160506840365 -11.18669546979032
32.41982118925711 -12.92931085903344
-8.450049647445752 34.17716739614151
-8.940109583998293 34.89994843769078
-9.424995204368145 35.55071624274224
-9.904185345465095 36.13204549365955
-10.376785834437612 36.646595420838395
-10.841898337315897 37.09701860778116
-11.298673052072544 37.485947963010666
-11.746321882187544 37.81599346314437
-12.184122827992951 38.089741067794684
-12.61142174269348 38.30975228522726
-13.027633129784064 38.47856397581973
-13.432240540162482 38.59868825497513
-13.824796782874941 38.6726124420571
-14.20492404035781 38.70279903370989
-14.572313928714877 38.69168569264698
-14.926727519062126 38.64168524842527
-15.267995319914107 38.55518571226608
-15.596017201536768 38.434550318752954
-15.910762196970865 38.28211762324363
-16.212267978829843 38.100201753530065
-16.500639265317105 37.891093170169384
-16.776041419093758 37.65706171499521
-17.038655600500903 37.400377955816715
-17.289282117249314 37.12302602507379
-8.450049647445752 34.17716739614151
-16.570187589965286 36.78870967224998
-15.615067241351142 36.7329391908565
-14.664540401536243 36.66184066987368
-13.720324004394769 36.57725753653213
-12.783937554414962 36.48107227069756
-11.856710090846576 36.375203089931546
-10.939781928576025 36.261603121044516
-10.034105238014263 36.14226012391408
-9.140444276376115 36.01919638046548
-8.259375492243635 35.894468644732676
-7.391287576692974 35.77016811762286
-6.5363814891487095 35.64842043301371
-5.694670469633451 35.53138564980985
-4.8659800418508325 35.42125824687982
-4.04994800757882 35.320267118947406
-3.2460244290623166 35.23067557336538
-2.4534715884380205 35.15478132508839
-1.6713638946596916 35.094916488199225
-0.8985876476303645 35.05344755607417
-0.13384032783014277 35.03277534268356
0.6243722478639882 35.03533474994322
1.3777558392058324 35.06359314017215
2.127959804935216 35.12007223563394
-17.52793833330597 36.82737094267399
3.779881159723743 34.75999034020402
4.6863110788542315 34.34681123469152
5.598843219324294 33.96481291260708
6.519609525597815 33.61078227295155
7.450528938612592 33.28160920269383
8.393304309311162 32.974286827124544
9.3494216284341 32.685911571913365
10.32014977098072 32.41368318121277
11.306540396100957 32.1549047242888
12.30942790353177 31.90698259490538
13.32942941521327 31.667426508722095
14.366944769643425 31.43384949671173
15.422156525448258 31.203967894896635
16.49502997373446 30.97560132682583
17.585313163261446 30.74667267499178
18.69253694716602 30.515208030582855
19.81601507144947 30.27933660000493
20.954844353269465 30.037290518132735
22.10790507435928 29.78740443793405
23.273861965033234 29.52811450420547
24.45116715688789 29.257955275030888
25.63807199510967 28.975547408724942
26.832709723443656 28.679511469564062
28.03198140024716 28.369629285891243
2.877200105146926 35.20729720533039
29.170953540194773 28.38882942513351
29.09271513230584 28.722776005760537
28.99809990728744 29.044367458133607
28.885926969946183 29.351839814639952
28.75507972353148 29.643370678246562
28.60449311003805 29.91709252268359
28.43315042230472 30.171096017432035
28.24008224245864 30.4034311342319
28.0243660200519 30.61210758842396
27.785125883449723 30.795095036979376
27.52153255063132 30.950323174451135
27.232803287760362 31.075681779253614
26.91820189648979 31.1690207334035
26.57703872197203 31.228150022976095
26.20867068254688 31.250839720733723
25.81250132985639 31.234819947189713
25.387980957024297 31.1777807962158
24.934606795455863 31.07737219877078
24.45192338576544 30.93120366343816
23.939523326000256 30.73684375309019
23.397048923442355 30.491818928109428
22.824196330590098 30.19361064848267
22.220727961613136 29.83964667339443
21.586522169957505 29.42726624969427
20.921921015660075 28.953476414071865
20.921921015660075 28.953476414071865
-1.5014237834321733 -34.25158271751591
-4.037315976439501 -34.04592885704069
-6.6727924620251855 -33.62884227550853
-9.37577914470188 -32.977567488552936
-12.107693825449758 -32.07536347824379
-14.824961197108323 -30.9135199797196
-17.48125105968289 -29.492898355716516
-20.03024499918483 -27.824709833256502
-22.428611544079047 -25.930340843056687
-24.63880222157603 -23.840189116664952
-26.63129646947354 -21.591647468113596
-28.386021386551775 -19.226517674152927
-29.89282513993723 -16.788216021526118
-31.151046951255367 -14.319129368539613
-32.168359851594744 -11.858406996329556
-32.95913859130457 -9.440358857133965
-33.54261930576063 -7.093509860506568
-33.94108238427371 -4.840260180634338
-34.1782267071445 -2.697037483485225
-34.27783303191196 -0.6747997248482349
-10.548076600179698 32.62151547781052
-12.938176519982662 31.74946897776495
-15.368103754478497 30.647130029154013
-17.800890965296304 29.301083134824935
-20.19489467728536 27.70544027814107
-22.50579154471896 25.863382202990138
-24.689145525329494 23.788049210925067
-26.703281890459095 21.502556320376634
-28.51210903519336 19.03903438721448
-30.08750478498545 16.43676512717048
-31.410944908595553 13.739640897107364
-32.47418470683151 10.993294304205648
-33.27897291973229 8.242278413158289
-33.83593467667943 5.527632095913425
-34.16286914394066 2.885058731859239
-34.28275051413091 0.34381567466741814
-34.221702545565385 -2.073708493287725
-34.007156490096975 -4.351838633307253
-33.666324213289734 -6.481034330872735
