20.97443702165377 -28.941709525233165
21.086446750790532 -29.2936674959131
21.18445556418401 -29.629994302283592
21.268892227795522 -29.950944529770524
21.340179440200014 -30.256776780116283
21.398734719988795 -30.54775302417761
21.444970626947555 -30.82413844030775
21.479294835352047 -31.086201360995133
21.502110162273578 -31.334213251201376
21.51381458066194 -31.56844870001376
21.51480122432345 -31.789185415470257
21.505458390648563 -31.9967042232239
21.48616954116987 -32.19128906588813
21.457313300671245 -32.373227002651035
21.41926345616198 -32.54280821052848
21.372388954480986 -32.70032598529315
21.317053898987563 -32.84607674294651
21.253617545574446 -32.98036002262147
21.182434296530694 -33.10347848956715
21.10385369243101 -33.21573793994354
21.01822040027999 -33.31744730705162
20.92587419700162 -33.40891867145859
20.82714994393259 -33.49046727472319
20.72237754806973 -33.5624115412995
20.611881900550763 -33.625073114002845
20.49598277347387 -33.678776911658474
20.3749946401429 -33.723851230851125
20.249226341464706 -33.76062793478238
20.118980418822673 -33.78944283060255
19.984551646255795 -33.81063649868767
19.84622336227943 -33.82455636747201
19.70425646480929 -33.83156293619626
19.55884539103829 -33.832054665122655
19.409809979979375 -33.82664221076931
19.26073469757646 -33.813807926103436
20.847985328917343 -28.573874355940745
18.799243545555257 -33.81413790762048
18.487409587287846 -33.82825142293882
18.174668007269073 -33.83774893828769
17.861418983604633 -33.842929758554305
17.54798530215693 -33.84413520270459
17.234659048141463 -33.841722202078245
16.92171327852097 -33.83605670027919
16.609405912057753 -33.82751145305056
16.29798128486974 -33.8164651488151
15.987670856723934 -33.80330200913281
15.678693562968633 -33.78841158853314
15.371256003563406 -33.7721886683924
15.06555254896669 -33.75503319515403
14.761765402466335 -33.73735024510947
14.460064636289399 -33.71955000219356
14.160608211960437 -33.70204774533431
13.863541988747553 -33.68526384044384
13.568999723070817 -33.669623738092724
13.27710305724462 -33.65555797361736
12.987961495871723 -33.64350217309854
12.701672362070525 -33.6338970639662
12.418320721258773 -33.62718849692635
12.137979243798377 -33.623827484206004
11.860707947859893 -33.624270273652
11.586553682593873 -33.628978497466164
11.315548988990578 -33.63841950027668
11.047709250461452 -33.65306716137667
10.783024142324557 -33.67340436169226
10.521423427404564 -33.69993285273952
10.262537522074062 -33.733242342650044
10.008932120403855 -33.773077179541815
19.109365466123204 -33.79533591411223
9.79047948879849 -33.76342695093146
9.824356771619847 -33.71535245691513
9.860728828290938 -33.67660044973027
9.89983429030488 -33.6475665924159
9.941863040109105 -33.62866056314698
9.986992624346776 -33.620295548927885
10.035397358425712 -33.622885617858344
10.087251363251674 -33.63684484322778
10.142729781922583 -33.662586952316815
10.202009335153782 -33.700525165544434
10.265268602364344 -33.75107211586362
10.332688176676733 -33.81463980300683
10.404450758875825 -33.891639566489374
10.480741220365246 -33.98248206647594
10.561746651848324 -34.08757726928431
10.647656407497777 -34.20733443367371
10.738662152198799 -34.34216209495153
10.834957920654844 -34.49246804681587
10.936740197833899 -34.658659313623104
11.04420803871318 -34.84114211144339
11.157563255443776 -35.040321785270976
11.277010726522391 -35.25660270585695
11.40275893569445 -35.490388090189555
11.53502097056652 -35.742079667221304
11.674016519117387 -36.01207701179746
11.819976260215668 -36.30077607723615
11.973152839733558 -36.60856552892838
12.133853798207781 -36.935815744660715
12.302573280824504 -37.28283481424779
12.480914009104396 -37.64956053991327
18.82042864151145 -29.47475279135014
20.98961957534722 -34.15836765486338
23.817217027170116 -32.25055633385716
26.586293982847053 -30.008785097371828
29.23289846424551 -27.437125544446673
31.69220094718665 -24.55529698223495
33.90339611268321 -21.399017332324206
35.814670044861245 -18.01853546602311
37.387442927947475 -14.47540403830186
38.599191321164014 -10.837926006150383
39.4444349928509 -7.175984870202399
39.933853456118456 -3.556059463489248
40.09185495139258 -0.037112250180285855
39.95315431807258 3.332217099604236
39.55898332307093 6.514986508628539
38.95347778197895 9.486030753243796
38.18061939203575 12.231047118015653
37.28192230733097 14.745049333005028
36.294893841326385 17.030528230488443
-14.084014556641378 37.53663203766328
-11.18325416840186 38.500558917599335
-8.03741280386042 39.277960820070035
-4.669576535031851 39.81900633800515
-1.116112279972171 40.07633346678699
2.5735272277792802 40.0091885492632
6.3385502986481015 39.58763684376882
10.110163417560827 38.79616999695756
13.816199517821218 37.6360311622569
17.386420547667157 36.12576077125951
20.757690305964317 34.29980326363827
23.8782292234158 32.205409171700126
26.710378116893352 29.898393127644823
29.23163538614652 27.438471229534684
31.434078511501767 24.88487329474188
33.322538513258806 22.292748547341546
34.91201764700875 19.710637599468072
36.22483255656256 17.179048780756744
37.287868987718966 14.730004654355042
38.130200900810735 12.387331836453995
9.758554716310655 -33.8205158277344
-10.274952812871604 33.66722479947708
-35.20656002435032 1.7988187455368063
-35.02276558788356 2.6778184333872446
-34.808553353885614 3.571792400289695
-34.5652670581363 4.479323165935796
-34.29422413299693 5.399027215629644
-33.99671554407673 6.329561205933828
-33.67400574981631 7.269623515728114
-33.327332688805626 8.21795476294264
-32.957907774609396 9.173338010754946
-32.566915895284794 10.134598861269865
-32.15551541234481 11.100605501633623
-31.724838162051455 12.070268728761363
-31.275989456602865 13.042541962957415
-30.810048085309436 14.016421255371029
-30.32806631733989 14.990945292390762
-29.83106990426944 15.965195397515231
-29.3200580834879 16.938295531590285
-28.796003583449615 17.909412292078372
-28.25985262980153 18.877754910594717
-27.71252495438413 19.84257524910325
-27.15491380742456 20.803167793705143
-26.587885976079935 21.7588696458956
-26.012281810898866 22.7090605084189
-25.428915267182646 23.653162663713374
-24.838573971324315 24.59064093973012
-24.242019330095577 25.521002652005137
-23.639986722437868 26.443797502917022
-23.033185855375592 27.358617394662673
-22.422301475373352 28.265096055080875
-21.80799493255389 29.162908213927466
-21.1909080921274 30.051767545112853
-20.571675067157923 30.93142049233481
-19.950969148814455 31.801621571212365
-19.329831319666628 32.66196048836099
-18.70525487258505 33.514185756545146
-35.358567774065165 0.9362013408883456
-17.821047620651413 34.352369000576175
-17.561157299592864 34.34255481994697
-17.30052626723116 34.32800738258376
-17.039324339715694 34.30915020535028
-16.777781318000294 34.286374123543226
-16.516137208696517 34.26006348738261
-16.254629779895936 34.23060271104319
-15.99349041355524 34.198378455157155
-15.732942447278207 34.16378049997326
-15.473200421303053 34.12720214197074
-15.214469702569295 34.089040391202275
-14.95694628398864 34.04969607855068
-14.700816670407088 34.009573915020326
-14.446257812567652 33.969082528084726
-14.193437067828947 33.9286344827558
-13.942512178362307 33.88864629496109
-13.693631260866875 33.849538438091
-13.446932806791061 33.81173534658518
-13.202545692144422 33.77566541408453
-12.960589200867147 33.74176098853863
-12.72117306703353 33.71045835952026
-12.484397550277965 33.68219773679377
-12.25035357047512 33.65742320905284
-12.019122961298187 33.6365826673846
-11.790778979470918 33.62012765018389
-11.565387427191055 33.60851300054719
-11.34300946058417 33.60219600967454
-11.123710016846871 33.60163384514158
-10.90759152521229 33.607273262522654
-10.695029888003859 33.61947858607431
-10.483486560012473 33.63950463560323
-18.080435856526975 34.35681034822002
-10.398674235280382 33.572059305647116
-10.525302445339086 33.48564710039517
-10.654704425762645 33.40848779922899
-10.787055603923157 33.34098635915629
-10.922588644701584 33.28352974513078
-11.0615575628037 33.23649788327094
-11.204228749389955 33.200266399063935
-11.3508779796866 33.17520753133394
-11.50178921423845 33.161690498475735
-11.657254051756063 33.16008166552652
-11.817571453162842 33.170744629775214
-11.983047589253552 33.194040267403125
-12.153995749525834 33.23032676300801
-12.330736281398693 33.27995962934327
-12.513596544496636 33.343291723802906
-12.702910870079315 33.42067326402966
-12.899020518152248 33.512451844753144
-13.102273625938125 33.61897246122348
-13.313025136883887 33.74057753959963
-13.531636697067974 33.87760698467167
-13.758476492700694 34.030398253509105
-13.993918982434451 34.1992864779794
-14.238344431275337 34.38460467889402
-14.492138046163248 34.58668416190724
-14.755688249299205 34.805855311007406
-15.029382879533749 35.042449331714494
-15.31359969737381 35.29680261085346
-15.608677900222318 35.56926979535996
-15.914804182707549 35.86027610621019
-16.231215159522847 36.17068353999417
16.894347059596857 -30.619448456680573
16.894347059596857 -30.619448456680573
14.841873238618142 -31.66525517235283
12.674554292344022 -32.59333152428347
10.407511977362267 -33.38642360005768
8.059126210880828 -34.029693960988254
5.6504938859431135 -34.51146918353878
3.2046915118906263 -34.82383578348376
0.74589442635342 -34.96302658332317
-1.7015766377993131 -34.92956088053674
-4.114202450091682 -34.728128722421644
-6.470129191615797 -34.36723751780508
-8.749885916115279 -33.858663334756656
-10.936912476748581 -33.21676582446534
-13.017878530401795 -32.45773289878903
-14.982797104592848 -31.5988192387632
-16.824954948815268 -30.6576332637039
-18.54069456176274 -29.65151314062824
-20.12908892361063 -28.5970167231969
-21.591550292123934 -27.50953548034046
-34.94883753477276 -1.2443236433848028
-34.79742562316654 -3.479763837047045
-34.49284488143862 -5.763092776143793
-34.02614266293561 -8.07410687587057
-33.39170283438518 -10.390561495007887
-32.58774844040858 -12.688902156848542
-31.616649747332517 -14.945134496414738
-30.484996090763083 -17.135769597762064
-29.203413784394996 -19.238768403898305
-27.78614012012944 -21.23440612746117
-26.250390440009262 -23.10598598001171
-24.615576697937605 -24.840349639032425
-22.9024484046735 -26.428156262454166
-21.1322289380889 -27.863928051687637
-19.32581266066034 -29.145883952395195
-17.503073610648663 -30.275600746172515
-15.682318117411171 -31.257550844967753
-13.87989493201406 -32.0985685512248
-12.10996006349724 -32.80729268961292
-10.38438111743978 -33.39362536726415
15.386543200852628 -37.02178411544898
