0.3883265837131944 -33.89815784930548
0.4368700308482687 -33.68300039711002
0.48576655316293227 -33.52928824430589
0.5351879487934923 -33.434505750324576
0.5853363410803354 -33.39613724989928
0.6364116284495367 -33.41166737735051
0.688603351409455 -33.478581147662595
0.742087987100831 -33.59436398246379
0.797027874355507 -33.756501721173805
0.8535707348933386 -33.962480624460625
0.9118494479732249 -34.20978737652521
0.9719819499934204 -34.495909084235194
1.034071210044857 -34.81833327600788
1.0982052696354003 -35.17454789782025
1.1644573630350408 -35.562041307299694
1.2328861747129451 -35.97830226051653
1.3035363783559717 -36.420819886532456
1.3764398409003036 -36.88708363192788
1.4516186471897754 -37.37458311922799
1.5290941870632935 -37.88080772574784
1.608923516885568 -38.40324489603745
1.6914539088218135 -38.93936832819486
1.7739251668077713 -39.48679565261108
0.3402226169306175 -34.17727394942469
2.0004141925598162 -40.59747430453598
2.1465265420863773 -41.15546124951811
2.296110597796769 -41.714398263846874
2.44894892156384 -42.27178439244241
2.6048505845668046 -42.82511845047384
2.76361164280479 -43.371900857134534
2.9250052584675927 -43.90963409356246
3.0887784104608613 -44.43582285588096
3.254650583165585 -44.94797411489347
3.4223131770206123 -45.44359714326464
3.591429223370028 -45.920203527239494
3.7616332456159967 -46.37530717221344
3.932531203008523 -46.80642430221769
4.103700495579005 -47.2110734555782
4.274690035271021 -47.5867754745382
4.445020420095034 -47.93105348307165
4.614184312711245 -48.24143284230058
4.781647296202038 -48.51544105017007
4.94685003236566 -48.75060749051141
5.10921475344179 -48.944462679759226
5.268171246094539 -49.094535251553395
5.423338763373181 -49.19833085010737
5.572080544135019 -49.25361586945647
1.8582941815128606 -40.04292531347622
5.696749163468269 -49.22537278804697
5.673166977666483 -49.14474971978947
5.644478621800943 -49.01850509628426
5.6109268762451165 -48.84893357607709
5.572791371845597 -48.638325532800565
5.53036043061951 -48.388970321792186
5.483924027671549 -48.10315709721334
5.433771447303798 -47.78317508372095
5.380190348447229 -47.431313685134256
5.323466343893983 -47.04986253309852
5.2638827956870955 -46.64111151109279
5.201720713203883 -46.20735076605146
5.137258707346746 -45.75087071423178
5.070772982054905 -45.27396204223069
5.002537359518328 -44.77891570433408
4.932823347732267 -44.268022915406874
4.861900276403901 -43.74357513632512
4.790035562238813 -43.207864045039884
4.717495249534238 -42.66318147804736
4.644545207601027 -42.11181930056307
4.571454131354585 -41.55606908068978
4.498502549896955 -40.99822111183832
4.426018868143274 -40.440560501364104
4.35463166873393 -39.88533978779208
4.28185281535508 -39.33514977556243
5.715216373112298 -49.25805248559445
4.313943976645135 -38.230132936340766
4.4151718908938165 -37.68059674100883
4.513781608730483 -37.14575111082044
4.610158005089147 -36.62786267219167
4.704779492287571 -36.129185683059006
4.798179098507092 -35.65196625609727
4.890934743161154 -35.19844341352385
4.983666002423718 -34.77084943685577
5.077032824585103 -34.371410004963394
5.17173495820515 -34.00234425419143
5.268511682669043 -33.66586480449871
5.368141686496301 -33.36417776853827
5.471443032109619 -33.09948274935141
5.579273186880471 -32.87397282662178
5.692529126068166 -32.689834530766575
5.812147538615022 -32.549247793524415
5.939105211603476 -32.45438586137652
6.074419761388015 -32.40741513116009
6.219151109330539 -32.41049481965166
6.374404740048533 -32.465776237158536
6.5413398569462515 -32.575400967600984
6.721193860066762 -32.74149540917807
6.915380271180254 -32.96614893408085
7.126174234610517 -33.2512610023621
-2.0828009809436594 -34.46022320967796
13.868091997213696 -31.48341413239953
16.000936052594398 -30.454874593669587
18.098000857267152 -29.257335935551566
20.134726692975846 -27.89484042030935
22.087134935719178 -26.37589451386799
23.93286359386218 -24.713303730439293
25.652135239737163 -22.923727853854672
27.228570779134657 -21.02698919011027
28.64977970225584 -19.0451953019014
29.907684544569577 -17.00175715206734
30.998569086130544 -14.920390601045
31.92287048061553 -12.82418345756193
32.684760000029655 -10.734794120793453
33.29157229302166 -8.671825374964158
33.75314818244544 -6.652392716101389
34.08115229518398 -4.690884704172078
34.28841674270194 -2.7988959169919667
34.38834861530387 -0.9853022823917001
22.086535876493997 26.376396153601092
23.75900271746906 24.880496999591003
25.37544198571635 23.22964238004755
26.913264483035107 21.429081546850313
28.350262045779402 19.488252436044576
29.66558404659395 17.420748096733092
30.84071001148834 15.244013482762398
31.860330895608115 12.978777149551433
32.713055841167034 10.648254251662422
33.39187834921313 8.277185595763115
33.89436313875649 5.890796931949296
34.22254760241918 3.5137695820174883
34.38258370078563 1.1693071169839868
34.38417188792005 -1.1216348146017765
34.239854569906356 -3.3409130648706196
33.96424146706198 -5.473540229364005
33.57323420293176 -7.507815010404272
33.083305210373055 -9.435266685826178
32.51087000951878 -11.250452093117417
31.871775246433458 -12.950648003717475
4.21007901189688 -38.792051129414745
32.99802351486801 20.82494754436999
-7.6257615541960035 33.02573537122228
-7.4418352176470535 32.84247465345305
-7.272855588525033 32.718864494750534
-7.117607211377049 32.6525771310568
-6.9748731234225545 32.64128723587689
-6.843464874455407 32.6826648593603
-6.722230027314367 32.77437366392462
-6.610054652338846 32.914070336128646
-6.505864318241635 33.099404353464394
-6.408624532607405 33.328017878533245
-6.317340948627475 33.597545709167406
-6.23105945567994 33.905615253220816
-6.148866199094016 34.249846519351905
-6.069887538691859 34.627852117809624
-5.9932899297782285 35.03723727436463
-5.918279670525038 35.47559986167934
-5.8441023748131045 35.94053046844613
-5.770041795930382 36.42961255610862
-5.695416871927648 36.9404228511207
-5.619572850406996 37.4705325281611
-5.541845775067969 38.01751194307499
-5.461313874430914 38.578963766817225
-5.380115112295016 39.15208082499748
-7.8256383800964215 33.27102628394647
-4.264654207348514 40.06083076290764
-3.2025104074749606 40.38424422829087
-2.109351954690794 40.70234236914479
-0.9851015936853855 41.012663948536186
0.1700987876413933 41.312812543896456
1.3558495551322949 41.60045140054834
2.571483679243215 41.87330214376868
3.8160635208737403 42.12914434880861
5.088379548637818 42.36581536604507
6.386949760031769 42.58121023962127
7.710019398054442 42.77328166222165
9.055560808003975 42.940039945864754
10.421273370164954 43.0795529952249
11.80458348380688 43.189946277090286
13.20264460006615 43.26940277524298
14.612337323691975 43.31616291140037
16.030269645994906 43.32852439229737
17.45277747911109 43.3048418754434
18.875926009743978 43.24352613701572
20.295513776334587 43.14304157855847
21.707088993106822 43.00189625567617
23.106063840658123 42.81857208617919
24.486167031000264 42.59246976473236
-5.295809522081925 39.73466404075296
26.443399562045784 41.68322474937585
27.0166333762956 41.00523679729835
27.562219632307915 40.291761668756266
28.07971973744742 39.546371452260104
28.56883507474754 38.77250959706825
29.02938930846159 37.97350171770796
29.46132396026644 37.15255829617627
29.864696933971345 36.312775582667854
30.239681925296395 35.45713595630497
30.586568153256678 34.588508088874704
30.90576022605177 33.70964702667558
31.19777806881558 32.82319423372314
31.463256883235204 31.931677615821656
31.702947124039497 31.037511532931205
31.917714486085913 30.142996803964422
32.1085398992509 29.25032070490795
32.27651953076037 28.361556958427116
32.422864797555576 27.478665709104433
32.54890239782327 26.603493470204427
32.656074385575664 25.737773003144525
32.74593836137831 24.883123013008287
32.820168049458914 24.04104723281455
32.880555610773 23.212930757603516
32.9290278397591 22.400014377984803
32.9674270385982 21.603741795240296
25.843220611248 42.32194916710989
32.16802528114681 20.940185343258946
31.358274650645797 21.050639653147414
30.57028523771561 21.158025077383144
29.80550177293236 21.264119465659405
29.06528261276725 21.370791631784556
28.350897244181965 21.480005310518635
27.66352566504463 21.593820143903145
27.004258182195713 21.714392006272703
26.374095336735138 21.843973129931527
25.77394787765337 21.984912156673033
25.204636758474976 22.13965415592031
24.666893149438692 22.31074062435337
24.161358464450643 22.500809471060563
23.68858440664934 22.71259498604411
23.249033044972634 22.9489277865882
22.843076940939795 23.212734723744347
22.470999372411427 23.50703871924489
22.1329947473497 23.834958461228126
21.829169430153854 24.19970779603142
21.559543559194367 24.604594392582413
21.324055586597467 25.05301640327312
21.122575895839418 25.548452450656868
20.954961267042677 26.09442157781112
20.821436125800574 26.694202909245007
-4.630929395042216 -34.21110253302547
-4.630929395042216 -34.21110253302547
-7.275324634589481 -33.74781022597443
-9.983384034908255 -33.04810262025018
-12.716098872708642 -32.09588560931985
-15.429609423092472 -30.88320249970627
-18.077473046976962 -29.411732553912373
-20.613445238485696 -27.693517634764277
-22.994450813385214 -25.750733492035835
-25.183358159679983 -23.614476818009933
-27.151188236552912 -21.322711387868054
-28.878490241087206 -18.91765960636988
-30.355769356817262 -16.443001865315296
-31.583015263362114 -13.941240635656584
-32.56851152746319 -11.45151083798757
-33.32718005874844 -9.00800271529755
-33.87872716629232 -6.639042790867904
-34.24582132391046 -4.366779756049823
-34.4524688389356 -2.2073591663386196
-34.522683127690726 -0.17144460360967173
-10.24617954860696 32.96757267747742
-12.661238395904007 32.11756662434334
-15.11867305109746 31.036603692431726
-17.581514587144966 29.710863138068817
-20.008040625467117 28.134024843891524
-22.353759843682838 26.308828640553372
-24.57397214505542 24.24798830008561
-26.626642762516724 21.97423351983781
-28.475233024610617 19.51937877549318
-30.091104997511735 16.922483376141088
-31.45517653126862 14.227329790715316
-32.55863470247226 11.47956226944288
-33.40268286183283 8.723865039010349
-33.997453735456986 6.001515066423622
-34.36033068349465 3.3485398172852
-34.51396362320739 0.7945807718325
-34.484249329711645 -1.6375566412582714
-34.298486889218026 -3.931773225554508
-33.983841986727725 -6.0781187392292395
-33.56617899799093 -8.071968227259049
9.590241415614344 -33.038713816757365
