56.7718671385
7.3162021268
59.1037977477
17.699551692
61.4421775642
18.1173420808
63.7868223697
18.5677392064
66.1375479461
19.0489089818
68.4941700752
19.5590173201
70.8565045385
20.0962301344
73.2243671181
20.6587133378
75.5975735955
21.2446328433
77.9759397526
21.8521545639
80.3592813712
22.4794444129
82.747414233
23.1246683032
85.1401541197
23.785992148
87.5373168132
24.4615818602
89.9387180952
25.149603353
92.3441737474
25.8482225395
94.7534995517
26.5556053327
97.1665112898
27.2699176457
99.5830247435
27.9893253915
102.002855695
28.7119944834
104.425819925
29.4360908342
106.851733216
30.1597803572
109.280411349
30.8812289653
111.711670107
31.5986025717
114.145325272
32.3100670894
116.581192624
33.0137884315
119.019087945
33.7079325111
121.458827019
34.3906652412
123.900225625
35.0601525349
126.343099547
35.7145603054
128.787264565
36.3520544656
131.232536462
36.9708009287
133.678731019
37.5689656077
136.125664018
38.1447144157
138.573151242
38.6962132658
141.02100847
39.221628071
143.469051486
39.7191247445
145.917096071
40.1868691992
148.364958007
40.6230273483
150.812453076
41.0257651049
153.259397059
41.393248382
155.705605739
41.7236430927
158.150894896
42.0151151501
160.595080313
42.2658304672
163.037977772
42.4739549571
165.479403053
42.637654533
167.91917194
42.7550951078
170.357100214
42.8244425946
172.793003656
42.8438629066
175.226698049
42.8115219568
177.657999173
42.7255856584
180.086755917
42.5848560512
182.512947238
42.390634519
184.936584033
42.1448361906
187.357677201
41.8493761944
189.77623764
41.5061696593
192.192276249
41.1171317139
194.605803924
40.6841774869
197.016831565
40.2092221069
199.425370069
39.6941807028
201.831430335
39.140968403
204.23502326
38.5515003363
206.636159742
37.9276916315
209.034850681
37.2714574171
211.431106973
36.5847128219
213.824939516
35.8693729745
216.21635921
35.1273530036
218.605376952
34.3605680379
220.99200364
33.5709332061
223.376250172
32.7603636368
225.758127447
31.9307744588
228.137646361
31.0840808006
230.514817815
30.2221977911
232.889652704
29.3470405589
235.262161929
28.4605242326
237.632356386
27.5645639409
240.000246974
26.6610748126
242.36584459
25.7519719762
244.729160134
24.8391705606
247.090204503
23.9245856942
249.448988594
23.010132506
251.805523307
22.0977261244
254.15981954
21.1892816783
256.511888189
20.2867142962
258.861740154
19.3919391068
261.209386333
18.506871239
263.554837623
17.6334258212
265.898104923
16.7735179822
268.239199131
15.9290628507
270.578131145
15.1019755554
272.914911862
14.2941712249
275.249552182
13.507564988
277.582063002
12.7440719732
279.91245522
12.0056073093
282.240739734
11.294086125
284.566927443
10.6114235489
286.891029244
9.95953470975
289.213056035
9.34033473619
291.533018716
8.75573875692
293.850928183
8.2076619006
296.16679533
7.69801929594
200.224798054
89.672346391
202.175630956
189.899449758
204.138441733
190.151571982
206.112770319
190.427113829
208.098156647
190.724476064
210.09414065
191.042059454
212.10026226
191.378264764
214.116061411
191.731492762
216.141078035
192.100144212
218.174852065
192.482619882
220.216923435
192.877320537
222.266832076
193.282646943
224.324117923
193.696999866
226.388320908
194.118780073
228.458980964
194.546388329
230.535638024
194.9782254
232.61783202
195.412692054
234.705102886
195.848189054
236.796990555
196.283117169
238.89303496
196.715877164
240.992776033
197.144869804
243.095753707
197.568495856
245.201507916
197.985156087
247.309578592
198.393251261
249.419505668
198.791182146
251.530829077
199.177349507
253.643088752
199.550154111
255.755824627
199.907996723
257.868576633
200.249278109
259.980884704
200.572399036
262.092288773
200.87576027
264.202328772
201.157762576
266.310544635
201.416806722
268.416476295
201.651293472
270.519663684
201.859623593
272.619646736
202.040197852
274.715965382
202.191417013
276.808159557
202.311681844
278.895769194
202.39939311
280.978334224
202.452951578
283.055394581
202.470758013
285.126490198
202.451213181
287.191161008
202.392717849
289.248946944
202.293672783
291.299387939
202.152478749
293.342023925
201.967536512
295.376394836
201.73724684
297.402040604
201.460010497
299.418501163
201.13422825
301.425365981
200.758512067
303.4227181
200.333578319
305.410923839
199.861351145
307.39035288
199.343769036
309.361374905
198.782770482
311.324359598
198.180293974
313.279676641
197.538278002
315.227695717
196.858661058
317.168786509
196.143381632
319.1033187
195.394378214
321.031661973
194.613589296
322.95418601
193.802953367
324.871260495
192.964408919
326.78325511
192.099894442
328.690539538
191.211348426
330.593483462
190.300709363
332.492456566
189.369915743
334.38782853
188.420906057
336.27996904
187.455618795
338.169247777
186.475992448
340.056034424
185.483965507
341.940698664
184.481476462
343.82361018
183.470463803
345.705138655
182.452866023
347.585653772
181.43062161
349.465525213
180.405669056
351.345122662
179.379946852
353.224815801
178.355393488
355.104974313
177.333947454
356.985967881
176.317547242
358.868166188
175.308131342
360.751938917
174.307638245
362.63765575
173.318006441
364.525686371
172.341174421
366.416400462
171.379080675
368.310167706
170.433663695
370.207357786
169.506861971
372.108340385
168.600613993
374.013485185
167.716858252
375.92316187
166.857533239
377.837740123
166.024577444
379.757589625
165.219929359
381.683080061
164.445527473
383.614581113
163.703310278
385.552462464
162.995216264
387.497093796
162.323183921
389.448844793
161.689151741
391.408085137
161.095058214
393.375184511
160.54284183
395.350512599
160.03444108
397.334439082
159.571794455
399.32733364
159.156840446
-20.682691883
39.710326952
-19.9892979687
140.748959152
-19.2848397641
141.773558142
-18.5694535525
142.784255432
-17.8432756176
143.781182528
-17.1064422429
144.764470939
-16.3590897119
145.734252171
-15.6013543081
146.690657733
-14.8333723151
147.633819131
-14.0552800163
148.563867874
-13.2672136954
149.480935469
-12.4693096358
150.385153424
-11.661704121
151.276653246
-10.8445334347
152.155566443
-10.0179338603
153.022024522
-9.18204168128
153.876158991
-8.33699318127
154.718101358
-7.48292464376
155.54798313
-6.61997235228
156.365935814
-5.74827259034
157.172090919
-4.86796164149
157.966579952
-3.97917578925
158.74953442
-3.08205131714
159.521085831
-2.1767245087
160.281365693
-1.26333164744
161.030505512
-0.342009016898
161.768636798
0.587107099402
162.495891057
1.52388041793
163.212399797
2.46817465516
163.918294525
3.41985352757
164.613706749
4.37878075163
165.298767977
5.34482004381
165.973609716
6.31783512059
166.638363474
7.29768969843
167.293160759
8.28424749382
167.938133077
9.27737222322
168.573411937
10.2769276031
169.199128846
11.28277735
169.815415311
12.2947851802
170.422402841
13.3128148104
171.020222943
14.336729957
171.609007124
15.3663943364
172.188886892
16.4016716651
172.759993755
17.4424256597
173.32245922
18.4885200365
173.876414794
19.539818512
174.421991986
20.5961848028
174.959322303
21.6574826253
175.488537252
22.7235756959
176.009768341
23.7943277312
176.523147078
24.8696024475
177.02880497
25.9492635615
177.526873525
27.0331747895
178.01748425
28.121199848
178.500768653
29.2132024536
178.976858242
30.3090463226
179.445884524
31.4085951715
179.907979006
32.5117127169
180.363273196
33.6182626752
180.811898603
34.7281087628
181.253986733
35.8411146963
181.689669093
36.9571441921
182.119077193
38.0760609666
182.542342538
39.1977287364
182.959596637
40.322011218
183.370970998
41.4487721278
183.776597127
42.5778751822
184.176606533
43.7091840978
184.571130723
44.842562591
184.960301204
45.9778743783
185.344249484
47.1149831762
185.723107072
48.2537527011
186.097005473
49.3940466695
186.466076197
50.5357287979
186.83045075
51.6786628028
187.19026064
52.8227124006
187.545637375
53.9677413078
187.896712462
55.1136132409
188.243617408
56.2601919163
188.586483722
57.4073410506
188.925442911
58.5549243602
189.260626483
59.7028055615
189.592165945
60.8508483711
189.920192804
61.9989165054
190.244838569
63.1468736809
190.566234746
64.294583614
190.884512844
65.4419100213
191.19980437
66.5887166192
191.512240832
67.7348671242
191.821953736
68.8802252528
192.129074592
70.0246547213
192.433734905
71.1680192464
192.736066185
72.3101825444
193.036199938
73.4510083319
193.334267672
74.5903603253
193.630400895
75.7281022411
193.924731114
76.8640977958
194.217389836
77.9982107058
194.508508571
79.1303046876
194.798218824
80.2602434577
195.086652103
81.387890732
195.373939917
2.1851354171530417
-35.19639031541738
2.279163491526411
-35.91141053220297
2.371828324263923
-36.56944993567321
2.462766950477018
-37.17227723850293
2.551818962194929
-37.72164831511752
2.6388657356473573
-38.21931618382112
2.7238074635538254
-38.66703243212579
2.8065574130684467
-39.06654757334268
2.887040011636401
-39.41961116572118
2.965190081166128
-39.72797185969458
3.0409524898009153
-39.993377419499765
3.1142819777105046
-40.21757473439346
3.1851430631114823
-40.402309823885524
3.2535099885183882
-40.54932784147577
3.319366688379958
-40.66037307656187
3.3827067687896744
-40.73718895579713
3.443533494275698
-40.78151804370774
3.501859778961105
-40.79510204323774
3.5577081805174373
-40.77968179641971
3.611110895888146
-40.73699728433274
3.6621097582872437
-40.66878762737932
3.7107562350742427
-40.57679108540399
3.757111426306011
-40.46274505786496
3.8012460637904013
-40.32838608346643
3.843240510756047
-40.17544984094269
3.8831847618838538
-40.00567114790052
3.9211784442233437
-39.82078396188151
3.957330818838116
-39.622521379032186
3.9917607841355647
-39.412615634595404
4.024596881582369
-39.192798101416926
4.055977306266584
-38.96479928939925
4.086049926679067
-38.73034884287537
4.11497232462014
-38.49117553573597
4.14291188336918
-38.24900726142649
4.170046008341018
-38.00557100727551
4.196562789261719
-37.76259277646693
4.2226636496660035
-37.52179727978289
4.2485818929889945
-37.284905769025514
4.274331585509515
-37.05366535869035
2.1851354171530417
-35.19639031541738
4.205682449338298
-36.62608320086258
4.113127003334256
-36.43305796823299
4.022729258605011
-36.25243971609481
3.9345999465203363
-36.08596193551796
3.848840584288581
-35.93535888883361
3.7655406462745304
-35.802365939790256
3.6847768611748393
-35.688719635860956
3.606612983467045
-35.5961577356758
3.5310997096192978
-35.52641921859515
3.4582746509781828
-35.48124428940693
3.388116760043374
-35.46189739083809
3.320392670925713
-35.46747675714261
3.254819748979145
-35.49646483286182
3.1911272565907893
-35.547342912188846
3.129056487341785
-35.61859117048277
3.0683610106021035
-35.70868864798315
3.008807162401723
-35.8161132143289
2.950175127011562
-35.93934149280188
2.892261641936301
-36.07684866965698
2.8348881138169872
-36.227107921197906
2.7779330831961033
-36.38858812445557
2.7215594788011117
-36.55973782809547
2.6631604947011738
-36.73920066832044
4.300295475640297
-36.82978037889943
2.7205008913296638
-37.098749477658
2.838344574743928
-37.2755500403737
2.957519319488142
-37.45420732858151
3.0778427174996352
-37.63319264859286
3.19916447564745
-37.81097566983487
3.3213312410239837
-37.9860269064909
3.4441778121205004
-38.1568183360532
3.5675242154892715
-38.321823605410664
3.6911745444329256
-38.479518111925714
3.8149164418796033
-38.62837903863709
3.9385208566376377
-38.76688536957263
4.061741933346866
-38.8935178955491
4.1843169806774085
-39.00675921210851
4.305966500076011
-39.10509371234848
4.426394279848807
-39.18700757047728
4.545287583846147
-39.25098871363327
4.6623175035697955
-39.295526769815034
4.7771396283480385
-39.319112970749885
4.889395398230079
-39.32023995609296
4.998715090948053
-39.29740134248902
5.104725298755966
-39.2490906447682
5.207071368626885
-39.17379803941798
5.305507174368529
-39.06999741716073
5.4005235400236415
-38.93605574844318
5.484891338672298
-38.77145277869659
2.6044490444420774
-36.92531532961846
5.776811374273109
-38.30859584385157
5.983222466911798
-38.00755138280859
6.18054338778353
-37.66957491591168
6.367580537507081
-37.29331246986551
6.5432489521588195
-36.87739544600016
6.706477149329714
-36.42045385110157
6.856201772415204
-35.9211155906142
6.991439544757043
-35.37799017483148
7.11184698687515
-34.7895465793059
9.56037310443196
-33.581464819456215
11.7238739906972
-32.88869550417858
13.89919389588988
-32.03010962142932
16.063422869084548
-31.00132189190153
18.192301110301344
-29.801941105042985
20.261124843242158
-28.435933840879542
22.245757076992504
-26.911741032266203
24.12366204170206
-25.242116452747457
25.874873239685144
-23.443686743909275
27.48280916711002
-21.536265080104616
28.93486765914247
-19.541979092820515
30.222756485125444
-17.484293058546307
31.342549206850663
-15.38701148802024
32.294485666414744
-13.273345804960213
33.08256083141458
-11.165110037616055
33.71396099646836
-9.082089365610356
34.19841168437637
-7.041601492716832
34.5474981633846
-5.058249100949636
34.774009741674774
-3.1438447484299594
34.89134581566759
-1.307478675856376
22.774671831034254
26.46563500664618
24.44747555549759
24.928627163958886
26.0613965102919
23.236159864522982
27.59380030664073
21.39387056971124
29.022504123414706
19.411588490453322
30.32675158268279
17.303284421131455
31.48817906645087
15.086752214954952
32.491686784477565
12.78302793612406
33.326132692455985
10.415584144979043
33.9847847303414
8.009364528392782
34.46549416178493
5.589742883200632
34.77058514154123
3.1814968538651147
34.90648711945704
0.8078801244634111
34.883161951106956
-1.510140923610665
34.71339307776185
-3.754444612072168
34.41200872922815
-5.910090399972374
33.99510593229519
-7.965443237406754
33.47932988116912
-9.912112994925941
32.881247280517755
-11.744747361853484
32.21683573041145
-13.460720962712399
-9.197337505070564
34.04364391254741
-9.312025793536627
34.756122261087235
-9.408858318416208
35.41436028487887
-9.48884552746059
36.01989859993803
-9.552809079975816
36.57432820616734
-9.601527300121354
37.07925119196436
-9.635755956031545
37.536275119849435
-9.656233454901312
37.94701162305013
-9.663682574968561
38.31307593789529
-9.6588111584053
38.63608671631167
-9.642312426486555
38.91766594067745
-9.61486513743543
39.15943888159245
-9.57713367136597
39.36303407430815
-9.529768079129568
39.53008330594422
-9.473404111650709
39.66222160745761
-9.408663238392322
39.76108724875452
-9.336152659316284
39.82832173524808
-9.256465312943845
39.865569805674994
-9.170179881971748
39.8744794308808
-9.077860797096136
39.85670181246553
-8.980058239796037
39.813891382120595
-8.877308144283958
39.74770580108138
-8.770132198862683
39.659805959836035
-8.65903784666473
39.551855977472265
-8.544518286175858
39.42552320230609
-8.427052470838149
39.282478210768375
-8.307105108502697
39.1243948086678
-8.185126659480318
38.95295003038663
-8.061553333568682
38.769824140303996
-7.936807084252905
38.57670063301898
-7.811295598659271
38.37526623588393
-7.6854122782656304
38.16721091222649
-7.55953620012329
37.954227868261505
-7.434032031418042
37.73801356909645
-7.309249815471105
37.52026777818267
-7.185524329273079
37.30269367476446
-7.063172514053662
37.086998327587914
-6.942475487130565
36.87489600235561
-6.823921989576064
36.66806338507858
-9.197337505070564
34.04364391254741
-5.488131665723529
35.99168520581944
-4.283415722052638
35.52870009693015
-3.0926268349637382
35.080717454377925
-1.9146553095316676
34.649119377813385
-0.7481650351220992
34.23523810864198
0.40840376997152816
33.84035552258362
1.5568338753603825
33.46570300070398
2.6991308149300437
33.11246138384289
3.8375228030257915
32.781760949464946
4.974460704563285
32.47468139625696
6.112535804521343
32.1918188310219
7.254057342812871
31.931781677363546
8.40107116181133
31.69265588805054
9.555426134694954
31.472572071522997
10.71877423726616
31.269705479062154
11.89257067338525
31.082275913349953
13.0780741266245
30.908547543729654
14.276347315605591
30.74682850244413
15.488258382765224
30.595469874699546
16.714485060747705
30.45286266873454
17.955531339248267
30.317425698938557
19.211844131526306
30.187520765756304
20.482236523273627
30.062598996140686
-6.7076387163859295
36.4682443611729
22.06989583072371
29.92073791807679
22.376508630018492
29.901900113614566
22.686347222101233
29.882876034638265
22.998468546289615
29.862450231810072
23.311922769105905
29.839416918505258
23.625735226407357
29.8125931001201
23.938901909880826
29.780821853787423
24.250387964991546
29.742973420221702
24.559127092487984
29.697945637758078
24.864021279490544
29.64466413623513
25.16394066928885
29.58208242927521
25.45772349778906
29.509181957981646
25.744176065708245
29.424972105721547
26.022072736419062
29.328490193146497
26.29015595620541
29.218801451034313
26.547136305267713
29.094998964263343
26.791692597543886
28.95620356455729
27.022472074976065
28.801563625639226
27.238090802274428
28.63025464810193
27.437134541502303
28.441478342224297
27.618160943406508
28.234460330271055
27.779706127584006
28.008443249232904
27.920311010203818
27.762659155409697
28.038705610531224
27.49613634448989
28.131344766050404
27.21028227243993
21.76757153253314
29.94052265063027
27.61279037389818
27.126913899587834
27.00720876835146
27.320230938782423
26.38117081393824
27.48102962595033
25.734817203291186
27.607140999623333
25.068400444927363
27.696290225857545
24.382258569270846
27.746125202827848
23.676818409946122
27.75421625726124
22.952636136087847
27.718026208893274
22.210697457515096
27.634683556865234
22.210697457515096
27.634683556865234
-0.2909104127827504
-34.48345751779476
-2.85165016089946
-34.366576242181345
-5.521326419775221
-34.03980648911086
-8.268342675468695
-33.47876910298294
-11.05422046731875
-32.66493044703651
-13.835058207002099
-31.587729194398978
-16.56375351665129
-30.246248373797428
-19.192801928823414
-28.65012784213665
-21.677350704436904
-26.819506663745152
-23.9781095284129
-24.783941064593744
-26.06372832385837
-22.580423758422345
-27.91234790642349
-20.250785308244158
-29.512184475083835
-17.838846340457174
-30.861179182495498
-15.387692832771524
-31.965884841517678
-12.937375218669825
-32.83984470882895
-10.52321579888109
-33.501736916300814
-8.17478408527031
-33.97352476480305
-5.915495440378212
-34.278789472286704
-3.7627202346797137
-34.44134995066157
-1.728260635982405
-11.314844392735615
32.57557010426681
-13.703402934157893
31.645066270651647
-16.127973064778033
30.48084572434984
-18.550816559968723
29.06992735127165
-20.92954675914587
27.407071053043012
-23.219191464663695
25.496325597566212
-25.374833599778636
23.351901229522333
-27.354554732974567
20.998138170097853
-29.122309736675934
18.468474405075575
-30.650337904948326
15.803488778187848
-31.92078155441527
13.048263340579993
-32.92632316622456
10.249425057200291
-33.66982745069449
7.452260777125357
-34.163137093320735
4.698248098259061
-34.42528146117251
2.0232319612130993
-34.48039885508008
-0.5436598609551524
-34.355650569072424
-2.980393468254686
-34.07934004034564
-5.271816922496061
-33.67936828434745
-7.409023094653772
0.34611975560230235
-34.032631783837076
0.3292186618636208
-33.82070102340205
0.31308450445638414
-33.67357528938754
0.29762146051876925
-33.58858877957465
0.28272990391266717
-33.563075757018396
0.26831246580894685
-33.59437048513561
0.25427555504703037
-33.67980721195218
0.24052987146293958
-33.816720165052516
0.22699061982564217
-34.00244354873922
0.2135776189426224
-34.2343115438604
0.2002153732442764
-34.509658306522425
0.1868331369325631
-34.82581796852651
0.1733649909164683
-35.18012463671599
0.15974995572031503
-35.56991239328045
0.14593217929123625
-35.99251529538856
0.13186127916034707
-36.4452673751299
0.11749302200962575
-36.92550263964668
0.10279081511444588
-37.43055507101843
0.08772943206611217
-37.957758625702695
0.07230618749071027
-38.50444723418198
0.05658563363869007
-39.0679547975769
0.041012433932024805
-39.6456151670709
0.022237062276673214
-40.23476242226627
0.36383741171283646
-34.31203388697591
0.24446445497883929
-41.41959988457981
0.4940038792102257
-42.00945163148626
0.750846514491684
-42.59961822446155
1.0148423681766303
-43.187436803034586
1.2858470023517157
-43.770248915568004
1.563672955692141
-44.3454005213074
1.848077604493085
-44.91024199069989
2.1387591238423056
-45.46212810353376
2.435354882607669
-45.99841804764668
2.7374407288705243
-46.51647541535226
3.044530654849666
-47.013668199111805
3.356076650352861
-47.487368783735064
3.6714686730312565
-47.93495393484639
3.9900347204761033
-48.35380477850924
4.311041033968991
-48.74130676657285
4.633692529354164
-49.09484961098923
4.95713369687752
-49.41182715405108
5.280450609851471
-49.68963708071223
5.602675970556049
-49.92568020082808
5.922804269712344
-50.11735829636862
6.239852446318366
-50.262065508100704
6.553284536571027
-50.357128044644725
6.857305326421965
-50.40061434828982
0.0027238656013537366
-40.83273023024833
7.152282816512638
-50.34512070228371
7.144037807839709
-50.249065925982194
7.129050679567115
-50.10412623036137
7.1075180068971235
-49.9127921711229
7.079729546284057
-49.67754107306777
7.046002500297789
-49.40084636241596
7.0066650852542125
-49.08517990021295
6.962051055170036
-48.733012759388885
6.912497513277913
-48.34681553576655
6.858343919769993
-47.929058488825774
6.799931599312345
-47.48221161160723
6.737603481213455
-47.008744667475185
6.671703959137233
-46.51112721019672
6.602578819666007
-45.991828594021484
6.5305752182699734
-45.45331797668888
6.456041698748891
-44.89806431670016
6.379328268469237
-44.328536362641415
6.300786568064893
-43.747202627727916
6.220770234516408
-43.15653133815579
6.139635718625129
-42.55899031389143
6.057744345733681
-41.95704666999268
5.975468514089698
-41.35316591877623
5.89321650577466
-40.7498083734809
5.81160619052423
-40.14940397396916
5.729111258736339
-39.55469341502649
7.154142466927908
-50.389721440947
5.654402318738903
-38.37607787659289
5.6608027784715205
-37.79749722022956
5.666962984666952
-37.23467606398276
5.6733164433036904
-36.69006687606199
5.680357544530864
-36.166112560120155
5.688614767743843
-35.66525033815057
5.698643988854144
-35.189912720088415
5.711026256665832
-34.742527824950514
5.726366913001755
-34.32551950852266
5.745295204856973
-33.941307417295974
5.768464107480952
-33.59230701316966
5.796550252725183
-33.28092958124631
5.830253922823715
-33.00958222716778
5.870299099540432
-32.78066786439385
5.917433579195972
-32.596585189045356
5.97242918799077
-32.45972863374581
6.036082175341619
-32.37248828486446
6.109213956663552
-32.337249727801264
6.192672608277235
-32.35639373411948
6.287336165236127
-32.43229557429959
6.394120874124383
-32.567323296074164
6.514005961830094
-32.76383255881542
6.648132725324103
-33.02414596845735
6.7984981901469155
-33.35040841573225
-2.071091303898271
-34.60167325257416
13.508876850841034
-31.700615097958718
15.679756726160406
-30.684914540675294
17.816832285070234
-29.49541046816941
19.89455691698754
-28.135837581932066
21.887901397322594
-26.614629882476322
23.77345834568132
-24.94476758052221
25.530480171168904
-23.143321576421755
27.141755471473004
-21.230729174639407
28.59424720651367
-19.229866823587315
29.879445541510847
-17.16500758788078
30.993423264479475
-15.060759134550295
31.936615523385285
-12.941071836273153
32.7133726104467
-10.82838879105256
33.33135114178515
-8.742984754826864
33.8008143744097
-6.702514377964178
34.13390799905494
-4.721766202616493
34.343966419553794
-2.8126005640118024
34.44488961320366
-0.984038055328341
21.660865615611613
26.799732314755147
23.376671675882335
25.316989803650017
25.038867286695393
23.674329480671133
26.623939122151796
21.876576902707427
28.108645848105027
19.9329571299877
29.47105454621601
17.857090896730057
30.69158231557168
15.666701194782632
31.75394784212375
13.383032085435758
32.645941273365054
11.030016760464065
33.35993870013084
8.633263651923812
33.893117197622644
6.218951518410108
34.247362241680435
3.8127327269610305
34.42889463971403
1.4387373796449765
34.44767267760682
-0.8812482377738604
34.316642817829916
-3.1283825011656745
34.0509176238628
-5.28713157894029
33.666953912492204
-7.345404387386964
33.18179054529128
-9.29448909669253
32.612387574529066
-11.128833184517532
31.97509019878072
-12.845713609603536
5.64757658303904
-38.96792881182395
35.8269786680537
16.33469303854514
-7.6571284584019566
33.148175129717686
-7.798916064820133
32.88483058669695
-7.953654117974224
32.68509785998032
-8.121775530206236
32.546069448182834
-8.303661322973255
32.46485400875474
-8.499634993592423
32.43857762464464
-8.709961102583463
32.464384123130145
-8.934844797350081
32.53943518437944
-9.174431614303444
32.66091038680014
-9.428807379464104
32.82600723242956
-9.69799814450468
33.03194116376147
-9.981970131735295
33.27594558180331
-10.280629669610306
33.555271867954616
-10.593823099913067
33.86718941836406
-10.921336624216707
34.20898570097091
-11.262896025139582
34.577966360507844
-11.618166113422632
34.971455427624534
-11.986749514801772
35.386795777715804
-12.36818363984682
35.82135027704388
-12.761931596252253
36.27250522177013
-13.167345839564803
36.73768409168693
-13.583413731764352
37.21444382876902
-14.012148638345906
37.69919167721551
-7.527845900086902
33.47804628749549
-13.209623132105804
38.645760309725375
-11.926445427987204
39.10165891676732
-10.600645984664226
39.55517371039673
-9.231652371118571
40.003801242850926
-7.819211523685112
40.445087043449774
-6.363429251858236
40.87661066592784
-4.86478011073649
41.295981948345485
-3.3241106862310517
41.70083976230316
-1.7426409017918445
42.08885150907386
-0.1219646016814977
42.45771288360402
1.5359501728299847
42.80514774812423
3.2287610582767456
43.12890805003403
4.953751334677406
43.42677375435062
6.7078299667537635
43.6965527675801
8.487531738486098
43.936080829383144
10.289017544798924
44.143221326620164
12.108075005027217
44.31586493502172
13.940119834650943
44.45192883861455
15.780199292778263
44.5493547882362
17.623002540209768
44.60610328625259
19.46290208565904
44.62013033409909
21.294243927107857
44.58922468540254
23.107414559728795
44.51321389306534
-14.450794331171295
38.19013496537903
25.698382607409258
43.4563506136526
26.470725759947413
42.4814935426121
27.21357450617859
41.469499909638444
27.925820036314974
40.425025965138275
28.606577837925897
39.352517235614556
29.255142777062474
38.256233719188515
29.870977867452552
37.14025618615119
30.453710525299755
36.00848827986269
31.00313107024965
34.86465735851323
31.519192042725933
33.71231487854786
32.00200786153681
32.554836587389104
32.451854638390046
31.395422628150754
32.86917007102363
30.237097600769175
33.25455337790663
29.082710599960848
33.60876525593392
27.934935240616454
33.9327278516688
26.796269677289814
34.22752473985577
25.669036621932463
34.49440090377658
24.555383363992178
34.734762714526255
23.457281802733235
34.950177896978175
22.376528508884405
35.142375458199865
21.314744872939258
35.31324548497304
20.273377543683438
35.464838344979796
19.25370017380311
35.59935911804769
18.25682563060579
35.71924291218215
17.283540800626895
24.898192574339475
44.389027786880405
34.80228669038115
16.691877148143902
33.80392822764367
17.03691690270452
32.83358824238837
17.371543516372782
31.892817157565503
17.697657934012682
30.983036872262687
18.017317642677256
30.10554162496726
18.332734784577127
29.261498214004007
18.646275682097723
28.451946075878595
18.960460675340897
27.67779732404756
19.277964053096696
26.939836773417653
19.60161401476637
26.23872196432825
19.934392644278944
25.574983189675493
20.2794358852195
24.949023531519458
20.64003351166386
24.36111891445455
21.019629088187315
23.811418188746586
21.421819909889507
23.299943265908325
21.850356904961018
22.826589353900147
22.309144467129443
22.391125391973276
22.802240147664463
21.993194916247205
23.333854040793796
21.63231796269298
23.90834743626567
21.307895819697478
24.530229452722523
21.019225282592572
25.204146942787844
20.76555566682015
25.934844119059306
20.546487892204595
26.726879945320917
-4.633014359864006
-34.35258926206703
-4.633014359864006
-34.35258926206703
-7.292672440456016
-33.88778747193746
-10.017203562973236
-33.18464771313603
-12.76721682410053
-32.226749535648054
-15.498360371505385
-31.00590325828196
-18.163620142031448
-29.52368734428302
-20.71614704599824
-27.792201471556126
-23.11228348938451
-25.833845299786702
-25.314393021397905
-23.680091153228062
-27.293115145319973
-21.369395797057365
-29.028769677806963
-18.944543859903916
-30.51179256040507
-16.44979409651677
-31.742252831410298
-13.928194292650147
-32.72863554458044
-11.419353154054448
-33.48615135512756
-8.957838940753334
-34.034845851594554
-6.5722506742504265
-34.39774392413517
-4.284906533007387
-34.59919856406722
-2.1120297799121204
-34.66354105341824
-0.06428611807382367
-9.964194406673045
33.20060302002079
-12.400388911509253
32.36967046341849
-14.882151435936095
31.30633769230846
-17.372302617475356
29.996138298685167
-19.828732930329352
28.432139586120854
-22.206395287084746
26.61655912060624
-24.459895461130515
24.561732941662626
-26.546416657664935
22.29019905035929
-28.428614280892504
19.833786858167656
-30.077087979761984
17.231772680854533
-31.472096466921755
14.528329396174883
-32.60431406993408
11.769618307153678
-33.47459934505716
9.000911606881147
-34.09290816228744
6.264090046034056
-34.47659734280404
3.595753986182217
-34.648411593620494
1.0260531692136965
-34.63443004267961
-1.4217829249647593
-34.46218865018483
-3.7313220855428995
-34.15911587439143
-5.89236911156172
-33.751342395671315
-7.900132755666107
9.164164953390411
-33.218019689126095
21.041899958259886
-29.454663814649138
21.17379954735589
-29.831226407268232
21.29040917685458
-30.190225431173104
21.39218932492156
-30.531950988573755
21.479595604189473
-30.856696273219015
21.55307861497368
-31.164757675488076
21.613083908427924
-31.456434809289675
21.660051973482005
-31.732030520746065
21.694418231637634
-31.991850892569033
21.71661303381743
-32.23620524583839
21.727061658206907
-32.46540614104836
21.72618430895444
-32.67976937961987
21.714396114362582
-32.879614004517066
21.692107125221764
-33.06526230133403
21.659722312739866
-33.23703979936869
21.61764156622743
-33.395275273285336
21.56625968977462
-33.54030074465504
21.505966398111287
-33.67245148429714
21.437146311199832
-33.79206601567692
21.360178946344192
-33.899486118901734
21.27543870750753
-33.9950568370914
21.183294869585882
-34.07912648524902
21.08411155478874
-34.15204666323868
20.97824769667107
-34.21417227641284
20.866056982418268
-34.26586156804444
20.747887756887486
-34.30747617343809
20.62408285484132
-34.3393812145321
20.494979289553797
-34.36194547548891
20.36090763021771
-34.375541753764765
20.222190632462798
-34.38054763233424
20.079139814863584
-34.377347410015716
19.93204518910464
-34.36633789276979
19.78113418036444
-34.34795155732442
19.62628407195242
-34.322818697849584
19.47088780805356
-34.28958757805634
20.89424608906659
-29.06024990691573
18.953403863933616
-34.260538400435536
18.592461521339658
-34.26557419271754
18.230871358900142
-34.265216438697536
17.86907373284363
-34.25980023153656
17.507432950160602
-34.24970110019672
17.146280841098047
-34.235310438858306
16.78592765201492
-34.21702936495572
16.426665675649136
-34.19526667182967
16.068770702559842
-34.17043800992357
15.712502680319254
-34.142965515213575
15.358106041841108
-34.1132776228616
15.005809881578081
-34.081808968228586
14.655828054307193
-34.04900032954342
14.308359233052204
-34.015298594950906
13.96358694269524
-33.98115674211056
13.621679578396883
-33.947033825717966
13.282790413305772
-33.913394970494664
12.9470575971817
-33.880711368299615
12.614604145279426
-33.84946027856262
12.285537914588886
-33.82012503232977
11.9599515612842
-33.79319504228536
11.63792246567494
-33.769165820474996
11.319512598443367
-33.748539012459105
11.004768269119168
-33.731822460140904
10.693719621767002
-33.719530330826274
10.386379522883942
-33.712183399765365
10.082740780347137
-33.71030976009149
9.782767797623023
-33.71444695055101
9.48636318986874
-33.72515047119529
9.19313409221516
-33.74305338971311
8.90554766633052
-33.768061477303576
19.312876967540692
-34.249986394975934
8.676464769042042
-33.71619004184524
8.733102033670782
-33.64100150312146
8.792036955483297
-33.57603011021979
8.853533697844497
-33.52171488758847
8.917810676039146
-33.478506383054565
8.98507609719406
-33.44685760182398
9.055536847122404
-33.427221739999396
9.129401454524704
-33.42005142821094
9.206881279048105
-33.42579842843415
9.288191054028879
-33.444913494820355
9.373549161575902
-33.477846303733656
9.463177784917804
-33.52504541393145
9.557303001235184
-33.58695824225936
9.656154844835534
-33.66403104655083
9.759967356699136
-33.756708911531405
9.868978630560804
-33.86543573547792
9.983430863180004
-33.9906542142769
10.103570417651525
-34.13280582173317
10.229647910765067
-34.29233078104738
10.361918342788655
-34.4696680225486
10.500641301151433
-34.66525511728776
10.646081296676584
-34.87952816674178
10.798508349565054
-35.11292161070074
10.958199075450324
-35.36586787055069
11.125438855994958
-35.63879663715667
11.300526612394108
-35.93213330388875
11.483786737703412
-36.24629504981522
11.67560489228471
-36.58167908968278
11.876571183762849
-36.93861567431662
12.088482423924404
-37.31703909405098
18.726703765894023
-29.988638300044173
20.456105169062695
-33.99917050685744
23.18087748978637
-32.20314817910875
25.840791917488914
-30.11061784353086
28.381831352463564
-27.72845980076127
30.75042098635869
-25.076033239007927
32.89710955674563
-22.185040379805372
34.78013460870926
-19.098116934456726
36.368361091954
-15.86625807578352
37.643173743402286
-12.545409693037044
38.5990937146598
-9.192703533184812
39.243124380231706
-5.86285107433082
39.593043787466684
-2.605132911362489
39.674999633845616
0.5387373167592386
39.520805839585606
3.5357799184754697
39.16529848234292
6.36201451044451
38.644014077398396
9.002000323703243
37.991340531706356
11.4478765911432
37.23918881929133
13.698125781408436
-4.3930823487645085
39.43471391197218
-1.4297216729862754
39.65289056020899
1.6946168832236168
39.64245334816215
4.946595547501957
39.369112592634764
8.283495264848511
38.8043752692831
11.654591584600766
37.92843694167047
15.003577551843577
36.732662502028546
18.27186121760394
35.221228279075376
21.402370728708917
33.41159022005721
24.34336632497326
31.333629694152535
27.051733050316585
29.027565740456595
29.495323616990518
26.540944191402076
31.654109414463903
23.92515811900239
33.52012162538162
21.231987190598574
35.09636144189976
18.510571233261572
36.39498456851467
15.805091967454615
37.43510643978007
13.153274865388283
38.240543566254104
10.58568191471582
38.83773073464336
8.125669524750379
39.253962840928864
5.789838955022475
8.621566479644969
-33.801231677345584
-13.664032237932481
32.0959326779776
-34.82917061364474
8.857821819053214
-34.77574679614962
9.568250752427417
-34.69158063291839
10.285349280219947
-34.577939253392785
11.008093233404196
-34.4360657852211
11.735495673573723
-34.26718003383875
12.46660398910339
-34.072478653167614
13.200499169094456
-33.85313520230625
13.936295560912129
-33.61030016929938
14.673140773222798
-33.3451009818174
15.410215631474358
-33.05864201280843
16.14673415527639
-32.752004584674154
16.881943546202734
-32.42624697156367
17.615124180171335
-32.08240440169356
18.345589602571266
-31.72148905945137
19.072686524622952
-31.344490088031655
19.795794820543023
-30.95237359204318
20.51432752458976
-30.546082641113024
21.227730828033117
-30.12653727485482
21.9354840757226
-29.694634509012822
22.63709976127825
-29.251248344747154
23.33212352100611
-28.797229781710303
24.02013412505073
-28.333406837306672
24.700743464161263
-27.860584576869144
25.373596529880473
-27.37954516136556
26.038371382695942
-26.891047926883296
26.69477909922091
-26.395829523563503
27.34256367992751
-25.894604173449537
27.981501877960454
-25.388064185991
28.61140285694026
-24.876881091934187
29.232107438320412
-24.361708477731458
29.843486219922625
-23.843190488809256
30.44543393225848
-23.321995841243165
31.037846863087594
-22.799055903953587
31.62046483152139
-22.27236893129537
32.19499236310983
-34.85055619773025
8.15514420422565
-21.477012285377143
32.762940965335645
-21.208229361585058
32.75981330839616
-20.938033360583212
32.75141775215468
-20.66669157325457
32.73817748740035
-20.394511861104636
32.72048753587916
-20.121806579708668
32.698738695175706
-19.84888356036251
32.67332352518389
-19.5760431043503
32.644638343159016
-19.303576781183565
32.61308402142711
-19.03176688321827
32.579066350068274
-18.760886153269055
32.54299621714662
-18.491197639468915
32.50528970635622
-18.222954612876595
32.466368151224486
-17.95640052010409
32.42665816790574
-17.69176895549657
32.38659167439681
-17.429283645846027
32.34660590166078
-17.169158444180177
32.3071433994844
-16.91159733128917
32.268652038236155
-16.656794425254574
32.23158500633866
-16.404934001393293
32.19640080254155
-16.15619052856855
32.163563221680846
-15.910728732246412
32.133541327871654
-15.668703707985493
32.10680940737822
-15.430261133247782
32.0838468778997
-15.195537693753927
32.06513810817131
-14.96466202181616
32.05117201781604
-14.737757044735147
32.04244107858665
-14.514947029969868
32.03943831431019
-14.296385768993801
32.04264530317198
-14.082453864301318
32.0524481872871
-13.871096121403461
32.07027121126171
-21.74440794791878
32.76018174268705
-13.407732789147566
32.10419463563662
-13.15650125557449
32.12122697679604
-12.910008634337942
32.147679749530994
-12.668164922136107
32.18409962319117
-12.430909098371679
32.23101929859175
-12.198179120687833
32.28897028032219
-11.969904422163829
32.358486070728986
-11.746003408083908
32.44010323476536
-11.526382452077549
32.53436182654161
-11.310935436507151
32.64180558337449
-11.099543519022411
32.76298202427901
-10.89207500168665
32.898442503230115
-10.688385249954294
33.04874224107172
-10.48831663568005
33.21444034614106
-10.291698490217563
33.39609982913149
-10.098347058655023
33.59428761590789
-9.908065447146129
33.80957455952034
-9.720643555042216
34.042535454949444
-9.535857979055002
34.293749057726984
-9.353471869819685
34.56379811123048
-9.17323470586686
34.85326938910245
-8.994881919445362
35.162753764416124
-8.818134243927702
35.49284633008324
-8.6426965035036
35.84414662126113
-8.46825519433196
36.217259060399556
-8.294473164281385
36.612793935043015
-8.120976313687564
37.031369842038885
-7.947313699026182
37.473621019610135
-7.772797949309094
37.94022667499496
-7.595388183510536
38.43211627681737
16.656638299943896
-31.185962572466295
16.656638299943896
-31.185962572466295
14.43753612103091
-32.27329254631999
12.08263661475825
-33.22676260880873
9.610067450346673
-34.024321662984164
7.042478596912572
-34.64695305850796
4.406318885503335
-35.07979781734329
1.7307924065818412
-35.31306017144004
-0.9534225031326677
-35.342592527387495
-3.6155739336831907
-35.17009363303568
-6.22622224715596
-34.80290243004808
-8.758481684087045
-34.25342113739791
-11.189013469019098
-33.538244417627695
-13.498705062326948
-32.67709936127646
-15.673014120963742
-31.69171010517573
-17.70199607929807
-30.604692382622332
-19.5800647734208
-29.43856186186872
-21.305553263800846
-28.214912035123746
-22.88014720223289
-26.953788695294406
-24.30825823040218
-25.673263190146102
-34.87691535201762
5.797295624222016
-35.18903130879882
3.426359084334649
-35.34241583659913
0.9599499254300383
-35.32010349391004
-1.5805537655865862
-35.10867894027718
-4.169954927210142
-34.69926330821202
-6.780043281115354
-34.08827420604415
-9.380694147021899
-33.27786191252746
-11.941179487687975
-32.275958470622754
-14.431575306565165
-31.095923664612222
-16.824131254571085
-29.755823268268394
-19.094471520678525
-28.277420164074684
-21.222520347282227
-26.68498928789557
-23.193085343078536
-25.00407818758039
-24.996078392735782
-23.260326532269595
-26.626398003459286
-21.47843457206268
-28.08353092757477
-19.681339045862828
-29.37095085944992
-17.889622289489445
-30.495397609571
-16.121151776152942
-31.466113939230993
-14.390926235705116
-32.294103224968495
15.011102211119308
-36.72958813068081
3.5628670411692407
3.5830650259361607
3.601312071558552
3.617753161064898
3.63251710631001
3.6457190129628847
3.6574623084345697
3.6678404271200415
3.676938222157203
3.684833157014312
3.69159631858123
3.697293284601208
3.7019848715011885
3.7057277835570765
3.708575180186203
3.7105771750263234
3.711781277904634
3.712232788806495
3.7119751513172465
3.7110502716638485
3.7094988084441516
3.70736043719492
3.704674093211924
3.7014781953745612
3.6978108532319074
3.6937100590064467
3.689213865923455
3.6843605536706563
3.679188781660052
3.673737730237715
3.668047229852987
3.662157877766556
3.6561111416936494
3.649949449503827
3.643716263829096
3.6374561402069476
3.6312147672300434
3.6250389863799617
3.618976804665541
3.5628670411692407
3.6073102373728196
3.6018089719764657
3.5966256328658344
3.5918130836858038
3.587424782049672
3.583514580121297
3.5801364930910418
3.577344435994598
3.5751919301131423
3.5737317811750025
3.573002281722355
3.5729791978352434
3.573619447556827
3.57487869478928
3.5767116324955204
3.579072250237265
3.5819140841406045
3.5851904470381615
3.5888546370421537
3.5928601235687236
3.5971607112230997
3.6017106905589173
3.6064647180816896
3.613077327561107
3.6162648011960714
3.6212282708691506
3.6262269951400032
3.6312197279812324
3.6361660474247732
3.641026334216252
3.6457617331291448
3.6503340996395237
3.6547059331511145
3.658840297648885
3.6627007304269235
3.6662511393562447
3.6694556888851473
3.6722786748505527
3.6746843878219204
3.6766369645629235
3.678100226807401
3.679037506313913
3.6794114547491588
3.6791838365647185
3.6783153024160646
3.6767651396770344
3.6744909931475096
3.6714485205631773
3.667591902355781
3.6113786451609666
3.656916787919655
3.650024651700741
3.64213465695241
3.633182208487314
3.6230972191604858
3.6118032840601857
3.599216697412047
3.5852452818136666
3.5697869142315395
3.5529404428553217
3.552940442855322
3.5529404428553217
3.5529404428553217
3.552940442855322
3.5529404428553226
3.552940442855322
3.5529404428553213
3.552940442855322
3.5529404428553213
3.5529404428553226
3.5529404428553226
3.552940442855322
3.552940442855322
3.5529404428553217
3.552940442855322
3.552940442855322
3.5529404428553213
3.5529404428553226
3.5529404428553226
3.5529404428553217
3.5529404428553217
3.5529404428553226
3.5529404428553226
3.5529404428553226
3.5529404428553226
3.5529404428553226
3.552940442855322
3.552940442855322
3.5529404428553226
3.5529404428553226
3.5529404428553217
3.5529404428553226
3.5529404428553213
3.552940442855322
3.5529404428553213
3.5529404428553213
3.5529404428553226
3.5529404428553213
3.5529404428553213
3.562867041169241
3.5830178614614736
3.6012202097713253
3.617619074809098
3.632343270802035
3.6455079051644694
3.6572164068078075
3.6675622114777675
3.6766301735450875
3.6844977576055835
3.6912360515770968
3.696910634134085
3.7015823225394024
3.705307821810384
3.708140292011776
3.7101298473349984
3.7113239980673196
3.711768044560672
3.711505430673517
3.710578062812514
3.7090265996618097
3.706890716751069
3.7042093492755783
3.7010209159208682
3.6973635259487785
3.693275171201192
3.688793904429425
3.6839580047538796
3.678806130925855
3.673377462537284
3.667711829189799
3.6618498272025226
3.6558329232546134
3.6497035440835597
3.6435051510894145
3.637282298466014
3.6310806733030874
3.6249471150862553
3.618929634840189
3.562867041169241
3.594780431751329
3.577556124855967
3.5615224656498423
3.5467967303531767
3.5334942017571875
3.5217268602258445
3.511602022417702
3.503220969687667
3.4966776116148393
3.4920572320611387
3.489421913520492
3.4887619383022375
3.4900391023280664
3.493204185291393
3.4981973575180696
3.5049488118679903
3.513379599694107
3.5234026386163046
3.5349238517183843
3.5478433917623087
3.5620568946127724
3.5774566269396924
3.593935098072342
3.613077327561107
3.615763190999777
3.6202645455969362
3.6248408182551715
3.629450905952159
3.6340545147334495
3.638612139730351
3.6430850267331767
3.647435118890267
3.6516249898960327
3.655617764593624
3.6593770276538224
3.662866720801959
3.666051028788113
3.668894254180276
3.6713606807025974
3.6734144247040517
3.6750192739538092
3.6761385127268347
3.676734731727939
3.676769621013239
3.6762037434411106
3.674996285141539
3.6731047757591244
3.670484739564754
3.667090263507788
3.6113786451609666
3.656055102182222
3.64847244304417
3.6400637930460618
3.630765279208078
3.6205073203297813
3.6092137688506787
3.596800927747856
3.5831764147223244
3.568237951472451
3.568237951472451
3.5405153005367023
3.540515300536702
3.5405153005367023
3.5405153005367023
3.5405153005367023
3.5405153005367023
3.5405153005367023
3.5405153005367023
3.5405153005367023
3.5405153005367023
3.5405153005367023
3.5405153005367023
3.5405153005367023
3.5405153005367023
3.5405153005367023
3.540515300536702
3.5405153005367023
3.5405153005367023
3.5405153005367023
3.5405153005367023
3.5405153005367023
3.5405153005367023
3.5405153005367023
3.5405153005367023
3.5405153005367023
3.5405153005367023
3.5405153005367023
3.5405153005367023
3.5405153005367023
3.5405153005367023
3.5405153005367023
3.5405153005367023
3.5405153005367023
3.5405153005367023
3.5405153005367023
3.5405153005367023
3.5405153005367023
3.5405153005367023
3.5405153005367023
3.527371536824211
3.5211204467517803
3.516756634847057
3.5142256448961584
3.5134620061556867
3.514390401541843
3.516926964118066
3.520980654580265
3.5264546732026374
3.533247862968155
3.5412560654660403
3.550373397628284
3.5604934242034023
3.571510208149504
3.583319227855542
3.5958181563558074
3.6089075029708537
3.6224911221035323
3.636476597215472
3.6507755103858432
3.665303609481082
3.679980888563061
3.694731511556874
3.5355523517890215
3.723771613313996
3.737963768196552
3.7520005992430203
3.765825653060992
3.7793856616943087
3.7926302854072937
3.80551183999923
3.8179850162958218
3.8300065953645013
3.8415351614615214
3.852530813935557
3.8629548785187975
3.872769617890203
3.8819379407673646
3.8904231083277083
3.898188436182672
3.905196989690173
3.9114112697313472
3.9167928854602656
3.9213022092796117
3.924898005316151
3.927536989608601
3.9291743565482933
3.709483973561099
3.9288924647368475
3.926997689308315
3.9241247307229403
3.9203146001766713
3.9156062664444358
3.910037021022343
3.9036428168667836
3.8964585860013403
3.8885185404806846
3.8798564604835257
3.8705059727769067
3.8605008222888744
3.849875139095059
3.838663702690307
3.8269022050198775
3.8146275133558385
3.8018779336524005
3.7886934745365477
3.7751161116782703
3.76119005158344
3.746961993355869
3.732481386213967
3.717800679714639
3.7029755627026586
3.688065193632234
3.9297656050078213
3.6581729550327795
3.6433339801636917
3.62869016523278
3.614320308160022
3.6003072731309302
3.5867378831517462
3.5737027219527855
3.56129583482065
3.5496143181491213
3.5387577888117843
3.528827727082604
3.5199266899904984
3.512157396383407
3.505621690102014
3.500419393591969
3.496647070643724
3.4943967235630704
3.493754456343437
3.494799140811582
3.497601127001234
3.5022210410500567
3.5087087135948445
3.5171022762340436
3.527427430128405
3.5456901642080694
3.539768556830389
3.5397685568303894
3.5397685568303894
3.539768556830389
3.5397685568303894
3.5397685568303885
3.539768556830389
3.53976855683039
3.53976855683039
3.539768556830389
3.539768556830389
3.5397685568303885
3.539768556830389
3.539768556830389
3.539768556830389
3.5397685568303894
3.5397685568303894
3.53976855683039
3.539768556830389
3.5397685568303894
3.53976855683039
3.539768556830389
3.53976855683039
3.5397685568303894
3.5397685568303885
3.5397685568303894
3.5397685568303894
3.5397685568303885
3.53976855683039
3.5397685568303894
3.539768556830389
3.5397685568303894
3.539768556830389
3.5397685568303894
3.539768556830389
3.5397685568303894
3.5397685568303885
3.5397685568303885
3.6731323781583103
3.6731323781583103
3.5269800069012707
3.520371150576541
3.515683419402345
3.512862426081434
3.511842760605462
3.5125491592980715
3.5148978014908145
3.5187976870526576
3.5241520483405493
3.530859753323802
3.538816661474522
3.5479169005003923
3.5580540388207065
3.56912213597058
3.5810166598467386
3.593635265969157
3.606878439212748
3.620650002792356
3.6348575026897763
3.64941247852362
3.664230635884096
3.6792319626713397
3.694339954019476
3.5355523517890215
3.7096869740649505
3.710642570675347
3.71237654653141
3.7149169308357366
3.7182924670064548
3.7225307476460197
3.7276562441240015
3.73368831880405
3.740639301807275
3.7485127155615383
3.757301728014964
3.766987906566915
3.7775403295960097
3.7889150915735037
3.80105521324255
3.8138909423711147
3.8273404060573823
3.8413105545149735
3.8556983205771127
3.870391908027474
3.885272105785002
3.900213386403509
3.9150893474693587
3.7094839735610985
3.9217009902458355
3.913097173937306
3.9040188921264996
3.8945272738902994
3.8846802020921007
3.8745325082797115
3.8641361304427315
3.853540255878851
3.8427914601475903
3.8319338503374873
3.8210092195985896
3.810057218835229
3.7991155504383833
3.7882201878415214
3.7774056235548095
3.766705147164231
3.7561511535353787
3.7457754802089065
3.735609771841595
3.7256858682128535
3.7160362113127596
3.706694265959273
3.697694947826466
3.6890750570115998
3.6808735429846977
3.9297656050078213
3.6532045956047488
3.633749490141642
3.614852370458221
3.5966020106771164
3.5790905541799667
3.5624133364892314
3.5466686218246286
3.531957243550874
3.518382139192491
3.506047771993632
3.495059433548991
3.48552242508515
3.477541119232337
3.4712179091058704
3.4666520572891626
3.463938463510896
3.4631663762707814
3.464418079810991
3.467767593178131
3.4732794225575025
3.481007410952218
3.4909937327719747
3.503268096965424
3.5178474040076435
3.5456901642080694
3.5456901642080694
3.545690164208069
3.545690164208069
3.5456901642080685
3.545690164208069
3.5456901642080685
3.545690164208069
3.5456901642080685
3.5456901642080694
3.5456901642080685
3.545690164208069
3.545690164208069
3.5456901642080685
3.5456901642080685
3.545690164208069
3.545690164208069
3.5456901642080685
3.5456901642080685
3.5456901642080694
3.545690164208069
3.5456901642080694
3.545690164208069
3.545690164208069
3.545690164208069
3.545690164208068
3.545690164208069
3.545690164208069
3.5456901642080694
3.5456901642080685
3.545690164208069
3.545690164208069
3.545690164208069
3.545690164208069
3.545690164208069
3.545690164208069
3.5456901642080694
3.545690164208069
3.5456901642080685
3.545690164208069
3.5397685568303894
3.5890204945443096
3.599552255675531
3.6093563952160514
3.618466845567677
3.626915177420813
3.634730833539355
3.6419413360543014
3.6485724708446097
3.6546484521244254
3.6601920697869947
3.6652248217467194
3.669767033197882
3.673837964367343
3.677455908199483
3.680638279163652
3.6834016942454926
3.685762047005247
3.6877345755164908
3.689333924875063
3.6905742048564747
3.6914690432853323
3.692031635555519
3.6922747907086153
3.6922109744511395
3.69185234940057
3.691210812848946
3.6902980322830334
3.689125478869487
3.6877044590786574
3.6860461445736235
3.6841616003917714
3.6820618111411627
3.679757703231408
3.6772601448454445
3.674580455556427
3.5777245531719917
3.667496161038483
3.663170039881653
3.658762132086839
3.6542840268668546
3.64974738817939
3.6451639809998277
3.6405456889046213
3.6359045289097067
3.6312526647393195
3.626602418815104
3.6219662829717256
3.617356927939298
3.61278721145046
3.6082701849736387
3.6038190989279424
3.599447406298197
3.5951687645547583
3.5909970357701058
3.586946284809945
3.58303077548257
3.5792649645600387
3.5756634935140155
3.5722411779117804
3.5690129942843827
3.5659940644297845
3.563199636898091
3.560645065429318
3.5583457832751795
3.5563172688151825
3.5545749606424133
3.5531353174361904
3.6717288920800555
3.550039371356795
3.548354088733418
3.5469720540268916
3.545908671749867
3.5451791217943924
3.5447983085402157
3.5447808102230156
3.5451408275588148
3.545892131756026
3.547048012224484
3.5486212244285698
3.5506239382680835
3.553067687494469
3.555963320623185
3.5593209538262824
3.563149926301533
3.5674587585591357
3.5722551141231964
3.577545765034095
3.583336561575112
3.589632406573789
3.596437234568716
3.6037539961039506
3.6115846473177426
3.619930144957084
3.6287904467836087
3.638164517162141
3.64805033695088
3.6584449135657486
3.6693442564577983
3.565452559548856
3.6808134400534045
3.680813440053405
3.680813440053405
3.6808134400534045
3.680813440053405
3.680813440053405
3.6808134400534045
3.680813440053405
3.6808134400534045
3.6808134400534045
3.6808134400534045
3.6808134400534045
3.6808134400534045
3.6808134400534045
3.6808134400534045
3.6808134400534045
3.6808134400534045
3.6808134400534045
3.6808134400534045
3.6808134400534045
3.6808134400534045
3.680813440053405
3.6808134400534045
3.680813440053405
3.6808134400534045
3.6808134400534045
3.6808134400534045
3.680813440053405
3.680813440053405
3.6808134400534045
3.6808134400534045
3.6808134400534045
3.6808134400534045
3.680813440053405
3.6808134400534045
3.680813440053405
3.6808134400534045
3.680813440053405
3.552012335232714
3.5520123352327144
3.58179224630385
3.5854073384677303
3.588621737261912
3.5914844713070764
3.594041871958481
3.5963377113436126
3.598413310432479
3.600307622856168
3.6020572991078454
3.6036967351555735
3.6052581092239877
3.606771410204656
3.608264460807695
3.6097629383830037
3.611290396004489
3.6128682861527555
3.6145159889846865
3.6162508469040597
3.6180882067891083
3.6200414708644217
3.622122156918829
3.624339968170474
3.6267028727785617
3.629217192718436
3.6318877014137496
3.6347177293185258
3.6377092764330405
3.6408631306005113
3.6441789903655524
3.647655591238992
3.6512908346131807
3.655081920306939
3.6590254931069257
3.6631179076249434
3.6673526134126604
3.5777245531719917
3.668036094646484
3.6642168250503806
3.660282212018163
3.6562435277277063
3.652112161331613
3.6478996290646877
3.6436175880584085
3.6392778501433014
3.6348923948807066
3.630473381585674
3.626033160170636
3.6215842807818523
3.6171395020568857
3.612711797990633
3.6083143632582813
3.603960616909961
3.5996642043398137
3.5954389974207146
3.5912990926825397
3.5872588074189107
3.5833326736387017
3.5795354297105324
3.575882009656656
3.572387529931394
3.5690672737006435
3.5659366725084247
3.5630112855163083
3.560306776768375
3.557838893493593
3.5556234720077553
3.553675718147352
3.671728892080055
3.549372335554055
3.5470621285285775
3.5450974294959914
3.5434938141463146
3.5422666267550054
3.541430924968426
3.541001427984034
3.5409924646928
3.5414179214295016
3.5422911895078664
3.543625112943629
3.545431936732291
3.547723256181961
3.5505099677586758
3.5538022219264733
3.5576093784774163
3.561939964791647
3.5668016375236116
3.5722011480989853
3.5781443124431984
3.5846359852876244
3.591680039335867
3.5992793495360482
3.6074357825908074
3.6161501917553194
3.6254224166777833
3.6352512874413057
3.645634629609115
3.656569254572791
3.66805079651593
3.5654525595488566
3.5654525595488566
3.5654525595488566
3.5654525595488566
3.5654525595488566
3.5654525595488566
3.5654525595488566
3.5654525595488566
3.5654525595488566
3.5654525595488566
3.5654525595488566
3.5654525595488566
3.5654525595488566
3.565452559548856
3.5654525595488566
3.565452559548856
3.565452559548856
3.565452559548856
3.5654525595488566
3.5654525595488566
3.5654525595488566
3.5654525595488566
3.5654525595488566
3.5654525595488566
3.5654525595488566
3.5654525595488566
3.565452559548856
3.5654525595488566
3.5654525595488566
3.5654525595488566
3.5654525595488566
3.565452559548856
3.565452559548856
3.5654525595488566
3.565452559548856
3.5654525595488566
3.5654525595488566
3.5654525595488566
3.5654525595488566
3.5654525595488566
3.680813440053405
45.56193569028294
0.0
0.0
0.0
0.0
0.0
0.0
0.0
0.0
0.0
0.0
0.0
0.0
0.0
0.0
0.0
0.0
0.0
0.0
0.0
0.0
0.0
0.0
0.0
0.0
0.0
0.0
0.0
0.0
0.0
0.0
0.0
0.0
0.0
0.0
0.0
0.0
0.0
0.0
45.56193569028294
0.0
0.0
0.0
0.0
0.0
0.0
0.0
0.0
0.0
0.0
0.0
0.0
0.0
0.0
0.0
0.0
0.0
0.0
0.0
0.0
0.0
0.0
0.0
0.0
0.0
0.0
0.0
0.0
0.0
0.0
0.0
0.0
0.0
0.0
0.0
0.0
0.0
0.0
0.0
0.0
0.0
0.0
0.0
0.0
0.0
0.0
0.0
0.0
0.0
0.0
0.0
0.0
0.0
0.0
0.0
0.0
0.0
0.0
0.0
0.0
0.0
0.0
0.0
0.0
0.0
0.0
0.0
0.0
0.0
0.0
0.0
0.0
0.0
0.0
0.0
0.0
0.0
0.0
0.0
57.72626939498998
57.72626939499006
62.358374600110864
67.22208506548762
72.32898105413356
77.6912218422115
83.32157466969348
0.0
0.0
0.0
0.0
0.0
0.0
0.0
0.0
0.0
0.0
0.0
0.0
0.0
14.356052867825873
38.82195679488581
39.53507812647159
40.18875365636792
40.78487870287637
41.325346443033155
45.840316400987916
46.31703311736334
46.738944262804004
47.10811718089296
47.42661739181411
47.696508683582984
52.34141364721925
52.536775229362505
52.68579502711441
52.79072067414789
52.85379840656507
52.8772731619635
52.86338867892515
52.81438759576723
52.73251154984282
48.174907037553744
48.04590543632785
47.89295822943844
47.71811493423308
47.523424605242724
43.153435255763995
65.80724293560175
60.46583777245611
46.58716296847285
59.798718974700584
50.302531824748925
50.00077505355456
54.10316369374159
45.21607743031695
58.00647882432045
48.77833485677039
48.48006576072498
56.95161482058609
14.356052867825873
51.21177829624725
50.33724415350322
45.500715393816606
44.83559312944031
48.16744223134852
47.60396132615029
47.124410721392486
42.92380438492944
63.54440857481618
63.25148651533807
54.1736060207912
54.13786457886439
42.36170141167948
46.265350147653635
46.49693870869472
42.998034054795774
47.208252498596984
47.683801894706384
48.23635406142561
44.88254538179339
45.525038792942695
46.231538193109884
46.99967473700347
52.15741963712479
48.03686678505556
48.2535851533709
48.4749127572428
48.69890226509246
48.923609795122275
49.14709415416364
49.36741592269358
49.5826365068121
49.79081717843
49.990018111011764
45.93946701906608
50.35371016444972
50.5143074457594
50.658135378080225
50.7832341568034
50.88763709108101
50.969369643959496
51.02644847516366
51.05688048447288
51.05866185361801
51.02977707540702
55.48903334432999
55.384174519127754
55.2392559061985
55.052065461103375
47.826708002769244
54.447896718238184
58.65922505985177
53.58412837030659
57.62967862541973
57.041537473077454
56.40095993934172
55.705190954068186
54.95138165721617
54.13659345573304
54.13659345573304
0.0
0.0
0.0
0.0
0.0
0.0
0.0
0.0
0.0
0.0
0.0
0.0
0.0
0.0
0.0
0.0
0.0
0.0
0.0
0.0
37.20649796192041
37.206497961920405
37.20649796192042
40.79105708950051
44.554844173459614
44.55484417345963
40.791057089500526
40.79105708950053
44.55484417345962
48.5068206116167
57.01344989474978
61.58835661897137
66.39200867940397
76.73186973948525
0.0
0.0
0.0
0.0
0.0
1.2927814750216349
0.0
0.0
0.0
0.0
0.0
0.0
0.0
0.0
0.0
0.0
0.0
0.0
0.0
0.0
0.0
0.0
0.0
0.0
0.0
0.0
0.0
0.0
0.0
0.0
0.0
0.0
0.0
0.0
0.0
0.0
0.0
0.0
0.0
0.0
0.0
0.0
0.0
0.0
1.0
0.0
0.0
0.0
0.0
0.0
0.0
0.0
0.0
0.0
0.0
0.0
0.0
0.0
0.0
0.0
0.0
0.0
0.0
0.0
0.0
0.0
0.0
0.0
0.0
0.0
0.0
0.0
0.0
0.0
0.0
0.0
0.0
0.0
0.0
0.0
0.0
0.0
0.0
0.0
0.0
0.0
0.0
0.0
0.0
0.0
0.0
0.0
0.0
0.0
0.0
0.0
0.0
0.0
0.0
0.0
0.0
0.0
0.0
0.0
0.0
0.0
0.0
0.0
0.0
0.0
0.0
0.0
0.0
0.0
0.0
0.0
0.0
0.0
0.0
0.0
0.0
0.0
0.0
0.0
1.4476607948660887
1.4931047106118993
1.991931380138492
1.5290966785450177
1.5506918593048888
1.5794854336513835
1.6010806144112546
0.0
0.0
0.0
0.0
0.0
0.0
0.0
0.0
0.0
0.0
0.0
0.0
0.0
1.2965350836757583
1.1242452987777931
1.1411878395202195
1.158130380262646
1.175072921005072
1.1920154617474985
1.208958002489925
1.2484905975555862
1.2862707649324447
0.9294060802398902
0.9294060802398902
1.487836045404748
0.9294060802398902
0.9294060802398902
0.9294060802398902
1.5737194406600783
1.585014467821696
1.5963094949833136
1.607604522144931
1.6188995493065486
1.6301945764681662
1.641489603629784
1.6527846307914014
1.6640796579530188
1.6753746851146365
1.686669712276254
1.6979647394378716
0.9294060802398902
1.8222100382156647
1.8222100382156647
1.825033795006069
1.825033795006069
1.825033795006069
1.8278575517964735
1.8278575517964735
1.8321611130015616
1.8321611130015616
1.8321611130015616
1.83646467420665
1.0037536086541234
1.83646467420665
1.7162549117972334
1.7126557150039217
1.7090565182106097
1.705457321417298
1.705457321417298
1.7018581246239861
1.6982589278306741
0.9280160641337631
0.9280160641337631
1.6874613374507388
0.9280160641337631
1.0
1.0143967871732473
1.0359919679331184
1.0575871486929895
1.0719839358662369
1.093579116626108
1.1079759037993553
1.1295710845592262
1.1511662653190973
1.338324498571313
1.179959839665592
1.83646467420665
1.1943566268388395
1.2087534140120868
1.2159518075987104
1.2231502011853341
1.2303485947719577
1.2375469883585815
1.2447453819452052
1.2519437755318288
1.2591421691184526
1.2663405627050761
1.2807373498783234
1.2879357434649472
1.2879357434649472
1.295134137051571
1.3095309242248183
1.3167293178114419
1.3239277113980656
1.3311261049846892
1.3527212857445603
1.3594701484802245
1.3720688122496336
1.3783681441343383
1.3783681441343383
1.3909668079037474
1.4035654716731565
1.1871582332522157
1.428762799211975
1.4098648035578611
1.4350621310966796
1.4161641354425658
1.4224634673272702
1.441361462981384
1.441361462981384
1.441361462981384
1.441361462981384
1.441361462981384
0.0
0.0
0.0
0.0
0.0
0.0
0.0
0.0
0.0
0.0
0.0
0.0
0.0
0.0
0.0
0.0
0.0
0.0
0.0
0.0
1.0621226493888967
1.0282375679040439
1.1976629753283072
0.9294060802398902
1.7120835233898934
1.7149072801802978
1.7205547937611065
1.7233785505515111
1.7262023073419155
1.7290260641323199
1.7318498209227242
1.7346735777131286
1.7374973345035332
1.7403210912939375
0.0
0.0
0.0
0.0
0.0
