45.56193569028294
0.0
0.0
0.0
0.0
0.0
0.0
0.0
0.0
0.0
0.0
0.0
0.0
0.0
0.0
0.0
0.0
0.0
0.0
0.0
0.0
0.0
0.0
0.0
0.0
0.0
0.0
0.0
0.0
0.0
0.0
0.0
0.0
0.0
0.0
0.0
0.0
0.0
0.0
45.56193569028294
0.0
0.0
0.0
0.0
0.0
0.0
0.0
0.0
0.0
0.0
0.0
0.0
0.0
0.0
0.0
0.0
0.0
0.0
0.0
0.0
0.0
0.0
0.0
0.0
0.0
0.0
0.0
0.0
0.0
0.0
0.0
0.0
0.0
0.0
0.0
0.0
0.0
0.0
0.0
0.0
0.0
0.0
0.0
0.0
0.0
0.0
0.0
0.0
0.0
0.0
0.0
0.0
0.0
0.0
0.0
0.0
0.0
0.0
0.0
0.0
0.0
0.0
0.0
0.0
0.0
0.0
0.0
0.0
0.0
0.0
0.0
0.0
0.0
0.0
0.0
0.0
0.0
0.0
0.0
57.72626939498998
57.72626939499006
62.358374600110864
67.22208506548762
72.32898105413356
77.6912218422115
83.32157466969348
0.0
0.0
0.0
0.0
0.0
0.0
0.0
0.0
0.0
0.0
0.0
0.0
0.0
14.356052867825873
38.82195679488581
39.53507812647159
40.18875365636792
40.78487870287637
41.325346443033155
45.840316400987916
46.31703311736334
46.738944262804004
47.10811718089296
47.42661739181411
47.696508683582984
52.34141364721925
52.536775229362505
52.68579502711441
52.79072067414789
52.85379840656507
52.8772731619635
52.86338867892515
52.81438759576723
52.73251154984282
48.174907037553744
48.04590543632785
47.89295822943844
47.71811493423308
47.523424605242724
43.153435255763995
65.80724293560175
60.46583777245611
46.58716296847285
59.798718974700584
50.302531824748925
50.00077505355456
54.10316369374159
45.21607743031695
58.00647882432045
48.77833485677039
48.48006576072498
56.95161482058609
14.356052867825873
51.21177829624725
50.33724415350322
45.500715393816606
44.83559312944031
48.16744223134852
47.60396132615029
47.124410721392486
42.92380438492944
63.54440857481618
63.25148651533807
54.1736060207912
54.13786457886439
42.36170141167948
46.265350147653635
46.49693870869472
42.998034054795774
47.208252498596984
47.683801894706384
48.23635406142561
44.88254538179339
45.525038792942695
46.231538193109884
46.99967473700347
52.15741963712479
48.03686678505556
48.2535851533709
48.4749127572428
48.69890226509246
48.923609795122275
49.14709415416364
49.36741592269358
49.5826365068121
49.79081717843
49.990018111011764
45.93946701906608
50.35371016444972
50.5143074457594
50.658135378080225
50.7832341568034
50.88763709108101
50.969369643959496
51.02644847516366
51.05688048447288
51.05866185361801
51.02977707540702
55.48903334432999
55.384174519127754
55.2392559061985
55.052065461103375
47.826708002769244
54.447896718238184
58.65922505985177
53.58412837030659
57.62967862541973
57.041537473077454
56.40095993934172
55.705190954068186
54.95138165721617
54.13659345573304
54.13659345573304
0.0
0.0
0.0
0.0
0.0
0.0
0.0
0.0
0.0
0.0
0.0
0.0
0.0
0.0
0.0
0.0
0.0
0.0
0.0
0.0
37.20649796192041
37.206497961920405
37.20649796192042
40.79105708950051
44.554844173459614
44.55484417345963
40.791057089500526
40.79105708950053
44.55484417345962
48.5068206116167
57.01344989474978
61.58835661897137
66.39200867940397
76.73186973948525
0.0
0.0
0.0
0.0
0.0
