1.2927814750216349
0.0
0.0
0.0
0.0
0.0
0.0
0.0
0.0
0.0
0.0
0.0
0.0
0.0
0.0
0.0
0.0
0.0
0.0
0.0
0.0
0.0
0.0
0.0
0.0
0.0
0.0
0.0
0.0
0.0
0.0
0.0
0.0
0.0
0.0
0.0
0.0
0.0
0.0
1.0
0.0
0.0
0.0
0.0
0.0
0.0
0.0
0.0
0.0
0.0
0.0
0.0
0.0
0.0
0.0
0.0
0.0
0.0
0.0
0.0
0.0
0.0
0.0
0.0
0.0
0.0
0.0
0.0
0.0
0.0
0.0
0.0
0.0
0.0
0.0
0.0
0.0
0.0
0.0
0.0
0.0
0.0
0.0
0.0
0.0
0.0
0.0
0.0
0.0
0.0
0.0
0.0
0.0
0.0
0.0
0.0
0.0
0.0
0.0
0.0
0.0
0.0
0.0
0.0
0.0
0.0
0.0
0.0
0.0
0.0
0.0
0.0
0.0
0.0
0.0
0.0
0.0
0.0
0.0
1.4476607948660887
1.4931047106118993
1.991931380138492
1.5290966785450177
1.5506918593048888
1.5794854336513835
1.6010806144112546
0.0
0.0
0.0
0.0
0.0
0.0
0.0
0.0
0.0
0.0
0.0
0.0
0.0
1.2965350836757583
1.1242452987777931
1.1411878395202195
1.158130380262646
1.175072921005072
1.1920154617474985
1.208958002489925
1.2484905975555862
1.2862707649324447
0.9294060802398902
0.9294060802398902
1.487836045404748
0.9294060802398902
0.9294060802398902
0.9294060802398902
1.5737194406600783
1.585014467821696
1.5963094949833136
1.607604522144931
1.6188995493065486
1.6301945764681662
1.641489603629784
1.6527846307914014
1.6640796579530188
1.6753746851146365
1.686669712276254
1.6979647394378716
0.9294060802398902
1.8222100382156647
1.8222100382156647
1.825033795006069
1.825033795006069
1.825033795006069
1.8278575517964735
1.8278575517964735
1.8321611130015616
1.8321611130015616
1.8321611130015616
1.83646467420665
1.0037536086541234
1.83646467420665
1.7162549117972334
1.7126557150039217
1.7090565182106097
1.705457321417298
1.705457321417298
1.7018581246239861
1.6982589278306741
0.9280160641337631
0.9280160641337631
1.6874613374507388
0.9280160641337631
1.0
1.0143967871732473
1.0359919679331184
1.0575871486929895
1.0719839358662369
1.093579116626108
1.1079759037993553
1.1295710845592262
1.1511662653190973
1.338324498571313
1.179959839665592
1.83646467420665
1.1943566268388395
1.2087534140120868
1.2159518075987104
1.2231502011853341
1.2303485947719577
1.2375469883585815
1.2447453819452052
1.2519437755318288
1.2591421691184526
1.2663405627050761
1.2807373498783234
1.2879357434649472
1.2879357434649472
1.295134137051571
1.3095309242248183
1.3167293178114419
1.3239277113980656
1.3311261049846892
1.3527212857445603
1.3594701484802245
1.3720688122496336
1.3783681441343383
1.3783681441343383
1.3909668079037474
1.4035654716731565
1.1871582332522157
1.428762799211975
1.4098648035578611
1.4350621310966796
1.4161641354425658
1.4224634673272702
1.441361462981384
1.441361462981384
1.441361462981384
1.441361462981384
1.441361462981384
0.0
0.0
0.0
0.0
0.0
0.0
0.0
0.0
0.0
0.0
0.0
0.0
0.0
0.0
0.0
0.0
0.0
0.0
0.0
0.0
1.0621226493888967
1.0282375679040439
1.1976629753283072
0.9294060802398902
1.7120835233898934
1.7149072801802978
1.7205547937611065
1.7233785505515111
1.7262023073419155
1.7290260641323199
1.7318498209227242
1.7346735777131286
1.7374973345035332
1.7403210912939375
0.0
0.0
0.0
0.0
0.0
