-20.682691883 39.710326952
-19.9892979687 140.748959152
-19.2848397641 141.773558142
-18.5694535525 142.784255432
-17.8432756176 143.781182528
-17.1064422429 144.764470939
-16.3590897119 145.734252171
-15.6013543081 146.690657733
-14.8333723151 147.633819131
-14.0552800163 148.563867874
-13.2672136954 149.480935469
-12.4693096358 150.385153424
-11.661704121 151.276653246
-10.8445334347 152.155566443
-10.0179338603 153.022024522
-9.18204168128 153.876158991
-8.33699318127 154.718101358
-7.48292464376 155.54798313
-6.61997235228 156.365935814
-5.74827259034 157.172090919
-4.86796164149 157.966579952
-3.97917578925 158.74953442
-3.08205131714 159.521085831
-2.1767245087 160.281365693
-1.26333164744 161.030505512
-0.342009016898 161.768636798
0.587107099402 162.495891057
1.52388041793 163.212399797
2.46817465516 163.918294525
3.41985352757 164.613706749
4.37878075163 165.298767977
5.34482004381 165.973609716
6.31783512059 166.638363474
7.29768969843 167.293160759
8.28424749382 167.938133077
9.27737222322 168.573411937
10.2769276031 169.199128846
11.28277735 169.815415311
12.2947851802 170.422402841
13.3128148104 171.020222943
14.336729957 171.609007124
15.3663943364 172.188886892
16.4016716651 172.759993755
17.4424256597 173.32245922
18.4885200365 173.876414794
19.539818512 174.421991986
20.5961848028 174.959322303
21.6574826253 175.488537252
22.7235756959 176.009768341
23.7943277312 176.523147078
24.8696024475 177.02880497
25.9492635615 177.526873525
27.0331747895 178.01748425
28.121199848 178.500768653
29.2132024536 178.976858242
30.3090463226 179.445884524
31.4085951715 179.907979006
32.5117127169 180.363273196
33.6182626752 180.811898603
34.7281087628 181.253986733
35.8411146963 181.689669093
36.9571441921 182.119077193
38.0760609666 182.542342538
39.1977287364 182.959596637
40.322011218 183.370970998
41.4487721278 183.776597127
42.5778751822 184.176606533
43.7091840978 184.571130723
44.842562591 184.960301204
45.9778743783 185.344249484
47.1149831762 185.723107072
48.2537527011 186.097005473
49.3940466695 186.466076197
50.5357287979 186.83045075
51.6786628028 187.19026064
52.8227124006 187.545637375
53.9677413078 187.896712462
55.1136132409 188.243617408
56.2601919163 188.586483722
57.4073410506 188.925442911
58.5549243602 189.260626483
59.7028055615 189.592165945
60.8508483711 189.920192804
61.9989165054 190.244838569
63.1468736809 190.566234746
64.294583614 190.884512844
65.4419100213 191.19980437
66.5887166192 191.512240832
67.7348671242 191.821953736
68.8802252528 192.129074592
70.0246547213 192.433734905
71.1680192464 192.736066185
72.3101825444 193.036199938
73.4510083319 193.334267672
74.5903603253 193.630400895
75.7281022411 193.924731114
76.8640977958 194.217389836
77.9982107058 194.508508571
79.1303046876 194.798218824
80.2602434577 195.086652103
81.387890732 195.373939917
