200.224798054 89.672346391
202.175630956 189.899449758
204.138441733 190.151571982
206.112770319 190.427113829
208.098156647 190.724476064
210.09414065 191.042059454
212.10026226 191.378264764
214.116061411 191.731492762
216.141078035 192.100144212
218.174852065 192.482619882
220.216923435 192.877320537
222.266832076 193.282646943
224.324117923 193.696999866
226.388320908 194.118780073
228.458980964 194.546388329
230.535638024 194.9782254
232.61783202 195.412692054
234.705102886 195.848189054
236.796990555 196.283117169
238.89303496 196.715877164
240.992776033 197.144869804
243.095753707 197.568495856
245.201507916 197.985156087
247.309578592 198.393251261
249.419505668 198.791182146
251.530829077 199.177349507
253.643088752 199.550154111
255.755824627 199.907996723
257.868576633 200.249278109
259.980884704 200.572399036
262.092288773 200.87576027
264.202328772 201.157762576
266.310544635 201.416806722
268.416476295 201.651293472
270.519663684 201.859623593
272.619646736 202.040197852
274.715965382 202.191417013
276.808159557 202.311681844
278.895769194 202.39939311
280.978334224 202.452951578
283.055394581 202.470758013
285.126490198 202.451213181
287.191161008 202.392717849
289.248946944 202.293672783
291.299387939 202.152478749
293.342023925 201.967536512
295.376394836 201.73724684
297.402040604 201.460010497
299.418501163 201.13422825
301.425365981 200.758512067
303.4227181 200.333578319
305.410923839 199.861351145
307.39035288 199.343769036
309.361374905 198.782770482
311.324359598 198.180293974
313.279676641 197.538278002
315.227695717 196.858661058
317.168786509 196.143381632
319.1033187 195.394378214
321.031661973 194.613589296
322.95418601 193.802953367
324.871260495 192.964408919
326.78325511 192.099894442
328.690539538 191.211348426
330.593483462 190.300709363
332.492456566 189.369915743
334.38782853 188.420906057
336.27996904 187.455618795
338.169247777 186.475992448
340.056034424 185.483965507
341.940698664 184.481476462
343.82361018 183.470463803
345.705138655 182.452866023
347.585653772 181.43062161
349.465525213 180.405669056
351.345122662 179.379946852
353.224815801 178.355393488
355.104974313 177.333947454
356.985967881 176.317547242
358.868166188 175.308131342
360.751938917 174.307638245
362.63765575 173.318006441
364.525686371 172.341174421
366.416400462 171.379080675
368.310167706 170.433663695
370.207357786 169.506861971
372.108340385 168.600613993
374.013485185 167.716858252
375.92316187 166.857533239
377.837740123 166.024577444
379.757589625 165.219929359
381.683080061 164.445527473
383.614581113 163.703310278
385.552462464 162.995216264
387.497093796 162.323183921
389.448844793 161.689151741
391.408085137 161.095058214
393.375184511 160.54284183
395.350512599 160.03444108
397.334439082 159.571794455
399.32733364 159.156840446
