21.041899958259886 -29.454663814649138
21.17379954735589 -29.831226407268232
21.29040917685458 -30.190225431173104
21.39218932492156 -30.531950988573755
21.479595604189473 -30.856696273219015
21.55307861497368 -31.164757675488076
21.613083908427924 -31.456434809289675
21.660051973482005 -31.732030520746065
21.694418231637634 -31.991850892569033
21.71661303381743 -32.23620524583839
21.727061658206907 -32.46540614104836
21.72618430895444 -32.67976937961987
21.714396114362582 -32.879614004517066
21.692107125221764 -33.06526230133403
21.659722312739866 -33.23703979936869
21.61764156622743 -33.395275273285336
21.56625968977462 -33.54030074465504
21.505966398111287 -33.67245148429714
21.437146311199832 -33.79206601567692
21.360178946344192 -33.899486118901734
21.27543870750753 -33.9950568370914
21.183294869585882 -34.07912648524902
21.08411155478874 -34.15204666323868
20.97824769667107 -34.21417227641284
20.866056982418268 -34.26586156804444
20.747887756887486 -34.30747617343809
20.62408285484132 -34.3393812145321
20.494979289553797 -34.36194547548891
20.36090763021771 -34.375541753764765
20.222190632462798 -34.38054763233424
20.079139814863584 -34.377347410015716
19.93204518910464 -34.36633789276979
19.78113418036444 -34.34795155732442
19.62628407195242 -34.322818697849584
19.47088780805356 -34.28958757805634
20.89424608906659 -29.06024990691573
18.953403863933616 -34.260538400435536
18.592461521339658 -34.26557419271754
18.230871358900142 -34.265216438697536
17.86907373284363 -34.25980023153656
17.507432950160602 -34.24970110019672
17.146280841098047 -34.235310438858306
16.78592765201492 -34.21702936495572
16.426665675649136 -34.19526667182967
16.068770702559842 -34.17043800992357
15.712502680319254 -34.142965515213575
15.358106041841108 -34.1132776228616
15.005809881578081 -34.081808968228586
14.655828054307193 -34.04900032954342
14.308359233052204 -34.015298594950906
13.96358694269524 -33.98115674211056
13.621679578396883 -33.947033825717966
13.282790413305772 -33.913394970494664
12.9470575971817 -33.880711368299615
12.614604145279426 -33.84946027856262
12.285537914588886 -33.82012503232977
11.9599515612842 -33.79319504228536
11.63792246567494 -33.769165820474996
11.319512598443367 -33.748539012459105
11.004768269119168 -33.731822460140904
10.693719621767002 -33.719530330826274
10.386379522883942 -33.712183399765365
10.082740780347137 -33.71030976009149
9.782767797623023 -33.71444695055101
9.48636318986874 -33.72515047119529
9.19313409221516 -33.74305338971311
8.90554766633052 -33.768061477303576
19.312876967540692 -34.249986394975934
8.676464769042042 -33.71619004184524
8.733102033670782 -33.64100150312146
8.792036955483297 -33.57603011021979
8.853533697844497 -33.52171488758847
8.917810676039146 -33.478506383054565
8.98507609719406 -33.44685760182398
9.055536847122404 -33.427221739999396
9.129401454524704 -33.42005142821094
9.206881279048105 -33.42579842843415
9.288191054028879 -33.444913494820355
9.373549161575902 -33.477846303733656
9.463177784917804 -33.52504541393145
9.557303001235184 -33.58695824225936
9.656154844835534 -33.66403104655083
9.759967356699136 -33.756708911531405
9.868978630560804 -33.86543573547792
9.983430863180004 -33.9906542142769
10.103570417651525 -34.13280582173317
10.229647910765067 -34.29233078104738
10.361918342788655 -34.4696680225486
10.500641301151433 -34.66525511728776
10.646081296676584 -34.87952816674178
10.798508349565054 -35.11292161070074
10.958199075450324 -35.36586787055069
11.125438855994958 -35.63879663715667
11.300526612394108 -35.93213330388875
11.483786737703412 -36.24629504981522
11.67560489228471 -36.58167908968278
11.876571183762849 -36.93861567431662
12.088482423924404 -37.31703909405098
18.726703765894023 -29.988638300044173
20.456105169062695 -33.99917050685744
23.18087748978637 -32.20314817910875
25.840791917488914 -30.11061784353086
28.381831352463564 -27.72845980076127
30.75042098635869 -25.076033239007927
32.89710955674563 -22.185040379805372
34.78013460870926 -19.098116934456726
36.368361091954 -15.86625807578352
37.643173743402286 -12.545409693037044
38.5990937146598 -9.192703533184812
39.243124380231706 -5.86285107433082
39.593043787466684 -2.605132911362489
39.674999633845616 0.5387373167592386
39.520805839585606 3.5357799184754697
39.16529848234292 6.36201451044451
38.644014077398396 9.002000323703243
37.991340531706356 11.4478765911432
37.23918881929133 13.698125781408436
-4.3930823487645085 39.43471391197218
-1.4297216729862754 39.65289056020899
1.6946168832236168 39.64245334816215
4.946595547501957 39.369112592634764
8.283495264848511 38.8043752692831
11.654591584600766 37.92843694167047
15.003577551843577 36.732662502028546
18.27186121760394 35.221228279075376
21.402370728708917 33.41159022005721
24.34336632497326 31.333629694152535
27.051733050316585 29.027565740456595
29.495323616990518 26.540944191402076
31.654109414463903 23.92515811900239
33.52012162538162 21.231987190598574
35.09636144189976 18.510571233261572
36.39498456851467 15.805091967454615
37.43510643978007 13.153274865388283
38.240543566254104 10.58568191471582
38.83773073464336 8.125669524750379
39.253962840928864 5.789838955022475
8.621566479644969 -33.801231677345584
-13.664032237932481 32.0959326779776
-34.82917061364474 8.857821819053214
-34.77574679614962 9.568250752427417
-34.69158063291839 10.285349280219947
-34.577939253392785 11.008093233404196
-34.4360657852211 11.735495673573723
-34.26718003383875 12.46660398910339
-34.072478653167614 13.200499169094456
-33.85313520230625 13.936295560912129
-33.61030016929938 14.673140773222798
-33.3451009818174 15.410215631474358
-33.05864201280843 16.14673415527639
-32.752004584674154 16.881943546202734
-32.42624697156367 17.615124180171335
-32.08240440169356 18.345589602571266
-31.72148905945137 19.072686524622952
-31.344490088031655 19.795794820543023
-30.95237359204318 20.51432752458976
-30.546082641113024 21.227730828033117
-30.12653727485482 21.9354840757226
-29.694634509012822 22.63709976127825
-29.251248344747154 23.33212352100611
-28.797229781710303 24.02013412505073
-28.333406837306672 24.700743464161263
-27.860584576869144 25.373596529880473
-27.37954516136556 26.038371382695942
-26.891047926883296 26.69477909922091
-26.395829523563503 27.34256367992751
-25.894604173449537 27.981501877960454
-25.388064185991 28.61140285694026
-24.876881091934187 29.232107438320412
-24.361708477731458 29.843486219922625
-23.843190488809256 30.44543393225848
-23.321995841243165 31.037846863087594
-22.799055903953587 31.62046483152139
-22.27236893129537 32.19499236310983
-34.85055619773025 8.15514420422565
-21.477012285377143 32.762940965335645
-21.208229361585058 32.75981330839616
-20.938033360583212 32.75141775215468
-20.66669157325457 32.73817748740035
-20.394511861104636 32.72048753587916
-20.121806579708668 32.698738695175706
-19.84888356036251 32.67332352518389
-19.5760431043503 32.644638343159016
-19.303576781183565 32.61308402142711
-19.03176688321827 32.579066350068274
-18.760886153269055 32.54299621714662
-18.491197639468915 32.50528970635622
-18.222954612876595 32.466368151224486
-17.95640052010409 32.42665816790574
-17.69176895549657 32.38659167439681
-17.429283645846027 32.34660590166078
-17.169158444180177 32.3071433994844
-16.91159733128917 32.268652038236155
-16.656794425254574 32.23158500633866
-16.404934001393293 32.19640080254155
-16.15619052856855 32.163563221680846
-15.910728732246412 32.133541327871654
-15.668703707985493 32.10680940737822
-15.430261133247782 32.0838468778997
-15.195537693753927 32.06513810817131
-14.96466202181616 32.05117201781604
-14.737757044735147 32.04244107858665
-14.514947029969868 32.03943831431019
-14.296385768993801 32.04264530317198
-14.082453864301318 32.0524481872871
-13.871096121403461 32.07027121126171
-21.74440794791878 32.76018174268705
-13.407732789147566 32.10419463563662
-13.15650125557449 32.12122697679604
-12.910008634337942 32.147679749530994
-12.668164922136107 32.18409962319117
-12.430909098371679 32.23101929859175
-12.198179120687833 32.28897028032219
-11.969904422163829 32.358486070728986
-11.746003408083908 32.44010323476536
-11.526382452077549 32.53436182654161
-11.310935436507151 32.64180558337449
-11.099543519022411 32.76298202427901
-10.89207500168665 32.898442503230115
-10.688385249954294 33.04874224107172
-10.48831663568005 33.21444034614106
-10.291698490217563 33.39609982913149
-10.098347058655023 33.59428761590789
-9.908065447146129 33.80957455952034
-9.720643555042216 34.042535454949444
-9.535857979055002 34.293749057726984
-9.353471869819685 34.56379811123048
-9.17323470586686 34.85326938910245
-8.994881919445362 35.162753764416124
-8.818134243927702 35.49284633008324
-8.6426965035036 35.84414662126113
-8.46825519433196 36.217259060399556
-8.294473164281385 36.612793935043015
-8.120976313687564 37.031369842038885
-7.947313699026182 37.473621019610135
-7.772797949309094 37.94022667499496
-7.595388183510536 38.43211627681737
16.656638299943896 -31.185962572466295
16.656638299943896 -31.185962572466295
14.43753612103091 -32.27329254631999
12.08263661475825 -33.22676260880873
9.610067450346673 -34.024321662984164
7.042478596912572 -34.64695305850796
4.406318885503335 -35.07979781734329
1.7307924065818412 -35.31306017144004
-0.9534225031326677 -35.342592527387495
-3.6155739336831907 -35.17009363303568
-6.22622224715596 -34.80290243004808
-8.758481684087045 -34.25342113739791
-11.189013469019098 -33.538244417627695
-13.498705062326948 -32.67709936127646
-15.673014120963742 -31.69171010517573
-17.70199607929807 -30.604692382622332
-19.5800647734208 -29.43856186186872
-21.305553263800846 -28.214912035123746
-22.88014720223289 -26.953788695294406
-24.30825823040218 -25.673263190146102
-34.87691535201762 5.797295624222016
-35.18903130879882 3.426359084334649
-35.34241583659913 0.9599499254300383
-35.32010349391004 -1.5805537655865862
-35.10867894027718 -4.169954927210142
-34.69926330821202 -6.780043281115354
-34.08827420604415 -9.380694147021899
-33.27786191252746 -11.941179487687975
-32.275958470622754 -14.431575306565165
-31.095923664612222 -16.824131254571085
-29.755823268268394 -19.094471520678525
-28.277420164074684 -21.222520347282227
-26.68498928789557 -23.193085343078536
-25.00407818758039 -24.996078392735782
-23.260326532269595 -26.626398003459286
-21.47843457206268 -28.08353092757477
-19.681339045862828 -29.37095085944992
-17.889622289489445 -30.495397609571
-16.121151776152942 -31.466113939230993
-14.390926235705116 -32.294103224968495
15.011102211119308 -36.72958813068081
