0.34611975560230235 -34.032631783837076
0.3292186618636208 -33.82070102340205
0.31308450445638414 -33.67357528938754
0.29762146051876925 -33.58858877957465
0.28272990391266717 -33.563075757018396
0.26831246580894685 -33.59437048513561
0.25427555504703037 -33.67980721195218
0.24052987146293958 -33.816720165052516
0.22699061982564217 -34.00244354873922
0.2135776189426224 -34.2343115438604
0.2002153732442764 -34.509658306522425
0.1868331369325631 -34.82581796852651
0.1733649909164683 -35.18012463671599
0.15974995572031503 -35.56991239328045
0.14593217929123625 -35.99251529538856
0.13186127916034707 -36.4452673751299
0.11749302200962575 -36.92550263964668
0.10279081511444588 -37.43055507101843
0.08772943206611217 -37.957758625702695
0.07230618749071027 -38.50444723418198
0.05658563363869007 -39.0679547975769
0.041012433932024805 -39.6456151670709
0.022237062276673214 -40.23476242226627
0.36383741171283646 -34.31203388697591
0.24446445497883929 -41.41959988457981
0.4940038792102257 -42.00945163148626
0.750846514491684 -42.59961822446155
1.0148423681766303 -43.187436803034586
1.2858470023517157 -43.770248915568004
1.563672955692141 -44.3454005213074
1.848077604493085 -44.91024199069989
2.1387591238423056 -45.46212810353376
2.435354882607669 -45.99841804764668
2.7374407288705243 -46.51647541535226
3.044530654849666 -47.013668199111805
3.356076650352861 -47.487368783735064
3.6714686730312565 -47.93495393484639
3.9900347204761033 -48.35380477850924
4.311041033968991 -48.74130676657285
4.633692529354164 -49.09484961098923
4.95713369687752 -49.41182715405108
5.280450609851471 -49.68963708071223
5.602675970556049 -49.92568020082808
5.922804269712344 -50.11735829636862
6.239852446318366 -50.262065508100704
6.553284536571027 -50.357128044644725
6.857305326421965 -50.40061434828982
0.0027238656013537366 -40.83273023024833
7.152282816512638 -50.34512070228371
7.144037807839709 -50.249065925982194
7.129050679567115 -50.10412623036137
7.1075180068971235 -49.9127921711229
7.079729546284057 -49.67754107306777
7.046002500297789 -49.40084636241596
7.0066650852542125 -49.08517990021295
6.962051055170036 -48.733012759388885
6.912497513277913 -48.34681553576655
6.858343919769993 -47.929058488825774
6.799931599312345 -47.48221161160723
6.737603481213455 -47.008744667475185
6.671703959137233 -46.51112721019672
6.602578819666007 -45.991828594021484
6.5305752182699734 -45.45331797668888
6.456041698748891 -44.89806431670016
6.379328268469237 -44.328536362641415
6.300786568064893 -43.747202627727916
6.220770234516408 -43.15653133815579
6.139635718625129 -42.55899031389143
6.057744345733681 -41.95704666999268
5.975468514089698 -41.35316591877623
5.89321650577466 -40.7498083734809
5.81160619052423 -40.14940397396916
5.729111258736339 -39.55469341502649
7.154142466927908 -50.389721440947
5.654402318738903 -38.37607787659289
5.6608027784715205 -37.79749722022956
5.666962984666952 -37.23467606398276
5.6733164433036904 -36.69006687606199
5.680357544530864 -36.166112560120155
5.688614767743843 -35.66525033815057
5.698643988854144 -35.189912720088415
5.711026256665832 -34.742527824950514
5.726366913001755 -34.32551950852266
5.745295204856973 -33.941307417295974
5.768464107480952 -33.59230701316966
5.796550252725183 -33.28092958124631
5.830253922823715 -33.00958222716778
5.870299099540432 -32.78066786439385
5.917433579195972 -32.596585189045356
5.97242918799077 -32.45972863374581
6.036082175341619 -32.37248828486446
6.109213956663552 -32.337249727801264
6.192672608277235 -32.35639373411948
6.287336165236127 -32.43229557429959
6.394120874124383 -32.567323296074164
6.514005961830094 -32.76383255881542
6.648132725324103 -33.02414596845735
6.7984981901469155 -33.35040841573225
-2.071091303898271 -34.60167325257416
13.508876850841034 -31.700615097958718
15.679756726160406 -30.684914540675294
17.816832285070234 -29.49541046816941
19.89455691698754 -28.135837581932066
21.887901397322594 -26.614629882476322
23.77345834568132 -24.94476758052221
25.530480171168904 -23.143321576421755
27.141755471473004 -21.230729174639407
28.59424720651367 -19.229866823587315
29.879445541510847 -17.16500758788078
30.993423264479475 -15.060759134550295
31.936615523385285 -12.941071836273153
32.7133726104467 -10.82838879105256
33.33135114178515 -8.742984754826864
33.8008143744097 -6.702514377964178
34.13390799905494 -4.721766202616493
34.343966419553794 -2.8126005640118024
34.44488961320366 -0.984038055328341
21.660865615611613 26.799732314755147
23.376671675882335 25.316989803650017
25.038867286695393 23.674329480671133
26.623939122151796 21.876576902707427
28.108645848105027 19.9329571299877
29.47105454621601 17.857090896730057
30.69158231557168 15.666701194782632
31.75394784212375 13.383032085435758
32.645941273365054 11.030016760464065
33.35993870013084 8.633263651923812
33.893117197622644 6.218951518410108
34.247362241680435 3.8127327269610305
34.42889463971403 1.4387373796449765
34.44767267760682 -0.8812482377738604
34.316642817829916 -3.1283825011656745
34.0509176238628 -5.28713157894029
33.666953912492204 -7.345404387386964
33.18179054529128 -9.29448909669253
32.612387574529066 -11.128833184517532
31.97509019878072 -12.845713609603536
5.64757658303904 -38.96792881182395
35.8269786680537 16.33469303854514
-7.6571284584019566 33.148175129717686
-7.798916064820133 32.88483058669695
-7.953654117974224 32.68509785998032
-8.121775530206236 32.546069448182834
-8.303661322973255 32.46485400875474
-8.499634993592423 32.43857762464464
-8.709961102583463 32.464384123130145
-8.934844797350081 32.53943518437944
-9.174431614303444 32.66091038680014
-9.428807379464104 32.82600723242956
-9.69799814450468 33.03194116376147
-9.981970131735295 33.27594558180331
-10.280629669610306 33.555271867954616
-10.593823099913067 33.86718941836406
-10.921336624216707 34.20898570097091
-11.262896025139582 34.577966360507844
-11.618166113422632 34.971455427624534
-11.986749514801772 35.386795777715804
-12.36818363984682 35.82135027704388
-12.761931596252253 36.27250522177013
-13.167345839564803 36.73768409168693
-13.583413731764352 37.21444382876902
-14.012148638345906 37.69919167721551
-7.527845900086902 33.47804628749549
-13.209623132105804 38.645760309725375
-11.926445427987204 39.10165891676732
-10.600645984664226 39.55517371039673
-9.231652371118571 40.003801242850926
-7.819211523685112 40.445087043449774
-6.363429251858236 40.87661066592784
-4.86478011073649 41.295981948345485
-3.3241106862310517 41.70083976230316
-1.7426409017918445 42.08885150907386
-0.1219646016814977 42.45771288360402
1.5359501728299847 42.80514774812423
3.2287610582767456 43.12890805003403
4.953751334677406 43.42677375435062
6.7078299667537635 43.6965527675801
8.487531738486098 43.936080829383144
10.289017544798924 44.143221326620164
12.108075005027217 44.31586493502172
13.940119834650943 44.45192883861455
15.780199292778263 44.5493547882362
17.623002540209768 44.60610328625259
19.46290208565904 44.62013033409909
21.294243927107857 44.58922468540254
23.107414559728795 44.51321389306534
-14.450794331171295 38.19013496537903
25.698382607409258 43.4563506136526
26.470725759947413 42.4814935426121
27.21357450617859 41.469499909638444
27.925820036314974 40.425025965138275
28.606577837925897 39.352517235614556
29.255142777062474 38.256233719188515
29.870977867452552 37.14025618615119
30.453710525299755 36.00848827986269
31.00313107024965 34.86465735851323
31.519192042725933 33.71231487854786
32.00200786153681 32.554836587389104
32.451854638390046 31.395422628150754
32.86917007102363 30.237097600769175
33.25455337790663 29.082710599960848
33.60876525593392 27.934935240616454
33.9327278516688 26.796269677289814
34.22752473985577 25.669036621932463
34.49440090377658 24.555383363992178
34.734762714526255 23.457281802733235
34.950177896978175 22.376528508884405
35.142375458199865 21.314744872939258
35.31324548497304 20.273377543683438
35.464838344979796 19.25370017380311
35.59935911804769 18.25682563060579
35.71924291218215 17.283540800626895
24.898192574339475 44.389027786880405
34.80228669038115 16.691877148143902
33.80392822764367 17.03691690270452
32.83358824238837 17.371543516372782
31.892817157565503 17.697657934012682
30.983036872262687 18.017317642677256
30.10554162496726 18.332734784577127
29.261498214004007 18.646275682097723
28.451946075878595 18.960460675340897
27.67779732404756 19.277964053096696
26.939836773417653 19.60161401476637
26.23872196432825 19.934392644278944
25.574983189675493 20.2794358852195
24.949023531519458 20.64003351166386
24.36111891445455 21.019629088187315
23.811418188746586 21.421819909889507
23.299943265908325 21.850356904961018
22.826589353900147 22.309144467129443
22.391125391973276 22.802240147664463
21.993194916247205 23.333854040793796
21.63231796269298 23.90834743626567
21.307895819697478 24.530229452722523
21.019225282592572 25.204146942787844
20.76555566682015 25.934844119059306
20.546487892204595 26.726879945320917
-4.633014359864006 -34.35258926206703
-4.633014359864006 -34.35258926206703
-7.292672440456016 -33.88778747193746
-10.017203562973236 -33.18464771313603
-12.76721682410053 -32.226749535648054
-15.498360371505385 -31.00590325828196
-18.163620142031448 -29.52368734428302
-20.71614704599824 -27.792201471556126
-23.11228348938451 -25.833845299786702
-25.314393021397905 -23.680091153228062
-27.293115145319973 -21.369395797057365
-29.028769677806963 -18.944543859903916
-30.51179256040507 -16.44979409651677
-31.742252831410298 -13.928194292650147
-32.72863554458044 -11.419353154054448
-33.48615135512756 -8.957838940753334
-34.034845851594554 -6.5722506742504265
-34.39774392413517 -4.284906533007387
-34.59919856406722 -2.1120297799121204
-34.66354105341824 -0.06428611807382367
-9.964194406673045 33.20060302002079
-12.400388911509253 32.36967046341849
-14.882151435936095 31.30633769230846
-17.372302617475356 29.996138298685167
-19.828732930329352 28.432139586120854
-22.206395287084746 26.61655912060624
-24.459895461130515 24.561732941662626
-26.546416657664935 22.29019905035929
-28.428614280892504 19.833786858167656
-30.077087979761984 17.231772680854533
-31.472096466921755 14.528329396174883
-32.60431406993408 11.769618307153678
-33.47459934505716 9.000911606881147
-34.09290816228744 6.264090046034056
-34.47659734280404 3.595753986182217
-34.648411593620494 1.0260531692136965
-34.63443004267961 -1.4217829249647593
-34.46218865018483 -3.7313220855428995
-34.15911587439143 -5.89236911156172
-33.751342395671315 -7.900132755666107
9.164164953390411 -33.218019689126095
