2.1851354171530417 -35.19639031541738
2.279163491526411 -35.91141053220297
2.371828324263923 -36.56944993567321
2.462766950477018 -37.17227723850293
2.551818962194929 -37.72164831511752
2.6388657356473573 -38.21931618382112
2.7238074635538254 -38.66703243212579
2.8065574130684467 -39.06654757334268
2.887040011636401 -39.41961116572118
2.965190081166128 -39.72797185969458
3.0409524898009153 -39.993377419499765
3.1142819777105046 -40.21757473439346
3.1851430631114823 -40.402309823885524
3.2535099885183882 -40.54932784147577
3.319366688379958 -40.66037307656187
3.3827067687896744 -40.73718895579713
3.443533494275698 -40.78151804370774
3.501859778961105 -40.79510204323774
3.5577081805174373 -40.77968179641971
3.611110895888146 -40.73699728433274
3.6621097582872437 -40.66878762737932
3.7107562350742427 -40.57679108540399
3.757111426306011 -40.46274505786496
3.8012460637904013 -40.32838608346643
3.843240510756047 -40.17544984094269
3.8831847618838538 -40.00567114790052
3.9211784442233437 -39.82078396188151
3.957330818838116 -39.622521379032186
3.9917607841355647 -39.412615634595404
4.024596881582369 -39.192798101416926
4.055977306266584 -38.96479928939925
4.086049926679067 -38.73034884287537
4.11497232462014 -38.49117553573597
4.14291188336918 -38.24900726142649
4.170046008341018 -38.00557100727551
4.196562789261719 -37.76259277646693
4.2226636496660035 -37.52179727978289
4.2485818929889945 -37.284905769025514
4.274331585509515 -37.05366535869035
2.1851354171530417 -35.19639031541738
4.205682449338298 -36.62608320086258
4.113127003334256 -36.43305796823299
4.022729258605011 -36.25243971609481
3.9345999465203363 -36.08596193551796
3.848840584288581 -35.93535888883361
3.7655406462745304 -35.802365939790256
3.6847768611748393 -35.688719635860956
3.606612983467045 -35.5961577356758
3.5310997096192978 -35.52641921859515
3.4582746509781828 -35.48124428940693
3.388116760043374 -35.46189739083809
3.320392670925713 -35.46747675714261
3.254819748979145 -35.49646483286182
3.1911272565907893 -35.547342912188846
3.129056487341785 -35.61859117048277
3.0683610106021035 -35.70868864798315
3.008807162401723 -35.8161132143289
2.950175127011562 -35.93934149280188
2.892261641936301 -36.07684866965698
2.8348881138169872 -36.227107921197906
2.7779330831961033 -36.38858812445557
2.7215594788011117 -36.55973782809547
2.6631604947011738 -36.73920066832044
4.300295475640297 -36.82978037889943
2.7205008913296638 -37.098749477658
2.838344574743928 -37.2755500403737
2.957519319488142 -37.45420732858151
3.0778427174996352 -37.63319264859286
3.19916447564745 -37.81097566983487
3.3213312410239837 -37.9860269064909
3.4441778121205004 -38.1568183360532
3.5675242154892715 -38.321823605410664
3.6911745444329256 -38.479518111925714
3.8149164418796033 -38.62837903863709
3.9385208566376377 -38.76688536957263
4.061741933346866 -38.8935178955491
4.1843169806774085 -39.00675921210851
4.305966500076011 -39.10509371234848
4.426394279848807 -39.18700757047728
4.545287583846147 -39.25098871363327
4.6623175035697955 -39.295526769815034
4.7771396283480385 -39.319112970749885
4.889395398230079 -39.32023995609296
4.998715090948053 -39.29740134248902
5.104725298755966 -39.2490906447682
5.207071368626885 -39.17379803941798
5.305507174368529 -39.06999741716073
5.4005235400236415 -38.93605574844318
5.484891338672298 -38.77145277869659
2.6044490444420774 -36.92531532961846
5.776811374273109 -38.30859584385157
5.983222466911798 -38.00755138280859
6.18054338778353 -37.66957491591168
6.367580537507081 -37.29331246986551
6.5432489521588195 -36.87739544600016
6.706477149329714 -36.42045385110157
6.856201772415204 -35.9211155906142
6.991439544757043 -35.37799017483148
7.11184698687515 -34.7895465793059
9.56037310443196 -33.581464819456215
11.7238739906972 -32.88869550417858
13.89919389588988 -32.03010962142932
16.063422869084548 -31.00132189190153
18.192301110301344 -29.801941105042985
20.261124843242158 -28.435933840879542
22.245757076992504 -26.911741032266203
24.12366204170206 -25.242116452747457
25.874873239685144 -23.443686743909275
27.48280916711002 -21.536265080104616
28.93486765914247 -19.541979092820515
30.222756485125444 -17.484293058546307
31.342549206850663 -15.38701148802024
32.294485666414744 -13.273345804960213
33.08256083141458 -11.165110037616055
33.71396099646836 -9.082089365610356
34.19841168437637 -7.041601492716832
34.5474981633846 -5.058249100949636
34.774009741674774 -3.1438447484299594
34.89134581566759 -1.307478675856376
22.774671831034254 26.46563500664618
24.44747555549759 24.928627163958886
26.0613965102919 23.236159864522982
27.59380030664073 21.39387056971124
29.022504123414706 19.411588490453322
30.32675158268279 17.303284421131455
31.48817906645087 15.086752214954952
32.491686784477565 12.78302793612406
33.326132692455985 10.415584144979043
33.9847847303414 8.009364528392782
34.46549416178493 5.589742883200632
34.77058514154123 3.1814968538651147
34.90648711945704 0.8078801244634111
34.883161951106956 -1.510140923610665
34.71339307776185 -3.754444612072168
34.41200872922815 -5.910090399972374
33.99510593229519 -7.965443237406754
33.47932988116912 -9.912112994925941
32.881247280517755 -11.744747361853484
32.21683573041145 -13.460720962712399
-9.197337505070564 34.04364391254741
-9.312025793536627 34.756122261087235
-9.408858318416208 35.41436028487887
-9.48884552746059 36.01989859993803
-9.552809079975816 36.57432820616734
-9.601527300121354 37.07925119196436
-9.635755956031545 37.536275119849435
-9.656233454901312 37.94701162305013
-9.663682574968561 38.31307593789529
-9.6588111584053 38.63608671631167
-9.642312426486555 38.91766594067745
-9.61486513743543 39.15943888159245
-9.57713367136597 39.36303407430815
-9.529768079129568 39.53008330594422
-9.473404111650709 39.66222160745761
-9.408663238392322 39.76108724875452
-9.336152659316284 39.82832173524808
-9.256465312943845 39.865569805674994
-9.170179881971748 39.8744794308808
-9.077860797096136 39.85670181246553
-8.980058239796037 39.813891382120595
-8.877308144283958 39.74770580108138
-8.770132198862683 39.659805959836035
-8.65903784666473 39.551855977472265
-8.544518286175858 39.42552320230609
-8.427052470838149 39.282478210768375
-8.307105108502697 39.1243948086678
-8.185126659480318 38.95295003038663
-8.061553333568682 38.769824140303996
-7.936807084252905 38.57670063301898
-7.811295598659271 38.37526623588393
-7.6854122782656304 38.16721091222649
-7.55953620012329 37.954227868261505
-7.434032031418042 37.73801356909645
-7.309249815471105 37.52026777818267
-7.185524329273079 37.30269367476446
-7.063172514053662 37.086998327587914
-6.942475487130565 36.87489600235561
-6.823921989576064 36.66806338507858
-9.197337505070564 34.04364391254741
-5.488131665723529 35.99168520581944
-4.283415722052638 35.52870009693015
-3.0926268349637382 35.080717454377925
-1.9146553095316676 34.649119377813385
-0.7481650351220992 34.23523810864198
0.40840376997152816 33.84035552258362
1.5568338753603825 33.46570300070398
2.6991308149300437 33.11246138384289
3.8375228030257915 32.781760949464946
4.974460704563285 32.47468139625696
6.112535804521343 32.1918188310219
7.254057342812871 31.931781677363546
8.40107116181133 31.69265588805054
9.555426134694954 31.472572071522997
10.71877423726616 31.269705479062154
11.89257067338525 31.082275913349953
13.0780741266245 30.908547543729654
14.276347315605591 30.74682850244413
15.488258382765224 30.595469874699546
16.714485060747705 30.45286266873454
17.955531339248267 30.317425698938557
19.211844131526306 30.187520765756304
20.482236523273627 30.062598996140686
-6.7076387163859295 36.4682443611729
22.06989583072371 29.92073791807679
22.376508630018492 29.901900113614566
22.686347222101233 29.882876034638265
22.998468546289615 29.862450231810072
23.311922769105905 29.839416918505258
23.625735226407357 29.8125931001201
23.938901909880826 29.780821853787423
24.250387964991546 29.742973420221702
24.559127092487984 29.697945637758078
24.864021279490544 29.64466413623513
25.16394066928885 29.58208242927521
25.45772349778906 29.509181957981646
25.744176065708245 29.424972105721547
26.022072736419062 29.328490193146497
26.29015595620541 29.218801451034313
26.547136305267713 29.094998964263343
26.791692597543886 28.95620356455729
27.022472074976065 28.801563625639226
27.238090802274428 28.63025464810193
27.437134541502303 28.441478342224297
27.618160943406508 28.234460330271055
27.779706127584006 28.008443249232904
27.920311010203818 27.762659155409697
28.038705610531224 27.49613634448989
28.131344766050404 27.21028227243993
21.76757153253314 29.94052265063027
27.61279037389818 27.126913899587834
27.00720876835146 27.320230938782423
26.38117081393824 27.48102962595033
25.734817203291186 27.607140999623333
25.068400444927363 27.696290225857545
24.382258569270846 27.746125202827848
23.676818409946122 27.75421625726124
22.952636136087847 27.718026208893274
22.210697457515096 27.634683556865234
22.210697457515096 27.634683556865234
-0.2909104127827504 -34.48345751779476
-2.85165016089946 -34.366576242181345
-5.521326419775221 -34.03980648911086
-8.268342675468695 -33.47876910298294
-11.05422046731875 -32.66493044703651
-13.835058207002099 -31.587729194398978
-16.56375351665129 -30.246248373797428
-19.192801928823414 -28.65012784213665
-21.677350704436904 -26.819506663745152
-23.9781095284129 -24.783941064593744
-26.06372832385837 -22.580423758422345
-27.91234790642349 -20.250785308244158
-29.512184475083835 -17.838846340457174
-30.861179182495498 -15.387692832771524
-31.965884841517678 -12.937375218669825
-32.83984470882895 -10.52321579888109
-33.501736916300814 -8.17478408527031
-33.97352476480305 -5.915495440378212
-34.278789472286704 -3.7627202346797137
-34.44134995066157 -1.728260635982405
-11.314844392735615 32.57557010426681
-13.703402934157893 31.645066270651647
-16.127973064778033 30.48084572434984
-18.550816559968723 29.06992735127165
-20.92954675914587 27.407071053043012
-23.219191464663695 25.496325597566212
-25.374833599778636 23.351901229522333
-27.354554732974567 20.998138170097853
-29.122309736675934 18.468474405075575
-30.650337904948326 15.803488778187848
-31.92078155441527 13.048263340579993
-32.92632316622456 10.249425057200291
-33.66982745069449 7.452260777125357
-34.163137093320735 4.698248098259061
-34.42528146117251 2.0232319612130993
-34.48039885508008 -0.5436598609551524
-34.355650569072424 -2.980393468254686
-34.07934004034564 -5.271816922496061
-33.67936828434745 -7.409023094653772
