105.602327064
2.796117736
107.958495904
43.0304396235
110.320404471
43.3142547143
112.687869998
43.6452094094
115.060709717
44.0209501102
117.43874086
44.4391232176
119.82178066
44.8973751328
122.209646348
45.3933522569
124.602155158
45.924700991
126.99912432
46.4890677364
129.400371069
47.084098894
131.805712635
47.707440865
134.214966251
48.3567400506
136.62794915
49.0296428518
139.044478563
49.7237956698
141.464371723
50.4368449058
143.887445861
51.1664369607
146.313518212
51.9102182359
148.742406005
52.6658351323
151.173926475
53.4309340511
153.607896853
54.2031613934
156.044134371
54.9801635605
158.482456261
55.7595869533
160.922679756
56.539077973
163.364622089
57.3162830207
165.80810049
58.0888484976
168.252932194
58.8544208047
170.698934431
59.6106463433
173.145924434
60.3551715144
175.593719435
61.0856427192
178.042136667
61.7997063587
180.490993362
62.4950088341
182.940106752
63.1691965465
185.38929407
63.8199158971
187.838372546
64.444813287
190.287159415
65.0415351172
192.735471908
65.607727789
195.183127257
66.1410377035
197.629942695
66.6391112616
200.075735453
67.0995948647
202.520322765
67.5201349138
204.963521862
67.8983778101
207.405149977
68.2319699546
209.845024341
68.5185577485
212.282962188
68.7557875929
214.718780749
68.941305889
217.152297256
69.0727590378
219.583328943
69.1477934405
222.01169304
69.1640554982
224.437206781
69.119191612
226.859691946
69.0109275782
229.279095899
68.8391814824
231.695504485
68.606288791
234.109010682
68.3147095179
236.519707469
67.9669036771
238.927687825
67.5653312827
241.333044728
67.1124523487
243.735871157
66.6107268892
246.13626009
66.0626149182
248.534304505
65.4705764497
250.930097383
64.8370714978
253.323731701
64.1645600766
255.715300437
63.4555021999
258.104896571
62.7123578819
260.492613081
61.9375871367
262.878542945
61.1336499782
265.262779143
60.3030064205
267.645414653
59.4481164777
270.026542453
58.5714401637
272.406255522
57.6754374926
274.784646839
56.7625684784
277.161809382
55.8352931353
279.53783613
54.8960714771
281.912820062
53.947363518
284.286854155
52.991629272
286.66003139
52.0313287531
289.032444744
51.0689219754
291.404187195
50.1068689529
293.775351724
49.1476296996
296.146031307
48.1936642296
298.516318925
47.2474325569
300.886307555
46.3113946956
303.256090176
45.3880106596
305.625759766
44.4797404631
307.995409305
43.58904412
310.365131771
42.7183816444
312.735020142
41.8702130504
315.105167397
41.0469983519
317.475666515
40.2511975631
319.846610474
39.4852706978
322.218092253
38.7516777703
324.590204831
38.0528787945
326.963041186
37.3913337844
329.336694296
36.7695027542
331.711257141
36.1898457177
334.086822699
35.6548226891
336.463483949
35.1668936825
338.841333869
34.7285187117
341.220465437
34.342157791
343.600971633
34.0102709342
345.98294543
33.7353181556
199.664814023
24.899225978
201.837365787
224.911454676
204.001692003
224.890020395
206.157970585
224.83567025
208.306379449
224.749151356
210.44709651
224.631210827
212.580299683
224.482595781
214.706166881
224.30405333
216.824876021
224.096330592
218.936605017
223.86017468
221.041531785
223.59633271
223.139834238
223.305551798
225.231690292
222.988579058
227.317277862
222.646161606
229.396774863
222.279046556
231.47035921
221.887981025
233.538208817
221.473712127
235.600501599
221.036986977
237.657415472
220.578552691
239.70912835
220.099156383
241.755818148
219.599545169
243.797662782
219.080466165
245.834840165
218.542666485
247.867528213
217.986893244
249.895904841
217.413893558
251.920147964
216.824414542
253.940435496
216.219203311
255.956945353
215.59900698
257.969855449
214.964572664
259.9793437
214.316647479
261.98558802
213.65597854
263.988766324
212.983312962
265.989056527
212.29939786
267.986636544
211.60498035
269.98168429
210.900807546
271.97437768
210.187626563
273.964894628
209.466184518
275.95341305
208.737228524
277.940110861
208.001505698
279.925165975
207.259763154
281.908756307
206.512748008
283.891059772
205.761207375
285.872254286
205.00588837
287.852517763
204.247538108
289.832028117
203.486903704
291.810963264
202.724732274
293.78950112
201.961770933
295.767819597
201.198766795
297.746096613
200.436466977
299.724508056
199.675610013
301.703146538
198.916581566
303.681993775
198.159297399
305.661023789
197.403640686
307.640210606
196.6494946
309.61952825
195.896742316
311.598950743
195.145267007
313.57845211
194.394951848
315.558006375
193.645680013
317.537587561
192.897334674
319.517169694
192.149799007
321.496726796
191.402956185
323.476232892
190.656689383
325.455662005
189.910881773
327.43498816
189.165416531
329.41418538
188.420176829
331.39322769
187.675045842
333.372089113
186.929906744
335.350743673
186.184642709
337.329165394
185.439136911
339.3073283
184.693272523
341.285206415
183.94693272
343.262773764
183.200000675
345.240004369
182.452359563
347.216872255
181.703892557
349.193351445
180.954482832
351.169415965
180.204013561
353.145039836
179.452367918
355.120197085
178.699429077
357.094861734
177.945080212
359.069007807
177.189204497
361.042609329
176.431685106
363.015640323
175.672405213
364.988074813
174.911247991
366.959886823
174.148096616
368.931050377
173.38283426
370.901539499
172.615344097
372.871328213
171.845509303
374.840390543
171.073213049
376.808700513
170.298338511
378.776232147
169.520768863
380.742959468
168.740387278
382.708856501
167.95707693
384.673897269
167.170720993
386.638055797
166.381202641
388.601306108
165.588405048
390.563622226
164.792211388
392.524978176
163.992504835
394.485347981
163.189168563
396.444705665
162.382085746
398.403025252
161.571139557
400.36028076
160.756213171
-19.6421355181
39.392251563
-19.042888458
140.496964479
-18.4303127729
141.585244648
-17.8045762407
142.657252097
-17.1658466389
143.713146852
-16.5142917453
144.753088941
-15.8500793373
145.77723839
-15.1733771928
146.785755226
-14.4843530894
147.778799474
-13.7831748047
148.756531162
-13.0700101163
149.719110317
-12.345026802
150.666696964
-11.6083926394
151.599451131
-10.860275406
152.517532844
-10.1008428797
153.421102129
-9.33026283804
154.310319014
-8.54870305864
155.185343524
-7.7563313192
156.046335687
-6.95331539735
156.893455529
-6.13982307076
157.726863077
-5.31602211708
158.546718357
-4.48208031395
159.353181395
-3.63816543905
160.146412219
-2.78444527001
160.926570855
-1.92108758449
161.69381733
-1.04826016015
162.448311669
-0.166130774634
163.190213901
0.725132794397
163.919684051
1.62536276929
164.636882145
2.5343913724
165.341968212
3.45205082606
166.035102276
4.37817335263
166.716444365
5.31259117444
167.386154506
6.25513651385
168.044392724
7.20564159321
168.691319047
8.16393863485
169.327093501
9.12985986113
169.951876112
10.1032374944
170.565826908
11.083903757
171.169105915
12.0716908712
171.76187316
13.0664310595
172.344288668
14.0679565442
172.916512467
15.0760995476
173.478704583
16.090692292
174.031025043
17.1115669998
174.573633874
18.1385558934
175.106691101
19.1714911951
175.630356753
20.2102051272
176.144790854
21.2545299122
176.650153432
22.3042977722
177.146604514
23.3593409298
177.634304125
24.4194916072
178.113412294
25.4845820267
178.584089045
26.5544444108
179.046494406
27.6289109818
179.500788404
28.707813962
179.947131064
29.7909855737
180.385682414
30.8782580394
180.81660248
31.9694635813
181.240051289
33.0644344218
181.656188868
34.1630027833
182.065175242
35.265000888
182.467170438
36.3702609584
182.862334484
37.4786152168
183.250827406
38.5898958856
183.63280923
39.703935187
184.008439982
40.8205653434
184.37787969
41.9396185772
184.741288381
43.0609271108
185.09882608
44.1843231664
185.450652814
45.3096389664
185.79692861
46.4367067332
186.137813494
47.5653586891
186.473467494
48.6954270564
186.804050635
49.8267440576
187.129722944
50.9591419149
187.450644449
52.0924528507
187.766975174
53.2265090873
188.078875148
54.3611428471
188.386504396
55.4961863525
188.690022945
56.6314718257
188.989590823
57.7668314891
189.285368054
58.9020975652
189.577514667
60.0371022761
189.866190687
61.1716778443
190.151556141
62.3056564921
190.433771056
63.4388704419
190.712995459
64.571151916
190.989389375
65.7023331367
191.263112832
66.8322463264
191.534325856
67.9607237075
191.803188473
69.0875975023
192.069860711
70.2126999331
192.334502596
71.3358632223
192.597274155
72.4569195922
192.858335413
73.5757012652
193.117846398
74.6920404636
193.375967137
75.8057694098
193.632857655
76.9167203261
193.88867798
78.0247254348
194.143588138
79.129616958
194.397748155
2.217308406140745
-36.25121643299811
2.3755253003202768
-36.870274298998545
2.5349939467264875
-37.434332252521294
2.6946893380844585
-37.945203624122776
2.8540974242663992
-38.404669781154716
3.012808218160046
-38.81450501534353
3.170457668552487
-39.17648009799163
3.3267131290565572
-39.49236316899652
3.4812685154368666
-39.76392003252991
3.6338423704958416
-39.99291427549291
3.7841769881157745
-40.1811073206302
3.9320379825147995
-40.33025845209867
4.0772140714813645
-40.44212482756801
4.219516987081249
-40.5184614806914
4.358781511802306
-40.561021311014066
4.494865783000648
-40.57155504340657
4.627652685061349
-40.551811053025
4.75705981119404
-40.5035341271698
4.882905704229643
-40.428482065624316
2.217308406140745
-36.25121643299811
4.897599408583346
-40.22624669762719
4.787934502060409
-40.102398110381436
4.676560540890222
-39.95854813169292
4.5638108394045105
-39.79640325632384
4.450004881377254
-39.617671243092104
4.335446751349565
-39.42406130924912
4.220424742228346
-39.21728417906555
4.105211224243703
-38.9990521005774
3.9900625920637367
-38.77107885171599
3.8752192402169214
-38.53507974331301
3.7609055500133763
-38.292771620857174
3.6473298812587416
-38.04587286531644
3.534684565589771
-37.796103393695994
3.423145899315813
-37.54518465994757
3.3128741332850495
-37.294839655433286
3.204013455775282
-37.04679291003509
3.0966919595137767
-36.80277049482397
2.9910215699402443
-36.56450002694492
2.8870978665435416
-36.333710681040586
2.7849995477675122
-36.11213322643103
2.6847862909553726
-35.90150017176703
2.586483773071336
-35.70354677998147
2.4902848654948
-35.51999743247236
5.005219094708792
-40.328387299791125
2.442195437692419
-35.19026462778626
2.4891661727277494
-35.0476624609714
2.5372401143026195
-34.926507121155794
2.5866539018997514
-34.82851530814007
2.637652074150452
-34.75540295962495
2.690485837846353
-34.7088391923287
2.7453023261319913
-34.68904434308622
2.8021122221802273
-34.694532336208745
2.8609085639083673
-34.723719894224075
2.921674231900198
-34.77502463309439
2.984381978735229
-34.846865059130955
3.0489944566661507
-34.93766056697196
3.1154642513221233
-35.045831435439005
3.1837339305567696
-35.16979882307365
3.2537361224710537
-35.30798475955789
3.3253936497562506
-35.4588121306988
3.398619777796881
-35.62070465226892
3.4733187095725384
-35.792086816073535
3.5493866735738493
-35.971383771919896
3.626714642849663
-36.15702103294294
3.7051964914136875
-36.34742359133286
3.784761619158985
-36.54101238139488
3.865603325229131
-36.73617952013309
3.945109248140909
-36.931621095212655
2.3960829094375526
-35.35259726196463
4.166397024849459
-37.30213947972551
4.309039727951301
-37.47386910370861
4.452318041903425
-37.63923406181596
4.595908236392461
-37.79668635364227
4.739515322119701
-37.94467594296574
4.882838004975156
-38.08165455692199
5.025559925034543
-38.20607663587607
5.16734673684158
-38.31639964997852
5.307844942338761
-38.41108422546459
5.446681361486185
-38.48859420156038
5.583462869241146
-38.54739665943589
5.717776255913293
-38.58596193636586
5.849188150331258
-38.60276363372843
5.977244977722137
-38.59627862091798
6.101472938876384
-38.56498703622896
6.221378004595692
-38.507372286315245
6.3364459232006425
-38.42192104282586
6.446142242380176
-38.30712323690428
6.549912349656552
-38.16147204955536
6.647181540806457
-37.98346389648399
6.737355133817687
-37.771598403147195
6.819818662426371
-37.52437836284557
6.893938217654693
-37.24030966267226
6.959061084544828
-36.91790114618864
7.0145170174575355
-36.55566433839806
7.059621047083908
-36.152112840812514
7.093680498362005
-35.70576081812809
7.116016044160517
-35.21511846116491
7.126045916401154
-34.6786738357326
7.123875375037073
-34.094765832666134
9.39977559137975
-32.89781218934302
11.635504456167723
-32.17509695500679
13.891908960241608
-31.267182371520853
16.14182539780785
-30.167255440962307
18.355941300917948
-28.873538871618077
20.504013536339244
-27.38991159013119
22.556282151254038
-25.72617273374731
24.48495309583234
-23.897884841727624
26.26560154686564
-21.925783985866378
27.87835040034372
-19.83480292236955
29.30870646030928
-17.652805829018
30.54798436109394
-15.409168682571575
31.593304930892543
-13.133351116802778
32.447208565949495
-10.853593151180796
33.11696520971873
-8.595838720675573
33.613685092217
-6.382946226849665
33.95133792357723
-4.23420372828862
34.14577629033454
-2.1651303757544973
34.21383731845009
-0.18752055945194002
34.172571252165596
1.6903260127115871
16.64754649922037
29.891152931425744
18.659826917435623
28.678087234418747
20.650046075646458
27.279982131358942
22.590202445051432
25.69639238307935
24.451349506239126
23.93226557050803
26.204923181075458
21.998268774781344
27.8241786412093
19.910723516629396
29.285598312882712
17.691115269255015
30.570123908442213
15.365199388100173
31.664081375739272
12.961781461054962
32.55970683745187
10.511294814283183
33.25523593848504
8.044321642579938
33.75457688514706
5.5902027975986
34.06663706815823
3.1758568733451256
34.204405940457036
0.8248892495432827
34.18390928564611
-1.4429739998705173
34.023143752783255
-3.6121347138544415
33.741080697284076
-5.671093491818809
33.35680152635359
-7.612202043104226
32.88879898246455
-9.431263409778335
-4.9659014995039
35.977867804210405
-5.704336053477448
36.39167602362111
-6.454807377461478
36.744806057790946
-7.215350174206193
37.03979965599175
-7.983643455824421
37.279224875349385
-8.757408577237783
37.4656211416764
-9.534466097983326
37.60149140112985
-10.312749997630263
37.68930015872068
-11.090312413769468
37.73147282446949
-11.865325536351378
37.73039545311689
-12.636082466523078
37.688414627040736
-13.400997641384706
37.6078374004422
-14.158607052717215
37.490931275190995
-14.907568348580483
37.33992419966688
-15.64666083304526
37.15700460059804
-16.374785274037464
36.944321506659804
-17.090962962703514
36.703985064608965
-17.794328916190295
36.43807018206027
-18.484223294223597
36.14856765969699
-4.9659014995039
35.977867804210405
-18.523824220366976
35.924730316326944
-17.88122178809195
35.99150771091881
-17.233867269880307
36.03907353488051
-16.58334662661437
36.068708476937175
-15.931144642043648
36.08172580931546
-15.278645994124673
36.07947081470621
-14.62713552308577
36.06332064294566
-13.977798321277646
36.03468426368789
-13.331719769272809
35.99500244687726
-12.68988555290261
35.94574775396328
-12.053181672637464
35.888424533591426
-11.422394449762493
35.824568918939185
-10.79821053179083
35.75574882591155
-10.181216898953863
35.68356395199801
-9.5719008736246
35.60964577440183
-8.970650136832859
35.53565754759612
-8.377752760623935
35.46329429944335
-7.793397278386692
35.394282822155276
-7.217672860058883
35.33038164927085
-6.650569837963786
35.27338098970807
-6.091981808814609
35.22510246036201
-5.541720347785628
35.18739721697969
-4.999317483221489
35.1621710418427
-19.159979929547887
35.83749725479324
-3.22723507517037
34.54923162480786
-2.0020272335295886
33.9701967397598
-0.7868319930387884
33.41512829749939
0.4205985454365191
32.88484314366853
1.6227480507653524
32.38007022622102
2.822334513354207
31.901408693442434
4.022140305980116
31.44805991636676
5.224722776029438
31.017688044634752
6.432416787277276
30.60794556824554
7.647339337107127
30.216564712485507
8.8713895767917
29.84135743561636
10.106248825846848
29.480215424869982
11.353380584866642
29.131110087946652
12.61403055115818
28.792092540536856
13.889226641030945
28.461293584184332
15.179779026285843
28.136923667444478
16.486280200854452
27.81727281514894
17.809105112102316
27.500710485701255
19.14841144869939
27.185685257808778
20.504140359419694
26.870724047844917
21.87601860838197
26.554429762026388
23.26356719489786
26.235471905634768
24.66616169006653
25.912520847665306
26.08221553277741
25.585137599673935
-4.4644836178361516
35.151326184109195
27.293938649937616
25.652226582132926
27.069797237218893
26.052236641678398
26.837586911784058
26.45062804036926
26.596366076292043
26.846177620041118
26.345267009385054
27.237603201979226
26.083486606482666
27.623573674227785
25.810284065358076
28.002711513379268
25.524980115046503
28.373593625033564
25.226956707795807
28.73475167963865
24.915656879571884
29.084672264621943
24.590584681845144
29.421796960623503
24.25130514561789
29.74452238117277
23.897444263204022
30.05120019483921
23.528688980093648
30.34013713720097
23.144787193677757
30.609595016164803
22.745547758607472
30.857790713141554
22.330840498566488
31.082896179383937
21.900596227340543
31.283038427791
21.454806782933588
31.456299517685316
20.99352508295459
31.600716529563535
20.516865215378573
31.714281522813003
20.02500259204362
31.794941463716967
19.518174219287573
31.840598097605387
18.996679203145902
31.849107710239714
18.46087976215688
31.8182806487658
17.911203458414263
31.74588026616793
17.348148777812924
31.62962027938508
16.772301875751452
31.467156843388643
16.184403562639716
31.256056840835477
15.585818212054676
30.993575908684996
15.585818212054676
30.993575908684996
-0.35540539934820004
-35.62941109550414
-3.03590065038442
-35.50161341758026
-5.841045574729208
-35.14915979940709
-8.736836894464489
-34.54343539791379
-11.680951477905992
-33.662094714695414
-14.624298295623078
-32.491708901979216
-17.513554771257148
-31.029931474054134
-20.294485152597176
-29.28677381346965
-22.91564996666267
-27.284688647952585
-25.331996151976682
-25.057358579199008
-27.50781271852047
-22.64732848379965
-29.418654930586314
-20.102835374280126
-31.052045937104253
-17.474315183442403
-32.40699512289481
-14.811074070268901
-33.49256280583566
-12.158514905508525
-34.32580996740538
-9.556150798930119
-34.92949115191516
-7.036468992228947
-35.32979744840574
-4.624571360130815
-35.55436655243669
-2.338432608669862
-35.6306792759695
-0.1895846600254103
-7.365757157792274
34.861538541819286
-9.968579345996758
34.20831293461994
-12.649363068596315
33.310281625485416
-15.36913529688394
32.14608729280121
-18.082000874768156
30.702157780442775
-20.73718547096219
28.974995888752673
-23.281948793194516
26.972803124654803
-25.665089176786566
24.716076661920113
-27.84059682353046
22.236960595367904
-29.77093501124766
19.577351112098583
-31.429471555812654
16.785993141088873
-32.801740937155145
13.914993334604205
-33.885444188045085
11.016257086197697
-34.68932108371642
8.138319897936306
-35.23119670086476
5.323910877850572
-35.53558006547149
2.6084089826528682
-35.631178481795814
0.01918355362041524
-35.54861391823758
-2.4243136146969633
-35.318522898991986
-4.7099032095891005
0.02042345376338517
-33.98656427980163
0.03621791435563182
-33.76113707985186
0.051939486484883446
-33.601093313759776
0.067652076201
-33.50377033687221
0.08343039131906949
-33.46650553197844
0.09934863545782946
-33.4866363099772
0.11547768591665886
-33.56150011089153
0.13188415881228366
-33.68843440350565
0.14863004314409523
-33.86477668518674
0.16577254575787492
-34.08786448221912
0.18336403028609993
-34.355035349232196
0.20145200917548323
-34.6636268684683
0.22007917847872704
-35.01097664958479
0.23928350401624243
-35.394422328287334
0.2590983899860646
-35.81130156438681
0.27955300404931904
-36.25895203760399
0.3006729359941005
-36.734711440579474
0.32248165315013466
-37.23591746167651
0.3450041440258076
-37.7599077436403
0.3682778536088165
-38.30401975787896
0.39239642891143944
-38.86559030429299
0.4178159433979829
-39.441952004392874
0.4412621986789702
-40.03048016076514
0.004582165348324452
-34.28003757455414
0.6747394740043546
-41.21843955363792
0.8910375433901265
-41.81209804273618
1.1135576188805771
-42.40680226417712
1.3421391979786108
-42.999893630808316
1.5766356582732897
-43.58871665779151
1.816866785524212
-44.170619505838175
2.0626069083105563
-44.74295411627472
2.313580946256536
-45.303076256357514
2.5694628336146934
-45.84834553618353
2.829874808551722
-46.376125415772975
3.0943870659889967
-46.88378320770312
3.362517582587998
-47.36869007670157
3.63373203483809
-47.82822103701241
3.9074437785912437
-48.259754946815235
4.183013884104639
-48.66067449859284
4.459751243030439
-49.02836620082792
4.736912799148627
-49.360220344676094
5.013704033351132
-49.65363093633792
5.2892800490483864
-49.90599554817419
5.56274830118025
-50.11471494684713
5.833176797269061
-50.27719197626689
6.099626916787429
-50.39082709105449
6.361383167898282
-50.452987088301626
6.614869414648808
-50.46147088781714
0.4651701121304086
-40.62848468152859
6.764635363458524
-50.34550350315965
6.662342606404081
-50.22564484318494
6.554419349825537
-50.058424147316
6.441347663613158
-49.846282505359284
6.323642843538892
-49.59165613125529
6.201817856093783
-49.29698120273014
6.076374452364689
-48.96469507005534
5.9478002096402065
-48.597236659462794
5.816567352610264
-48.197046633241285
5.683132223988991
-47.76656746268111
5.547935028697168
-47.308243463165184
5.411399709213754
-46.824520812202906
5.2739338941399865
-46.31784755757056
5.135928898819202
-45.79067361947472
4.997759778147156
-45.24545078704452
4.859785453212169
-44.68463270715668
4.722348970464338
-44.11067486089405
4.585778037677414
-43.52603451406429
4.450386216701531
-42.93317060543586
4.316475917041771
-42.33454346805618
4.1843473866823615
-41.73261398870636
4.0543346866047045
-41.129840247623235
3.927057527364809
-40.52865398978051
3.800011044651626
-39.931779231540986
6.86109767977382
-50.415520288565745
3.826710815284855
-38.71862196320785
3.973348738252753
-38.10846580207581
4.115514138544597
-37.51348677661798
4.253636307266731
-36.93611466301667
4.38825176731018
-36.378765458368946
4.51996536080884
-35.84384501557071
4.649440526223032
-35.333749950873454
4.777396063900028
-34.850867944714366
4.904604850761018
-34.39757785987328
5.031893267463545
-33.97624979297339
5.160140927529653
-33.589245096128906
5.290280553644152
-33.23891638324338
5.423297939663485
-32.92760752636622
5.56023197758384
-32.65765364113241
5.702174753939175
-32.43138105926445
5.85027174503881
-32.251107278404334
6.005722182899433
-32.11914087399043
6.169779751673445
-32.03778133124692
6.343753994318149
-32.00931871135026
6.52901341712618
-32.03603291190339
6.72699326093408
-32.120191821212075
6.939218822896976
-32.26404577792027
7.1673987527915415
-32.46980540823404
7.414078141501477
-32.739486488008964
-2.4626720136142524
-34.55648442020191
13.32904082160536
-31.243400368231647
15.142814304750573
-30.40573253065088
16.926700152737055
-29.44996125180765
18.66628601284208
-28.379273462871026
20.347608980948053
-27.199047861130765
21.957579597830602
-25.916753153097176
23.48437487334951
-24.541750805548276
24.917775722293356
-23.085013511954656
26.249428768283963
-21.558777449856166
27.47301904322876
-19.976151292079038
28.58434777826244
-18.350707285687434
29.581317227123407
-16.696079387147506
30.463831334995348
-15.025590710071754
31.233626344969707
-13.351927993232096
31.894048721744184
-11.686875199498246
32.44979900563766
-10.041112502474817
32.906659612162
-8.424081490758965
33.271222578138236
-6.8439129121887845
29.921469193025132
16.0785284502185
30.784937595784527
14.356218618330189
31.563682589136192
12.551786215750326
32.24701859576851
10.674417430370653
32.8254812309803
8.735054536074756
33.291178578735355
6.746171109035998
33.638090845905936
4.7214658779047625
33.862296856094645
2.675490127688903
33.962110953217405
0.6232298091309474
33.938120926269676
-1.4203322806784797
33.79312566245761
-3.4406472872104246
33.531979333768106
-5.423998317974224
33.16135599305352
-7.357843739548429
32.68945368120046
-9.23108952498518
32.1256600494516
-11.034281226283383
31.480201991982767
-12.759713097777876
30.763800127714035
-14.40145817254978
29.987345684861907
-15.955328093468722
29.161613069155464
-17.41877489947268
28.297016778597822
-18.790748713805783
3.675550728144458
-39.34148625443646
28.86442294401587
26.983463491037355
0.41145648949660085
33.75442338031124
1.1931529355498185
33.30202388059067
1.9682463667695629
32.91672710292127
2.7410531116204027
32.594614740231094
3.5156578968262124
32.33184076210472
4.295902543221729
32.12463128645902
5.085383142556935
31.969284546426962
5.88744911995235
31.862170876286996
6.70520286364183
31.79973270271404
7.541499563395121
31.778484536942983
8.398947139181104
31.795012964061158
9.279906217010506
31.84597662774638
10.186490137790116
31.928106207458455
11.120564999758216
32.03820437997072
12.083749750389643
32.173145752889326
13.077416368542714
32.32987674104703
14.102690237382859
32.505415320936635
15.160450970243176
32.69685048923566
16.25133448055078
32.901340911064494
17.375739194902422
33.11611086383303
18.533850910189585
33.3384340157958
19.725816795610058
33.56551987245814
20.94941248980996
33.79603620837449
-0.38131175750388024
34.277917067007934
22.892526362907773
34.21850873526398
23.592805272660172
34.40435734848677
24.304579926045506
34.58205183608982
25.026285403384975
34.74944687185706
25.756302352079217
34.90445384122083
26.492930011661997
35.04505844456918
27.23437947063354
35.16932509691833
27.978771420080307
35.27539839407808
28.724135255831015
35.361503697401275
29.46840867183721
35.425947398150015
30.209437458870013
35.467117047660025
30.94497539868229
35.48348142413741
31.672684207589953
35.47359056614869
32.39013350890576
35.43607578516401
33.09480082651311
35.36964966120837
33.78407159894732
35.27310601762446
34.45523922436661
35.145319863110586
35.105505163420105
34.985247266502114
35.731979176138964
34.79192507446669
36.33167992340941
34.5644702002547
36.901536778691934
34.30207748354954
37.4383970850771
34.00401112520882
37.93907696580749
33.669544720412375
38.39971320425195
33.2987967346981
22.20544251351808
34.02658480554973
38.691351586125904
32.91426498361224
38.52598736732887
32.903421124184234
38.32478106443381
32.86111648478604
38.08978029252984
32.78877915018634
37.82303081733659
32.68783865763791
37.52656869315547
32.55973527687672
37.20241829746732
32.40592232868454
36.852591677417536
32.2278669572278
36.47908828906009
32.02705043706658
36.08389488114972
31.804968311353974
35.66898543905256
31.563130457974154
35.236321158354144
31.303061121608096
34.78785043490382
31.026298926112105
34.325508867505334
30.734396872998985
33.8512192737785
30.428922325373918
33.36689172519516
30.11145697065271
32.87442361776908
29.78359674541656
32.37569981731349
29.44695168054392
31.872592981264006
29.10314555623154
31.36696436745899
28.753815038117267
30.860666260487562
28.400607080852836
30.355551682004602
28.045168541841207
29.853542362934093
27.68907347014928
29.355707816717256
27.334808229271886
38.81887929996816
32.892156469782975
28.616028215498545
26.338025062094687
28.37092081575156
25.707685837310123
28.131003697748042
25.09399077946506
27.898314891785503
24.498328862475347
27.67495397698076
23.922011724853064
27.463071577557514
23.36628490558732
27.264866737311763
22.832330652603133
27.082586044783795
22.321268858081567
26.918523283815034
21.83415743147603
26.77501927593744
21.3719924679757
26.654461802468404
20.935708330498215
26.559285564238394
20.52617769091134
26.491972161595697
20.144211549612635
26.45505008603294
19.79055924031536
26.451094721834522
19.46590842269333
26.482728357437338
19.17088505925517
26.552620213461182
18.906053368910193
26.66348649737381
18.67191573385108
26.8180905193949
18.468912511245037
27.019242947219823
18.297421613100255
27.26980244889728
18.157757455124624
27.572677622272238
18.050167798738357
27.93083471559379
17.974821115159216
28.347351679375492
17.93171812944408
-5.070097133508426
-34.2711173437209
-5.070097133508426
-34.2711173437209
-7.791308422473236
-33.75664204265871
-10.590999682081133
-32.985543722431714
-13.425527004860186
-31.936978466537283
-16.24458344336506
-30.59949146116398
-18.99390795246603
-28.973208825111925
-21.618806088070556
-27.071065591452083
-24.068054076461436
-24.918750809437142
-26.29762941496449
-22.553271516201164
-28.273711800228455
-20.020304442438402
-29.974536287942385
-17.370738132074905
-31.3909145192099
-14.656938786047874
-32.5254959845453
-11.929269880827746
-33.3910464246525
-9.233276103149848
-34.00812988501838
-6.607758368313512
-34.40258884679503
-4.083778834446292
-34.60314823892867
-1.684488315490995
-34.639362216787106
0.5744163511948841
-34.54001249029969
2.683823038174978
-2.8515215919424577
34.526572281953804
-5.455569093069556
34.211871255472715
-8.170816460420838
33.666795619726145
-10.961649996028001
32.8642297687756
-13.784193915888494
31.783822410457162
-16.58801551223607
30.414685766848095
-19.318858597820338
28.757556770485905
-21.922177805051604
26.825985335379585
-24.347041789972366
24.646235513920487
-26.549847431035687
22.255807563847753
-28.497290755136817
19.700756039997287
-30.16818105422206
17.032211271880527
-31.553920042885835
14.30263957657695
-32.6577239901913
11.56237141380521
-33.49287052882141
8.856804879294941
-34.080359186843
6.224506938389851
-34.44638047760702
3.696246869762831
-34.61991812086626
1.2948506612012523
-34.63070110013177
-0.9643185384661024
-34.5076118777169
-3.0724731776125793
9.669178687931776
-32.56256100638407
21.556654980650173
-28.956917194586566
21.78264841999801
-29.449869741557023
21.98839756769416
-29.92087883850604
22.174486201250204
-30.370276521529675
22.341490731957276
-30.798399816823178
22.48998105157095
-31.205590105712133
22.620520743859043
-31.592192966673537
22.733667154204394
-31.958558122327105
22.82997141729926
-32.305039418939145
22.909978469350044
-32.631994817518915
22.97422705330394
-32.93978638912918
23.02324972133863
-33.2287803129756
23.057572835765733
-33.49934687578252
23.077716568874365
-33.75186047180324
23.084194901655653
-33.986699602749326
23.07751562262067
-34.20424687920786
23.058180325315842
-34.40488902157696
23.0266844053493
-34.58901686199536
22.98351705604644
-34.757025346506495
22.929161262915294
-34.90931353861703
22.864093795794002
-35.0462846239834
22.788785197276916
-35.168345916351356
22.70369976707935
-35.27590886794832
22.60929553727751
-35.36938908278191
22.506024235256966
-35.44920633873534
22.394331224411083
-35.5157846225442
22.274655404897807
-35.569552187062584
22.147429040997324
-35.61094165267099
22.013077440007667
-35.640390194356996
21.87201831091386
-35.658339916756205
21.724660353128925
-35.66523867807706
21.571399729131706
-35.66154215044449
21.412609482640296
-35.647720000440444
21.248597211872678
-35.6242806108325
21.079308784090664
-35.59194413308401
20.908307054749173
-35.54931862913034
21.309820173731715
-28.441698595851676
20.34105408586999
-35.50076429171122
19.94637307714239
-35.49578401076937
19.55044566389701
-35.4835223023573
19.15382079988138
-35.4643803937999
18.756965993103634
-35.43880383397149
18.36031212579525
-35.40725631553835
17.96426465867898
-35.370213130566896
17.569207365133526
-35.32815898939663
17.175503824008544
-35.28158714810928
16.783498097623664
-35.23099901264078
16.39351506963132
-35.17690394065863
16.005860625959016
-35.119819135421466
15.620821756818614
-35.06026958544891
15.23866661622628
-34.99878802887548
14.859644556800351
-34.9359149314387
14.48398614945761
-34.87219847347032
14.111903192263046
-34.80819454202933
13.743588710700664
-34.74446672728155
13.379216949014147
-34.68158632148703
13.018943351526307
-34.62013232262271
12.662904528601942
-34.560691441432425
12.311218198730252
-34.50385811493541
11.963983089632343
-34.450234531677495
11.621278762319363
-34.400430675430044
11.283165283112751
-34.355064409098304
10.949682565680206
-34.31476164224469
10.620848922340542
-34.280156701072656
10.29665744110212
-34.25189325443981
9.977065115112275
-34.230627091528106
9.6619493593902
-34.21703723472561
9.350803625165426
-34.211903729425984
9.04685083814742
-34.21505639399061
20.73354454810986
-35.49828948831623
8.796581988709143
-34.118107498452645
8.847710439000075
-34.020183650224084
8.901530324761907
-33.93449468525654
8.958368132303832
-33.86157428612961
9.018490323336216
-33.801971311137976
9.08214967510694
-33.75623795118355
9.149596868318255
-33.724926768065245
9.22108435319469
-33.70858970623701
9.296867899972916
-33.70777769594417
9.377207308812899
-33.72304047126164
9.462366771368245
-33.754926477391734
9.552615073702569
-33.80398281712522
9.64822572382895
-33.870755217652004
9.749477043487644
-33.955788004955565
9.85665224718192
-34.05962408067688
9.970039525012766
-34.182804897931646
10.089932144420075
-34.325870428420444
10.216628593136036
-34.489359118242334
10.350432796264542
-34.67380781706342
10.491654470799915
-34.87975166464386
10.640609739384601
-35.10772389221222
10.797622265289888
-35.35825545510116
10.963025518658696
-35.63187430031556
11.137167758033996
-35.92910375395738
11.320424481540812
-36.25045849279144
11.513235776597725
-36.59643245797952
11.716255715621912
-36.96745051290077
11.931398119224482
-37.363530046467474
19.15121631436833
-29.226042304895742
20.289540780881637
-34.11889876664114
23.00738891557448
-32.34848950777865
25.66079182361733
-30.28677072803137
28.197173678171467
-27.94072502120156
30.564497433828407
-25.329354803564627
32.71477349073113
-22.4835120387701
34.60744211404956
-19.4445279827018
36.21215458038486
-16.261752021036273
37.51056541746023
-12.989310998270952
38.49692479380876
-9.682535802526019
39.177476319769085
-6.3945341786011625
39.56886122559057
-3.1733167912014153
39.695858088927324
-0.05973885760656117
39.58882874907303
2.91365001740661
39.281205096088655
5.722905236537116
38.80726572301728
8.352295807171402
38.20034813736284
10.793429498155149
37.49154723842109
13.044102261811844
-2.7225508974416783
39.602429657259734
0.2364170658204472
39.695199018500404
3.3422234480209028
39.55495241522689
6.560466265456242
39.15003193519996
9.848026845918383
38.45492277185636
13.154562799479706
37.45293307208274
16.42496439110188
36.13841810177087
19.6025849471326
34.51816017023236
22.632882028564808
32.61161402366392
25.466994429511104
30.449908257244658
28.064770265147715
28.0737134720693
30.39686119749784
25.53028686653198
32.4456782480343
22.87012639170146
34.205212118462086
20.143688393101712
35.67989948815959
17.398548521707028
36.882828197406255
14.67725118365081
37.83360745938377
12.01594210857499
38.55619696192447
9.443748936765019
39.076916514428106
6.982786970241989
39.42277260546031
4.648625414628782
8.747434099566384
-34.22783061915422
-11.688165814740486
33.33839786352817
-35.5832061370816
3.1457931277803084
-35.66193747443357
3.9584031607626287
-35.69911708363687
4.789613818946947
-35.69640190552027
5.637676133161563
-35.65541991238361
6.500883139307348
-35.57776971920512
7.377575738189677
-35.46502048744522
8.266144160270386
-35.31871189269506
9.16502845348549
-35.1403541126718
10.072718678167945
-34.93142782233323
10.987754995413553
-34.69338419131411
11.908727710796398
-34.4276448833803
12.834277297651028
-34.13560205678273
13.763094410064099
-33.81861836506519
14.693919890270621
-33.47802695774921
15.62554477256299
-33.11513148256382
16.55681028561972
-32.73120608729185
17.486607853055318
-32.32749542280365
18.413879093071614
-31.905214646635184
19.337615816860506
-31.465549428373343
20.25686002610871
-31.00965595681366
21.1707039089861
-30.538660949434227
22.078289833709817
-30.053661667676838
22.978810340017645
-29.555725937742405
23.87150812494204
-29.045892184003044
24.75567602174152
-28.525169481994304
25.63065696605068
-27.99453764577959
26.49584393882651
-27.45494738169426
27.35067986745156
-26.9073205727135
28.194657441347488
-26.352550847725453
29.02731874404654
-25.791504832834022
29.848254443122727
-25.22502527980597
30.657101765727845
-24.65394045074738
31.453538425225418
-24.079101656064676
32.23725832798249
-23.50164601964351
33.007801522457925
-22.91947196419215
33.76683512839014
-35.46123988392711
2.3535336727210847
-21.990529280497178
34.518399929647416
-21.643926378383526
34.51594664558627
-21.295643441529027
34.506215855648094
-20.94604880086512
34.48970423123913
-20.595550977777126
34.46688000805153
-20.244558935376116
34.438208710514914
-19.89347214180878
34.40415958247465
-19.542677258713262
34.36520773060161
-19.192546817092175
34.32183498119292
-18.843438616445933
34.274530269793985
-18.495695424944913
34.22378983525027
-18.14964481913617
34.17011732403856
-17.805599093579154
34.11402384937119
-17.46385520826635
34.05602802617008
-17.124694757677737
33.996655991858205
-16.788383953765774
33.93644141925887
-16.45517361830082
33.87592552357705
-16.125299183164387
33.81565706550592
-15.79898069812072
33.75619234996583
-15.47642284872612
33.6980952220421
-15.157814987518975
33.64193705680921
-14.843331187141388
33.588296741178226
-14.533130331804582
33.53776064314809
-14.227356278524333
33.49092255498252
-13.926138158904116
33.4483835882659
-13.629590983559282
33.41075196193776
-13.337816973334675
33.378642535776436
-13.050908888588665
33.352675643649945
-12.768960017727899
33.3334735914238
-12.492104133159899
33.32164664904201
-12.22079518426893
33.31769499214275
-11.952028563973073
33.3233334954671
-22.335402254522155
34.512870530476704
-11.431161812523108
33.306855595366045
-11.179717289788769
33.28609708800752
-10.933343280053819
33.27690419213917
-10.691893073258868
33.279937103210074
-10.455264164966167
33.29583885503024
-10.223355674823551
33.32525024782481
-9.996057697902138
33.368813580706075
-9.77324775130186
33.427173896466655
-9.554789348036842
33.50097947992364
-9.34053134301525
33.59088208533831
-9.130307598747315
33.69753705154403
-8.923936795485815
33.82160336440603
-8.721222310218472
33.963743695362126
-8.521952126354094
34.12462442631033
-8.32589875264729
34.304915668501025
-8.132819135364542
34.50529128071119
-7.942454546111861
34.72642888724101
-7.754530423053417
34.969009903675556
-7.56875612613144
35.233719571704256
-7.384824537106688
35.521247017128246
-7.202411364974196
35.83228534774224
-7.021173860681543
36.167531833782164
-6.840748250663225
36.52768826877852
-6.660744093549269
36.91346176010799
-6.480730175536806
37.325566706521016
-6.300192199357028
37.76473072781994
-6.11836354423987
38.231718384340695
-5.933040591126016
38.72749720843947
17.20984703398552
-30.40973199806443
17.20984703398552
-30.40973199806443
15.135196725513374
-31.493752637742176
12.938953828384305
-32.45788207745882
10.636716705444073
-33.28349279831386
8.247675540386892
-33.954476631333705
5.794038169534314
-34.45808695817664
3.3002296610710395
-34.78561655787448
0.7919244012455984
-34.93284258216035
-1.7050086228656802
-34.90019456569314
-4.165556113496212
-34.692632897959726
-6.566517900392906
-34.31925811830877
-8.88729828638456
-33.792699866925545
-11.110482105940623
-33.12835375476507
-13.222174235314778
-32.343542533529956
-15.212108047009213
-31.456675029211226
-17.07354989676094
-30.486464685989702
-18.803040934712822
-29.4512527192783
-20.40002392737409
-28.36846239911229
-21.86640237836517
-27.25419384525452
-34.94162397569323
0.1164004662522018
-34.875214273113045
-2.156400828170831
-34.65257978756951
-4.486574327191391
-34.26314317727689
-6.853295173907782
-33.69979586194954
-9.233330601154279
-32.95949970223481
-11.601810828731331
-32.04367987364718
-13.933169606464375
-30.958356596844933
-16.202184789400192
-29.713990331607118
-18.38503232796836
-28.325047473340614
-20.460261991486888
-26.809325760675986
-22.409611495633712
-25.18710467996969
-24.218596015614366
-23.480201738501616
-25.87683832013775
-21.711018652913996
-27.378135513217543
-19.901653072510253
-28.720286212165888
-18.073134422390137
-29.904722825625726
-16.244820937788173
-30.936005363111803
-14.43397309313887
-31.821235926246274
-12.655499653568167
-32.56944831657145
-10.921858426548198
-33.19101751434748
14.855085625637173
-36.81156271068036
3.5923400303885304
3.6094769219437124
3.624875909075583
3.638658357186332
3.6509329282175487
3.661797463464034
3.6713405290535244
3.679642712455817
3.686777720145446
3.6928133140141983
3.6978121159236004
3.701832303801103
3.704928218059589
3.7071508934986586
3.708548529015487
3.709166905225878
3.709049758166277
3.7082391152922254
3.7067756166443013
3.5923400303885304
3.7018769834948135
3.6985131259832307
3.6946447706417533
3.690309308155403
3.685544109966354
3.680386705428106
3.67487494731164
3.6690471660712487
3.662942312949282
3.6566000917708523
3.650061078950946
3.6433668309477225
3.636559978147511
3.629684303915619
3.6227848072739994
3.6159077475009487
3.609100668753558
3.6024124026385067
3.595893046577167
3.5895939158407506
3.583567466969648
3.5778671898880354
3.5725474877771757
3.7046987441072847
3.5631718529778262
3.55922466481343
3.555877775520596
3.5531867672146755
3.5512065662963312
3.5499897511140683
3.549545741692934
3.5498330255251638
3.5508056623199518
3.5524164301464913
3.554617135760201
3.5573589076995686
3.560592468819731
3.5642683858138806
3.56833729383966
3.572750095111778
3.577458130942909
3.5824133271297307
3.587568313109954
3.5928765156114326
3.5982922276672107
3.603770653448503
3.6092679231944444
3.614741286235626
3.5676634445687694
3.625249786082511
3.6302116440772663
3.63499464814743
3.6395600532943146
3.6438697232098
3.6478860301898637
3.651571740750516
3.6548898889670336
3.657803637871108
3.660276128714974
3.662270317586504
3.663748798432415
3.6646736113033413
3.6650060341633592
3.6647063561777045
3.6637336299182937
3.6620453992693376
3.659597399182498
3.6563432225433776
3.652233948447093
3.647217724929393
3.6412392977128274
3.6342394746500823
3.6261545132447215
3.616915415664631
3.60644711192477
3.594667506974576
3.581486360737666
3.5668039584656985
3.550509483167882
3.532645181771323
3.5326451817713234
3.532645181771323
3.5326451817713225
3.532645181771323
3.532645181771323
3.532645181771323
3.5326451817713225
3.532645181771323
3.5326451817713225
3.5326451817713234
3.5326451817713225
3.5326451817713225
3.532645181771323
3.5326451817713234
3.532645181771323
3.5326451817713234
3.5326451817713234
3.532645181771323
3.5326451817713225
3.5326451817713234
3.5326451817713234
3.532645181771323
3.5326451817713234
3.5326451817713225
3.532645181771323
3.5326451817713234
3.5326451817713234
3.5326451817713225
3.5326451817713234
3.5326451817713234
3.532645181771324
3.532645181771322
3.532645181771323
3.532645181771323
3.5326451817713225
3.5326451817713234
3.532645181771323
3.532645181771323
3.532645181771323
3.5923400303885304
3.606476599793064
3.6191928536041633
3.6306153678503374
3.6408576945324342
3.6500219697054437
3.658200395241721
3.665476501717827
3.671926222754556
3.6776188146709514
3.682617649971132
3.686980907857179
3.6907621804877984
3.694011010087537
3.6967733691475937
3.699092093721938
3.701007278113128
3.7025566400867707
3.7037757877492674
3.5923400303885304
3.699306934455616
3.693584348468881
3.6875718088952216
3.6813096643975
3.6748379695149818
3.6681966504634214
3.6614256600075317
3.6545651222226976
3.647655467376911
3.6407375568794906
3.633852797890901
3.627043246882372
3.62035170117022
3.613821777183057
3.6074979739317543
3.6014257199714623
3.5956514019374786
3.590222372553242
3.5851869359365387
3.5805943081335365
3.576494551116344
3.572938482866699
3.569977429273763
3.7046987441072843
3.5467290780381964
3.527217220883276
3.509285898452443
3.4930936428034296
3.478797331545441
3.4665484495979726
3.4564500533870843
3.448546670857508
3.4428684814229737
3.4394322564871014
3.4382397075278393
3.4392761806188323
3.442509798328252
3.447891123526088
3.4553533841102273
3.4648132574952597
3.476172173413894
3.4893180578892946
3.5041274144082144
3.520467622377957
3.538199328161624
3.5571788056658353
3.577260125102298
3.5982988014505843
3.5676634445687694
3.6231825488329146
3.6262016287991563
3.629167973485918
3.6320444617872636
3.634794489508312
3.63738185763471
3.639770652104343
3.6419251128022276
3.6438094912695207
3.6453878967197815
3.6466241297865167
3.647481503045922
3.6479226471308372
3.647909300785734
3.647402082784716
3.646360243159679
3.644741390527167
3.642501191668058
3.6395930386252338
3.6359676776196506
3.6315727928348176
3.626352536636707
3.6202469959302115
3.6131915820804634
3.60511632893879
3.595945079992234
3.585594541426974
3.5739731740642084
3.5609799011500423
3.5465027203394537
3.5465027203394537
3.5732211995524743
3.5732211995524743
3.5732211995524743
3.5732211995524743
3.5732211995524743
3.5732211995524743
3.5732211995524743
3.573221199552474
3.5732211995524743
3.5732211995524743
3.5732211995524743
3.573221199552474
3.573221199552474
3.5732211995524747
3.5732211995524743
3.5732211995524743
3.573221199552474
3.5732211995524743
3.5732211995524743
3.5732211995524743
3.5732211995524743
3.573221199552474
3.5732211995524743
3.5732211995524743
3.5732211995524743
3.5732211995524743
3.5732211995524743
3.5732211995524743
3.5732211995524743
3.5732211995524743
3.5732211995524743
3.5732211995524743
3.5732211995524743
3.573221199552474
3.5732211995524743
3.5732211995524743
3.573221199552474
3.5732211995524743
3.5732211995524743
3.5259654588322555
3.5193109258525364
3.5145598002373113
3.5116600185236515
3.510548211191545
3.5111508440972656
3.51338549941413
3.5171622485292193
3.5223850696279597
3.5289532653720896
3.5367628407450766
3.5457078073509307
3.555681387420817
3.566577097942507
3.5782897024037985
3.5907160239933766
3.6037556197178047
3.6173113193462263
3.6312896367188086
3.6456010633298064
3.660160255610176
3.6748861261712333
3.689701919240681
3.5345631987698085
3.7190196861775635
3.733412742096931
3.747653427249674
3.7616845185831775
3.7754520578751904
3.788905094924074
3.801995415382511
3.814677260485999
3.8269070421820444
3.8386430559022355
3.8498451923008234
3.860474648560066
3.870493639255736
3.879865106197787
3.8885524261516085
3.89651911481104
3.9037285249489075
3.9101435361043007
3.9157262326348423
3.920437566295617
3.92423699852377
3.9270821153739117
3.9289281922296455
3.929729075206436
3.704534953364017
3.9278556681740002
3.9252470206883765
3.921690193902734
3.9172244244736585
3.911887150303865
3.9057143532798073
3.898740880328952
3.8910007468193033
3.882527426092154
3.87335412853955
3.8635140730774804
3.8530407534914666
3.841968201676112
3.830331249428904
3.8181657900447683
3.805509040551338
3.792399805012818
3.7788787388442566
3.7649886135470405
3.7507745807924517
3.736284434137146
3.72156886678107
3.706681730282522
3.691680057487522
3.9294747373771766
3.661181037914405
3.6458426363868717
3.6306824662247204
3.6157773439569816
3.601208219119514
3.5870601159154143
3.573421987176926
3.560386471916217
3.5480495458380954
3.5365100549558766
3.525869124276226
3.516229436415921
3.5076943788293704
3.500367063028971
3.4943492248673147
3.48974002114061
3.486634744531492
3.485123485339973
3.485289774771288
3.4872092492369653
3.4909483785920283
3.496563301165595
3.504098800723976
3.513587389754835
3.54512814689056
3.5254138659538095
3.5254138659538095
3.52541386595381
3.5254138659538095
3.5254138659538095
3.5254138659538095
3.5254138659538095
3.52541386595381
3.52541386595381
3.52541386595381
3.525413865953809
3.5254138659538095
3.5254138659538095
3.52541386595381
3.5254138659538095
3.525413865953809
3.5254138659538103
3.5254138659538095
3.5254138659538086
3.5254138659538086
3.5254138659538095
3.52541386595381
3.52541386595381
3.5254138659538095
3.5254138659538095
3.5254138659538086
3.525413865953809
3.52541386595381
3.5254138659538095
3.525413865953809
3.525413865953809
3.5254138659538103
3.52541386595381
3.52541386595381
3.525413865953809
3.525413865953809
3.525413865953809
3.52541386595381
3.6766249422700623
3.676624942270062
3.5191857607951302
3.506259592163678
3.4957654669245537
3.4876706456916313
3.481929685769546
3.4784853972678498
3.477269943406017
3.4782060457444772
3.4812082518281935
3.486184224508617
3.493036016302874
3.5016612977581163
3.511954515069558
3.5238079585940563
3.53711273015476
3.551759602536057
3.567639769330608
3.5846454868851163
3.6026706126874646
3.6216110449214494
3.641365061103482
3.6618334731640516
3.6829222143912683
3.5345631987698094
3.7177113707166956
3.7309007255948132
3.744043477348879
3.7570834365298396
3.769967579347945
3.78264579165663
3.7950705953468877
3.807196866341854
3.8189815480930998
3.8303833629353328
3.841362522666296
3.851880438972318
3.861899433703812
3.8713824484219734
3.8802927521254484
3.888593645529374
3.896248159822391
3.9032187472603703
3.9094669604272037
3.914953116338795
3.919635940638381
3.92347218520326
3.926416199702909
3.9284207242151554
3.704534953364017
3.927843947584181
3.925224545598803
3.9216579383778964
3.9171833644534084
3.911838262565816
3.9056586151168062
3.898679269404362
3.890934241081296
3.8824570037114303
3.8732807678575423
3.8634387525595653
3.85296445168257
3.8418918971571907
3.8302559207732214
3.818092415772774
3.8054385990824433
3.792333274610925
3.778817097550406
3.7649328390834094
3.7507256503942688
3.7362433241673636
3.721536551470335
3.7066591742594026
3.6916683250665607
3.9294747373771766
3.6607822836944837
3.645076265440594
3.629579788517686
3.6143698447434995
3.59952754572891
3.585138062042476
3.5712904763991116
3.5580775408396583
3.545595327009999
3.5339427596091335
3.5232210249485334
3.5135328494772216
3.5049816469483948
3.497670537609401
3.491701248485679
3.487172910022204
3.4841807711095623
3.482814860962981
3.483158632668983
3.485287627975574
3.4892682066073397
3.495156384273249
3.502996821022329
3.5128219822211477
3.545128146890561
3.545128146890561
3.54512814689056
3.5451281468905607
3.54512814689056
3.5451281468905607
3.54512814689056
3.5451281468905607
3.54512814689056
3.54512814689056
3.5451281468905607
3.54512814689056
3.5451281468905607
3.5451281468905607
3.5451281468905607
3.5451281468905607
3.5451281468905607
3.545128146890561
3.545128146890561
3.5451281468905607
3.5451281468905598
3.54512814689056
3.54512814689056
3.5451281468905607
3.54512814689056
3.5451281468905607
3.5451281468905607
3.545128146890561
3.54512814689056
3.5451281468905598
3.54512814689056
3.5451281468905607
3.545128146890561
3.54512814689056
3.5451281468905607
3.5451281468905607
3.545128146890561
3.5451281468905607
3.5451281468905607
3.5451281468905607
3.525413865953809
3.5862861232368166
3.6008756631320136
3.6144657841280425
3.627110681695278
3.6388600339999684
3.6497595091282093
3.659851205045683
3.6691740328498748
3.6777640520566948
3.6856547650748737
3.6928773768107215
3.699461024416679
3.7054329813458415
3.7108188392250545
3.715642670507967
3.7199271744845617
3.723693808743263
3.7269629079711746
3.729753791648847
3.7320848620297453
3.733973693563186
3.7354371147673127
3.736491283500781
3.7371517563120213
3.7374335526230236
3.737351214300087
3.73691886110678
3.736150242535605
3.73505878636067
3.7336576442843827
3.731959734908488
3.7299777842074837
3.727724363307549
3.7252119216971042
3.722452797528488
3.71945973993145
3.570637863733654
3.71150436669675
3.7066259086225197
3.7016220303618024
3.6965057247673343
3.6912900682188523
3.685988255281371
3.680613624383588
3.6751796806110164
3.6697001167782184
3.6641888330821306
3.658659955337294
3.65312785177231
3.647607148286845
3.642112742061358
3.6366598133750747
3.6312638355108944
3.6259405825606716
3.620706134976324
3.6155768826547687
3.610569525420796
3.6057010706494688
3.6009888278521545
3.596450400049184
3.5921036716591765
3.587966792767056
3.584058159495482
3.580396390235756
3.577000297263673
3.57388885237934
3.5710811404225136
3.5685962458884855
3.566454641643011
3.7162443968886643
3.5620076420638958
3.5596781860858386
3.557704610316528
3.556106087709035
3.554901507947313
3.5541094033133374
3.5537478743809303
3.553834514457074
3.5543863330580128
3.5554196790289967
3.556950164017348
3.5589925870190244
3.5615608608693634
3.56466794142863
3.568325760314679
3.5725451620263424
3.5773358461585967
3.582706315570864
3.588663831063377
3.5952143732894584
3.6023626123405283
3.6101118854507073
3.6184641831385305
3.6274201438481426
3.636979057015062
3.6471388736270947
3.6578962200679492
3.6692463795703287
3.5536843313046984
3.6812479843786274
3.6812479843786274
3.681247984378627
3.6812479843786274
3.6812479843786274
3.6812479843786274
3.6812479843786274
3.6812479843786274
3.6812479843786274
3.6812479843786274
3.6812479843786274
3.6812479843786274
3.6812479843786274
3.6812479843786274
3.6812479843786274
3.6812479843786274
3.6812479843786274
3.6812479843786274
3.6812479843786274
3.681247984378628
3.6812479843786274
3.681247984378628
3.6812479843786274
3.6812479843786274
3.6812479843786274
3.6812479843786274
3.6812479843786274
3.6812479843786274
3.6812479843786274
3.6812479843786274
3.6812479843786274
3.681247984378628
3.6812479843786274
3.6812479843786274
3.6812479843786274
3.681247984378627
3.6812479843786274
3.6812479843786274
3.564673610474358
3.5646736104743586
3.5757664670460696
3.580206578886508
3.5840461916455677
3.5873684723295995
3.590252121780177
3.5927716539427332
3.5949975913755083
3.5969965881746018
3.5988314922122395
3.6005613581175484
3.602241422043019
3.6039230489907155
3.6056536631069847
3.6074766709825936
3.609431387479805
3.6115529729926283
3.613872390059272
3.6164163862592056
3.6192075089776314
3.6222641562321356
3.6256006661593303
3.629227446166916
3.6331511412588506
3.63737483940677
3.6418983106987564
3.6467182757746506
3.65182869822959
3.6572210951734525
3.6628848597750046
3.6688075897497634
3.674975416063044
3.681373327131871
3.687985486416814
3.6947955532660384
3.701787130209549
3.7089407340119216
3.570637863733654
3.711815060503778
3.7072292452094726
3.702499551810646
3.697638734835887
3.692659670983108
3.6875753754944545
3.682399023491621
3.677143971506745
3.671823778200376
3.666452223975216
3.6610433292881965
3.655611371563567
3.650170900573137
3.6447367521602154
3.6393240601547907
3.633948266354455
3.628625128382306
3.623370725266251
3.6182014605276813
3.613134062644445
3.608185582631801
3.6033733885695924
3.598715156906582
3.5942288602878576
3.5899327518011472
3.5858453454451293
3.5819853927788876
3.5783718558859157
3.57502387751895
3.5719607534093156
3.5692019521306437
3.56676589731844
3.7162443968886647
3.561440623615146
3.5585826125033853
3.556119037348296
3.554069199265175
3.5524521131073334
3.5512864277030363
3.550590350066277
3.550381569283963
3.5506771797230985
3.551493603991264
3.552846516301561
3.5547507669396436
3.557220308693783
3.560268125993801
3.5639061676085144
3.5681452837433194
3.572995168236944
3.5784643067159974
3.584559931257688
3.591287982280337
3.59865307808216
3.6066584924404137
3.6153061405074873
3.6245965728560403
3.6345289769682383
3.6451011829313864
3.6563096576010636
3.6681493481068066
3.553684331304699
3.553684331304699
3.5536843313046984
3.5536843313046984
3.5536843313046984
3.5536843313046984
3.5536843313046984
3.553684331304699
3.5536843313046984
3.5536843313046984
3.5536843313046984
3.5536843313046984
3.553684331304699
3.553684331304699
3.5536843313046984
3.5536843313046984
3.5536843313046984
3.5536843313046984
3.5536843313046984
3.5536843313046984
3.553684331304699
3.553684331304699
3.553684331304699
3.5536843313046984
3.5536843313046984
3.553684331304699
3.553684331304699
3.5536843313046984
3.5536843313046984
3.5536843313046984
3.553684331304699
3.5536843313046984
3.553684331304699
3.5536843313046984
3.5536843313046984
3.5536843313046984
3.5536843313046984
3.5536843313046984
3.5536843313046984
3.5536843313046984
3.6812479843786274
14.78546561393016
0.0
0.0
0.0
0.0
0.0
0.0
0.0
0.0
0.0
0.0
0.0
0.0
0.0
0.0
0.0
0.0
0.0
0.0
14.78546561393016
0.0
0.0
0.0
0.0
0.0
0.0
0.0
0.0
0.0
0.0
0.0
0.0
0.0
0.0
0.0
0.0
0.0
0.0
0.0
0.0
0.0
0.0
0.0
0.0
0.0
0.0
0.0
0.0
0.0
0.0
0.0
0.0
0.0
0.0
0.0
0.0
0.0
0.0
0.0
0.0
0.0
0.0
0.0
0.0
0.0
0.0
0.0
0.0
0.0
0.0
0.0
0.0
0.0
0.0
0.0
0.0
0.0
0.0
0.0
0.0
0.0
0.0
0.0
0.0
0.0
0.0
0.0
0.0
0.0
0.0
0.0
0.0
0.0
0.0
0.0
0.0
0.0
0.0
0.0
0.0
0.0
0.0
0.0
0.0
0.0
0.0
0.0
0.0
0.0
0.0
0.0
0.0
0.0
0.0
0.0
0.0
0.0
0.0
0.0
40.471286592051435
40.47128659205124
44.205568481636824
44.205568481636725
48.126564465701655
48.12656446570143
48.126564465701534
56.56650832140099
56.566508321400995
65.87154642230973
76.13035092856154
0.0
0.0
0.0
0.0
0.0
0.0
0.0
0.0
0.0
17.340687096971656
43.57241068712139
40.252051660135876
40.714467240186764
41.13362100496308
54.12039427046972
54.564828795112355
54.963296186899825
50.81196233398401
51.102038960610734
51.358129180020164
43.075269104457576
51.77812504332569
51.94661690105172
52.090310484150436
52.21123370680071
52.31132366140654
52.39243565677317
52.45634872405375
17.340687096971656
43.60950173613314
56.530112860456335
47.25315275845448
46.958171260251866
46.655253556345194
46.34642777244428
54.74109892098908
49.93742418597803
49.59356316952278
49.25166331809132
48.9137420743046
52.89095628581085
52.53821554069044
52.19626266500031
51.86722524992098
51.55322858454875
47.08040972348107
55.33993402944926
46.590307179706286
50.49041048280204
50.28383581044771
46.02312860963234
54.230844808590724
52.50478599393154
44.83256000037185
43.966272417250195
39.536862569142514
38.901826788611935
38.34963075253577
37.88275583786378
37.50212587060115
37.20690040081555
36.99623124777713
33.62938970911077
33.58930891931478
33.62414138249175
33.733044982941806
33.915062777130345
31.03392242146253
31.32889238776156
31.68678342123164
29.01705176809763
29.449973365773552
33.12191394805755
30.47068029498238
31.054520854720916
31.68444024594116
32.35810054191189
45.78099403966089
33.17339303912175
33.27369750286868
33.37254529449416
33.4686792284022
33.56084569615253
33.647792391650896
33.7282661313761
33.80101068967162
33.864764635804555
33.91825917180474
33.9602159742088
37.60770677458624
37.624300851897345
37.62379870834472
37.604720079294324
37.565562393383765
37.50479848099122
37.42087431273384
37.3122067707442
37.17718145692816
40.753466955023924
40.54127773945643
40.29450542372435
40.01121156496597
39.68941195841886
39.32707456376446
38.922117538855616
38.47240749653609
37.975758541194324
37.42993712914677
37.42993712914677
0.0
0.0
0.0
0.0
0.0
0.0
0.0
0.0
0.0
0.0
0.0
0.0
0.0
0.0
0.0
0.0
0.0
79.28294472502174
73.8108433740238
68.5993182778353
42.14722168874616
46.03614195548021
46.036141955480076
46.036141955480204
42.1472216887461
42.14722168874618
38.443488101380396
38.44348810138038
38.443488101380375
42.147221688746114
42.14722168874615
50.11950823555092
54.40704282962522
54.40704282962518
58.90895415340323
63.63596104337011
68.59931827783527
73.81084337402383
79.28294472502172
1.1426371288566939
0.0
0.0
0.0
0.0
0.0
0.0
0.0
0.0
0.0
0.0
0.0
0.0
0.0
0.0
0.0
0.0
0.0
0.0
1.0
0.0
0.0
0.0
0.0
0.0
0.0
0.0
0.0
0.0
0.0
0.0
0.0
0.0
0.0
0.0
0.0
0.0
0.0
0.0
0.0
0.0
0.0
0.0
0.0
0.0
0.0
0.0
0.0
0.0
0.0
0.0
0.0
0.0
0.0
0.0
0.0
0.0
0.0
0.0
0.0
0.0
0.0
0.0
0.0
0.0
0.0
0.0
0.0
0.0
0.0
0.0
0.0
0.0
0.0
0.0
0.0
0.0
0.0
0.0
0.0
0.0
0.0
0.0
0.0
0.0
0.0
0.0
0.0
0.0
0.0
0.0
0.0
0.0
0.0
0.0
0.0
0.0
0.0
0.0
0.0
0.0
0.0
0.0
0.0
0.0
0.0
0.0
0.0
0.0
0.0
0.0
0.0
0.0
0.0
0.0
0.0
0.0
0.0
0.0
1.5866838272380073
1.6010806144112546
1.6226757951711255
1.637072582344373
1.6442709759309966
1.6658661566908677
1.680262943864115
1.8314292091832123
1.835028405976524
1.838627602769836
1.84266191270059
0.0
0.0
0.0
0.0
0.0
0.0
0.0
0.0
0.0
1.1463907375108173
1.686669712276254
1.692317225857063
1.6979647394378716
1.7036122530186804
0.9294060802398902
0.9294060802398902
0.9294060802398902
0.9294060802398902
0.9294060802398902
0.9294060802398902
1.8222100382156647
0.9294060802398902
0.9294060802398902
0.9294060802398902
0.9294060802398902
0.9294060802398902
0.9294060802398902
0.9294060802398902
1.0037536086541234
1.8278575517964735
1.8321611130015616
1.8321611130015616
1.83646467420665
1.83646467420665
1.8407682354117378
1.8450717966168262
1.8450717966168262
1.8450717966168262
1.8493753578219143
1.8493753578219143
1.8536789190270024
1.8536789190270024
1.705457321417298
1.7018581246239861
1.7018581246239861
1.6982589278306741
1.6982589278306741
1.6946597310373623
1.6910605342440506
1.6910605342440506
1.6874613374507388
0.9280160641337631
0.9294060802398902
0.9280160641337631
0.9280160641337631
0.9280160641337631
0.9280160641337631
0.9280160641337631
0.9280160641337631
0.9280160641337631
0.9280160641337631
1.1511662653190973
1.3455228921579367
1.179959839665592
1.1943566268388395
1.2087534140120868
1.2159518075987104
1.2375469883585815
1.2447453819452052
1.2591421691184526
1.2735389562916999
1.2879357434649472
1.295134137051571
1.3095309242248183
1.3239277113980656
1.338324498571313
1.3527212857445603
1.1655630524923446
1.3783681441343383
1.3846674760190427
1.3909668079037474
1.4035654716731565
1.4098648035578611
1.4161641354425658
1.4224634673272702
1.4350621310966796
1.441361462981384
1.4539601267507933
1.4602594586354978
1.4665587905202024
1.4665587905202024
1.472858122404907
1.4791574542896115
1.4931047106118993
1.5003031041985229
1.991931380138492
1.5146998913717704
1.521898284958394
1.5290966785450177
1.5290966785450177
1.5290966785450177
1.5362950721316415
1.543493465718265
1.5506918593048888
1.5578902528915126
1.5578902528915126
0.9280160641337631
0.9280160641337631
0.9280160641337631
0.0
0.0
0.0
0.0
0.0
0.0
0.0
0.0
0.0
0.0
0.0
0.0
0.0
0.0
0.0
0.0
0.0
1.7290260641323199
1.7262023073419155
1.7233785505515111
1.6527846307914014
0.9294060802398902
1.6019570085641224
1.5737194406600783
1.5281491014992086
1.3668968771213659
1.2371955703939688
1.180720434585881
1.1355403259394108
1.0903602172929405
1.0451801086464703
1.0
1.709259766599489
1.7149072801802978
1.7177310369707022
1.7205547937611065
1.7233785505515111
1.7262023073419155
1.7290260641323199
