14.78546561393016
0.0
0.0
0.0
0.0
0.0
0.0
0.0
0.0
0.0
0.0
0.0
0.0
0.0
0.0
0.0
0.0
0.0
0.0
14.78546561393016
0.0
0.0
0.0
0.0
0.0
0.0
0.0
0.0
0.0
0.0
0.0
0.0
0.0
0.0
0.0
0.0
0.0
0.0
0.0
0.0
0.0
0.0
0.0
0.0
0.0
0.0
0.0
0.0
0.0
0.0
0.0
0.0
0.0
0.0
0.0
0.0
0.0
0.0
0.0
0.0
0.0
0.0
0.0
0.0
0.0
0.0
0.0
0.0
0.0
0.0
0.0
0.0
0.0
0.0
0.0
0.0
0.0
0.0
0.0
0.0
0.0
0.0
0.0
0.0
0.0
0.0
0.0
0.0
0.0
0.0
0.0
0.0
0.0
0.0
0.0
0.0
0.0
0.0
0.0
0.0
0.0
0.0
0.0
0.0
0.0
0.0
0.0
0.0
0.0
0.0
0.0
0.0
0.0
0.0
0.0
0.0
0.0
0.0
0.0
40.471286592051435
40.47128659205124
44.205568481636824
44.205568481636725
48.126564465701655
48.12656446570143
48.126564465701534
56.56650832140099
56.566508321400995
65.87154642230973
76.13035092856154
0.0
0.0
0.0
0.0
0.0
0.0
0.0
0.0
0.0
17.340687096971656
43.57241068712139
40.252051660135876
40.714467240186764
41.13362100496308
54.12039427046972
54.564828795112355
54.963296186899825
50.81196233398401
51.102038960610734
51.358129180020164
43.075269104457576
51.77812504332569
51.94661690105172
52.090310484150436
52.21123370680071
52.31132366140654
52.39243565677317
52.45634872405375
17.340687096971656
43.60950173613314
56.530112860456335
47.25315275845448
46.958171260251866
46.655253556345194
46.34642777244428
54.74109892098908
49.93742418597803
49.59356316952278
49.25166331809132
48.9137420743046
52.89095628581085
52.53821554069044
52.19626266500031
51.86722524992098
51.55322858454875
47.08040972348107
55.33993402944926
46.590307179706286
50.49041048280204
50.28383581044771
46.02312860963234
54.230844808590724
52.50478599393154
44.83256000037185
43.966272417250195
39.536862569142514
38.901826788611935
38.34963075253577
37.88275583786378
37.50212587060115
37.20690040081555
36.99623124777713
33.62938970911077
33.58930891931478
33.62414138249175
33.733044982941806
33.915062777130345
31.03392242146253
31.32889238776156
31.68678342123164
29.01705176809763
29.449973365773552
33.12191394805755
30.47068029498238
31.054520854720916
31.68444024594116
32.35810054191189
45.78099403966089
33.17339303912175
33.27369750286868
33.37254529449416
33.4686792284022
33.56084569615253
33.647792391650896
33.7282661313761
33.80101068967162
33.864764635804555
33.91825917180474
33.9602159742088
37.60770677458624
37.624300851897345
37.62379870834472
37.604720079294324
37.565562393383765
37.50479848099122
37.42087431273384
37.3122067707442
37.17718145692816
40.753466955023924
40.54127773945643
40.29450542372435
40.01121156496597
39.68941195841886
39.32707456376446
38.922117538855616
38.47240749653609
37.975758541194324
37.42993712914677
37.42993712914677
0.0
0.0
0.0
0.0
0.0
0.0
0.0
0.0
0.0
0.0
0.0
0.0
0.0
0.0
0.0
0.0
0.0
79.28294472502174
73.8108433740238
68.5993182778353
42.14722168874616
46.03614195548021
46.036141955480076
46.036141955480204
42.1472216887461
42.14722168874618
38.443488101380396
38.44348810138038
38.443488101380375
42.147221688746114
42.14722168874615
50.11950823555092
54.40704282962522
54.40704282962518
58.90895415340323
63.63596104337011
68.59931827783527
73.81084337402383
79.28294472502172
