1.1426371288566939
0.0
0.0
0.0
0.0
0.0
0.0
0.0
0.0
0.0
0.0
0.0
0.0
0.0
0.0
0.0
0.0
0.0
0.0
1.0
0.0
0.0
0.0
0.0
0.0
0.0
0.0
0.0
0.0
0.0
0.0
0.0
0.0
0.0
0.0
0.0
0.0
0.0
0.0
0.0
0.0
0.0
0.0
0.0
0.0
0.0
0.0
0.0
0.0
0.0
0.0
0.0
0.0
0.0
0.0
0.0
0.0
0.0
0.0
0.0
0.0
0.0
0.0
0.0
0.0
0.0
0.0
0.0
0.0
0.0
0.0
0.0
0.0
0.0
0.0
0.0
0.0
0.0
0.0
0.0
0.0
0.0
0.0
0.0
0.0
0.0
0.0
0.0
0.0
0.0
0.0
0.0
0.0
0.0
0.0
0.0
0.0
0.0
0.0
0.0
0.0
0.0
0.0
0.0
0.0
0.0
0.0
0.0
0.0
0.0
0.0
0.0
0.0
0.0
0.0
0.0
0.0
0.0
0.0
1.5866838272380073
1.6010806144112546
1.6226757951711255
1.637072582344373
1.6442709759309966
1.6658661566908677
1.680262943864115
1.8314292091832123
1.835028405976524
1.838627602769836
1.84266191270059
0.0
0.0
0.0
0.0
0.0
0.0
0.0
0.0
0.0
1.1463907375108173
1.686669712276254
1.692317225857063
1.6979647394378716
1.7036122530186804
0.9294060802398902
0.9294060802398902
0.9294060802398902
0.9294060802398902
0.9294060802398902
0.9294060802398902
1.8222100382156647
0.9294060802398902
0.9294060802398902
0.9294060802398902
0.9294060802398902
0.9294060802398902
0.9294060802398902
0.9294060802398902
1.0037536086541234
1.8278575517964735
1.8321611130015616
1.8321611130015616
1.83646467420665
1.83646467420665
1.8407682354117378
1.8450717966168262
1.8450717966168262
1.8450717966168262
1.8493753578219143
1.8493753578219143
1.8536789190270024
1.8536789190270024
1.705457321417298
1.7018581246239861
1.7018581246239861
1.6982589278306741
1.6982589278306741
1.6946597310373623
1.6910605342440506
1.6910605342440506
1.6874613374507388
0.9280160641337631
0.9294060802398902
0.9280160641337631
0.9280160641337631
0.9280160641337631
0.9280160641337631
0.9280160641337631
0.9280160641337631
0.9280160641337631
0.9280160641337631
1.1511662653190973
1.3455228921579367
1.179959839665592
1.1943566268388395
1.2087534140120868
1.2159518075987104
1.2375469883585815
1.2447453819452052
1.2591421691184526
1.2735389562916999
1.2879357434649472
1.295134137051571
1.3095309242248183
1.3239277113980656
1.338324498571313
1.3527212857445603
1.1655630524923446
1.3783681441343383
1.3846674760190427
1.3909668079037474
1.4035654716731565
1.4098648035578611
1.4161641354425658
1.4224634673272702
1.4350621310966796
1.441361462981384
1.4539601267507933
1.4602594586354978
1.4665587905202024
1.4665587905202024
1.472858122404907
1.4791574542896115
1.4931047106118993
1.5003031041985229
1.991931380138492
1.5146998913717704
1.521898284958394
1.5290966785450177
1.5290966785450177
1.5290966785450177
1.5362950721316415
1.543493465718265
1.5506918593048888
1.5578902528915126
1.5578902528915126
0.9280160641337631
0.9280160641337631
0.9280160641337631
0.0
0.0
0.0
0.0
0.0
0.0
0.0
0.0
0.0
0.0
0.0
0.0
0.0
0.0
0.0
0.0
0.0
1.7290260641323199
1.7262023073419155
1.7233785505515111
1.6527846307914014
0.9294060802398902
1.6019570085641224
1.5737194406600783
1.5281491014992086
1.3668968771213659
1.2371955703939688
1.180720434585881
1.1355403259394108
1.0903602172929405
1.0451801086464703
1.0
1.709259766599489
1.7149072801802978
1.7177310369707022
1.7205547937611065
1.7233785505515111
1.7262023073419155
1.7290260641323199
