105.602327064 2.796117736
107.958495904 43.0304396235
110.320404471 43.3142547143
112.687869998 43.6452094094
115.060709717 44.0209501102
117.43874086 44.4391232176
119.82178066 44.8973751328
122.209646348 45.3933522569
124.602155158 45.924700991
126.99912432 46.4890677364
129.400371069 47.084098894
131.805712635 47.707440865
134.214966251 48.3567400506
136.62794915 49.0296428518
139.044478563 49.7237956698
141.464371723 50.4368449058
143.887445861 51.1664369607
146.313518212 51.9102182359
148.742406005 52.6658351323
151.173926475 53.4309340511
153.607896853 54.2031613934
156.044134371 54.9801635605
158.482456261 55.7595869533
160.922679756 56.539077973
163.364622089 57.3162830207
165.80810049 58.0888484976
168.252932194 58.8544208047
170.698934431 59.6106463433
173.145924434 60.3551715144
175.593719435 61.0856427192
178.042136667 61.7997063587
180.490993362 62.4950088341
182.940106752 63.1691965465
185.38929407 63.8199158971
187.838372546 64.444813287
190.287159415 65.0415351172
192.735471908 65.607727789
195.183127257 66.1410377035
197.629942695 66.6391112616
200.075735453 67.0995948647
202.520322765 67.5201349138
204.963521862 67.8983778101
207.405149977 68.2319699546
209.845024341 68.5185577485
212.282962188 68.7557875929
214.718780749 68.941305889
217.152297256 69.0727590378
219.583328943 69.1477934405
222.01169304 69.1640554982
224.437206781 69.119191612
226.859691946 69.0109275782
229.279095899 68.8391814824
231.695504485 68.606288791
234.109010682 68.3147095179
236.519707469 67.9669036771
238.927687825 67.5653312827
241.333044728 67.1124523487
243.735871157 66.6107268892
246.13626009 66.0626149182
248.534304505 65.4705764497
250.930097383 64.8370714978
253.323731701 64.1645600766
255.715300437 63.4555021999
258.104896571 62.7123578819
260.492613081 61.9375871367
262.878542945 61.1336499782
265.262779143 60.3030064205
267.645414653 59.4481164777
270.026542453 58.5714401637
272.406255522 57.6754374926
274.784646839 56.7625684784
277.161809382 55.8352931353
279.53783613 54.8960714771
281.912820062 53.947363518
284.286854155 52.991629272
286.66003139 52.0313287531
289.032444744 51.0689219754
291.404187195 50.1068689529
293.775351724 49.1476296996
296.146031307 48.1936642296
298.516318925 47.2474325569
300.886307555 46.3113946956
303.256090176 45.3880106596
305.625759766 44.4797404631
307.995409305 43.58904412
310.365131771 42.7183816444
312.735020142 41.8702130504
315.105167397 41.0469983519
317.475666515 40.2511975631
319.846610474 39.4852706978
322.218092253 38.7516777703
324.590204831 38.0528787945
326.963041186 37.3913337844
329.336694296 36.7695027542
331.711257141 36.1898457177
334.086822699 35.6548226891
336.463483949 35.1668936825
338.841333869 34.7285187117
341.220465437 34.342157791
343.600971633 34.0102709342
345.98294543 33.7353181556
