-19.6421355181 39.392251563
-19.042888458 140.496964479
-18.4303127729 141.585244648
-17.8045762407 142.657252097
-17.1658466389 143.713146852
-16.5142917453 144.753088941
-15.8500793373 145.77723839
-15.1733771928 146.785755226
-14.4843530894 147.778799474
-13.7831748047 148.756531162
-13.0700101163 149.719110317
-12.345026802 150.666696964
-11.6083926394 151.599451131
-10.860275406 152.517532844
-10.1008428797 153.421102129
-9.33026283804 154.310319014
-8.54870305864 155.185343524
-7.7563313192 156.046335687
-6.95331539735 156.893455529
-6.13982307076 157.726863077
-5.31602211708 158.546718357
-4.48208031395 159.353181395
-3.63816543905 160.146412219
-2.78444527001 160.926570855
-1.92108758449 161.69381733
-1.04826016015 162.448311669
-0.166130774634 163.190213901
0.725132794397 163.919684051
1.62536276929 164.636882145
2.5343913724 165.341968212
3.45205082606 166.035102276
4.37817335263 166.716444365
5.31259117444 167.386154506
6.25513651385 168.044392724
7.20564159321 168.691319047
8.16393863485 169.327093501
9.12985986113 169.951876112
10.1032374944 170.565826908
11.083903757 171.169105915
12.0716908712 171.76187316
13.0664310595 172.344288668
14.0679565442 172.916512467
15.0760995476 173.478704583
16.090692292 174.031025043
17.1115669998 174.573633874
18.1385558934 175.106691101
19.1714911951 175.630356753
20.2102051272 176.144790854
21.2545299122 176.650153432
22.3042977722 177.146604514
23.3593409298 177.634304125
24.4194916072 178.113412294
25.4845820267 178.584089045
26.5544444108 179.046494406
27.6289109818 179.500788404
28.707813962 179.947131064
29.7909855737 180.385682414
30.8782580394 180.81660248
31.9694635813 181.240051289
33.0644344218 181.656188868
34.1630027833 182.065175242
35.265000888 182.467170438
36.3702609584 182.862334484
37.4786152168 183.250827406
38.5898958856 183.63280923
39.703935187 184.008439982
40.8205653434 184.37787969
41.9396185772 184.741288381
43.0609271108 185.09882608
44.1843231664 185.450652814
45.3096389664 185.79692861
46.4367067332 186.137813494
47.5653586891 186.473467494
48.6954270564 186.804050635
49.8267440576 187.129722944
50.9591419149 187.450644449
52.0924528507 187.766975174
53.2265090873 188.078875148
54.3611428471 188.386504396
55.4961863525 188.690022945
56.6314718257 188.989590823
57.7668314891 189.285368054
58.9020975652 189.577514667
60.0371022761 189.866190687
61.1716778443 190.151556141
62.3056564921 190.433771056
63.4388704419 190.712995459
64.571151916 190.989389375
65.7023331367 191.263112832
66.8322463264 191.534325856
67.9607237075 191.803188473
69.0875975023 192.069860711
70.2126999331 192.334502596
71.3358632223 192.597274155
72.4569195922 192.858335413
73.5757012652 193.117846398
74.6920404636 193.375967137
75.8057694098 193.632857655
76.9167203261 193.88867798
78.0247254348 194.143588138
79.129616958 194.397748155
