199.664814023 24.899225978
201.837365787 224.911454676
204.001692003 224.890020395
206.157970585 224.83567025
208.306379449 224.749151356
210.44709651 224.631210827
212.580299683 224.482595781
214.706166881 224.30405333
216.824876021 224.096330592
218.936605017 223.86017468
221.041531785 223.59633271
223.139834238 223.305551798
225.231690292 222.988579058
227.317277862 222.646161606
229.396774863 222.279046556
231.47035921 221.887981025
233.538208817 221.473712127
235.600501599 221.036986977
237.657415472 220.578552691
239.70912835 220.099156383
241.755818148 219.599545169
243.797662782 219.080466165
245.834840165 218.542666485
247.867528213 217.986893244
249.895904841 217.413893558
251.920147964 216.824414542
253.940435496 216.219203311
255.956945353 215.59900698
257.969855449 214.964572664
259.9793437 214.316647479
261.98558802 213.65597854
263.988766324 212.983312962
265.989056527 212.29939786
267.986636544 211.60498035
269.98168429 210.900807546
271.97437768 210.187626563
273.964894628 209.466184518
275.95341305 208.737228524
277.940110861 208.001505698
279.925165975 207.259763154
281.908756307 206.512748008
283.891059772 205.761207375
285.872254286 205.00588837
287.852517763 204.247538108
289.832028117 203.486903704
291.810963264 202.724732274
293.78950112 201.961770933
295.767819597 201.198766795
297.746096613 200.436466977
299.724508056 199.675610013
301.703146538 198.916581566
303.681993775 198.159297399
305.661023789 197.403640686
307.640210606 196.6494946
309.61952825 195.896742316
311.598950743 195.145267007
313.57845211 194.394951848
315.558006375 193.645680013
317.537587561 192.897334674
319.517169694 192.149799007
321.496726796 191.402956185
323.476232892 190.656689383
325.455662005 189.910881773
327.43498816 189.165416531
329.41418538 188.420176829
331.39322769 187.675045842
333.372089113 186.929906744
335.350743673 186.184642709
337.329165394 185.439136911
339.3073283 184.693272523
341.285206415 183.94693272
343.262773764 183.200000675
345.240004369 182.452359563
347.216872255 181.703892557
349.193351445 180.954482832
351.169415965 180.204013561
353.145039836 179.452367918
355.120197085 178.699429077
357.094861734 177.945080212
359.069007807 177.189204497
361.042609329 176.431685106
363.015640323 175.672405213
364.988074813 174.911247991
366.959886823 174.148096616
368.931050377 173.38283426
370.901539499 172.615344097
372.871328213 171.845509303
374.840390543 171.073213049
376.808700513 170.298338511
378.776232147 169.520768863
380.742959468 168.740387278
382.708856501 167.95707693
384.673897269 167.170720993
386.638055797 166.381202641
388.601306108 165.588405048
390.563622226 164.792211388
392.524978176 163.992504835
394.485347981 163.189168563
396.444705665 162.382085746
398.403025252 161.571139557
400.36028076 160.756213171
