0.02042345376338517 -33.98656427980163
0.03621791435563182 -33.76113707985186
0.051939486484883446 -33.601093313759776
0.067652076201 -33.50377033687221
0.08343039131906949 -33.46650553197844
0.09934863545782946 -33.4866363099772
0.11547768591665886 -33.56150011089153
0.13188415881228366 -33.68843440350565
0.14863004314409523 -33.86477668518674
0.16577254575787492 -34.08786448221912
0.18336403028609993 -34.355035349232196
0.20145200917548323 -34.6636268684683
0.22007917847872704 -35.01097664958479
0.23928350401624243 -35.394422328287334
0.2590983899860646 -35.81130156438681
0.27955300404931904 -36.25895203760399
0.3006729359941005 -36.734711440579474
0.32248165315013466 -37.23591746167651
0.3450041440258076 -37.7599077436403
0.3682778536088165 -38.30401975787896
0.39239642891143944 -38.86559030429299
0.4178159433979829 -39.441952004392874
0.4412621986789702 -40.03048016076514
0.004582165348324452 -34.28003757455414
0.6747394740043546 -41.21843955363792
0.8910375433901265 -41.81209804273618
1.1135576188805771 -42.40680226417712
1.3421391979786108 -42.999893630808316
1.5766356582732897 -43.58871665779151
1.816866785524212 -44.170619505838175
2.0626069083105563 -44.74295411627472
2.313580946256536 -45.303076256357514
2.5694628336146934 -45.84834553618353
2.829874808551722 -46.376125415772975
3.0943870659889967 -46.88378320770312
3.362517582587998 -47.36869007670157
3.63373203483809 -47.82822103701241
3.9074437785912437 -48.259754946815235
4.183013884104639 -48.66067449859284
4.459751243030439 -49.02836620082792
4.736912799148627 -49.360220344676094
5.013704033351132 -49.65363093633792
5.2892800490483864 -49.90599554817419
5.56274830118025 -50.11471494684713
5.833176797269061 -50.27719197626689
6.099626916787429 -50.39082709105449
6.361383167898282 -50.452987088301626
6.614869414648808 -50.46147088781714
0.4651701121304086 -40.62848468152859
6.764635363458524 -50.34550350315965
6.662342606404081 -50.22564484318494
6.554419349825537 -50.058424147316
6.441347663613158 -49.846282505359284
6.323642843538892 -49.59165613125529
6.201817856093783 -49.29698120273014
6.076374452364689 -48.96469507005534
5.9478002096402065 -48.597236659462794
5.816567352610264 -48.197046633241285
5.683132223988991 -47.76656746268111
5.547935028697168 -47.308243463165184
5.411399709213754 -46.824520812202906
5.2739338941399865 -46.31784755757056
5.135928898819202 -45.79067361947472
4.997759778147156 -45.24545078704452
4.859785453212169 -44.68463270715668
4.722348970464338 -44.11067486089405
4.585778037677414 -43.52603451406429
4.450386216701531 -42.93317060543586
4.316475917041771 -42.33454346805618
4.1843473866823615 -41.73261398870636
4.0543346866047045 -41.129840247623235
3.927057527364809 -40.52865398978051
3.800011044651626 -39.931779231540986
6.86109767977382 -50.415520288565745
3.826710815284855 -38.71862196320785
3.973348738252753 -38.10846580207581
4.115514138544597 -37.51348677661798
4.253636307266731 -36.93611466301667
4.38825176731018 -36.378765458368946
4.51996536080884 -35.84384501557071
4.649440526223032 -35.333749950873454
4.777396063900028 -34.850867944714366
4.904604850761018 -34.39757785987328
5.031893267463545 -33.97624979297339
5.160140927529653 -33.589245096128906
5.290280553644152 -33.23891638324338
5.423297939663485 -32.92760752636622
5.56023197758384 -32.65765364113241
5.702174753939175 -32.43138105926445
5.85027174503881 -32.251107278404334
6.005722182899433 -32.11914087399043
6.169779751673445 -32.03778133124692
6.343753994318149 -32.00931871135026
6.52901341712618 -32.03603291190339
6.72699326093408 -32.120191821212075
6.939218822896976 -32.26404577792027
7.1673987527915415 -32.46980540823404
7.414078141501477 -32.739486488008964
-2.4626720136142524 -34.55648442020191
13.32904082160536 -31.243400368231647
15.142814304750573 -30.40573253065088
16.926700152737055 -29.44996125180765
18.66628601284208 -28.379273462871026
20.347608980948053 -27.199047861130765
21.957579597830602 -25.916753153097176
23.48437487334951 -24.541750805548276
24.917775722293356 -23.085013511954656
26.249428768283963 -21.558777449856166
27.47301904322876 -19.976151292079038
28.58434777826244 -18.350707285687434
29.581317227123407 -16.696079387147506
30.463831334995348 -15.025590710071754
31.233626344969707 -13.351927993232096
31.894048721744184 -11.686875199498246
32.44979900563766 -10.041112502474817
32.906659612162 -8.424081490758965
33.271222578138236 -6.8439129121887845
29.921469193025132 16.0785284502185
30.784937595784527 14.356218618330189
31.563682589136192 12.551786215750326
32.24701859576851 10.674417430370653
32.8254812309803 8.735054536074756
33.291178578735355 6.746171109035998
33.638090845905936 4.7214658779047625
33.862296856094645 2.675490127688903
33.962110953217405 0.6232298091309474
33.938120926269676 -1.4203322806784797
33.79312566245761 -3.4406472872104246
33.531979333768106 -5.423998317974224
33.16135599305352 -7.357843739548429
32.68945368120046 -9.23108952498518
32.1256600494516 -11.034281226283383
31.480201991982767 -12.759713097777876
30.763800127714035 -14.40145817254978
29.987345684861907 -15.955328093468722
29.161613069155464 -17.41877489947268
28.297016778597822 -18.790748713805783
3.675550728144458 -39.34148625443646
28.86442294401587 26.983463491037355
0.41145648949660085 33.75442338031124
1.1931529355498185 33.30202388059067
1.9682463667695629 32.91672710292127
2.7410531116204027 32.594614740231094
3.5156578968262124 32.33184076210472
4.295902543221729 32.12463128645902
5.085383142556935 31.969284546426962
5.88744911995235 31.862170876286996
6.70520286364183 31.79973270271404
7.541499563395121 31.778484536942983
8.398947139181104 31.795012964061158
9.279906217010506 31.84597662774638
10.186490137790116 31.928106207458455
11.120564999758216 32.03820437997072
12.083749750389643 32.173145752889326
13.077416368542714 32.32987674104703
14.102690237382859 32.505415320936635
15.160450970243176 32.69685048923566
16.25133448055078 32.901340911064494
17.375739194902422 33.11611086383303
18.533850910189585 33.3384340157958
19.725816795610058 33.56551987245814
20.94941248980996 33.79603620837449
-0.38131175750388024 34.277917067007934
22.892526362907773 34.21850873526398
23.592805272660172 34.40435734848677
24.304579926045506 34.58205183608982
25.026285403384975 34.74944687185706
25.756302352079217 34.90445384122083
26.492930011661997 35.04505844456918
27.23437947063354 35.16932509691833
27.978771420080307 35.27539839407808
28.724135255831015 35.361503697401275
29.46840867183721 35.425947398150015
30.209437458870013 35.467117047660025
30.94497539868229 35.48348142413741
31.672684207589953 35.47359056614869
32.39013350890576 35.43607578516401
33.09480082651311 35.36964966120837
33.78407159894732 35.27310601762446
34.45523922436661 35.145319863110586
35.105505163420105 34.985247266502114
35.731979176138964 34.79192507446669
36.33167992340941 34.5644702002547
36.901536778691934 34.30207748354954
37.4383970850771 34.00401112520882
37.93907696580749 33.669544720412375
38.39971320425195 33.2987967346981
22.20544251351808 34.02658480554973
38.691351586125904 32.91426498361224
38.52598736732887 32.903421124184234
38.32478106443381 32.86111648478604
38.08978029252984 32.78877915018634
37.82303081733659 32.68783865763791
37.52656869315547 32.55973527687672
37.20241829746732 32.40592232868454
36.852591677417536 32.2278669572278
36.47908828906009 32.02705043706658
36.08389488114972 31.804968311353974
35.66898543905256 31.563130457974154
35.236321158354144 31.303061121608096
34.78785043490382 31.026298926112105
34.325508867505334 30.734396872998985
33.8512192737785 30.428922325373918
33.36689172519516 30.11145697065271
32.87442361776908 29.78359674541656
32.37569981731349 29.44695168054392
31.872592981264006 29.10314555623154
31.36696436745899 28.753815038117267
30.860666260487562 28.400607080852836
30.355551682004602 28.045168541841207
29.853542362934093 27.68907347014928
29.355707816717256 27.334808229271886
38.81887929996816 32.892156469782975
28.616028215498545 26.338025062094687
28.37092081575156 25.707685837310123
28.131003697748042 25.09399077946506
27.898314891785503 24.498328862475347
27.67495397698076 23.922011724853064
27.463071577557514 23.36628490558732
27.264866737311763 22.832330652603133
27.082586044783795 22.321268858081567
26.918523283815034 21.83415743147603
26.77501927593744 21.3719924679757
26.654461802468404 20.935708330498215
26.559285564238394 20.52617769091134
26.491972161595697 20.144211549612635
26.45505008603294 19.79055924031536
26.451094721834522 19.46590842269333
26.482728357437338 19.17088505925517
26.552620213461182 18.906053368910193
26.66348649737381 18.67191573385108
26.8180905193949 18.468912511245037
27.019242947219823 18.297421613100255
27.26980244889728 18.157757455124624
27.572677622272238 18.050167798738357
27.93083471559379 17.974821115159216
28.347351679375492 17.93171812944408
-5.070097133508426 -34.2711173437209
-5.070097133508426 -34.2711173437209
-7.791308422473236 -33.75664204265871
-10.590999682081133 -32.985543722431714
-13.425527004860186 -31.936978466537283
-16.24458344336506 -30.59949146116398
-18.99390795246603 -28.973208825111925
-21.618806088070556 -27.071065591452083
-24.068054076461436 -24.918750809437142
-26.29762941496449 -22.553271516201164
-28.273711800228455 -20.020304442438402
-29.974536287942385 -17.370738132074905
-31.3909145192099 -14.656938786047874
-32.5254959845453 -11.929269880827746
-33.3910464246525 -9.233276103149848
-34.00812988501838 -6.607758368313512
-34.40258884679503 -4.083778834446292
-34.60314823892867 -1.684488315490995
-34.639362216787106 0.5744163511948841
-34.54001249029969 2.683823038174978
-2.8515215919424577 34.526572281953804
-5.455569093069556 34.211871255472715
-8.170816460420838 33.666795619726145
-10.961649996028001 32.8642297687756
-13.784193915888494 31.783822410457162
-16.58801551223607 30.414685766848095
-19.318858597820338 28.757556770485905
-21.922177805051604 26.825985335379585
-24.347041789972366 24.646235513920487
-26.549847431035687 22.255807563847753
-28.497290755136817 19.700756039997287
-30.16818105422206 17.032211271880527
-31.553920042885835 14.30263957657695
-32.6577239901913 11.56237141380521
-33.49287052882141 8.856804879294941
-34.080359186843 6.224506938389851
-34.44638047760702 3.696246869762831
-34.61991812086626 1.2948506612012523
-34.63070110013177 -0.9643185384661024
-34.5076118777169 -3.0724731776125793
9.669178687931776 -32.56256100638407
