21.556654980650173 -28.956917194586566
21.78264841999801 -29.449869741557023
21.98839756769416 -29.92087883850604
22.174486201250204 -30.370276521529675
22.341490731957276 -30.798399816823178
22.48998105157095 -31.205590105712133
22.620520743859043 -31.592192966673537
22.733667154204394 -31.958558122327105
22.82997141729926 -32.305039418939145
22.909978469350044 -32.631994817518915
22.97422705330394 -32.93978638912918
23.02324972133863 -33.2287803129756
23.057572835765733 -33.49934687578252
23.077716568874365 -33.75186047180324
23.084194901655653 -33.986699602749326
23.07751562262067 -34.20424687920786
23.058180325315842 -34.40488902157696
23.0266844053493 -34.58901686199536
22.98351705604644 -34.757025346506495
22.929161262915294 -34.90931353861703
22.864093795794002 -35.0462846239834
22.788785197276916 -35.168345916351356
22.70369976707935 -35.27590886794832
22.60929553727751 -35.36938908278191
22.506024235256966 -35.44920633873534
22.394331224411083 -35.5157846225442
22.274655404897807 -35.569552187062584
22.147429040997324 -35.61094165267099
22.013077440007667 -35.640390194356996
21.87201831091386 -35.658339916756205
21.724660353128925 -35.66523867807706
21.571399729131706 -35.66154215044449
21.412609482640296 -35.647720000440444
21.248597211872678 -35.6242806108325
21.079308784090664 -35.59194413308401
20.908307054749173 -35.54931862913034
21.309820173731715 -28.441698595851676
20.34105408586999 -35.50076429171122
19.94637307714239 -35.49578401076937
19.55044566389701 -35.4835223023573
19.15382079988138 -35.4643803937999
18.756965993103634 -35.43880383397149
18.36031212579525 -35.40725631553835
17.96426465867898 -35.370213130566896
17.569207365133526 -35.32815898939663
17.175503824008544 -35.28158714810928
16.783498097623664 -35.23099901264078
16.39351506963132 -35.17690394065863
16.005860625959016 -35.119819135421466
15.620821756818614 -35.06026958544891
15.23866661622628 -34.99878802887548
14.859644556800351 -34.9359149314387
14.48398614945761 -34.87219847347032
14.111903192263046 -34.80819454202933
13.743588710700664 -34.74446672728155
13.379216949014147 -34.68158632148703
13.018943351526307 -34.62013232262271
12.662904528601942 -34.560691441432425
12.311218198730252 -34.50385811493541
11.963983089632343 -34.450234531677495
11.621278762319363 -34.400430675430044
11.283165283112751 -34.355064409098304
10.949682565680206 -34.31476164224469
10.620848922340542 -34.280156701072656
10.29665744110212 -34.25189325443981
9.977065115112275 -34.230627091528106
9.6619493593902 -34.21703723472561
9.350803625165426 -34.211903729425984
9.04685083814742 -34.21505639399061
20.73354454810986 -35.49828948831623
8.796581988709143 -34.118107498452645
8.847710439000075 -34.020183650224084
8.901530324761907 -33.93449468525654
8.958368132303832 -33.86157428612961
9.018490323336216 -33.801971311137976
9.08214967510694 -33.75623795118355
9.149596868318255 -33.724926768065245
9.22108435319469 -33.70858970623701
9.296867899972916 -33.70777769594417
9.377207308812899 -33.72304047126164
9.462366771368245 -33.754926477391734
9.552615073702569 -33.80398281712522
9.64822572382895 -33.870755217652004
9.749477043487644 -33.955788004955565
9.85665224718192 -34.05962408067688
9.970039525012766 -34.182804897931646
10.089932144420075 -34.325870428420444
10.216628593136036 -34.489359118242334
10.350432796264542 -34.67380781706342
10.491654470799915 -34.87975166464386
10.640609739384601 -35.10772389221222
10.797622265289888 -35.35825545510116
10.963025518658696 -35.63187430031556
11.137167758033996 -35.92910375395738
11.320424481540812 -36.25045849279144
11.513235776597725 -36.59643245797952
11.716255715621912 -36.96745051290077
11.931398119224482 -37.363530046467474
19.15121631436833 -29.226042304895742
20.289540780881637 -34.11889876664114
23.00738891557448 -32.34848950777865
25.66079182361733 -30.28677072803137
28.197173678171467 -27.94072502120156
30.564497433828407 -25.329354803564627
32.71477349073113 -22.4835120387701
34.60744211404956 -19.4445279827018
36.21215458038486 -16.261752021036273
37.51056541746023 -12.989310998270952
38.49692479380876 -9.682535802526019
39.177476319769085 -6.3945341786011625
39.56886122559057 -3.1733167912014153
39.695858088927324 -0.05973885760656117
39.58882874907303 2.91365001740661
39.281205096088655 5.722905236537116
38.80726572301728 8.352295807171402
38.20034813736284 10.793429498155149
37.49154723842109 13.044102261811844
-2.7225508974416783 39.602429657259734
0.2364170658204472 39.695199018500404
3.3422234480209028 39.55495241522689
6.560466265456242 39.15003193519996
9.848026845918383 38.45492277185636
13.154562799479706 37.45293307208274
16.42496439110188 36.13841810177087
19.6025849471326 34.51816017023236
22.632882028564808 32.61161402366392
25.466994429511104 30.449908257244658
28.064770265147715 28.0737134720693
30.39686119749784 25.53028686653198
32.4456782480343 22.87012639170146
34.205212118462086 20.143688393101712
35.67989948815959 17.398548521707028
36.882828197406255 14.67725118365081
37.83360745938377 12.01594210857499
38.55619696192447 9.443748936765019
39.076916514428106 6.982786970241989
39.42277260546031 4.648625414628782
8.747434099566384 -34.22783061915422
-11.688165814740486 33.33839786352817
-35.5832061370816 3.1457931277803084
-35.66193747443357 3.9584031607626287
-35.69911708363687 4.789613818946947
-35.69640190552027 5.637676133161563
-35.65541991238361 6.500883139307348
-35.57776971920512 7.377575738189677
-35.46502048744522 8.266144160270386
-35.31871189269506 9.16502845348549
-35.1403541126718 10.072718678167945
-34.93142782233323 10.987754995413553
-34.69338419131411 11.908727710796398
-34.4276448833803 12.834277297651028
-34.13560205678273 13.763094410064099
-33.81861836506519 14.693919890270621
-33.47802695774921 15.62554477256299
-33.11513148256382 16.55681028561972
-32.73120608729185 17.486607853055318
-32.32749542280365 18.413879093071614
-31.905214646635184 19.337615816860506
-31.465549428373343 20.25686002610871
-31.00965595681366 21.1707039089861
-30.538660949434227 22.078289833709817
-30.053661667676838 22.978810340017645
-29.555725937742405 23.87150812494204
-29.045892184003044 24.75567602174152
-28.525169481994304 25.63065696605068
-27.99453764577959 26.49584393882651
-27.45494738169426 27.35067986745156
-26.9073205727135 28.194657441347488
-26.352550847725453 29.02731874404654
-25.791504832834022 29.848254443122727
-25.22502527980597 30.657101765727845
-24.65394045074738 31.453538425225418
-24.079101656064676 32.23725832798249
-23.50164601964351 33.007801522457925
-22.91947196419215 33.76683512839014
-35.46123988392711 2.3535336727210847
-21.990529280497178 34.518399929647416
-21.643926378383526 34.51594664558627
-21.295643441529027 34.506215855648094
-20.94604880086512 34.48970423123913
-20.595550977777126 34.46688000805153
-20.244558935376116 34.438208710514914
-19.89347214180878 34.40415958247465
-19.542677258713262 34.36520773060161
-19.192546817092175 34.32183498119292
-18.843438616445933 34.274530269793985
-18.495695424944913 34.22378983525027
-18.14964481913617 34.17011732403856
-17.805599093579154 34.11402384937119
-17.46385520826635 34.05602802617008
-17.124694757677737 33.996655991858205
-16.788383953765774 33.93644141925887
-16.45517361830082 33.87592552357705
-16.125299183164387 33.81565706550592
-15.79898069812072 33.75619234996583
-15.47642284872612 33.6980952220421
-15.157814987518975 33.64193705680921
-14.843331187141388 33.588296741178226
-14.533130331804582 33.53776064314809
-14.227356278524333 33.49092255498252
-13.926138158904116 33.4483835882659
-13.629590983559282 33.41075196193776
-13.337816973334675 33.378642535776436
-13.050908888588665 33.352675643649945
-12.768960017727899 33.3334735914238
-12.492104133159899 33.32164664904201
-12.22079518426893 33.31769499214275
-11.952028563973073 33.3233334954671
-22.335402254522155 34.512870530476704
-11.431161812523108 33.306855595366045
-11.179717289788769 33.28609708800752
-10.933343280053819 33.27690419213917
-10.691893073258868 33.279937103210074
-10.455264164966167 33.29583885503024
-10.223355674823551 33.32525024782481
-9.996057697902138 33.368813580706075
-9.77324775130186 33.427173896466655
-9.554789348036842 33.50097947992364
-9.34053134301525 33.59088208533831
-9.130307598747315 33.69753705154403
-8.923936795485815 33.82160336440603
-8.721222310218472 33.963743695362126
-8.521952126354094 34.12462442631033
-8.32589875264729 34.304915668501025
-8.132819135364542 34.50529128071119
-7.942454546111861 34.72642888724101
-7.754530423053417 34.969009903675556
-7.56875612613144 35.233719571704256
-7.384824537106688 35.521247017128246
-7.202411364974196 35.83228534774224
-7.021173860681543 36.167531833782164
-6.840748250663225 36.52768826877852
-6.660744093549269 36.91346176010799
-6.480730175536806 37.325566706521016
-6.300192199357028 37.76473072781994
-6.11836354423987 38.231718384340695
-5.933040591126016 38.72749720843947
17.20984703398552 -30.40973199806443
17.20984703398552 -30.40973199806443
15.135196725513374 -31.493752637742176
12.938953828384305 -32.45788207745882
10.636716705444073 -33.28349279831386
8.247675540386892 -33.954476631333705
5.794038169534314 -34.45808695817664
3.3002296610710395 -34.78561655787448
0.7919244012455984 -34.93284258216035
-1.7050086228656802 -34.90019456569314
-4.165556113496212 -34.692632897959726
-6.566517900392906 -34.31925811830877
-8.88729828638456 -33.792699866925545
-11.110482105940623 -33.12835375476507
-13.222174235314778 -32.343542533529956
-15.212108047009213 -31.456675029211226
-17.07354989676094 -30.486464685989702
-18.803040934712822 -29.4512527192783
-20.40002392737409 -28.36846239911229
-21.86640237836517 -27.25419384525452
-34.94162397569323 0.1164004662522018
-34.875214273113045 -2.156400828170831
-34.65257978756951 -4.486574327191391
-34.26314317727689 -6.853295173907782
-33.69979586194954 -9.233330601154279
-32.95949970223481 -11.601810828731331
-32.04367987364718 -13.933169606464375
-30.958356596844933 -16.202184789400192
-29.713990331607118 -18.38503232796836
-28.325047473340614 -20.460261991486888
-26.809325760675986 -22.409611495633712
-25.18710467996969 -24.218596015614366
-23.480201738501616 -25.87683832013775
-21.711018652913996 -27.378135513217543
-19.901653072510253 -28.720286212165888
-18.073134422390137 -29.904722825625726
-16.244820937788173 -30.936005363111803
-14.43397309313887 -31.821235926246274
-12.655499653568167 -32.56944831657145
-10.921858426548198 -33.19101751434748
14.855085625637173 -36.81156271068036
