2.217308406140745 -36.25121643299811
2.3755253003202768 -36.870274298998545
2.5349939467264875 -37.434332252521294
2.6946893380844585 -37.945203624122776
2.8540974242663992 -38.404669781154716
3.012808218160046 -38.81450501534353
3.170457668552487 -39.17648009799163
3.3267131290565572 -39.49236316899652
3.4812685154368666 -39.76392003252991
3.6338423704958416 -39.99291427549291
3.7841769881157745 -40.1811073206302
3.9320379825147995 -40.33025845209867
4.0772140714813645 -40.44212482756801
4.219516987081249 -40.5184614806914
4.358781511802306 -40.561021311014066
4.494865783000648 -40.57155504340657
4.627652685061349 -40.551811053025
4.75705981119404 -40.5035341271698
4.882905704229643 -40.428482065624316
2.217308406140745 -36.25121643299811
4.897599408583346 -40.22624669762719
4.787934502060409 -40.102398110381436
4.676560540890222 -39.95854813169292
4.5638108394045105 -39.79640325632384
4.450004881377254 -39.617671243092104
4.335446751349565 -39.42406130924912
4.220424742228346 -39.21728417906555
4.105211224243703 -38.9990521005774
3.9900625920637367 -38.77107885171599
3.8752192402169214 -38.53507974331301
3.7609055500133763 -38.292771620857174
3.6473298812587416 -38.04587286531644
3.534684565589771 -37.796103393695994
3.423145899315813 -37.54518465994757
3.3128741332850495 -37.294839655433286
3.204013455775282 -37.04679291003509
3.0966919595137767 -36.80277049482397
2.9910215699402443 -36.56450002694492
2.8870978665435416 -36.333710681040586
2.7849995477675122 -36.11213322643103
2.6847862909553726 -35.90150017176703
2.586483773071336 -35.70354677998147
2.4902848654948 -35.51999743247236
5.005219094708792 -40.328387299791125
2.442195437692419 -35.19026462778626
2.4891661727277494 -35.0476624609714
2.5372401143026195 -34.926507121155794
2.5866539018997514 -34.82851530814007
2.637652074150452 -34.75540295962495
2.690485837846353 -34.7088391923287
2.7453023261319913 -34.68904434308622
2.8021122221802273 -34.694532336208745
2.8609085639083673 -34.723719894224075
2.921674231900198 -34.77502463309439
2.984381978735229 -34.846865059130955
3.0489944566661507 -34.93766056697196
3.1154642513221233 -35.045831435439005
3.1837339305567696 -35.16979882307365
3.2537361224710537 -35.30798475955789
3.3253936497562506 -35.4588121306988
3.398619777796881 -35.62070465226892
3.4733187095725384 -35.792086816073535
3.5493866735738493 -35.971383771919896
3.626714642849663 -36.15702103294294
3.7051964914136875 -36.34742359133286
3.784761619158985 -36.54101238139488
3.865603325229131 -36.73617952013309
3.945109248140909 -36.931621095212655
2.3960829094375526 -35.35259726196463
4.166397024849459 -37.30213947972551
4.309039727951301 -37.47386910370861
4.452318041903425 -37.63923406181596
4.595908236392461 -37.79668635364227
4.739515322119701 -37.94467594296574
4.882838004975156 -38.08165455692199
5.025559925034543 -38.20607663587607
5.16734673684158 -38.31639964997852
5.307844942338761 -38.41108422546459
5.446681361486185 -38.48859420156038
5.583462869241146 -38.54739665943589
5.717776255913293 -38.58596193636586
5.849188150331258 -38.60276363372843
5.977244977722137 -38.59627862091798
6.101472938876384 -38.56498703622896
6.221378004595692 -38.507372286315245
6.3364459232006425 -38.42192104282586
6.446142242380176 -38.30712323690428
6.549912349656552 -38.16147204955536
6.647181540806457 -37.98346389648399
6.737355133817687 -37.771598403147195
6.819818662426371 -37.52437836284557
6.893938217654693 -37.24030966267226
6.959061084544828 -36.91790114618864
7.0145170174575355 -36.55566433839806
7.059621047083908 -36.152112840812514
7.093680498362005 -35.70576081812809
7.116016044160517 -35.21511846116491
7.126045916401154 -34.6786738357326
7.123875375037073 -34.094765832666134
9.39977559137975 -32.89781218934302
11.635504456167723 -32.17509695500679
13.891908960241608 -31.267182371520853
16.14182539780785 -30.167255440962307
18.355941300917948 -28.873538871618077
20.504013536339244 -27.38991159013119
22.556282151254038 -25.72617273374731
24.48495309583234 -23.897884841727624
26.26560154686564 -21.925783985866378
27.87835040034372 -19.83480292236955
29.30870646030928 -17.652805829018
30.54798436109394 -15.409168682571575
31.593304930892543 -13.133351116802778
32.447208565949495 -10.853593151180796
33.11696520971873 -8.595838720675573
33.613685092217 -6.382946226849665
33.95133792357723 -4.23420372828862
34.14577629033454 -2.1651303757544973
34.21383731845009 -0.18752055945194002
34.172571252165596 1.6903260127115871
16.64754649922037 29.891152931425744
18.659826917435623 28.678087234418747
20.650046075646458 27.279982131358942
22.590202445051432 25.69639238307935
24.451349506239126 23.93226557050803
26.204923181075458 21.998268774781344
27.8241786412093 19.910723516629396
29.285598312882712 17.691115269255015
30.570123908442213 15.365199388100173
31.664081375739272 12.961781461054962
32.55970683745187 10.511294814283183
33.25523593848504 8.044321642579938
33.75457688514706 5.5902027975986
34.06663706815823 3.1758568733451256
34.204405940457036 0.8248892495432827
34.18390928564611 -1.4429739998705173
34.023143752783255 -3.6121347138544415
33.741080697284076 -5.671093491818809
33.35680152635359 -7.612202043104226
32.88879898246455 -9.431263409778335
-4.9659014995039 35.977867804210405
-5.704336053477448 36.39167602362111
-6.454807377461478 36.744806057790946
-7.215350174206193 37.03979965599175
-7.983643455824421 37.279224875349385
-8.757408577237783 37.4656211416764
-9.534466097983326 37.60149140112985
-10.312749997630263 37.68930015872068
-11.090312413769468 37.73147282446949
-11.865325536351378 37.73039545311689
-12.636082466523078 37.688414627040736
-13.400997641384706 37.6078374004422
-14.158607052717215 37.490931275190995
-14.907568348580483 37.33992419966688
-15.64666083304526 37.15700460059804
-16.374785274037464 36.944321506659804
-17.090962962703514 36.703985064608965
-17.794328916190295 36.43807018206027
-18.484223294223597 36.14856765969699
-4.9659014995039 35.977867804210405
-18.523824220366976 35.924730316326944
-17.88122178809195 35.99150771091881
-17.233867269880307 36.03907353488051
-16.58334662661437 36.068708476937175
-15.931144642043648 36.08172580931546
-15.278645994124673 36.07947081470621
-14.62713552308577 36.06332064294566
-13.977798321277646 36.03468426368789
-13.331719769272809 35.99500244687726
-12.68988555290261 35.94574775396328
-12.053181672637464 35.888424533591426
-11.422394449762493 35.824568918939185
-10.79821053179083 35.75574882591155
-10.181216898953863 35.68356395199801
-9.5719008736246 35.60964577440183
-8.970650136832859 35.53565754759612
-8.377752760623935 35.46329429944335
-7.793397278386692 35.394282822155276
-7.217672860058883 35.33038164927085
-6.650569837963786 35.27338098970807
-6.091981808814609 35.22510246036201
-5.541720347785628 35.18739721697969
-4.999317483221489 35.1621710418427
-19.159979929547887 35.83749725479324
-3.22723507517037 34.54923162480786
-2.0020272335295886 33.9701967397598
-0.7868319930387884 33.41512829749939
0.4205985454365191 32.88484314366853
1.6227480507653524 32.38007022622102
2.822334513354207 31.901408693442434
4.022140305980116 31.44805991636676
5.224722776029438 31.017688044634752
6.432416787277276 30.60794556824554
7.647339337107127 30.216564712485507
8.8713895767917 29.84135743561636
10.106248825846848 29.480215424869982
11.353380584866642 29.131110087946652
12.61403055115818 28.792092540536856
13.889226641030945 28.461293584184332
15.179779026285843 28.136923667444478
16.486280200854452 27.81727281514894
17.809105112102316 27.500710485701255
19.14841144869939 27.185685257808778
20.504140359419694 26.870724047844917
21.87601860838197 26.554429762026388
23.26356719489786 26.235471905634768
24.66616169006653 25.912520847665306
26.08221553277741 25.585137599673935
-4.4644836178361516 35.151326184109195
27.293938649937616 25.652226582132926
27.069797237218893 26.052236641678398
26.837586911784058 26.45062804036926
26.596366076292043 26.846177620041118
26.345267009385054 27.237603201979226
26.083486606482666 27.623573674227785
25.810284065358076 28.002711513379268
25.524980115046503 28.373593625033564
25.226956707795807 28.73475167963865
24.915656879571884 29.084672264621943
24.590584681845144 29.421796960623503
24.25130514561789 29.74452238117277
23.897444263204022 30.05120019483921
23.528688980093648 30.34013713720097
23.144787193677757 30.609595016164803
22.745547758607472 30.857790713141554
22.330840498566488 31.082896179383937
21.900596227340543 31.283038427791
21.454806782933588 31.456299517685316
20.99352508295459 31.600716529563535
20.516865215378573 31.714281522813003
20.02500259204362 31.794941463716967
19.518174219287573 31.840598097605387
18.996679203145902 31.849107710239714
18.46087976215688 31.8182806487658
17.911203458414263 31.74588026616793
17.348148777812924 31.62962027938508
16.772301875751452 31.467156843388643
16.184403562639716 31.256056840835477
15.585818212054676 30.993575908684996
15.585818212054676 30.993575908684996
-0.35540539934820004 -35.62941109550414
-3.03590065038442 -35.50161341758026
-5.841045574729208 -35.14915979940709
-8.736836894464489 -34.54343539791379
-11.680951477905992 -33.662094714695414
-14.624298295623078 -32.491708901979216
-17.513554771257148 -31.029931474054134
-20.294485152597176 -29.28677381346965
-22.91564996666267 -27.284688647952585
-25.331996151976682 -25.057358579199008
-27.50781271852047 -22.64732848379965
-29.418654930586314 -20.102835374280126
-31.052045937104253 -17.474315183442403
-32.40699512289481 -14.811074070268901
-33.49256280583566 -12.158514905508525
-34.32580996740538 -9.556150798930119
-34.92949115191516 -7.036468992228947
-35.32979744840574 -4.624571360130815
-35.55436655243669 -2.338432608669862
-35.6306792759695 -0.1895846600254103
-7.365757157792274 34.861538541819286
-9.968579345996758 34.20831293461994
-12.649363068596315 33.310281625485416
-15.36913529688394 32.14608729280121
-18.082000874768156 30.702157780442775
-20.73718547096219 28.974995888752673
-23.281948793194516 26.972803124654803
-25.665089176786566 24.716076661920113
-27.84059682353046 22.236960595367904
-29.77093501124766 19.577351112098583
-31.429471555812654 16.785993141088873
-32.801740937155145 13.914993334604205
-33.885444188045085 11.016257086197697
-34.68932108371642 8.138319897936306
-35.23119670086476 5.323910877850572
-35.53558006547149 2.6084089826528682
-35.631178481795814 0.01918355362041524
-35.54861391823758 -2.4243136146969633
-35.318522898991986 -4.7099032095891005
