45.0544794408
2.9566813032
47.4383202118
13.2038521303
49.825939222
13.4921576416
52.2172296549
13.8196186573
54.612084694
14.1842559974
57.010397523
14.5840904821
59.4120613254
15.0171429315
61.816969285
15.4814341657
64.2250145852
15.9749850049
66.6360904097
16.4958162691
69.050089942
17.0419487786
71.4669063659
17.6114033533
73.8864328648
18.2022008135
76.3085626223
18.8123619792
78.7331888222
19.4399076705
81.1602046479
20.0828587077
83.5895032831
20.7392359108
86.0209779113
21.4070600999
88.4545217162
22.0843520951
90.8900278814
22.7691327167
93.3273895904
23.4594227846
95.7665000269
24.153243119
98.2072523745
24.84861454
100.649539817
25.5435578678
103.093255537
26.2360939225
105.53829272
26.9242435241
107.984544547
27.6060274929
110.431904204
28.2794666489
112.880264874
28.9425818122
115.32951974
29.593393803
117.779561985
30.2299234414
120.230284794
30.8501915475
122.681581351
31.4522189415
125.133344837
32.0340264434
127.585468438
32.5936348733
130.037845337
33.1290650515
132.490368718
33.6383377979
134.942931763
34.1194739328
137.395427657
34.5704942763
139.847749584
34.9894196484
142.299790726
35.3742708693
144.751444267
35.7230687591
147.202603392
36.0338341379
149.653161283
36.3045878259
152.103011125
36.5333506432
154.5520461
36.7181434099
157.000159393
36.856986946
159.447244187
36.9479020718
161.893193666
36.9889096074
164.337901013
36.9780303728
166.781261237
36.9134163026
169.223197396
36.795233166
171.663654511
36.6252240067
174.102578194
36.4051740334
176.539914052
36.1368684548
178.975607698
35.8220924795
181.40960474
35.4626313164
183.841850789
35.0602701739
186.272291454
34.6167942608
188.700872346
34.1339887858
191.127539074
33.6136389576
193.552237248
33.0575299847
195.974912479
32.467447076
198.395510377
31.84517544
200.813976551
31.1925002855
203.230256611
30.511206821
205.644296167
29.8030802554
208.056040829
29.0699057973
210.465436208
28.3134686553
212.872427913
27.5355540381
215.276961554
26.7379471545
217.678982741
25.922433213
220.078437084
25.0907974223
222.475270193
24.2448249912
224.869427678
23.3863011282
227.260855149
22.5170110422
229.649498216
21.6387399417
232.035302489
20.7532730354
234.418213578
19.862395532
236.798177092
18.9678926402
239.175138643
18.0715495687
241.549043839
17.1751515261
243.91983829
16.2804837211
246.287467608
15.3893313623
248.651877401
14.5034796586
251.013013279
13.6247138184
253.370820853
12.7548190506
255.725245733
11.8955805637
258.076233528
11.0487835665
260.423729849
10.2162132676
262.767680305
9.39965487572
265.108030506
8.60089359952
267.444726063
7.82171464769
269.777712585
7.06390322888
272.106935682
6.32924455179
274.432340965
5.61952382508
276.753874043
4.93652625742
279.071480526
4.28203705751
281.385106024
3.657841434
283.694696147
3.06572459557
286.0001965
2.50747175091
199.187015602
16.696996665
201.296858479
216.715011599
203.405777132
216.715715983
205.513713163
216.69925631
207.620608175
216.665779068
209.72640377
216.61543075
211.831041551
216.548357845
213.93446312
216.464706845
216.036610081
216.36462424
218.137424035
216.24825652
220.236846586
216.115750177
222.334819336
215.9672517
224.431283887
215.802907581
226.526181843
215.622864311
228.619454806
215.42726838
230.711044379
215.216266278
232.800892164
214.990004497
234.888939764
214.748629526
236.975128781
214.492287858
239.059400819
214.221125982
241.141697479
213.935290388
243.221960365
213.634927569
245.300131079
213.320184014
247.376151223
212.991206214
249.449962401
212.648140659
251.521506215
212.291133842
253.590724268
211.920332251
255.657558161
211.535882378
257.721949499
211.137930713
259.783839883
210.726623747
261.843170917
210.302107972
263.899884202
209.864529876
265.953921341
209.414035952
268.005223938
208.950772689
270.053733595
208.474886579
272.099391913
207.986524112
274.142140497
207.485831779
276.181920948
206.97295607
278.21867487
206.448043477
280.252343864
205.911240489
282.282869534
205.362693598
284.310193482
204.802549293
286.334257311
204.230954067
288.355002624
203.648054409
290.372371022
203.05399681
292.386304109
202.448927762
294.396743487
201.832993753
296.40363076
201.206341276
298.406907529
200.569116821
300.406521655
199.921472872
302.402509068
199.263646261
304.394970747
198.595936121
306.384009192
197.918643044
308.369726907
197.232067621
310.352226391
196.536510445
312.331610148
195.832272105
314.307980678
195.119653195
316.281440484
194.398954305
318.252092066
193.670476027
320.220037926
192.934518952
322.185380567
192.191383673
324.148222488
191.441370779
326.108666194
190.684780864
328.066814183
189.921914518
330.02276896
189.153072334
331.976633024
188.378554901
333.928508877
187.598662813
335.878499022
186.81369666
337.826705959
186.023957034
339.773232191
185.229744527
341.718180219
184.43135973
343.661652544
183.629103234
345.603751668
182.823275631
347.544580093
182.014177513
349.48424032
181.202109471
351.422834851
180.387372097
353.360466188
179.570265982
355.297236831
178.751091717
357.233249283
177.930149894
359.168606046
177.107741105
361.10340962
176.284165942
363.037762508
175.459724995
364.971767211
174.634718856
366.905526231
173.809448116
368.839142069
172.984213368
370.772717227
172.159315203
372.706354206
171.335054212
374.640155508
170.511730986
376.574223635
169.689646118
378.508661088
168.869100199
380.443570369
168.050393819
382.379053979
167.233827572
384.31521442
166.419702048
386.252154194
165.608317838
388.189975802
164.799975535
390.128781746
163.99497573
392.068674528
163.193619014
394.009756648
162.396205979
395.952130609
161.603037216
397.895898912
160.814413317
399.84116405
160.030634873
-20.4956334381
39.824865161
-19.8339002082
140.878460803
-19.1603937075
141.917680814
-18.4752598207
142.942657789
-17.7786444326
143.953524322
-17.0706934279
144.95041301
-16.3515526914
145.933456448
-15.6213681079
146.90278723
-14.8802855622
147.858537952
-14.1284509389
148.80084121
-13.3660101228
149.729829598
-12.5931089988
150.645635712
-11.8098934516
151.548392147
-11.0165093659
152.438231499
-10.2131026265
153.315286362
-9.39981911812
154.179689333
-8.57680472561
155.031573005
-7.74420533368
155.871069975
-6.9021668271
156.698312838
-6.05083509063
157.513434189
-5.19035600903
158.316566623
-4.32087546707
159.107842736
-3.44253934951
159.887395122
-2.5554935411
160.655356378
-1.65988392662
161.411859098
-0.755856390822
162.157035878
0.156443181531
162.891019313
1.07686890568
163.613941998
2.00527489685
164.325936528
2.9415152703
165.027135499
3.88544414125
165.717671506
4.83691562494
166.397677145
5.79578383662
167.06728501
6.76190289151
167.726627696
7.73512690487
168.3758378
8.71530999192
169.015047917
9.7023062679
169.64439064
10.6959698481
170.263998567
11.6961548476
170.874004292
12.7027153818
171.474540411
13.7155055659
172.065739518
14.7343795151
172.647734209
15.7591913447
173.220657079
16.7897951699
173.784640724
17.8260451059
174.339817739
18.867795268
174.886320718
19.9148997714
175.424282258
20.9672127314
175.953834954
22.0245882631
176.475111401
23.0868804819
176.988244193
24.1539435029
177.493365927
25.2256314415
177.990609198
26.3017984127
178.480106601
27.382298532
178.961990731
28.4669859145
179.436394183
29.5557146754
179.903449553
30.64833893
180.363289437
31.7447127935
180.816046428
32.8446903813
181.261853123
33.9481258084
181.700842117
35.0548731901
182.133146005
36.1647866418
182.558897383
37.2777202786
182.978228845
38.3935282157
183.391272987
39.5120645684
183.798162404
40.6331834519
184.199029692
41.7567389816
184.594007445
42.8825852725
184.98322826
44.01057644
185.366824731
45.1405665992
185.744929453
46.2724098655
186.117675022
47.4059603541
186.485194033
48.5410721801
186.847619082
49.6775994589
187.205082763
50.8153963057
187.557717672
51.9543168356
187.905656404
53.094215164
188.249031555
54.2349454061
188.587975719
55.3763616772
188.922621493
56.5183180924
189.25310147
57.660668767
189.579548247
58.8032678162
189.902094419
59.9459693553
190.220872581
61.0886274996
190.536015328
62.2310963641
190.847655256
63.3732300643
191.15592496
64.5148827153
191.460957035
65.6559084324
191.762884076
66.7961613308
192.061838679
67.9354955257
192.357953439
69.0737651324
192.651360951
70.2108242661
192.942193811
71.3465270421
193.230584613
72.4807275756
193.516665954
73.6132799818
193.800570427
74.744038376
194.08243063
75.8728568734
194.362379156
76.9995895892
194.640548601
78.1240906387
194.917071561
79.2462141372
195.19208063
80.365814199
195.465708404
1.4156686174039947
-36.05032063789477
1.4999991065285627
-36.73823444529989
1.584258377990274
-37.364003986044025
1.6679578558416992
-37.929684096914535
1.7508498582244698
-38.43731972357746
1.832737452616385
-38.88895338712047
1.9134472923929522
-39.28662625094402
1.992822825977271
-39.632378387335955
2.070722033184083
-39.92824886616632
2.1470165197262645
-40.176275790948175
2.2215911055118767
-40.378496314506755
2.2943436187265007
-40.536946647267456
2.365184784863146
-40.65366206171474
2.434038163210971
-40.73067689478668
2.500840108652781
-40.770024549175034
2.5655397477464845
-40.77373749476358
2.628098963129503
-40.743847268738676
2.6884923830954364
-40.68238447619542
2.7467073744173547
-40.59137879051509
2.8027440372794103
-40.47285895335771
2.85661520167929
-40.32885277509477
2.908346424779637
-40.161387134401686
2.9579759890505386
-39.972487978715094
3.0055549009579607
-39.76418032446336
3.051146890033422
-39.53848825627525
3.094828408478037
-39.29743492785669
3.136688631057126
-39.04304256124227
3.1768294555572822
-38.77733244730272
3.2153655037433424
-38.502324945101485
3.252424123190181
-38.22003948196777
3.2881453902768953
-37.932494552846855
3.32268211516714
-37.6417077202458
3.3561998499104533
-37.34969561284251
3.388876902251795
-37.058473924188775
3.420904359987844
-36.77005741028394
3.4524861362950787
-36.486459884095645
3.4838390607498013
-36.209694206685946
3.5151930794659165
-35.94177226481759
3.546791755865712
-35.68470491790099
3.5788937728739256
-35.44050183604523
3.611778942205831
-35.21117085593979
3.6457902688600825
-34.99871346485923
3.680763783055596
-34.80518600156641
1.4156686174039947
-36.05032063789477
3.6379671627043138
-34.492152786264256
3.5617751273938154
-34.37658067885125
3.488788995124196
-34.28787253974482
3.4190477072207557
-34.228056513173435
3.352584312579012
-34.19916103106284
3.289405739169581
-34.20307168191352
3.2293033295796363
-34.23952530767595
3.1719179917575673
-34.3066046132367
3.116901243939651
-34.40234860441638
3.063919282508948
-34.52479504960365
3.0126529373291078
-34.67198048559567
2.962797650505962
-34.841940219184686
2.914063468779659
-35.03270832880434
2.866175045963246
-35.242317664790605
2.8188716561682554
-35.46879984863158
2.7719072230653126
-35.71018527155008
2.7250503784159434
-35.96450309084597
2.678084582293195
-36.22978122274297
2.6308083899794497
-36.50404632627055
2.583036121194368
-36.78532376240186
2.534599869602175
-37.071637471370096
2.4853575427985675
-37.36100948292651
2.435249144636316
-37.65145648486739
2.383541025137049
-37.94103589763044
3.717365055287047
-34.63255619819535
2.4206801476960607
-38.49737776561538
2.5115084149060465
-38.75999560097728
2.6028002634956238
-39.013622266212856
2.6943507755511007
-39.256284314960425
2.7859521384974073
-39.48600883933058
2.877384939972842
-39.700823999864014
2.9684159975183775
-39.898759158098905
3.0587976427166836
-40.07784491902971
3.14826744511808
-40.236113148156925
3.236548100664777
-40.37159697640426
3.3233473958804893
-40.48233080135396
3.408358217838156
-40.56635028445214
3.4912586045290084
-40.62169234444101
3.5717118462040958
-40.64639514552389
3.6493666675999066
-40.638498077636314
3.723857555801146
-40.59604171986454
3.794805376000056
-40.517067773665865
3.861818608313456
-40.399618927634904
3.9244960736265853
-40.24173856049055
3.9824337527996363
-40.04146999747855
4.035245249502964
-39.79685427994472
4.082643648159319
-39.50592124194203
4.125014531882357
-39.16662704795653
4.155693756340554
-38.77769596617548
2.3305784540134766
-38.22773902804348
4.694745903921728
-37.75435964202265
5.18938384964116
-37.118380340105475
5.659045606528764
-36.427279585304206
6.100718733994256
-35.6795217374631
6.5120451129124035
-34.87343673705441
9.49649375864692
-33.39872648327491
11.621608080964563
-32.71997173020001
13.75687576606623
-31.88113381875946
15.880484312755016
-30.878285936964993
17.969416773679143
-29.71125014580247
20.000289421117998
-28.38391705674436
21.95027978464293
-26.90434057524035
23.79807244222718
-25.28458171390496
25.524742771384695
-23.54030226796744
27.11450283768795
-21.690137396467577
28.555248478579585
-19.75490087900236
29.838869852637742
-17.756693676751215
30.961314998298405
-15.717992810431372
31.92242244172951
-13.660793163809757
32.72556040182525
-11.605861484573817
33.377123971359026
-9.572142906014204
33.88594698755685
-7.576339562685621
34.262683002348695
-5.632661705907167
34.519201804050795
-3.75273649805625
34.668036754821
-1.9456495005544279
23.723083804839348
25.354952557660162
25.302300631536184
23.779232686611063
26.817314879861385
22.056517110527494
28.246933838551115
20.193292280684286
29.57060871566489
18.19992924705125
30.769325756235105
16.090584728943664
31.826474823633248
13.882860825970507
32.728618977871236
11.597233472425978
33.46609445858695
9.256286842009933
34.03338693499768
6.88381421490708
34.42925442861468
4.503860999447474
34.6565956678121
2.1397899734358887
34.722089806478266
-0.18655798960636494
34.63565498512179
-2.4555504808975814
34.40978623760458
-4.650261873807636
34.0588368776298
-6.7567710450802
33.59830275009233
-8.764267038706967
33.04415791626582
-10.664987201938656
32.41227629918245
-12.45402222248243
31.717959217740486
-14.129026416366399
-6.010755080924717
35.573874670697066
-6.051950753186972
36.26601926723999
-6.079879447273456
36.89737885692277
-6.095518914581859
37.469857893693764
-6.099610996133713
37.98539995157965
-6.092844488262173
38.445956826405975
-6.075881266345931
38.8534841219964
-6.049362815793771
39.20994014656469
-6.013912409120287
39.5172855446651
-5.970135976986732
39.77748315052665
-5.918622504147891
39.99249792064759
-5.8599442276257605
40.164296900515865
-5.794656743543612
40.29484920666046
-5.723299068271828
40.3861260162193
-5.646393675207932
40.4401005605218
-5.564446517951438
40.458748121678326
-5.477947045270312
40.44404602954236
-5.387368211225478
40.39797366019828
-5.293166482146546
40.322512434877936
-5.195781841515014
40.219645818924654
-5.095637793524261
40.09135932148399
-4.993141365564583
39.93964049456227
-4.888683110115608
39.76647893309122
-4.782637106066176
39.57386627487959
-4.675360959466545
39.363796199639104
-4.56719580408344
39.13826442975055
-4.45846630135452
38.89926872949313
-4.349480640033562
38.64880890561294
-4.24053053511966
38.388886806857556
-4.131891226061725
38.12150632437759
-4.023821473675653
37.848673391636424
-3.916563555214182
37.572395985273936
-3.8103432560973403
37.29468412523833
-3.70536985602358
37.017549876070014
-3.6018361044480116
36.74300734903394
-3.499918174765952
36.47307270514522
-3.399775572721694
36.20976416333806
-3.3015509344745624
35.95510201560028
-3.2053695219103986
35.71110866776948
-3.111337708183356
35.47980875915909
-3.0195369201031212
35.26322964476849
-2.929981234091514
35.06340476360559
-2.843192269114809
34.88232796100763
-6.010755080924717
35.573874670697066
-1.758542126757419
34.266341879731776
-0.7670572852551913
33.83774345270201
0.217688318787026
33.43755390619346
1.198064791812385
33.06699386865976
2.176682138071783
32.72721240955408
3.156370538584355
32.41915020952182
4.139915597839575
32.14166282544153
5.129824132411727
31.892078323209397
6.128374243462133
31.667754981971882
7.137617922937778
31.466121909948264
8.159381006891323
31.284679040261224
9.195263151418743
31.120997126349756
10.246637821054833
30.972717738665374
11.314652284857004
30.837553259876337
12.400227619016988
30.713286877494127
13.504058717671143
30.597772571998973
14.62661431702682
30.488935094689126
15.768137046875069
30.38476992413078
16.92864354629586
30.28334317050409
18.107924754742214
30.182791336418195
19.30554678705718
30.081320599695875
20.520854435952884
29.97720394576488
21.752995690441338
29.868761092348596
23.0005909384997
29.75462933352118
-2.75885126489743
34.72206058795478
24.477091411667658
29.813514900710523
24.687888574219613
29.988016901444684
24.893571803809493
30.15515884198473
25.0928408844739
30.313442331658184
25.28439278275752
30.461371518001673
25.466917854922258
30.59745619139103
25.63909890150572
30.720212559748216
25.799610854539367
30.828163503507966
25.947120657113487
30.91983867507396
26.080287213212443
30.993774538273193
26.19776137097992
31.048514382029587
26.298185924977503
31.08260831749146
26.380195634961552
31.094613260930853
26.442417265111317
31.083092898789516
26.483469655957578
31.046617625109164
26.50196385359169
30.983764427364815
26.496503354044364
30.893116672860906
26.465684594165623
30.77326367804723
26.4080980350368
30.622799759197505
26.32233087328035
30.44032185581482
26.206975179574556
30.22442239796364
26.06066045800327
29.97366076957838
25.88228157539953
29.68636354302585
25.667944387521516
29.363301449688464
24.262504274982945
29.633132021994324
24.97024145845802
28.736238934192215
24.489301909618064
28.424952490952755
23.974089848337883
28.06599960385726
23.423883484815065
27.657394148137215
22.838345192023326
27.196829551201382
22.838345192023326
27.196829551201382
-1.1156077085019405
-35.30377600533114
-3.7563540194679135
-35.121090320123756
-6.510744646460999
-34.71615452411806
-9.344988856626394
-34.06277093930252
-12.217692474090633
-33.14104964243608
-15.081438727432527
-31.939808808203
-17.88525102603965
-30.458479550519446
-20.577731137142045
-28.70815497452524
-23.110503462046847
-26.71152954296298
-25.441499687462183
-24.50165860603574
-27.53762485908062
-22.119683494896766
-29.376459391210748
-19.611853926398922
-30.946838555456655
-17.026284510026397
-32.248355703341794
-14.409883248125432
-33.290002536444874
-11.805799927042518
-34.08825438367703
-9.251599530221087
-34.66492427273055
-6.778215543911207
-35.045063399957584
-4.409615866129043
-35.255105285555025
-2.1630377015423026
-35.321363490815806
-0.049617975855197116
-8.335018176482954
34.323878755052746
-10.882107332185335
33.603287351160475
-13.494825047109778
32.64185775567563
-16.134724535035467
31.420882307350755
-18.757211451955314
29.929386885475953
-21.313583583758835
28.16615585435807
-23.753832041406234
26.141091104667492
-26.029927910009274
23.875594941144048
-28.099180815494403
21.401804089655958
-29.927199199421963
18.760701715873548
-31.49003294357161
15.99934392425633
-32.77522827097183
13.167596309864297
-33.78172945195359
10.314840572150157
-34.51876242662038
7.487070276710682
-35.00398049635379
4.724672497088765
-35.26121557876677
2.0610329210371745
-35.31816318286458
-0.4780483055214937
-35.20425899773083
-2.8742528097839575
-34.94891071933419
-5.116133337381967
0.5691579926947838
-34.551980582779976
0.56567818925501
-34.180164040666824
0.5633555324703536
-33.8805233601189
0.5621515495029996
-33.650275536672694
0.5620328909558054
-33.486637482639765
0.5629670653790981
-33.38682609713919
0.5649213778544038
-33.34805828329044
0.5678625826797656
-33.36755095409276
0.5717567532120427
-33.44252103443722
0.5765692349783933
-33.57018546164315
0.5822646400659153
-33.74776118600161
0.588806871010263
-33.972465169708556
0.5961591769606116
-34.24151438632401
0.6042842578837906
-34.552125818663114
0.613144453633538
-34.90151645534607
0.6227020995709154
-35.28690328401663
0.6329202410162225
-35.70550327912733
0.643764207390376
-36.15453337236744
0.6552055495286595
-36.63121038155225
0.6672338532451079
-37.132750795263235
0.6799039952221619
-37.65636991198326
0.6936669363943508
-38.19927581580728
0.7049510786722522
-38.75874985240702
0.5738684249906214
-34.99875541756856
0.9491104185654251
-39.896377533170806
1.1893657753178672
-40.4683627957923
1.4366143921309913
-41.04513592905195
1.6907262189301946
-41.62391360583297
1.9515807641166703
-42.2019167053526
2.219015814860086
-42.77637124741807
2.4928146209975353
-43.34450862428133
2.772701627953097
-43.903565678043066
3.058340776342277
-44.45078473014928
3.349334737825302
-44.98341359329382
3.645224545414976
-45.49870557599925
3.9454894123595636
-45.99391948144432
4.249546655992333
-46.46631960281391
4.5567516954012035
-46.913175714023595
4.866398122024634
-47.331763051182975
5.177717872774963
-47.71936228171995
5.489881585788623
-48.07325944426066
5.8019993373384295
-48.39074582882688
6.113122282833444
-48.66911771353085
6.422246775562996
-48.90567570473016
6.728326737886391
-49.09772275832091
7.030323161271497
-49.24255626375154
7.327550627911194
-49.33741263229982
7.615036453495179
-49.38033979314224
0.7163469107252638
-39.3319611371559
7.8526436397346515
-49.34125698394345
7.803788050824323
-49.26375981327675
7.748080974479592
-49.14081202890924
7.685876288705458
-48.97476767242844
7.617596225051386
-48.76796979336618
7.543677741837939
-48.522759024620825
7.46455911965171
-48.24147572577664
7.380675496057449
-47.92646069730415
7.292457083284489
-47.58005546576348
7.200328363237986
-47.20460241246542
7.104707692393845
-46.80244483705931
7.006007099760723
-46.375926989946606
6.9046321878306
-45.927394088698236
6.800982099152748
-45.4591923242657
6.695449538757089
-44.973668858467676
6.588420865247315
-44.473171811857895
6.4802762960588325
-43.96005023474402
6.371390344813221
-43.43665404594773
6.262132804190742
-42.90533389367437
6.152871220581744
-42.36844080529954
6.043978333982466
-41.828325134687304
5.9358618540289285
-41.28733234771909
5.8291729162109505
-40.74777351969618
5.721985127511573
-40.212324588071084
7.894737616722352
-49.370878478141066
5.679935033332299
-39.1319193549694
5.741851796166372
-38.5924055740191
5.802282400223248
-38.06692794294264
5.861668100786176
-37.55781892828796
5.920528605311745
-37.067398304698514
5.979429864642782
-36.59797771338947
6.0389760261207925
-36.15186180019788
6.09980675800216
-35.73134859330429
6.162596187931683
-35.33872965239701
6.228052431996105
-34.97629013368106
6.296917375165549
-34.646308818706245
6.369966575605133
-34.35105812438121
6.448009243116758
-34.09280410068459
6.5318882769227
-33.873806417884026
6.622480369736877
-33.69631833850718
6.720696210137021
-33.56258666805118
6.827480856155262
-33.47485166479558
6.943814443356587
-33.4353468709632
7.070713611679082
-33.44629877353992
7.209234652775876
-33.50992605596983
7.360481385883077
-33.628437728107684
7.52562879158404
-33.80402751331289
7.706017554161804
-34.03885139803725
7.903815866527452
-34.334870472673884
-1.9512749681978505
-35.47437639197972
14.034939917643442
-32.757540244296294
15.956118980871054
-31.86594182535393
17.84539077391935
-30.847658087360003
19.687119368857566
-29.706115739101705
21.466155272022945
-28.44714676704774
23.16830613104264
-27.07887686679129
24.7807729623334
-25.61150664716618
26.29252394336561
-24.05699827568057
27.694583056753117
-22.42868811725637
28.980218431945957
-20.740851500969114
30.145024046116987
-19.008248383467162
31.186897320708624
-17.245678208065016
32.105922975691726
-15.467569014796794
32.90417944886275
-13.687620543600389
33.585487805481705
-11.918514597733775
34.15512430474638
-10.171699222640996
34.619516936465345
-8.457247095500009
34.98594379458859
-6.783783468717161
31.003044027160797
17.574050255945053
31.958100279956398
15.770726294144026
32.82475073305699
13.877021318036043
33.59114682291505
11.902555879722485
34.24671962405586
9.858913547641038
34.782576550882936
7.759403961034764
35.19184311317525
5.618732921772676
35.46992478953155
3.452595657404572
35.614669713697765
1.2772167133160224
35.626420810035256
-0.8911350149341501
35.50795525806274
-3.0366255514912552
35.264318483705324
-5.144300071764263
34.90256805423002
-7.200466968773441
34.43144892403552
-9.193003118681446
33.86102486927922
-11.111569472878642
33.20229155038129
-12.947734054730603
32.46679475973622
-14.695006613735103
31.666273653207213
-16.348794887353222
30.812343878542777
-17.906296268602887
29.916230248151805
-19.366340622020516
5.616394801425429
-39.683092213741645
32.27847326221763
23.756932926413384
0.4840263447102586
34.46457286437624
0.9809833402340757
34.002644012550604
1.4701626241519534
33.6143048479953
1.9545749443465752
33.296224675617566
2.4370734905967026
33.045102468486874
2.92034962649376
32.857666863595995
3.4069318266088544
32.730676158994754
3.899185327669386
32.66091831105189
4.399311996307091
32.64521093043922
4.909350279063233
32.680401276340945
5.431175192147549
32.7633662486252
5.966498337920228
32.89101237446752
6.516867949285199
33.06027578842611
7.083668974027944
33.26812219828386
7.668123229031465
33.511546825674344
8.271289690958469
33.78757429559698
8.894065080955755
34.09325841686913
9.537185152614398
34.42568169666217
10.20122791418396
34.78195412969623
10.886623296111736
35.15920956406444
11.593691822492332
35.55459116534891
12.322915313013453
35.96514966760938
13.071316225431815
36.38920427751356
-0.023846768122496087
35.003451788068475
14.62402504245344
36.99355919614686
15.42786675526827
37.16015867577465
16.25115523094803
37.32040728285324
17.09289608091933
37.47168532950212
17.951992340033826
37.61145614231529
18.827202501170575
37.737281836005224
19.71713002492237
37.84682725440538
20.62021984498938
37.937861283201954
21.534756972407934
38.008257372410554
22.458865864016957
38.055993770818134
23.39051011107017
38.079153639606034
24.32749227707069
38.075925106940105
25.267453814113594
38.044601290543056
26.207875026851752
37.983580297445684
27.146075072411918
37.89136519933578
28.079212001786175
37.76656397639644
29.004282863492847
37.607889400813406
29.918123931865125
37.4141587969215
30.817411225528133
37.18429350814728
31.698661815891228
36.91731755857154
32.55823776498488
36.612353634239156
33.3923618882348
36.268607003439655
34.197228111156676
35.885252952826505
34.96760103017982
35.463048516681084
13.840815673815825
36.82320112747806
35.85881697435269
34.76342800640012
35.980689360238614
34.491000416424754
36.068683238204244
34.187645828903726
36.12399290814409
33.855617899011094
36.14787135749367
33.49710502127539
36.14161318176593
33.114247750473
36.10655031461806
32.70914315651365
36.04405060488375
32.283846275834975
35.95551724781859
31.840370691433833
35.84238852700611
31.380688795485497
35.706137686479394
30.90673191953752
35.54827286309114
30.42039040240357
35.370337050316664
29.9235136259679
35.17390808026863
29.417910031642748
34.9605986184942
28.905347121990957
34.73205617193253
28.387551446926665
34.48996311487133
27.86620856571335
34.23603675031205
27.342962962721458
33.972029450981836
26.81941785441103
33.699729017941934
26.297134701136002
33.420959762134544
25.777631737405585
33.137586835368836
25.26237808644467
32.85154655737267
24.752752555259747
32.56443506213043
24.250602538858175
35.70205002479145
35.002487736838816
31.905535965741365
23.36393447957917
31.54021598248977
22.979521854113614
31.184436230495123
22.605091560596662
30.84017205330514
22.241967658258716
30.509418413742424
21.891446328121788
30.194185208191755
21.55480224001718
29.896496095575287
21.23329014315766
29.61838810778238
20.928145395066338
29.361911494970514
20.64058417165208
29.129129656537373
20.37180356060955
28.922119108479762
20.122981605394216
28.74296946819345
19.89527732492516
28.593783449297575
19.689830719125098
28.476676864523313
19.507762764074045
28.393778635439617
19.35017539498449
28.347230813905867
19.218151473261486
28.33918862131054
19.112754724609914
28.37182052379211
19.03502962205056
28.447308383922802
18.986001150324057
28.567847794455872
18.966674286008327
28.73564891463775
18.978032698220375
28.952938977729787
19.02103484957877
29.22197232266234
19.096598401851708
29.545100610066356
19.205491054904826
-4.6345982922142355
-35.224414162213805
-4.6345982922142355
-35.224414162213805
-7.44104699092469
-34.7400298514583
-10.334669290540944
-33.99166758275493
-13.270580077063784
-32.95649494135566
-16.196630441403926
-31.62132218529058
-19.056193397170063
-29.98500204453913
-21.791845841083727
-28.05983444783317
-24.349500585924574
-25.87161911472535
-26.682395334410188
-23.458231681429226
-28.754336617283258
-20.866887168462057
-30.54173840889291
-18.150511545521738
-32.03424437121433
-15.363789961031273
-33.23399984584296
-12.559462912396839
-34.15386411981589
-9.785316555253331
-34.81497495891668
-7.082116421760389
-35.24408846203204
-4.482530856762111
-35.471044651118575
-2.010931565149974
-35.52659446030958
0.31613360160505977
-35.44070528878396
2.489028532364358
-2.5567435959409863
35.43588458873262
-5.235407382641853
35.14013892885373
-8.033175649053845
34.607902903712784
-10.91359717317576
33.81023885072409
-13.831403503747026
32.7250841330912
-16.73422810978235
31.340141415940252
-19.565432670671754
29.65523054725378
-22.267812486583324
27.683630207466052
-24.78772880700103
25.45205993612177
-27.079072909222987
22.9991883504255
-29.106462835014582
20.372841619059386
-30.847219750546316
17.626340745114078
-32.29192262007268
14.814539746499094
-33.443617058239425
11.990134797540833
-34.31597646370204
9.200685504026922
-34.93083162412674
6.486590510296594
-35.315492575219906
3.880056516463526
-35.50021115440461
1.404942131921615
-35.51601637996214
-0.922732301170555
-35.39303582600928
-3.093843793760044
10.159010648639367
-34.15890050908234
21.73708540227542
-29.251482802937446
21.9404264520287
-29.72466812414109
22.12353924385208
-30.175798048288584
22.287028978230875
-30.605217492915457
22.431494122032092
-31.013275831713315
22.557526436185647
-31.400326873855178
22.6657109819669
-31.766728858823612
22.756626122941196
-32.11284445534852
22.830843525081708
-32.43904076095161
22.8889281562359
-32.74568930183952
22.93143828578588
-33.03316603375552
22.958925483546732
-33.30185134225505
22.971934618487097
-33.55213004320723
22.971003857509388
-33.78439138395706
22.9566646634744
-33.99902904412312
22.929441792916226
-34.19644113692161
22.88985329331673
-34.37703021120821
22.838410498889324
-34.54120325323407
22.775618025633836
-34.689371690092884
22.70197376392377
-34.82195139356392
22.61796886852519
-34.93936268625407
22.524087743952407
-35.0420303502173
22.420808022240347
-35.1303836391714
22.30860052967552
-35.20485629874122
22.187929232655726
-35.26588659709358
22.059251148523735
-35.31391737729757
21.92301618902782
-35.349396147774286
21.779666870415788
-35.37277525112319
21.629637733215233
-35.384512200627086
21.473354066733734
-35.38507042158511
21.311228719654206
-35.37492110288997
21.14365253340826
-35.35454875349441
20.970956074930033
-35.32447342581929
20.793141769224313
-35.28540628266933
20.61348327783304
-35.23615923042277
21.51290396385593
-28.755901770487412
20.06047367991809
-35.163543432999035
19.688664569460002
-35.14116390224521
19.315638074020402
-35.111583761006585
18.941929219223304
-35.07523433286295
18.56799836042825
-35.03258742160676
18.19427173473456
-34.984131759560455
17.82115159887205
-34.93036712058796
17.44901960766529
-34.871802357395524
17.078238165007992
-34.80895461696164
16.70915103712205
-34.74234898377247
16.34208365863384
-34.67251830207206
15.977343296448613
-34.60000308036794
15.615219142004086
-34.52535143659702
15.255982365656592
-34.449119066582085
14.89988614851335
-34.371869224177544
14.547165700566268
-34.294172709105794
14.198038269556719
-34.216607860186684
13.852703142148645
-34.13976055185216
13.51134163767339
-34.064224193456766
13.174117093181522
-33.990599731819884
12.841174836269346
-33.919495657974124
12.512642137953684
-33.85152801867855
12.188628132167977
-33.7873204384496
11.869223672419771
-33.727504158102846
11.554501064287294
-33.672718108266395
11.244513528816576
-33.62360905677127
10.939294020490344
-33.58083193286541
10.638852271718498
-33.54505064059623
10.343165924161013
-33.51694049672068
10.052145053703093
-33.497197986139724
9.765383842420256
-33.486609048474975
9.48551597565023
-33.4851263916176
20.430171839842096
-35.178496369289945
9.247473344731375
-33.3916306694274
9.287161855683493
-33.30173415071613
9.330073366146117
-33.22480529996588
9.376525293557435
-33.16140029761843
9.426786466545998
-33.112088555981444
9.48111489115545
-33.07744233330226
9.539767194824329
-33.05803413736757
9.603001776764152
-33.05443585856867
9.671080071241725
-33.06721842235012
9.744267125558729
-33.09695163002675
9.822831893631225
-33.14420407728258
9.907047400228173
-33.20954310881024
9.997190842499016
-33.29353478915141
10.093543661628175
-33.39674388237637
10.196391601821176
-33.51973383365504
10.306024769104937
-33.66306675123769
10.422737700091119
-33.82730338423818
10.546829453381235
-34.013003092229184
10.67860374277602
-34.22072380126113
10.818369144217556
-34.45102193480537
10.966439435866747
-34.70445229929945
11.12313418997843
-34.98156788607298
11.288779868885413
-35.28291950351135
11.463712014536398
-35.60905504236794
11.648280063099293
-35.96051785957397
11.842859379704876
-36.33784273944997
12.047887360101114
-36.74154377650652
12.264007835151915
-37.17206590859689
12.493081898200202
-37.629445649538184
19.292360653731116
-29.61388124813324
20.91965586469327
-34.313426934576
23.65381580984038
-32.4890791978755
26.319631390262444
-30.369726257778353
28.863738848759525
-27.962972824116747
31.23343232047074
-25.288653087387928
33.38023901153501
-22.378626254184553
35.26335531646191
-19.275348020636073
36.852459045077
-16.02933348029802
38.12950409600238
-12.6958334458443
39.08928611582151
-9.331183228675997
39.73878948421286
-5.989313802189258
40.09552570125145
-2.718839500957273
40.18520295874791
0.4390132753343323
40.0391071126795
3.4515461913553054
39.691535551773555
6.294861001958395
39.17753634356586
8.953430378366534
38.53109865296557
11.4191814981248
37.78384322889532
13.690305341589067
-3.4096404578855726
40.04269747956087
-0.41411494403881477
40.18546725253802
2.734533590973683
40.09445841424372
6.001950761632756
39.736882823727086
9.344797596486131
39.08603366130143
12.712218255270471
38.12404459815417
16.048299837626658
36.844203639287855
19.295338849767347
35.25242074190567
22.397548878651904
33.367545215674454
25.304726025838136
31.220411756556814
27.97537430309883
28.85171922248651
30.378891634445765
26.309051912873684
32.49659966328589
23.64348281907317
34.321612733818
20.906223208449262
35.85772554084046
18.1457099207895
37.117615217453206
15.405385748522093
38.1206899473806
12.722274459677266
38.890885016647374
10.126318783921135
39.45463453161656
7.6403588572952685
39.839160317209334
5.28058469408208
9.21037747576922
-33.49402460024058
-12.494370161729478
32.412519979621464
-35.34167231576826
7.642908504895587
-35.39672358597525
8.405974541993828
-35.411760603187616
9.179819804167806
-35.388415470691626
9.963030733675737
-35.32829090471223
10.754237618011246
-35.23296017901322
11.552114875863765
-35.10396711115107
12.355381128245654
-34.942826058746675
13.162799222081475
-34.75102191805973
13.973176239277336
-34.530010123582024
14.785363500478951
-34.2812166489355
15.598256566914927
-34.00603800729008
16.410795240857567
-33.70584125214393
17.221963565485993
-33.38196397887448
18.030789824581944
-33.03571432601781
18.83634654160366
-32.668370977223304
19.637750478515585
-32.28118316408511
20.434162634391384
-31.875370668969015
21.224788242989604
-31.452123829848833
22.00887677006986
-31.01260354610063
22.78572190914616
-30.557941287333946
23.554661575916867
-30.089239105899658
24.315077900037437
-29.60756965497803
25.06639721241467
-29.11397621764797
25.80809002664401
-28.609472751807697
26.53967100826125
-28.095043966071266
27.26069892458156
-27.571645451509223
27.970776556256624
-27.040203926896986
28.66955053387497
-26.5016177281764
29.356711010526595
-25.95675788592917
30.031990942538215
-25.406470817551163
30.69516429023369
-24.851586404868772
31.34604062207731
-24.292950302461005
31.984443529828837
-23.731650097469622
32.610059538544704
-23.165980906614863
33.22446530367634
-35.244945693601615
6.892077092363536
-22.26959597374038
33.82020756247451
-21.938823869741128
33.80614480213035
-21.6062736117113
33.78493409708855
-21.272332295472896
33.75708246761022
-20.9374201792931
33.723072572407716
-20.601956445563435
33.683385581672155
-20.266350642152943
33.63850689582014
-19.930999829688734
33.588928050979206
-19.5962874411925
33.53514748125016
-19.26258276412961
33.477670864600015
-18.930240682352828
33.41701129590416
-18.59960153793356
33.35368937973681
-18.270991052901103
33.28823328241583
-17.944720284083253
33.22117876363993
-17.621085596184862
33.153069194968225
-17.300368646598827
33.084455570898655
-16.98283637854311
33.0158965154433
-16.668741020589053
32.94795828477325
-16.35832009253935
32.88121476645651
-16.05179641917019
32.81624747537839
-15.749378155180047
32.753645545427986
-15.45125882724945
32.6940057132926
-15.15761740689679
32.63793229138207
-14.8686184391009
32.586037118181025
-14.584412282999526
32.538939466055325
-14.30513559424378
32.49726585562911
-14.030912386887103
32.46164964596906
-13.761856689999611
32.43273001149032
-13.498080517210873
32.41114886920968
-13.239725747236527
32.39753858995084
-12.987187288031734
32.39243597314231
-12.738098674348336
32.397444237756815
-22.598475659735044
33.82643087980148
-12.233317752625297
32.392782253295366
-11.97830188643929
32.38447638618956
-11.728925328752744
32.38839154843129
-11.485059452449214
32.40521142806256
-11.246606673723171
32.43560580690274
-11.01346651196031
32.48024364256574
-10.785527102490065
32.53979634015354
-10.562662364376536
32.614938842680544
-10.344730864131655
32.706350068033544
-10.131575294966872
32.814713108309945
-9.923022210972078
32.94071532999138
-9.718881877313173
33.08504842948702
-9.518948175500846
33.24840846567673
-9.322998534775117
33.43149588202152
-9.130793872502004
33.63501552209232
-8.942078532599346
33.85967664401247
-8.756580210681214
34.1061929351217
-8.57400985219602
34.37528252965086
-8.394061502660442
34.66766803391013
-8.216412073427804
34.98407656412607
-8.040720955346067
35.325239807260175
-7.866629346274124
35.69189412742131
-7.693759004697739
36.08478076165588
-7.52170975936032
36.504646210956935
-7.350054032425277
36.952243099216304
-7.178323149629904
37.428332321010174
-7.005966272502164
37.93368948277171
-6.832186130000537
38.469130667906484
-6.654789143933428
39.03569279069535
17.255666405475964
-30.845082575267938
17.255666405475964
-30.845082575267938
15.06997277045084
-31.969877429699977
12.747956955726739
-32.964628552845966
10.307090185414008
-33.807410934318995
7.769296093513667
-34.479199242202284
5.160263690684875
-34.96496562009992
2.508449457789766
-35.254571667939516
-0.15615347455100803
-35.343355220812796
-2.8033674127383783
-35.23234697435535
-5.4041752137818335
-34.92809803626467
-7.931934147486796
-34.442148058042235
-10.363357269865968
-33.79020521200317
-12.67919741361315
-32.99113661453322
-14.864610408176556
-32.0658774959504
-16.909212734524
-31.03636039987262
-18.806878479834335
-29.92454617896341
-20.555338226526143
-28.75161234722816
-22.155648416814653
-27.537327128874864
-23.61159596786788
-26.299613647776937
-35.05358106531544
4.519247356532844
-35.2782482284741
2.1499637444230473
-35.34236393263764
-0.3073334104252865
-35.23014058176129
-2.8309603956089404
-34.929414694181105
-5.395658559814109
-34.43256820345445
-7.97341765409459
-33.737219022151294
-10.53457141147959
-32.84659121484671
-13.04908378917554
-31.769509106070334
-15.487912491084245
-30.520005295952362
-17.824320994282203
-29.116581225886282
-20.035015345353145
-27.581200972318822
-22.10100665347008
-25.938126424866677
-24.008139031166124
-24.212710847766278
-25.74726734188758
-22.430258537291696
-27.314110714471795
-20.615035208288777
-28.70883950167932
-18.789483283510787
-29.935471603280916
-16.97366493646795
-31.001158700872594
-15.184928653649923
-31.915436452533925
-13.437775191842338
-32.68949892650048
15.444223600696304
-37.10147203095016
3.5856862005821255
3.604650848150669
3.6216058815497516
3.6366999937020346
3.650065217385183
3.6618195028579197
3.6720688362341436
3.680908999520963
3.6884270455200006
3.694702543836006
3.699808641781276
3.703812974721017
3.706778453221848
3.708763948892718
3.709824896537449
3.7100138268962253
3.7093808415286835
3.7079740393421528
3.70583990248277
3.703023647911379
3.6995695498426415
3.6955212371931583
3.690921969421213
3.6858148933451202
3.6802432828905647
3.674250763224391
3.667881520048173
3.661180494479699
3.654193563341444
3.6469677043267117
3.639551144988401
3.631993494140656
3.624345853771538
3.616660909270476
3.608992995358949
3.6013981348003896
3.5939340468004417
3.586660121686297
3.57963735856021
3.572928262479074
3.566596697952434
3.560707694492099
3.555327242537741
3.5856862005821255
3.5462633366144387
3.542714501167961
3.5399416337023006
3.538009974481164
3.536983227510992
3.5369188046126303
3.537808688794877
3.539593959658674
3.542212389336142
3.5456002165632463
3.54969265051798
3.5544243386098833
3.559729792956137
3.5655437717564893
3.57180161335262
3.578439522115551
3.5853948064270154
3.592606070023221
3.6000133586982495
3.607558264933286
3.615183993434646
3.622835390974787
3.6304589457901293
3.638002701131214
3.5505218858190783
3.652563121254506
3.659483565939901
3.666131392658603
3.672461385019091
3.678429261759861
3.68399150547532
3.6891051768712253
3.6937277149386163
3.6978167229157
3.701329739241022
3.7042239923557263
3.7064561375395852
3.707981973423083
3.7087561351334024
3.7087317602787415
3.707860123009317
3.7060902304201164
3.7033683741671943
3.699637628659651
3.694837285130659
3.688902208222051
3.68176209695348
3.6733406114642544
3.6635549054667313
3.6454163639612163
3.6387732228579006
3.62379089323214
3.6072417195346396
3.5889854894696698
3.5688630641462424
3.547390512027853
3.547390512027853
3.547390512027853
3.5473905120278526
3.547390512027853
3.5473905120278526
3.547390512027853
3.5473905120278535
3.5473905120278526
3.547390512027853
3.5473905120278535
3.5473905120278535
3.5473905120278535
3.547390512027852
3.547390512027852
3.5473905120278526
3.547390512027853
3.547390512027852
3.547390512027852
3.5473905120278526
3.547390512027853
3.547390512027853
3.547390512027852
3.5473905120278526
3.5473905120278526
3.5473905120278526
3.5473905120278526
3.547390512027854
3.547390512027854
3.5473905120278526
3.5473905120278526
3.547390512027853
3.5473905120278526
3.5473905120278526
3.5473905120278535
3.5473905120278535
3.547390512027852
3.5473905120278526
3.547390512027854
3.5473905120278526
3.585686200582126
3.6046147485374687
3.621535387920567
3.636596816409269
3.6499310687443076
3.661656096626435
3.671877887414454
3.68069222424416
3.688186160956604
3.694439268117473
3.6995246939263895
3.703510074564709
3.7064583213453117
3.7084283065542554
3.709475465603739
3.709652329773854
3.709009001095824
3.707593578880351
3.705452545608782
3.7026311185090512
3.69917357199481
3.695123535113563
3.690524267386421
3.6854189156264536
3.6798507536860345
3.673863406590632
3.6675010598323867
3.6608086542515923
3.653832066325175
3.6466182733328196
3.6392155023457264
3.6316733616282164
3.6240429525503215
3.6163769598150886
3.6087297173889614
3.601157247211104
3.593717267592444
3.5864691678922784
3.5794739461648764
3.5727941063182054
3.5664935115283383
3.560637189203452
3.5552911383547827
3.585686200582126
3.5354787164123502
3.5218337184141384
3.509700828320043
3.499191548973868
3.4904138183931046
3.483466592244213
3.4783800387920736
3.4751294120452374
3.4736820336363636
3.4739985130751996
3.4760327788916796
3.4797321735788946
3.4850376223887363
3.4918838830540277
3.5001998798567677
3.509909121183573
3.5209301951936895
3.5331773339938946
3.5465610329679538
3.5609887090020322
3.576365379277614
3.592594340073118
3.6095778096425923
3.6272180261828137
3.5505218858190783
3.6525852617547008
3.6595260083298498
3.6661922948402084
3.6725389036961436
3.678521552873777
3.6840967243753524
3.689221478418291
3.6938532535871342
3.6979496527869204
3.7014682141929054
3.7043661660517246
3.7066001635177597
3.7081260051668012
3.708898326145168
3.7088702641595455
3.7079930935478003
3.7062158216998715
3.7034847407101257
3.69974292564808
3.6949296688248725
3.688979836959472
3.6818231344472347
3.6733832457871882
3.663577044020811
3.6454163639612163
3.6394125935457464
3.6248575840479282
3.6085225998379986
3.5902670875811484
3.5699322783907084
3.5699322783907084
3.56448896559274
3.56448896559274
3.56448896559274
3.56448896559274
3.56448896559274
3.56448896559274
3.56448896559274
3.56448896559274
3.56448896559274
3.56448896559274
3.56448896559274
3.5644889655927394
3.56448896559274
3.56448896559274
3.56448896559274
3.56448896559274
3.56448896559274
3.56448896559274
3.56448896559274
3.56448896559274
3.5644889655927394
3.56448896559274
3.5644889655927394
3.56448896559274
3.56448896559274
3.56448896559274
3.56448896559274
3.5644889655927394
3.5644889655927394
3.56448896559274
3.56448896559274
3.5644889655927394
3.56448896559274
3.56448896559274
3.56448896559274
3.56448896559274
3.56448896559274
3.56448896559274
3.56448896559274
3.5426005271467176
3.5317824077844238
3.5229785384002765
3.516160765177048
3.5112873062105936
3.5083035364554127
3.5071430121700105
3.5077286915543513
3.5099743023828
3.513785804829266
3.519062898165431
3.5257005231324525
3.5335903172793954
3.5426219873354263
3.5526845704990655
3.563667564436573
3.5754619134714565
3.5879608452455707
3.601060558238341
3.614660765185636
3.628665101197671
3.6429814081819227
3.657521910526764
3.555446911206477
3.6865684185903724
3.700952203369608
3.7152844921503627
3.729499124540482
3.7435337465518352
3.757329566930996
3.770831086334237
3.7839858097256514
3.7967439475930447
3.809058109916657
3.8208829956585375
3.8321750795301557
3.8428922970334867
3.8529937279813735
3.862439277988569
3.8711893568970956
3.879204552353869
3.886445296256565
3.8928715210994826
3.8984423024563655
3.9031154826969376
3.906847267588058
3.909591760737293
3.9113038361263937
3.672203275205125
3.911267164998797
3.909580476962129
3.9069679710836898
3.903470385997665
3.8991266399317492
3.893974173137753
3.888049266604218
3.8813873412066218
3.874023241081764
3.86599150447
3.8573266247770412
3.8480633041089987
3.8382367011333254
3.8278826746865042
3.8170380241451616
3.8057407271903
3.794030175134981
3.7819474055814064
3.7695353316347275
3.756838966426808
3.7439056411628333
3.7307852145188596
3.7175302733166693
3.704196237036444
3.911985108740076
3.677363081692998
3.6640028156885953
3.650829399064102
3.6379146236887805
3.6253336095111606
3.613164702959469
3.6014893009445896
3.5903915939160322
3.5799582208158705
3.5702778297781483
3.561440540211586
3.553537304332657
3.546659169315164
3.5408964449307807
3.536337785671864
3.533069201000011
3.531173011906679
3.530726776561285
3.5318022117837033
3.5344641401984918
3.538769494831976
3.5447664125935527
3.5524934428388772
3.561978852413259
3.5703211458772985
3.573400255410907
3.573400255410908
3.573400255410907
3.573400255410907
3.573400255410907
3.573400255410907
3.5734002554109066
3.5734002554109066
3.5734002554109074
3.573400255410907
3.573400255410907
3.5734002554109066
3.5734002554109066
3.573400255410907
3.573400255410907
3.573400255410907
3.5734002554109074
3.5734002554109066
3.573400255410907
3.573400255410908
3.5734002554109066
3.5734002554109066
3.573400255410907
3.573400255410907
3.573400255410907
3.573400255410907
3.573400255410908
3.573400255410908
3.573400255410908
3.573400255410908
3.573400255410908
3.5734002554109074
3.573400255410908
3.5734002554109066
3.573400255410907
3.5734002554109066
3.5734002554109074
3.573400255410908
3.6908417541407745
3.690841754140775
3.540030532586118
3.5268542808090784
3.5159072307606927
3.5071640531346095
3.5005855256515703
3.4961193086807905
3.4937009600986917
3.4932551471866504
3.4946970066561187
3.4979336011241298
3.50286542079754
3.5093878822193645
3.5173927814048027
3.5267696654500296
3.537407094492013
3.5491937737773926
3.562019543237652
3.5757762186503994
3.5903582842272455
3.605663439782288
3.6215930020699925
3.6380520895300053
3.6549519454008927
3.5554469112064764
3.683344408383848
3.6947500009637153
3.7063557093186827
3.7181006629917595
3.729927348286971
3.741781348734959
3.7536110515790946
3.7653673379506736
3.7770032640067077
3.7884737376003
3.799735193599098
3.8107452698408384
3.8214624848825927
3.8318459178544
3.841854889960996
3.851448646596103
3.860586038236558
3.8692251977289023
3.8773232108376026
3.884835776042643
3.8917168482174542
3.897918256354832
3.9033892488753468
3.9080796828134603
3.672203275205125
3.910891863221017
3.908860850563628
3.9059351003779184
3.902155418940612
3.897560781272629
3.892188677047327
3.8860754301485807
3.879256498085706
3.8717667554611466
3.863640764846092
3.85491303785282
3.845618288671636
3.8357916819309863
3.825469076304132
3.814687264879843
3.803484212926278
3.791899293216046
3.7799735186722176
3.767749771546019
3.7552730278293356
3.7425905749306447
3.7297522195183994
3.716810477091096
3.7038208903883088
3.9119851087400757
3.677448739036405
3.6641673438276654
3.651065977673483
3.6382164193919095
3.625693779985335
3.6135763986577185
3.6019456662223726
3.5908857679609203
3.580483338499895
3.5708270224765357
3.562006936606456
3.5541140312108
3.5472393523653967
3.5414732095454093
3.5369042577575125
3.5336185078058633
3.5316982828844536
3.5312211442851282
3.5322588129908055
3.5348761170959753
3.5391299970693226
3.545068601225758
3.5527305022004514
3.56214405647497
3.5703211458772985
3.5703211458772985
3.5703211458772985
3.570321145877298
3.5703211458772985
3.570321145877298
3.5703211458772985
3.5703211458772985
3.5703211458772985
3.5703211458772985
3.5703211458772985
3.570321145877298
3.570321145877298
3.5703211458772977
3.570321145877298
3.5703211458772985
3.570321145877299
3.5703211458772985
3.5703211458772985
3.5703211458772985
3.5703211458772985
3.570321145877298
3.5703211458772985
3.570321145877298
3.5703211458772985
3.5703211458772985
3.5703211458772985
3.5703211458772985
3.5703211458772985
3.570321145877298
3.5703211458772985
3.5703211458772985
3.5703211458772985
3.570321145877298
3.5703211458772985
3.570321145877298
3.5703211458772985
3.570321145877298
3.570321145877298
3.5703211458772985
3.5734002554109074
3.5957711859034136
3.6094322188602774
3.6221243921619277
3.6338991218458006
3.6448036246685365
3.6548813837716896
3.664172553738619
3.672714314450285
3.680541181442423
3.6876852791929267
3.694176582710851
3.7000431318584046
3.705311222196924
3.7100055755494106
3.7141494929449643
3.7177649922664844
3.720872932566284
3.7234931266984876
3.725644443766947
3.7273449025895604
3.728611757298978
3.7294615759962007
3.729910313261273
3.7299733772826
3.7296656921560682
3.7290017559607427
3.7279956950336843
3.72666131489511
3.725012148136035
3.723061499591508
3.720822488920439
3.7183080904885677
3.7155311687301995
3.712504491500803
3.7092412319987598
3.581085140264992
3.7008894860818184
3.695875564754934
3.69072516464987
3.6854517146605072
3.6800687624743946
3.6745900093873014
3.669029337295445
3.663400832934896
3.6577188103871383
3.651997832028217
3.646252727948247
3.640498613743859
3.634750906555004
3.629025339257472
3.6233379725911425
3.6177052050748757
3.612143780526542
3.606670792961945
3.6013036886588794
3.5960602651723033
3.590958667075664
3.5860173781566758
3.5812552098909363
3.5766912859078146
3.5723450222643205
3.5682361032713583
3.5643844525957573
3.5608101992905996
3.5575336376137225
3.554575175915722
3.551955232173484
3.5496952901059706
3.70575352946577
3.545253689050122
3.5430581987829646
3.541248237079919
3.5398439015380054
3.5388649254291464
3.538330594740571
3.5382596646696403
3.5386702750357473
3.53957986519647
3.541005089224703
3.542961732198664
3.5454646285501794
3.5485275833681915
3.552163297654666
3.556383298412164
3.561197874530459
3.566616019289538
3.5726453802721228
3.5792922174154884
3.586561369781886
3.594456231522011
3.6029787374286424
3.6121293582549163
3.6219071058749015
3.6323095481465826
3.6433328331178383
3.654971721525485
3.667219623858519
3.680068613192262
3.5651201636342735
3.693558513776381
3.693558513776381
3.6935585137763804
3.693558513776381
3.693558513776381
3.6935585137763813
3.693558513776381
3.693558513776381
3.693558513776381
3.693558513776381
3.693558513776381
3.693558513776381
3.693558513776381
3.693558513776381
3.693558513776381
3.693558513776381
3.693558513776381
3.693558513776381
3.693558513776381
3.693558513776381
3.6935585137763813
3.693558513776381
3.693558513776381
3.6935585137763804
3.693558513776381
3.6935585137763813
3.693558513776381
3.693558513776381
3.6935585137763804
3.693558513776381
3.693558513776381
3.693558513776381
3.693558513776381
3.693558513776381
3.693558513776381
3.693558513776381
3.693558513776381
3.693558513776381
3.54781433835996
3.5478143383599594
3.587916155885183
3.5940509243837235
3.599563473494106
3.604522891730912
3.608993749313423
3.613036442629356
3.616707474159381
3.6200596787372317
3.623142405589187
3.6260016645047335
3.6286802435640495
3.6312178049879127
3.633650965057933
3.6360133634169465
3.638335726426873
3.6406459287463355
3.6429690566994766
3.6453274764005594
3.6477409091095985
3.6502265156209863
3.652798991008009
3.6554706704370954
3.6582516462555863
3.6611498961398636
3.6641714215433088
3.6673203954525153
3.6705993180511545
3.6740091787696847
3.6775496230073963
3.6812191219316595
3.6850151440575747
3.688934329077433
3.692972673329008
3.6971258258997284
3.701386638817422
3.581085140264992
3.701146895775944
3.696375303015075
3.6914518353962174
3.686389746374448
3.681202439128501
3.6759034860327895
3.6705066519545215
3.6650259173757482
3.6594755005447177
3.653869878338704
3.6482238056996934
3.6425523334817456
3.636870824553911
3.6311949680571796
3.625540791588964
3.6199246711626145
3.614363338758701
3.6088738872410047
3.603473772423374
3.5981808120740433
3.5930131816340283
3.5879894063809834
3.5831283498679802
3.578449198363729
3.573971441135873
3.5697148463819275
3.5656994326874414
3.561945436131702
3.5584732736151743
3.555303506259158
3.552456837556992
3.5499531634001835
3.7057535294657704
3.5445992272836664
3.5417920798193383
3.5394133938392094
3.53748342568177
3.536022062064406
3.5350487318992094
3.534582321383059
3.534641088862672
3.535242579469382
3.5364035401189042
3.538139835674212
3.5404663671962653
3.5433969931706395
3.546944454703012
3.5511203055604215
3.5559348480241026
3.5613970753698383
3.567514621767097
3.574293720324025
3.5817391698528356
3.5898543108212224
3.598641010869513
3.6080996600307196
3.618229175644477
3.629027016599727
3.6404892058718157
3.6526103578312337
3.6653836942456524
3.678800909309848
3.565120163634273
3.565120163634273
3.5651201636342735
3.565120163634273
3.565120163634273
3.565120163634273
3.5651201636342735
3.565120163634273
3.565120163634273
3.5651201636342735
3.5651201636342735
3.565120163634273
3.5651201636342735
3.5651201636342726
3.565120163634273
3.5651201636342735
3.565120163634273
3.565120163634273
3.565120163634273
3.565120163634273
3.5651201636342735
3.565120163634273
3.565120163634273
3.5651201636342735
3.5651201636342735
3.565120163634273
3.5651201636342735
3.565120163634273
3.565120163634273
3.565120163634273
3.565120163634273
3.565120163634273
3.565120163634273
3.565120163634273
3.5651201636342735
3.5651201636342726
3.565120163634273
3.5651201636342735
3.565120163634273
3.565120163634273
3.6935585137763813
46.6135738805454
0.0
0.0
0.0
0.0
0.0
0.0
0.0
0.0
0.0
0.0
0.0
0.0
0.0
0.0
0.0
0.0
0.0
0.0
0.0
0.0
0.0
0.0
0.0
0.0
0.0
0.0
0.0
0.0
0.0
0.0
0.0
0.0
0.0
0.0
0.0
0.0
0.0
0.0
0.0
0.0
0.0
0.0
46.6135738805454
0.0
0.0
0.0
0.0
0.0
0.0
0.0
0.0
0.0
0.0
0.0
0.0
0.0
0.0
0.0
0.0
0.0
0.0
0.0
0.0
0.0
0.0
0.0
0.0
0.0
0.0
0.0
0.0
0.0
0.0
0.0
0.0
0.0
0.0
0.0
0.0
0.0
0.0
0.0
0.0
0.0
0.0
0.0
0.0
0.0
0.0
0.0
0.0
0.0
0.0
0.0
0.0
0.0
0.0
0.0
0.0
0.0
0.0
0.0
0.0
0.0
0.0
0.0
0.0
0.0
0.0
0.0
0.0
0.0
0.0
0.0
0.0
0.0
0.0
0.0
57.406779985051
62.01324853333821
66.85004050903994
71.92867208352683
77.26123523673795
82.86042654760968
0.0
0.0
0.0
0.0
0.0
0.0
0.0
0.0
0.0
0.0
0.0
0.0
0.0
0.0
38.925685270771126
36.029651142426296
36.644482880363284
40.95872852147367
41.50854005933781
41.99809325281851
42.429590556047444
42.805232343331575
43.12721700494978
47.57877868978533
47.821353313738136
48.012319893824284
48.15408093195844
52.70097148768015
52.75618669139477
52.7655181957523
57.40882974368034
57.32762949057451
57.20502043033059
52.396337908035214
52.215487961260045
52.00444097177015
51.765807814286205
51.50219863761485
51.216222973592785
50.91048984823899
50.58760789085292
46.0052822821374
45.68543938855387
63.39532850623744
53.53869272656606
44.684242803898876
52.732505667556836
48.066359365760725
56.373665578711375
51.539389804716194
46.98943789028963
55.13262121817748
50.43387462334214
50.098107103143306
58.51396326559534
53.726673902831536
49.22887083778732
38.925685270771126
56.727018780831486
55.95823567312063
69.26815513821509
59.0951634995969
0.0
72.47693877341291
67.13224562263312
66.91437804436853
66.8175976741484
62.11949759310214
57.74231778024328
57.95632500840175
58.264626439504134
58.66488985009292
59.15478103003082
59.731926362422136
60.39387734877681
61.1380774060414
57.35918200664969
58.192740398176355
59.09446598111646
60.06133214837594
56.42149592720449
57.42561372247187
62.20773954761327
58.90097661761387
54.63720860953004
55.00265262014574
60.088069643355375
55.68499224392452
55.996312651695845
56.284016557558395
56.54531614116846
56.77742340639595
56.97755012973869
57.142907810623
57.27070762094868
52.68504231870548
52.72574779895926
57.40086557100178
57.35053729510342
57.24870032250339
57.09256279453198
56.87933216671412
56.6062151515167
56.27041764878549
55.8691446179992
55.399599499358025
54.85899482028067
58.48023147770636
58.13018145552378
57.290223737195205
56.36199081222423
55.342408611468855
54.22839629333545
54.22839629333545
0.0
0.0
0.0
0.0
0.0
0.0
0.0
0.0
0.0
0.0
0.0
0.0
0.0
0.0
0.0
0.0
0.0
0.0
0.0
0.0
38.10925200678106
38.10925200678103
41.78078452419151
38.10925200678106
41.780784524191546
38.109252006781105
41.78078452419155
45.63589366747253
45.63589366747256
49.683758267917625
53.93401609838495
63.08269607846587
68.00290079946059
78.59364146140169
0.0
0.0
0.0
0.0
0.0
1.322810344254623
0.0
0.0
0.0
0.0
0.0
0.0
0.0
0.0
0.0
0.0
0.0
0.0
0.0
0.0
0.0
0.0
0.0
0.0
0.0
0.0
0.0
0.0
0.0
0.0
0.0
0.0
0.0
0.0
0.0
0.0
0.0
0.0
0.0
0.0
0.0
0.0
0.0
0.0
0.0
0.0
0.0
0.0
1.0
0.0
0.0
0.0
0.0
0.0
0.0
0.0
0.0
0.0
0.0
0.0
0.0
0.0
0.0
0.0
0.0
0.0
0.0
0.0
0.0
0.0
0.0
0.0
0.0
0.0
0.0
0.0
0.0
0.0
0.0
0.0
0.0
0.0
0.0
0.0
0.0
0.0
0.0
0.0
0.0
0.0
0.0
0.0
0.0
0.0
0.0
0.0
0.0
0.0
0.0
0.0
0.0
0.0
0.0
0.0
0.0
0.0
0.0
0.0
0.0
0.0
0.0
0.0
0.0
0.0
0.0
0.0
0.0
0.0
0.0
0.0
0.0
0.0
0.0
0.0
1.4350621310966796
1.441361462981384
1.4665587905202024
1.5003031041985229
1.5290966785450177
1.5506918593048888
0.0
0.0
0.0
0.0
0.0
0.0
0.0
0.0
0.0
0.0
0.0
0.0
0.0
0.0
1.0564751358080877
1.0847127037121318
1.101655244454558
1.1073027580353667
1.1298928123586018
1.1468353531010282
1.1694254074242634
1.1863679481666898
1.2259005432323513
1.2428430839747775
1.2862707649324447
1.3803345624861862
0.9294060802398902
1.5012737307695683
0.9294060802398902
0.9294060802398902
1.5680719270792696
1.5793669542408872
1.5906619814025047
1.607604522144931
1.6188995493065486
1.6301945764681662
1.641489603629784
1.6527846307914014
1.65843214437221
1.6697271715338275
1.6810221986954452
1.692317225857063
1.7036122530186804
1.8222100382156647
1.8222100382156647
1.8222100382156647
1.825033795006069
1.825033795006069
1.8278575517964735
1.8278575517964735
1.8278575517964735
1.8321611130015616
1.8321611130015616
1.8321611130015616
1.83646467420665
1.83646467420665
1.83646467420665
1.0564751358080877
1.8407682354117378
1.8407682354117378
1.705457321417298
1.7018581246239861
0.0
1.6982589278306741
1.6946597310373623
0.9280160641337631
0.9280160641337631
0.9280160641337631
1.1655630524923446
1.0071983935866238
1.0287935743464947
0.9280160641337631
1.068384739072925
1.068384739072925
1.068384739072925
1.068384739072925
1.13676947814585
1.158364658905721
1.3455228921579367
1.179959839665592
1.1943566268388395
1.2087534140120868
1.8407682354117378
1.2231502011853341
1.2375469883585815
1.2447453819452052
1.2591421691184526
1.2519437755318288
1.2591421691184526
1.2663405627050761
1.2735389562916999
1.2807373498783234
1.2807373498783234
1.2879357434649472
1.295134137051571
1.3095309242248183
1.3167293178114419
1.3311261049846892
1.3239277113980656
1.3311261049846892
1.3311261049846892
1.338324498571313
1.3527212857445603
1.3594701484802245
1.365769480364929
1.3846674760190427
1.3909668079037474
1.2159518075987104
1.397266139788452
1.397266139788452
1.4035654716731565
1.4098648035578611
1.4224634673272702
1.4224634673272702
0.0
0.0
0.0
0.0
0.0
0.0
0.0
0.0
0.0
0.0
0.0
0.0
0.0
0.0
0.0
0.0
0.0
0.0
0.0
0.0
1.0169425407424264
1.1976629753283072
1.709259766599489
0.9294060802398902
0.9294060802398902
1.7205547937611065
1.7233785505515111
1.7262023073419155
1.7318498209227242
1.7346735777131286
1.7374973345035332
1.7403210912939375
1.743144848084342
1.7459686048747463
0.0
0.0
0.0
0.0
0.0
