46.6135738805454
0.0
0.0
0.0
0.0
0.0
0.0
0.0
0.0
0.0
0.0
0.0
0.0
0.0
0.0
0.0
0.0
0.0
0.0
0.0
0.0
0.0
0.0
0.0
0.0
0.0
0.0
0.0
0.0
0.0
0.0
0.0
0.0
0.0
0.0
0.0
0.0
0.0
0.0
0.0
0.0
0.0
0.0
46.6135738805454
0.0
0.0
0.0
0.0
0.0
0.0
0.0
0.0
0.0
0.0
0.0
0.0
0.0
0.0
0.0
0.0
0.0
0.0
0.0
0.0
0.0
0.0
0.0
0.0
0.0
0.0
0.0
0.0
0.0
0.0
0.0
0.0
0.0
0.0
0.0
0.0
0.0
0.0
0.0
0.0
0.0
0.0
0.0
0.0
0.0
0.0
0.0
0.0
0.0
0.0
0.0
0.0
0.0
0.0
0.0
0.0
0.0
0.0
0.0
0.0
0.0
0.0
0.0
0.0
0.0
0.0
0.0
0.0
0.0
0.0
0.0
0.0
0.0
0.0
0.0
57.406779985051
62.01324853333821
66.85004050903994
71.92867208352683
77.26123523673795
82.86042654760968
0.0
0.0
0.0
0.0
0.0
0.0
0.0
0.0
0.0
0.0
0.0
0.0
0.0
0.0
38.925685270771126
36.029651142426296
36.644482880363284
40.95872852147367
41.50854005933781
41.99809325281851
42.429590556047444
42.805232343331575
43.12721700494978
47.57877868978533
47.821353313738136
48.012319893824284
48.15408093195844
52.70097148768015
52.75618669139477
52.7655181957523
57.40882974368034
57.32762949057451
57.20502043033059
52.396337908035214
52.215487961260045
52.00444097177015
51.765807814286205
51.50219863761485
51.216222973592785
50.91048984823899
50.58760789085292
46.0052822821374
45.68543938855387
63.39532850623744
53.53869272656606
44.684242803898876
52.732505667556836
48.066359365760725
56.373665578711375
51.539389804716194
46.98943789028963
55.13262121817748
50.43387462334214
50.098107103143306
58.51396326559534
53.726673902831536
49.22887083778732
38.925685270771126
56.727018780831486
55.95823567312063
69.26815513821509
59.0951634995969
0.0
72.47693877341291
67.13224562263312
66.91437804436853
66.8175976741484
62.11949759310214
57.74231778024328
57.95632500840175
58.264626439504134
58.66488985009292
59.15478103003082
59.731926362422136
60.39387734877681
61.1380774060414
57.35918200664969
58.192740398176355
59.09446598111646
60.06133214837594
56.42149592720449
57.42561372247187
62.20773954761327
58.90097661761387
54.63720860953004
55.00265262014574
60.088069643355375
55.68499224392452
55.996312651695845
56.284016557558395
56.54531614116846
56.77742340639595
56.97755012973869
57.142907810623
57.27070762094868
52.68504231870548
52.72574779895926
57.40086557100178
57.35053729510342
57.24870032250339
57.09256279453198
56.87933216671412
56.6062151515167
56.27041764878549
55.8691446179992
55.399599499358025
54.85899482028067
58.48023147770636
58.13018145552378
57.290223737195205
56.36199081222423
55.342408611468855
54.22839629333545
54.22839629333545
0.0
0.0
0.0
0.0
0.0
0.0
0.0
0.0
0.0
0.0
0.0
0.0
0.0
0.0
0.0
0.0
0.0
0.0
0.0
0.0
38.10925200678106
38.10925200678103
41.78078452419151
38.10925200678106
41.780784524191546
38.109252006781105
41.78078452419155
45.63589366747253
45.63589366747256
49.683758267917625
53.93401609838495
63.08269607846587
68.00290079946059
78.59364146140169
0.0
0.0
0.0
0.0
0.0
