1.322810344254623
0.0
0.0
0.0
0.0
0.0
0.0
0.0
0.0
0.0
0.0
0.0
0.0
0.0
0.0
0.0
0.0
0.0
0.0
0.0
0.0
0.0
0.0
0.0
0.0
0.0
0.0
0.0
0.0
0.0
0.0
0.0
0.0
0.0
0.0
0.0
0.0
0.0
0.0
0.0
0.0
0.0
0.0
1.0
0.0
0.0
0.0
0.0
0.0
0.0
0.0
0.0
0.0
0.0
0.0
0.0
0.0
0.0
0.0
0.0
0.0
0.0
0.0
0.0
0.0
0.0
0.0
0.0
0.0
0.0
0.0
0.0
0.0
0.0
0.0
0.0
0.0
0.0
0.0
0.0
0.0
0.0
0.0
0.0
0.0
0.0
0.0
0.0
0.0
0.0
0.0
0.0
0.0
0.0
0.0
0.0
0.0
0.0
0.0
0.0
0.0
0.0
0.0
0.0
0.0
0.0
0.0
0.0
0.0
0.0
0.0
0.0
0.0
0.0
0.0
0.0
0.0
0.0
0.0
1.4350621310966796
1.441361462981384
1.4665587905202024
1.5003031041985229
1.5290966785450177
1.5506918593048888
0.0
0.0
0.0
0.0
0.0
0.0
0.0
0.0
0.0
0.0
0.0
0.0
0.0
0.0
1.0564751358080877
1.0847127037121318
1.101655244454558
1.1073027580353667
1.1298928123586018
1.1468353531010282
1.1694254074242634
1.1863679481666898
1.2259005432323513
1.2428430839747775
1.2862707649324447
1.3803345624861862
0.9294060802398902
1.5012737307695683
0.9294060802398902
0.9294060802398902
1.5680719270792696
1.5793669542408872
1.5906619814025047
1.607604522144931
1.6188995493065486
1.6301945764681662
1.641489603629784
1.6527846307914014
1.65843214437221
1.6697271715338275
1.6810221986954452
1.692317225857063
1.7036122530186804
1.8222100382156647
1.8222100382156647
1.8222100382156647
1.825033795006069
1.825033795006069
1.8278575517964735
1.8278575517964735
1.8278575517964735
1.8321611130015616
1.8321611130015616
1.8321611130015616
1.83646467420665
1.83646467420665
1.83646467420665
1.0564751358080877
1.8407682354117378
1.8407682354117378
1.705457321417298
1.7018581246239861
0.0
1.6982589278306741
1.6946597310373623
0.9280160641337631
0.9280160641337631
0.9280160641337631
1.1655630524923446
1.0071983935866238
1.0287935743464947
0.9280160641337631
1.068384739072925
1.068384739072925
1.068384739072925
1.068384739072925
1.13676947814585
1.158364658905721
1.3455228921579367
1.179959839665592
1.1943566268388395
1.2087534140120868
1.8407682354117378
1.2231502011853341
1.2375469883585815
1.2447453819452052
1.2591421691184526
1.2519437755318288
1.2591421691184526
1.2663405627050761
1.2735389562916999
1.2807373498783234
1.2807373498783234
1.2879357434649472
1.295134137051571
1.3095309242248183
1.3167293178114419
1.3311261049846892
1.3239277113980656
1.3311261049846892
1.3311261049846892
1.338324498571313
1.3527212857445603
1.3594701484802245
1.365769480364929
1.3846674760190427
1.3909668079037474
1.2159518075987104
1.397266139788452
1.397266139788452
1.4035654716731565
1.4098648035578611
1.4224634673272702
1.4224634673272702
0.0
0.0
0.0
0.0
0.0
0.0
0.0
0.0
0.0
0.0
0.0
0.0
0.0
0.0
0.0
0.0
0.0
0.0
0.0
0.0
1.0169425407424264
1.1976629753283072
1.709259766599489
0.9294060802398902
0.9294060802398902
1.7205547937611065
1.7233785505515111
1.7262023073419155
1.7318498209227242
1.7346735777131286
1.7374973345035332
1.7403210912939375
1.743144848084342
1.7459686048747463
0.0
0.0
0.0
0.0
0.0
