45.0544794408 2.9566813032
47.4383202118 13.2038521303
49.825939222 13.4921576416
52.2172296549 13.8196186573
54.612084694 14.1842559974
57.010397523 14.5840904821
59.4120613254 15.0171429315
61.816969285 15.4814341657
64.2250145852 15.9749850049
66.6360904097 16.4958162691
69.050089942 17.0419487786
71.4669063659 17.6114033533
73.8864328648 18.2022008135
76.3085626223 18.8123619792
78.7331888222 19.4399076705
81.1602046479 20.0828587077
83.5895032831 20.7392359108
86.0209779113 21.4070600999
88.4545217162 22.0843520951
90.8900278814 22.7691327167
93.3273895904 23.4594227846
95.7665000269 24.153243119
98.2072523745 24.84861454
100.649539817 25.5435578678
103.093255537 26.2360939225
105.53829272 26.9242435241
107.984544547 27.6060274929
110.431904204 28.2794666489
112.880264874 28.9425818122
115.32951974 29.593393803
117.779561985 30.2299234414
120.230284794 30.8501915475
122.681581351 31.4522189415
125.133344837 32.0340264434
127.585468438 32.5936348733
130.037845337 33.1290650515
132.490368718 33.6383377979
134.942931763 34.1194739328
137.395427657 34.5704942763
139.847749584 34.9894196484
142.299790726 35.3742708693
144.751444267 35.7230687591
147.202603392 36.0338341379
149.653161283 36.3045878259
152.103011125 36.5333506432
154.5520461 36.7181434099
157.000159393 36.856986946
159.447244187 36.9479020718
161.893193666 36.9889096074
164.337901013 36.9780303728
166.781261237 36.9134163026
169.223197396 36.795233166
171.663654511 36.6252240067
174.102578194 36.4051740334
176.539914052 36.1368684548
178.975607698 35.8220924795
181.40960474 35.4626313164
183.841850789 35.0602701739
186.272291454 34.6167942608
188.700872346 34.1339887858
191.127539074 33.6136389576
193.552237248 33.0575299847
195.974912479 32.467447076
198.395510377 31.84517544
200.813976551 31.1925002855
203.230256611 30.511206821
205.644296167 29.8030802554
208.056040829 29.0699057973
210.465436208 28.3134686553
212.872427913 27.5355540381
215.276961554 26.7379471545
217.678982741 25.922433213
220.078437084 25.0907974223
222.475270193 24.2448249912
224.869427678 23.3863011282
227.260855149 22.5170110422
229.649498216 21.6387399417
232.035302489 20.7532730354
234.418213578 19.862395532
236.798177092 18.9678926402
239.175138643 18.0715495687
241.549043839 17.1751515261
243.91983829 16.2804837211
246.287467608 15.3893313623
248.651877401 14.5034796586
251.013013279 13.6247138184
253.370820853 12.7548190506
255.725245733 11.8955805637
258.076233528 11.0487835665
260.423729849 10.2162132676
262.767680305 9.39965487572
265.108030506 8.60089359952
267.444726063 7.82171464769
269.777712585 7.06390322888
272.106935682 6.32924455179
274.432340965 5.61952382508
276.753874043 4.93652625742
279.071480526 4.28203705751
281.385106024 3.657841434
283.694696147 3.06572459557
286.0001965 2.50747175091
