199.187015602 16.696996665
201.296858479 216.715011599
203.405777132 216.715715983
205.513713163 216.69925631
207.620608175 216.665779068
209.72640377 216.61543075
211.831041551 216.548357845
213.93446312 216.464706845
216.036610081 216.36462424
218.137424035 216.24825652
220.236846586 216.115750177
222.334819336 215.9672517
224.431283887 215.802907581
226.526181843 215.622864311
228.619454806 215.42726838
230.711044379 215.216266278
232.800892164 214.990004497
234.888939764 214.748629526
236.975128781 214.492287858
239.059400819 214.221125982
241.141697479 213.935290388
243.221960365 213.634927569
245.300131079 213.320184014
247.376151223 212.991206214
249.449962401 212.648140659
251.521506215 212.291133842
253.590724268 211.920332251
255.657558161 211.535882378
257.721949499 211.137930713
259.783839883 210.726623747
261.843170917 210.302107972
263.899884202 209.864529876
265.953921341 209.414035952
268.005223938 208.950772689
270.053733595 208.474886579
272.099391913 207.986524112
274.142140497 207.485831779
276.181920948 206.97295607
278.21867487 206.448043477
280.252343864 205.911240489
282.282869534 205.362693598
284.310193482 204.802549293
286.334257311 204.230954067
288.355002624 203.648054409
290.372371022 203.05399681
292.386304109 202.448927762
294.396743487 201.832993753
296.40363076 201.206341276
298.406907529 200.569116821
300.406521655 199.921472872
302.402509068 199.263646261
304.394970747 198.595936121
306.384009192 197.918643044
308.369726907 197.232067621
310.352226391 196.536510445
312.331610148 195.832272105
314.307980678 195.119653195
316.281440484 194.398954305
318.252092066 193.670476027
320.220037926 192.934518952
322.185380567 192.191383673
324.148222488 191.441370779
326.108666194 190.684780864
328.066814183 189.921914518
330.02276896 189.153072334
331.976633024 188.378554901
333.928508877 187.598662813
335.878499022 186.81369666
337.826705959 186.023957034
339.773232191 185.229744527
341.718180219 184.43135973
343.661652544 183.629103234
345.603751668 182.823275631
347.544580093 182.014177513
349.48424032 181.202109471
351.422834851 180.387372097
353.360466188 179.570265982
355.297236831 178.751091717
357.233249283 177.930149894
359.168606046 177.107741105
361.10340962 176.284165942
363.037762508 175.459724995
364.971767211 174.634718856
366.905526231 173.809448116
368.839142069 172.984213368
370.772717227 172.159315203
372.706354206 171.335054212
374.640155508 170.511730986
376.574223635 169.689646118
378.508661088 168.869100199
380.443570369 168.050393819
382.379053979 167.233827572
384.31521442 166.419702048
386.252154194 165.608317838
388.189975802 164.799975535
390.128781746 163.99497573
392.068674528 163.193619014
394.009756648 162.396205979
395.952130609 161.603037216
397.895898912 160.814413317
399.84116405 160.030634873
