-20.4956334381 39.824865161
-19.8339002082 140.878460803
-19.1603937075 141.917680814
-18.4752598207 142.942657789
-17.7786444326 143.953524322
-17.0706934279 144.95041301
-16.3515526914 145.933456448
-15.6213681079 146.90278723
-14.8802855622 147.858537952
-14.1284509389 148.80084121
-13.3660101228 149.729829598
-12.5931089988 150.645635712
-11.8098934516 151.548392147
-11.0165093659 152.438231499
-10.2131026265 153.315286362
-9.39981911812 154.179689333
-8.57680472561 155.031573005
-7.74420533368 155.871069975
-6.9021668271 156.698312838
-6.05083509063 157.513434189
-5.19035600903 158.316566623
-4.32087546707 159.107842736
-3.44253934951 159.887395122
-2.5554935411 160.655356378
-1.65988392662 161.411859098
-0.755856390822 162.157035878
0.156443181531 162.891019313
1.07686890568 163.613941998
2.00527489685 164.325936528
2.9415152703 165.027135499
3.88544414125 165.717671506
4.83691562494 166.397677145
5.79578383662 167.06728501
6.76190289151 167.726627696
7.73512690487 168.3758378
8.71530999192 169.015047917
9.7023062679 169.64439064
10.6959698481 170.263998567
11.6961548476 170.874004292
12.7027153818 171.474540411
13.7155055659 172.065739518
14.7343795151 172.647734209
15.7591913447 173.220657079
16.7897951699 173.784640724
17.8260451059 174.339817739
18.867795268 174.886320718
19.9148997714 175.424282258
20.9672127314 175.953834954
22.0245882631 176.475111401
23.0868804819 176.988244193
24.1539435029 177.493365927
25.2256314415 177.990609198
26.3017984127 178.480106601
27.382298532 178.961990731
28.4669859145 179.436394183
29.5557146754 179.903449553
30.64833893 180.363289437
31.7447127935 180.816046428
32.8446903813 181.261853123
33.9481258084 181.700842117
35.0548731901 182.133146005
36.1647866418 182.558897383
37.2777202786 182.978228845
38.3935282157 183.391272987
39.5120645684 183.798162404
40.6331834519 184.199029692
41.7567389816 184.594007445
42.8825852725 184.98322826
44.01057644 185.366824731
45.1405665992 185.744929453
46.2724098655 186.117675022
47.4059603541 186.485194033
48.5410721801 186.847619082
49.6775994589 187.205082763
50.8153963057 187.557717672
51.9543168356 187.905656404
53.094215164 188.249031555
54.2349454061 188.587975719
55.3763616772 188.922621493
56.5183180924 189.25310147
57.660668767 189.579548247
58.8032678162 189.902094419
59.9459693553 190.220872581
61.0886274996 190.536015328
62.2310963641 190.847655256
63.3732300643 191.15592496
64.5148827153 191.460957035
65.6559084324 191.762884076
66.7961613308 192.061838679
67.9354955257 192.357953439
69.0737651324 192.651360951
70.2108242661 192.942193811
71.3465270421 193.230584613
72.4807275756 193.516665954
73.6132799818 193.800570427
74.744038376 194.08243063
75.8728568734 194.362379156
76.9995895892 194.640548601
78.1240906387 194.917071561
79.2462141372 195.19208063
80.365814199 195.465708404
