0.5691579926947838 -34.551980582779976
0.56567818925501 -34.180164040666824
0.5633555324703536 -33.8805233601189
0.5621515495029996 -33.650275536672694
0.5620328909558054 -33.486637482639765
0.5629670653790981 -33.38682609713919
0.5649213778544038 -33.34805828329044
0.5678625826797656 -33.36755095409276
0.5717567532120427 -33.44252103443722
0.5765692349783933 -33.57018546164315
0.5822646400659153 -33.74776118600161
0.588806871010263 -33.972465169708556
0.5961591769606116 -34.24151438632401
0.6042842578837906 -34.552125818663114
0.613144453633538 -34.90151645534607
0.6227020995709154 -35.28690328401663
0.6329202410162225 -35.70550327912733
0.643764207390376 -36.15453337236744
0.6552055495286595 -36.63121038155225
0.6672338532451079 -37.132750795263235
0.6799039952221619 -37.65636991198326
0.6936669363943508 -38.19927581580728
0.7049510786722522 -38.75874985240702
0.5738684249906214 -34.99875541756856
0.9491104185654251 -39.896377533170806
1.1893657753178672 -40.4683627957923
1.4366143921309913 -41.04513592905195
1.6907262189301946 -41.62391360583297
1.9515807641166703 -42.2019167053526
2.219015814860086 -42.77637124741807
2.4928146209975353 -43.34450862428133
2.772701627953097 -43.903565678043066
3.058340776342277 -44.45078473014928
3.349334737825302 -44.98341359329382
3.645224545414976 -45.49870557599925
3.9454894123595636 -45.99391948144432
4.249546655992333 -46.46631960281391
4.5567516954012035 -46.913175714023595
4.866398122024634 -47.331763051182975
5.177717872774963 -47.71936228171995
5.489881585788623 -48.07325944426066
5.8019993373384295 -48.39074582882688
6.113122282833444 -48.66911771353085
6.422246775562996 -48.90567570473016
6.728326737886391 -49.09772275832091
7.030323161271497 -49.24255626375154
7.327550627911194 -49.33741263229982
7.615036453495179 -49.38033979314224
0.7163469107252638 -39.3319611371559
7.8526436397346515 -49.34125698394345
7.803788050824323 -49.26375981327675
7.748080974479592 -49.14081202890924
7.685876288705458 -48.97476767242844
7.617596225051386 -48.76796979336618
7.543677741837939 -48.522759024620825
7.46455911965171 -48.24147572577664
7.380675496057449 -47.92646069730415
7.292457083284489 -47.58005546576348
7.200328363237986 -47.20460241246542
7.104707692393845 -46.80244483705931
7.006007099760723 -46.375926989946606
6.9046321878306 -45.927394088698236
6.800982099152748 -45.4591923242657
6.695449538757089 -44.973668858467676
6.588420865247315 -44.473171811857895
6.4802762960588325 -43.96005023474402
6.371390344813221 -43.43665404594773
6.262132804190742 -42.90533389367437
6.152871220581744 -42.36844080529954
6.043978333982466 -41.828325134687304
5.9358618540289285 -41.28733234771909
5.8291729162109505 -40.74777351969618
5.721985127511573 -40.212324588071084
7.894737616722352 -49.370878478141066
5.679935033332299 -39.1319193549694
5.741851796166372 -38.5924055740191
5.802282400223248 -38.06692794294264
5.861668100786176 -37.55781892828796
5.920528605311745 -37.067398304698514
5.979429864642782 -36.59797771338947
6.0389760261207925 -36.15186180019788
6.09980675800216 -35.73134859330429
6.162596187931683 -35.33872965239701
6.228052431996105 -34.97629013368106
6.296917375165549 -34.646308818706245
6.369966575605133 -34.35105812438121
6.448009243116758 -34.09280410068459
6.5318882769227 -33.873806417884026
6.622480369736877 -33.69631833850718
6.720696210137021 -33.56258666805118
6.827480856155262 -33.47485166479558
6.943814443356587 -33.4353468709632
7.070713611679082 -33.44629877353992
7.209234652775876 -33.50992605596983
7.360481385883077 -33.628437728107684
7.52562879158404 -33.80402751331289
7.706017554161804 -34.03885139803725
7.903815866527452 -34.334870472673884
-1.9512749681978505 -35.47437639197972
14.034939917643442 -32.757540244296294
15.956118980871054 -31.86594182535393
17.84539077391935 -30.847658087360003
19.687119368857566 -29.706115739101705
21.466155272022945 -28.44714676704774
23.16830613104264 -27.07887686679129
24.7807729623334 -25.61150664716618
26.29252394336561 -24.05699827568057
27.694583056753117 -22.42868811725637
28.980218431945957 -20.740851500969114
30.145024046116987 -19.008248383467162
31.186897320708624 -17.245678208065016
32.105922975691726 -15.467569014796794
32.90417944886275 -13.687620543600389
33.585487805481705 -11.918514597733775
34.15512430474638 -10.171699222640996
34.619516936465345 -8.457247095500009
34.98594379458859 -6.783783468717161
31.003044027160797 17.574050255945053
31.958100279956398 15.770726294144026
32.82475073305699 13.877021318036043
33.59114682291505 11.902555879722485
34.24671962405586 9.858913547641038
34.782576550882936 7.759403961034764
35.19184311317525 5.618732921772676
35.46992478953155 3.452595657404572
35.614669713697765 1.2772167133160224
35.626420810035256 -0.8911350149341501
35.50795525806274 -3.0366255514912552
35.264318483705324 -5.144300071764263
34.90256805423002 -7.200466968773441
34.43144892403552 -9.193003118681446
33.86102486927922 -11.111569472878642
33.20229155038129 -12.947734054730603
32.46679475973622 -14.695006613735103
31.666273653207213 -16.348794887353222
30.812343878542777 -17.906296268602887
29.916230248151805 -19.366340622020516
5.616394801425429 -39.683092213741645
32.27847326221763 23.756932926413384
0.4840263447102586 34.46457286437624
0.9809833402340757 34.002644012550604
1.4701626241519534 33.6143048479953
1.9545749443465752 33.296224675617566
2.4370734905967026 33.045102468486874
2.92034962649376 32.857666863595995
3.4069318266088544 32.730676158994754
3.899185327669386 32.66091831105189
4.399311996307091 32.64521093043922
4.909350279063233 32.680401276340945
5.431175192147549 32.7633662486252
5.966498337920228 32.89101237446752
6.516867949285199 33.06027578842611
7.083668974027944 33.26812219828386
7.668123229031465 33.511546825674344
8.271289690958469 33.78757429559698
8.894065080955755 34.09325841686913
9.537185152614398 34.42568169666217
10.20122791418396 34.78195412969623
10.886623296111736 35.15920956406444
11.593691822492332 35.55459116534891
12.322915313013453 35.96514966760938
13.071316225431815 36.38920427751356
-0.023846768122496087 35.003451788068475
14.62402504245344 36.99355919614686
15.42786675526827 37.16015867577465
16.25115523094803 37.32040728285324
17.09289608091933 37.47168532950212
17.951992340033826 37.61145614231529
18.827202501170575 37.737281836005224
19.71713002492237 37.84682725440538
20.62021984498938 37.937861283201954
21.534756972407934 38.008257372410554
22.458865864016957 38.055993770818134
23.39051011107017 38.079153639606034
24.32749227707069 38.075925106940105
25.267453814113594 38.044601290543056
26.207875026851752 37.983580297445684
27.146075072411918 37.89136519933578
28.079212001786175 37.76656397639644
29.004282863492847 37.607889400813406
29.918123931865125 37.4141587969215
30.817411225528133 37.18429350814728
31.698661815891228 36.91731755857154
32.55823776498488 36.612353634239156
33.3923618882348 36.268607003439655
34.197228111156676 35.885252952826505
34.96760103017982 35.463048516681084
13.840815673815825 36.82320112747806
35.85881697435269 34.76342800640012
35.980689360238614 34.491000416424754
36.068683238204244 34.187645828903726
36.12399290814409 33.855617899011094
36.14787135749367 33.49710502127539
36.14161318176593 33.114247750473
36.10655031461806 32.70914315651365
36.04405060488375 32.283846275834975
35.95551724781859 31.840370691433833
35.84238852700611 31.380688795485497
35.706137686479394 30.90673191953752
35.54827286309114 30.42039040240357
35.370337050316664 29.9235136259679
35.17390808026863 29.417910031642748
34.9605986184942 28.905347121990957
34.73205617193253 28.387551446926665
34.48996311487133 27.86620856571335
34.23603675031205 27.342962962721458
33.972029450981836 26.81941785441103
33.699729017941934 26.297134701136002
33.420959762134544 25.777631737405585
33.137586835368836 25.26237808644467
32.85154655737267 24.752752555259747
32.56443506213043 24.250602538858175
35.70205002479145 35.002487736838816
31.905535965741365 23.36393447957917
31.54021598248977 22.979521854113614
31.184436230495123 22.605091560596662
30.84017205330514 22.241967658258716
30.509418413742424 21.891446328121788
30.194185208191755 21.55480224001718
29.896496095575287 21.23329014315766
29.61838810778238 20.928145395066338
29.361911494970514 20.64058417165208
29.129129656537373 20.37180356060955
28.922119108479762 20.122981605394216
28.74296946819345 19.89527732492516
28.593783449297575 19.689830719125098
28.476676864523313 19.507762764074045
28.393778635439617 19.35017539498449
28.347230813905867 19.218151473261486
28.33918862131054 19.112754724609914
28.37182052379211 19.03502962205056
28.447308383922802 18.986001150324057
28.567847794455872 18.966674286008327
28.73564891463775 18.978032698220375
28.952938977729787 19.02103484957877
29.22197232266234 19.096598401851708
29.545100610066356 19.205491054904826
-4.6345982922142355 -35.224414162213805
-4.6345982922142355 -35.224414162213805
-7.44104699092469 -34.7400298514583
-10.334669290540944 -33.99166758275493
-13.270580077063784 -32.95649494135566
-16.196630441403926 -31.62132218529058
-19.056193397170063 -29.98500204453913
-21.791845841083727 -28.05983444783317
-24.349500585924574 -25.87161911472535
-26.682395334410188 -23.458231681429226
-28.754336617283258 -20.866887168462057
-30.54173840889291 -18.150511545521738
-32.03424437121433 -15.363789961031273
-33.23399984584296 -12.559462912396839
-34.15386411981589 -9.785316555253331
-34.81497495891668 -7.082116421760389
-35.24408846203204 -4.482530856762111
-35.471044651118575 -2.010931565149974
-35.52659446030958 0.31613360160505977
-35.44070528878396 2.489028532364358
-2.5567435959409863 35.43588458873262
-5.235407382641853 35.14013892885373
-8.033175649053845 34.607902903712784
-10.91359717317576 33.81023885072409
-13.831403503747026 32.7250841330912
-16.73422810978235 31.340141415940252
-19.565432670671754 29.65523054725378
-22.267812486583324 27.683630207466052
-24.78772880700103 25.45205993612177
-27.079072909222987 22.9991883504255
-29.106462835014582 20.372841619059386
-30.847219750546316 17.626340745114078
-32.29192262007268 14.814539746499094
-33.443617058239425 11.990134797540833
-34.31597646370204 9.200685504026922
-34.93083162412674 6.486590510296594
-35.315492575219906 3.880056516463526
-35.50021115440461 1.404942131921615
-35.51601637996214 -0.922732301170555
-35.39303582600928 -3.093843793760044
10.159010648639367 -34.15890050908234
