1.4156686174039947 -36.05032063789477
1.4999991065285627 -36.73823444529989
1.584258377990274 -37.364003986044025
1.6679578558416992 -37.929684096914535
1.7508498582244698 -38.43731972357746
1.832737452616385 -38.88895338712047
1.9134472923929522 -39.28662625094402
1.992822825977271 -39.632378387335955
2.070722033184083 -39.92824886616632
2.1470165197262645 -40.176275790948175
2.2215911055118767 -40.378496314506755
2.2943436187265007 -40.536946647267456
2.365184784863146 -40.65366206171474
2.434038163210971 -40.73067689478668
2.500840108652781 -40.770024549175034
2.5655397477464845 -40.77373749476358
2.628098963129503 -40.743847268738676
2.6884923830954364 -40.68238447619542
2.7467073744173547 -40.59137879051509
2.8027440372794103 -40.47285895335771
2.85661520167929 -40.32885277509477
2.908346424779637 -40.161387134401686
2.9579759890505386 -39.972487978715094
3.0055549009579607 -39.76418032446336
3.051146890033422 -39.53848825627525
3.094828408478037 -39.29743492785669
3.136688631057126 -39.04304256124227
3.1768294555572822 -38.77733244730272
3.2153655037433424 -38.502324945101485
3.252424123190181 -38.22003948196777
3.2881453902768953 -37.932494552846855
3.32268211516714 -37.6417077202458
3.3561998499104533 -37.34969561284251
3.388876902251795 -37.058473924188775
3.420904359987844 -36.77005741028394
3.4524861362950787 -36.486459884095645
3.4838390607498013 -36.209694206685946
3.5151930794659165 -35.94177226481759
3.546791755865712 -35.68470491790099
3.5788937728739256 -35.44050183604523
3.611778942205831 -35.21117085593979
3.6457902688600825 -34.99871346485923
3.680763783055596 -34.80518600156641
1.4156686174039947 -36.05032063789477
3.6379671627043138 -34.492152786264256
3.5617751273938154 -34.37658067885125
3.488788995124196 -34.28787253974482
3.4190477072207557 -34.228056513173435
3.352584312579012 -34.19916103106284
3.289405739169581 -34.20307168191352
3.2293033295796363 -34.23952530767595
3.1719179917575673 -34.3066046132367
3.116901243939651 -34.40234860441638
3.063919282508948 -34.52479504960365
3.0126529373291078 -34.67198048559567
2.962797650505962 -34.841940219184686
2.914063468779659 -35.03270832880434
2.866175045963246 -35.242317664790605
2.8188716561682554 -35.46879984863158
2.7719072230653126 -35.71018527155008
2.7250503784159434 -35.96450309084597
2.678084582293195 -36.22978122274297
2.6308083899794497 -36.50404632627055
2.583036121194368 -36.78532376240186
2.534599869602175 -37.071637471370096
2.4853575427985675 -37.36100948292651
2.435249144636316 -37.65145648486739
2.383541025137049 -37.94103589763044
3.717365055287047 -34.63255619819535
2.4206801476960607 -38.49737776561538
2.5115084149060465 -38.75999560097728
2.6028002634956238 -39.013622266212856
2.6943507755511007 -39.256284314960425
2.7859521384974073 -39.48600883933058
2.877384939972842 -39.700823999864014
2.9684159975183775 -39.898759158098905
3.0587976427166836 -40.07784491902971
3.14826744511808 -40.236113148156925
3.236548100664777 -40.37159697640426
3.3233473958804893 -40.48233080135396
3.408358217838156 -40.56635028445214
3.4912586045290084 -40.62169234444101
3.5717118462040958 -40.64639514552389
3.6493666675999066 -40.638498077636314
3.723857555801146 -40.59604171986454
3.794805376000056 -40.517067773665865
3.861818608313456 -40.399618927634904
3.9244960736265853 -40.24173856049055
3.9824337527996363 -40.04146999747855
4.035245249502964 -39.79685427994472
4.082643648159319 -39.50592124194203
4.125014531882357 -39.16662704795653
4.155693756340554 -38.77769596617548
2.3305784540134766 -38.22773902804348
4.694745903921728 -37.75435964202265
5.18938384964116 -37.118380340105475
5.659045606528764 -36.427279585304206
6.100718733994256 -35.6795217374631
6.5120451129124035 -34.87343673705441
9.49649375864692 -33.39872648327491
11.621608080964563 -32.71997173020001
13.75687576606623 -31.88113381875946
15.880484312755016 -30.878285936964993
17.969416773679143 -29.71125014580247
20.000289421117998 -28.38391705674436
21.95027978464293 -26.90434057524035
23.79807244222718 -25.28458171390496
25.524742771384695 -23.54030226796744
27.11450283768795 -21.690137396467577
28.555248478579585 -19.75490087900236
29.838869852637742 -17.756693676751215
30.961314998298405 -15.717992810431372
31.92242244172951 -13.660793163809757
32.72556040182525 -11.605861484573817
33.377123971359026 -9.572142906014204
33.88594698755685 -7.576339562685621
34.262683002348695 -5.632661705907167
34.519201804050795 -3.75273649805625
34.668036754821 -1.9456495005544279
23.723083804839348 25.354952557660162
25.302300631536184 23.779232686611063
26.817314879861385 22.056517110527494
28.246933838551115 20.193292280684286
29.57060871566489 18.19992924705125
30.769325756235105 16.090584728943664
31.826474823633248 13.882860825970507
32.728618977871236 11.597233472425978
33.46609445858695 9.256286842009933
34.03338693499768 6.88381421490708
34.42925442861468 4.503860999447474
34.6565956678121 2.1397899734358887
34.722089806478266 -0.18655798960636494
34.63565498512179 -2.4555504808975814
34.40978623760458 -4.650261873807636
34.0588368776298 -6.7567710450802
33.59830275009233 -8.764267038706967
33.04415791626582 -10.664987201938656
32.41227629918245 -12.45402222248243
31.717959217740486 -14.129026416366399
-6.010755080924717 35.573874670697066
-6.051950753186972 36.26601926723999
-6.079879447273456 36.89737885692277
-6.095518914581859 37.469857893693764
-6.099610996133713 37.98539995157965
-6.092844488262173 38.445956826405975
-6.075881266345931 38.8534841219964
-6.049362815793771 39.20994014656469
-6.013912409120287 39.5172855446651
-5.970135976986732 39.77748315052665
-5.918622504147891 39.99249792064759
-5.8599442276257605 40.164296900515865
-5.794656743543612 40.29484920666046
-5.723299068271828 40.3861260162193
-5.646393675207932 40.4401005605218
-5.564446517951438 40.458748121678326
-5.477947045270312 40.44404602954236
-5.387368211225478 40.39797366019828
-5.293166482146546 40.322512434877936
-5.195781841515014 40.219645818924654
-5.095637793524261 40.09135932148399
-4.993141365564583 39.93964049456227
-4.888683110115608 39.76647893309122
-4.782637106066176 39.57386627487959
-4.675360959466545 39.363796199639104
-4.56719580408344 39.13826442975055
-4.45846630135452 38.89926872949313
-4.349480640033562 38.64880890561294
-4.24053053511966 38.388886806857556
-4.131891226061725 38.12150632437759
-4.023821473675653 37.848673391636424
-3.916563555214182 37.572395985273936
-3.8103432560973403 37.29468412523833
-3.70536985602358 37.017549876070014
-3.6018361044480116 36.74300734903394
-3.499918174765952 36.47307270514522
-3.399775572721694 36.20976416333806
-3.3015509344745624 35.95510201560028
-3.2053695219103986 35.71110866776948
-3.111337708183356 35.47980875915909
-3.0195369201031212 35.26322964476849
-2.929981234091514 35.06340476360559
-2.843192269114809 34.88232796100763
-6.010755080924717 35.573874670697066
-1.758542126757419 34.266341879731776
-0.7670572852551913 33.83774345270201
0.217688318787026 33.43755390619346
1.198064791812385 33.06699386865976
2.176682138071783 32.72721240955408
3.156370538584355 32.41915020952182
4.139915597839575 32.14166282544153
5.129824132411727 31.892078323209397
6.128374243462133 31.667754981971882
7.137617922937778 31.466121909948264
8.159381006891323 31.284679040261224
9.195263151418743 31.120997126349756
10.246637821054833 30.972717738665374
11.314652284857004 30.837553259876337
12.400227619016988 30.713286877494127
13.504058717671143 30.597772571998973
14.62661431702682 30.488935094689126
15.768137046875069 30.38476992413078
16.92864354629586 30.28334317050409
18.107924754742214 30.182791336418195
19.30554678705718 30.081320599695875
20.520854435952884 29.97720394576488
21.752995690441338 29.868761092348596
23.0005909384997 29.75462933352118
-2.75885126489743 34.72206058795478
24.477091411667658 29.813514900710523
24.687888574219613 29.988016901444684
24.893571803809493 30.15515884198473
25.0928408844739 30.313442331658184
25.28439278275752 30.461371518001673
25.466917854922258 30.59745619139103
25.63909890150572 30.720212559748216
25.799610854539367 30.828163503507966
25.947120657113487 30.91983867507396
26.080287213212443 30.993774538273193
26.19776137097992 31.048514382029587
26.298185924977503 31.08260831749146
26.380195634961552 31.094613260930853
26.442417265111317 31.083092898789516
26.483469655957578 31.046617625109164
26.50196385359169 30.983764427364815
26.496503354044364 30.893116672860906
26.465684594165623 30.77326367804723
26.4080980350368 30.622799759197505
26.32233087328035 30.44032185581482
26.206975179574556 30.22442239796364
26.06066045800327 29.97366076957838
25.88228157539953 29.68636354302585
25.667944387521516 29.363301449688464
24.262504274982945 29.633132021994324
24.97024145845802 28.736238934192215
24.489301909618064 28.424952490952755
23.974089848337883 28.06599960385726
23.423883484815065 27.657394148137215
22.838345192023326 27.196829551201382
22.838345192023326 27.196829551201382
-1.1156077085019405 -35.30377600533114
-3.7563540194679135 -35.121090320123756
-6.510744646460999 -34.71615452411806
-9.344988856626394 -34.06277093930252
-12.217692474090633 -33.14104964243608
-15.081438727432527 -31.939808808203
-17.88525102603965 -30.458479550519446
-20.577731137142045 -28.70815497452524
-23.110503462046847 -26.71152954296298
-25.441499687462183 -24.50165860603574
-27.53762485908062 -22.119683494896766
-29.376459391210748 -19.611853926398922
-30.946838555456655 -17.026284510026397
-32.248355703341794 -14.409883248125432
-33.290002536444874 -11.805799927042518
-34.08825438367703 -9.251599530221087
-34.66492427273055 -6.778215543911207
-35.045063399957584 -4.409615866129043
-35.255105285555025 -2.1630377015423026
-35.321363490815806 -0.049617975855197116
-8.335018176482954 34.323878755052746
-10.882107332185335 33.603287351160475
-13.494825047109778 32.64185775567563
-16.134724535035467 31.420882307350755
-18.757211451955314 29.929386885475953
-21.313583583758835 28.16615585435807
-23.753832041406234 26.141091104667492
-26.029927910009274 23.875594941144048
-28.099180815494403 21.401804089655958
-29.927199199421963 18.760701715873548
-31.49003294357161 15.99934392425633
-32.77522827097183 13.167596309864297
-33.78172945195359 10.314840572150157
-34.51876242662038 7.487070276710682
-35.00398049635379 4.724672497088765
-35.26121557876677 2.0610329210371745
-35.31816318286458 -0.4780483055214937
-35.20425899773083 -2.8742528097839575
-34.94891071933419 -5.116133337381967
