21.73708540227542 -29.251482802937446
21.9404264520287 -29.72466812414109
22.12353924385208 -30.175798048288584
22.287028978230875 -30.605217492915457
22.431494122032092 -31.013275831713315
22.557526436185647 -31.400326873855178
22.6657109819669 -31.766728858823612
22.756626122941196 -32.11284445534852
22.830843525081708 -32.43904076095161
22.8889281562359 -32.74568930183952
22.93143828578588 -33.03316603375552
22.958925483546732 -33.30185134225505
22.971934618487097 -33.55213004320723
22.971003857509388 -33.78439138395706
22.9566646634744 -33.99902904412312
22.929441792916226 -34.19644113692161
22.88985329331673 -34.37703021120821
22.838410498889324 -34.54120325323407
22.775618025633836 -34.689371690092884
22.70197376392377 -34.82195139356392
22.61796886852519 -34.93936268625407
22.524087743952407 -35.0420303502173
22.420808022240347 -35.1303836391714
22.30860052967552 -35.20485629874122
22.187929232655726 -35.26588659709358
22.059251148523735 -35.31391737729757
21.92301618902782 -35.349396147774286
21.779666870415788 -35.37277525112319
21.629637733215233 -35.384512200627086
21.473354066733734 -35.38507042158511
21.311228719654206 -35.37492110288997
21.14365253340826 -35.35454875349441
20.970956074930033 -35.32447342581929
20.793141769224313 -35.28540628266933
20.61348327783304 -35.23615923042277
21.51290396385593 -28.755901770487412
20.06047367991809 -35.163543432999035
19.688664569460002 -35.14116390224521
19.315638074020402 -35.111583761006585
18.941929219223304 -35.07523433286295
18.56799836042825 -35.03258742160676
18.19427173473456 -34.984131759560455
17.82115159887205 -34.93036712058796
17.44901960766529 -34.871802357395524
17.078238165007992 -34.80895461696164
16.70915103712205 -34.74234898377247
16.34208365863384 -34.67251830207206
15.977343296448613 -34.60000308036794
15.615219142004086 -34.52535143659702
15.255982365656592 -34.449119066582085
14.89988614851335 -34.371869224177544
14.547165700566268 -34.294172709105794
14.198038269556719 -34.216607860186684
13.852703142148645 -34.13976055185216
13.51134163767339 -34.064224193456766
13.174117093181522 -33.990599731819884
12.841174836269346 -33.919495657974124
12.512642137953684 -33.85152801867855
12.188628132167977 -33.7873204384496
11.869223672419771 -33.727504158102846
11.554501064287294 -33.672718108266395
11.244513528816576 -33.62360905677127
10.939294020490344 -33.58083193286541
10.638852271718498 -33.54505064059623
10.343165924161013 -33.51694049672068
10.052145053703093 -33.497197986139724
9.765383842420256 -33.486609048474975
9.48551597565023 -33.4851263916176
20.430171839842096 -35.178496369289945
9.247473344731375 -33.3916306694274
9.287161855683493 -33.30173415071613
9.330073366146117 -33.22480529996588
9.376525293557435 -33.16140029761843
9.426786466545998 -33.112088555981444
9.48111489115545 -33.07744233330226
9.539767194824329 -33.05803413736757
9.603001776764152 -33.05443585856867
9.671080071241725 -33.06721842235012
9.744267125558729 -33.09695163002675
9.822831893631225 -33.14420407728258
9.907047400228173 -33.20954310881024
9.997190842499016 -33.29353478915141
10.093543661628175 -33.39674388237637
10.196391601821176 -33.51973383365504
10.306024769104937 -33.66306675123769
10.422737700091119 -33.82730338423818
10.546829453381235 -34.013003092229184
10.67860374277602 -34.22072380126113
10.818369144217556 -34.45102193480537
10.966439435866747 -34.70445229929945
11.12313418997843 -34.98156788607298
11.288779868885413 -35.28291950351135
11.463712014536398 -35.60905504236794
11.648280063099293 -35.96051785957397
11.842859379704876 -36.33784273944997
12.047887360101114 -36.74154377650652
12.264007835151915 -37.17206590859689
12.493081898200202 -37.629445649538184
19.292360653731116 -29.61388124813324
20.91965586469327 -34.313426934576
23.65381580984038 -32.4890791978755
26.319631390262444 -30.369726257778353
28.863738848759525 -27.962972824116747
31.23343232047074 -25.288653087387928
33.38023901153501 -22.378626254184553
35.26335531646191 -19.275348020636073
36.852459045077 -16.02933348029802
38.12950409600238 -12.6958334458443
39.08928611582151 -9.331183228675997
39.73878948421286 -5.989313802189258
40.09552570125145 -2.718839500957273
40.18520295874791 0.4390132753343323
40.0391071126795 3.4515461913553054
39.691535551773555 6.294861001958395
39.17753634356586 8.953430378366534
38.53109865296557 11.4191814981248
37.78384322889532 13.690305341589067
-3.4096404578855726 40.04269747956087
-0.41411494403881477 40.18546725253802
2.734533590973683 40.09445841424372
6.001950761632756 39.736882823727086
9.344797596486131 39.08603366130143
12.712218255270471 38.12404459815417
16.048299837626658 36.844203639287855
19.295338849767347 35.25242074190567
22.397548878651904 33.367545215674454
25.304726025838136 31.220411756556814
27.97537430309883 28.85171922248651
30.378891634445765 26.309051912873684
32.49659966328589 23.64348281907317
34.321612733818 20.906223208449262
35.85772554084046 18.1457099207895
37.117615217453206 15.405385748522093
38.1206899473806 12.722274459677266
38.890885016647374 10.126318783921135
39.45463453161656 7.6403588572952685
39.839160317209334 5.28058469408208
9.21037747576922 -33.49402460024058
-12.494370161729478 32.412519979621464
-35.34167231576826 7.642908504895587
-35.39672358597525 8.405974541993828
-35.411760603187616 9.179819804167806
-35.388415470691626 9.963030733675737
-35.32829090471223 10.754237618011246
-35.23296017901322 11.552114875863765
-35.10396711115107 12.355381128245654
-34.942826058746675 13.162799222081475
-34.75102191805973 13.973176239277336
-34.530010123582024 14.785363500478951
-34.2812166489355 15.598256566914927
-34.00603800729008 16.410795240857567
-33.70584125214393 17.221963565485993
-33.38196397887448 18.030789824581944
-33.03571432601781 18.83634654160366
-32.668370977223304 19.637750478515585
-32.28118316408511 20.434162634391384
-31.875370668969015 21.224788242989604
-31.452123829848833 22.00887677006986
-31.01260354610063 22.78572190914616
-30.557941287333946 23.554661575916867
-30.089239105899658 24.315077900037437
-29.60756965497803 25.06639721241467
-29.11397621764797 25.80809002664401
-28.609472751807697 26.53967100826125
-28.095043966071266 27.26069892458156
-27.571645451509223 27.970776556256624
-27.040203926896986 28.66955053387497
-26.5016177281764 29.356711010526595
-25.95675788592917 30.031990942538215
-25.406470817551163 30.69516429023369
-24.851586404868772 31.34604062207731
-24.292950302461005 31.984443529828837
-23.731650097469622 32.610059538544704
-23.165980906614863 33.22446530367634
-35.244945693601615 6.892077092363536
-22.26959597374038 33.82020756247451
-21.938823869741128 33.80614480213035
-21.6062736117113 33.78493409708855
-21.272332295472896 33.75708246761022
-20.9374201792931 33.723072572407716
-20.601956445563435 33.683385581672155
-20.266350642152943 33.63850689582014
-19.930999829688734 33.588928050979206
-19.5962874411925 33.53514748125016
-19.26258276412961 33.477670864600015
-18.930240682352828 33.41701129590416
-18.59960153793356 33.35368937973681
-18.270991052901103 33.28823328241583
-17.944720284083253 33.22117876363993
-17.621085596184862 33.153069194968225
-17.300368646598827 33.084455570898655
-16.98283637854311 33.0158965154433
-16.668741020589053 32.94795828477325
-16.35832009253935 32.88121476645651
-16.05179641917019 32.81624747537839
-15.749378155180047 32.753645545427986
-15.45125882724945 32.6940057132926
-15.15761740689679 32.63793229138207
-14.8686184391009 32.586037118181025
-14.584412282999526 32.538939466055325
-14.30513559424378 32.49726585562911
-14.030912386887103 32.46164964596906
-13.761856689999611 32.43273001149032
-13.498080517210873 32.41114886920968
-13.239725747236527 32.39753858995084
-12.987187288031734 32.39243597314231
-12.738098674348336 32.397444237756815
-22.598475659735044 33.82643087980148
-12.233317752625297 32.392782253295366
-11.97830188643929 32.38447638618956
-11.728925328752744 32.38839154843129
-11.485059452449214 32.40521142806256
-11.246606673723171 32.43560580690274
-11.01346651196031 32.48024364256574
-10.785527102490065 32.53979634015354
-10.562662364376536 32.614938842680544
-10.344730864131655 32.706350068033544
-10.131575294966872 32.814713108309945
-9.923022210972078 32.94071532999138
-9.718881877313173 33.08504842948702
-9.518948175500846 33.24840846567673
-9.322998534775117 33.43149588202152
-9.130793872502004 33.63501552209232
-8.942078532599346 33.85967664401247
-8.756580210681214 34.1061929351217
-8.57400985219602 34.37528252965086
-8.394061502660442 34.66766803391013
-8.216412073427804 34.98407656412607
-8.040720955346067 35.325239807260175
-7.866629346274124 35.69189412742131
-7.693759004697739 36.08478076165588
-7.52170975936032 36.504646210956935
-7.350054032425277 36.952243099216304
-7.178323149629904 37.428332321010174
-7.005966272502164 37.93368948277171
-6.832186130000537 38.469130667906484
-6.654789143933428 39.03569279069535
17.255666405475964 -30.845082575267938
17.255666405475964 -30.845082575267938
15.06997277045084 -31.969877429699977
12.747956955726739 -32.964628552845966
10.307090185414008 -33.807410934318995
7.769296093513667 -34.479199242202284
5.160263690684875 -34.96496562009992
2.508449457789766 -35.254571667939516
-0.15615347455100803 -35.343355220812796
-2.8033674127383783 -35.23234697435535
-5.4041752137818335 -34.92809803626467
-7.931934147486796 -34.442148058042235
-10.363357269865968 -33.79020521200317
-12.67919741361315 -32.99113661453322
-14.864610408176556 -32.0658774959504
-16.909212734524 -31.03636039987262
-18.806878479834335 -29.92454617896341
-20.555338226526143 -28.75161234722816
-22.155648416814653 -27.537327128874864
-23.61159596786788 -26.299613647776937
-35.05358106531544 4.519247356532844
-35.2782482284741 2.1499637444230473
-35.34236393263764 -0.3073334104252865
-35.23014058176129 -2.8309603956089404
-34.929414694181105 -5.395658559814109
-34.43256820345445 -7.97341765409459
-33.737219022151294 -10.53457141147959
-32.84659121484671 -13.04908378917554
-31.769509106070334 -15.487912491084245
-30.520005295952362 -17.824320994282203
-29.116581225886282 -20.035015345353145
-27.581200972318822 -22.10100665347008
-25.938126424866677 -24.008139031166124
-24.212710847766278 -25.74726734188758
-22.430258537291696 -27.314110714471795
-20.615035208288777 -28.70883950167932
-18.789483283510787 -29.935471603280916
-16.97366493646795 -31.001158700872594
-15.184928653649923 -31.915436452533925
-13.437775191842338 -32.68949892650048
15.444223600696304 -37.10147203095016
