85.5793595939
3.590782517
87.9360446465
33.8610225952
90.2985607692
34.1737587848
92.6667290731
34.5269064352
95.0403706691
34.9183808958
97.4193066685
35.3460975161
99.8033581821
35.8079716455
102.192346321
36.3019186334
104.586092197
36.8258538293
106.984416919
37.3776925826
109.387141601
37.9553502427
111.794087352
38.5567421591
114.205075283
39.1797836812
116.619926506
39.8223901584
119.038462132
40.4824769402
121.460503272
41.157959376
123.885871036
41.8467528153
126.314386536
42.5467726074
128.745870883
43.2559341019
131.180145188
43.9721526481
133.617030562
44.6933435954
136.056348116
45.4174222934
138.497918961
46.1423040915
140.941564209
46.865904339
143.387104969
47.5861383855
145.834362354
48.3009215803
148.283157473
49.0081692729
150.73331144
49.7057968127
153.184645363
50.3917195492
155.636980355
51.0638528318
158.090137526
51.7201120099
160.543937988
52.3584124329
162.998202852
52.9766694504
165.452753228
53.5727984117
167.907410228
54.1447146662
170.361994962
54.6903335635
172.816328542
55.2075704529
175.270232079
55.6943406838
177.723526684
56.1485596058
180.176033468
56.5681425682
182.627573541
56.9510049205
185.077968016
57.2950620121
187.527038002
57.5982291924
189.974604612
57.8584218109
192.420488956
58.073555217
194.864512145
58.2415447602
197.30649529
58.3603057898
199.746259503
58.4277536554
202.183625893
58.4418037063
204.618415574
58.400371292
207.050450803
58.3013924803
209.479636707
58.1442984906
211.906015607
57.9309958987
214.329642712
57.6636237984
216.750573228
57.3443212835
219.168862365
56.975227448
221.584565329
56.5584813855
223.997737329
56.09622219
226.408433573
55.5905889552
228.816709269
55.0437207751
231.222619624
54.4577567434
233.626219846
53.8348359539
236.027565144
53.1770975006
238.426710725
52.4866804772
240.823711798
51.7657239776
243.218623569
51.0163670955
245.611501247
50.2407489249
248.002400041
49.4410085596
250.391375157
48.6192850934
252.778481804
47.7777176201
255.16377519
46.9184452335
257.547310523
46.0436070276
259.92914301
45.155342096
262.309327859
44.2557895328
264.687920279
43.3470884316
267.064975477
42.4313778863
269.440548661
41.5107969908
271.81469504
40.5874848389
274.187469821
39.6635805244
276.558928211
38.7412231412
278.929125419
37.822551783
281.298116654
36.9097055438
283.665957122
36.0048235173
286.032702031
35.1100447974
288.39840659
34.2275084779
290.763126007
33.3593536526
293.126915489
32.5077194154
295.489830244
31.6747448602
297.851925481
30.8625690806
300.213256407
30.0733311707
302.573878229
29.3091702241
304.933846157
28.5722253348
307.293215398
27.8646355966
309.652041159
27.1885401032
312.01037865
26.5460779486
314.368283077
25.9393882266
316.725809648
25.3706100309
319.083013572
24.8418824555
321.439950056
24.3553445942
323.796674309
23.9131355407
326.15324153
23.517394389
199.690211
95.584975472
201.693615916
195.900919526
203.70564429
196.21798057
205.725948396
196.535431264
207.754180511
196.852544267
209.789992908
197.168592237
211.833037864
197.482847834
213.882967653
197.794583716
215.939434549
198.103072542
218.002090829
198.407586971
220.070588767
198.707399662
222.144580637
199.001783274
224.223718716
199.290010465
226.307655277
199.571353896
228.396042597
199.845086223
230.488532949
200.110480108
232.58477861
200.366808207
234.684431853
200.613343181
236.787144955
200.849357687
238.892570189
201.074124386
241.000359832
201.286915936
243.110166157
201.487004995
245.221641441
201.673664223
247.334437957
201.846166279
249.448207982
202.003783821
251.562603789
202.145789509
253.677277654
202.271456001
255.791881853
202.380055955
257.906068659
202.470862032
260.019490348
202.54314689
262.131799195
202.596183188
264.242647476
202.629243585
266.351687464
202.641600739
268.458571435
202.632527309
270.562951664
202.601295955
272.664480426
202.547179336
274.762809996
202.469450109
276.857592649
202.367380935
278.94848066
202.240244471
281.035126304
202.087313378
283.117181856
201.907860313
285.194299591
201.701157936
287.266131784
201.466478906
289.332330709
201.203095881
291.392548643
200.91028152
293.44643786
200.587308483
295.493650634
200.233449427
297.533839242
199.847977013
299.566655957
199.430163899
301.591832837
198.979532031
303.609507844
198.496871681
305.619947711
197.983375478
307.623419224
197.440236214
309.620189167
196.868646682
311.610524325
196.269799673
313.594691483
195.644887981
315.572957426
194.995104397
317.545588938
194.321641714
319.512852805
193.625692725
321.475015811
192.908450221
323.432344742
192.171106995
325.385106382
191.41485584
327.333567516
190.640889548
329.277994929
189.85040091
331.218655406
189.04458272
333.155815732
188.22462777
335.089742692
187.391728852
337.02070307
186.547078759
338.948963651
185.691870283
340.874791221
184.827296216
342.798452564
183.954549351
344.720214465
183.074822479
346.640343708
182.189308395
348.55910708
181.299199888
350.476771365
180.405689754
352.393603347
179.509970782
354.309869812
178.613235766
356.225837544
177.716677499
358.141773328
176.821488772
360.057943949
175.928862378
361.974616193
175.03999111
363.892056843
174.156067759
365.810532685
173.278285118
367.730310504
172.40783598
369.651657085
171.545913136
371.574839212
170.69370938
373.50012367
169.852417503
375.427777244
169.023230297
377.35806672
168.207340556
379.291258882
167.405941072
381.227620514
166.620224637
383.167418402
165.851384042
385.110919331
165.100612082
387.058390086
164.369101547
389.010097451
163.658045231
390.966308211
162.968635926
392.927289151
162.302066424
394.893307057
161.659529517
396.864628712
161.042217998
398.841520902
160.45132466
400.82425041
159.888042294
-19.8831436099
39.678546294
-19.2345302072
140.71778713
-18.5746129579
141.744705811
-17.9035219539
142.759379428
-17.2213872867
143.761885075
-16.5283390483
144.752299842
-15.8245073303
145.730700822
-15.1100222245
146.697165107
-14.3850138226
147.65176979
-13.6496122164
148.594591961
-12.9039474976
149.525708714
-12.1481497579
150.44519714
-11.3823490891
151.353134332
-10.6066755829
152.249597381
-9.82125933106
153.13466338
-9.02623042536
154.008409421
-8.22171895751
154.870912595
-7.40785501925
155.722249995
-6.58476870233
156.562498713
-5.75259009849
157.391735841
-4.91144929947
158.210038471
-4.061476397
159.017483695
-3.20280148284
159.814148605
-2.33555464873
160.600110294
-1.4598659864
161.375445853
-0.575865587605
162.140232374
0.316316455922
162.89454695
1.21655005244
163.638466672
2.1247051102
164.372068633
3.04065153746
165.095429925
3.96425924249
165.808627639
4.89539813354
166.511738868
5.83393811886
167.204840705
6.77974910672
167.88801024
7.73270100538
168.561324566
8.69266372308
169.224860776
9.6595071681
169.87869596
10.6331012487
170.522907212
11.6133158731
171.157571624
12.6000209496
171.782766286
13.5930863864
172.398568293
14.5923820919
173.005054735
15.5977779742
173.602302704
16.6091439416
174.190389294
17.6263499024
174.769391595
18.6492657649
175.3393867
19.6777614372
175.900451701
20.7117068276
176.45266369
21.7509718445
176.996099759
22.7954263961
177.530837001
23.8449403906
178.056952506
24.8993837362
178.574523368
25.9586263413
179.083626679
27.0225381141
179.58433953
28.0909889629
180.076739013
29.1638487958
180.560902221
30.2409875213
181.036906246
31.3222750475
181.50482818
32.4075812826
181.964745114
33.496776135
182.416734142
34.589729513
182.860872354
35.6863113246
183.297236844
36.7863914783
183.725904702
37.8898398823
184.146953022
38.9965264449
184.560458895
40.1063210742
184.966499414
41.2190936786
185.36515167
42.3347141663
185.756492755
43.4530524455
186.140599763
44.5739784246
186.517549783
45.6973620118
186.88741991
46.8230731153
187.250287234
47.9509816434
187.606228849
49.0809575044
187.955321845
50.2128706065
188.297643315
51.346590858
188.633270352
52.4819881672
188.962280046
53.6189324422
189.284749491
54.7572935914
189.600755779
55.8969415229
189.910376
57.0377461452
190.213687248
58.1795773664
190.510766615
59.3223050947
190.801691193
60.4657992385
191.086538073
61.6099297061
191.365384348
62.7545664055
191.638307109
63.8995792452
191.90538345
65.0448381334
192.166690462
66.1902129783
192.422305237
67.3355736882
192.672304866
68.4807901713
192.916766444
69.625732336
193.15576706
70.7702700904
193.389383808
71.9142733428
193.617693779
73.0576120015
193.840774066
74.2001559748
194.058701761
75.3417751709
194.271553955
76.482339498
194.479407741
77.6217188644
194.682340211
78.7597831785
194.880428456
79.896402348
195.07374957
1.6636843075817467
-34.843778939094875
1.7704287332751534
-35.56558830062001
1.8774204170633766
-36.22521030371258
1.9840257359315672
-36.824686842196364
2.0899160751259984
-37.366044793541235
2.194827279547596
-37.85130750422405
2.2985252897195636
-38.28249643050218
2.4007975507599326
-38.66163154850155
2.5014501486967475
-38.990731491237646
2.600306664961181
-39.2718136028926
2.6972076558060536
-39.50689396404635
2.7920103921648405
-39.697987403660065
2.884588719978481
-39.84710750589049
2.974832981066598
-39.956266614085926
3.062649966725573
-40.02747583227656
3.147962890669362
-40.06274502667148
3.230711374664338
-40.064082825830496
3.3108514444847117
-40.0334966206318
3.388355537033675
-39.972992562610656
3.4632125244378074
-39.88457556149586
3.5354277706953496
-39.770249278576784
3.6050232636587793
-39.63201611355771
3.6720379512554757
-39.47187716894224
3.7365287567258463
-39.29183214537019
3.7985746465921864
-39.09387892082785
3.8583051175899072
-38.8800106062833
3.9155159334866596
-38.65225526516632
1.6636843075817467
-34.843778939094875
3.8814915816996347
-38.174201875151304
3.7924936074583684
-37.92773459253335
3.703760452703392
-37.6751723062749
3.6155053258718794
-37.41850312883019
3.5279343066985405
-37.15971564068224
3.4412419449024583
-36.90079934603485
3.355610160936976
-36.6437447860918
3.2712078810651235
-36.39054357685612
3.1881908934079206
-36.14318842442283
3.106701785242791
-35.90367313122077
3.0268699157238927
-35.6739925993773
2.948811407242772
-35.456142831886574
2.872629150076449
-35.252120932729994
2.7984128210654546
-35.063925105946524
2.726238923215419
-34.89355465329123
2.65617086388653
-34.743009969306684
2.588259114539568
-34.61429253162133
2.5225415646427507
-34.50940487828825
2.459044408658997
-34.430350552213376
2.3977848089162137
-34.37913393334662
2.3387815493388757
-34.35775956693209
2.282128307963802
-34.36820775655704
2.2269024015791388
-34.41111615882641
3.9705648543315135
-38.412583325138435
2.2791245485802563
-34.57236986258081
2.3873717811126483
-34.68672133275934
2.4981570713621863
-34.82581641031234
2.611525824444925
-34.98768782397999
2.727517148338478
-35.170369517156715
2.8461522955228418
-35.371897376611926
2.9674317772155234
-35.59030941381826
3.0913344063453394
-35.82364582449048
3.217816921293263
-36.06994901243471
3.346813823554413
-36.32726359783252
3.4782373090635588
-36.593636420992155
3.6119772492219795
-36.86711654118273
3.747901207480737
-37.14575523230882
3.8858544927758487
-37.42760597445958
4.025660265414842
-37.71072443916787
4.167119733342247
-37.99316846162533
4.310012524553798
-38.27299799019912
4.454097437527281
-38.548274983810586
4.599114096777839
-38.81706318663304
4.74478709559736
-39.07742756443213
4.890838427874712
-39.32743261273758
5.03703721970345
-39.56513559091329
5.183547856668099
-39.78853915605781
5.326258480995534
-39.99622695800452
2.1734446019869154
-34.484725385839766
5.651356617555052
-40.33741434492721
5.834164117969351
-40.46680479829331
6.014916075197334
-40.572255902286656
6.1929227520500945
-40.651905388538786
6.367539244600948
-40.703886399290916
6.538111525386114
-40.72633482836876
6.703962961914783
-40.717391154378916
6.864389833380926
-40.67520104950333
7.018659551867302
-40.59791561897727
7.166009874804729
-40.48369150571532
7.305648541864912
-40.33069093471315
7.436753126492533
-40.13708172648431
7.558471025573681
-39.9010372867364
7.669919577429596
-39.62073657083913
7.770186354447958
-39.29436401061688
7.858329764578684
-38.920109369388534
7.933380296343387
-38.49616744709074
7.99434328968249
-38.02073742645186
8.040205889344122
-37.492021236027966
8.069957927601365
-36.90821863483525
8.082675477738007
-36.267507549494184
8.078105755805836
-35.56790642967923
10.393528281308818
-34.18922443967789
12.635954618147423
-33.425456598364576
14.890192207493783
-32.484006433088375
17.131123034239863
-31.36005614642249
19.332078748527863
-30.053273185823734
21.465882115244767
-28.568241159291727
23.50601686273069
-26.91459955433215
25.427827713680813
-25.106853161724583
27.209640735245955
-23.16385004656778
28.83369906575433
-21.10796759772365
30.286830433270495
-18.964081845092224
31.56079671607074
-16.758419035454754
32.6523153833225
-14.517396392916902
33.56278041654252
-12.266550804198538
34.29773983915686
-10.02963308633704
34.866204468849276
-7.827916955195137
35.27986722065839
-5.6797417911160935
35.55230609653859
-3.6002818138389827
35.69823033669127
-1.601514517439334
35.73281193796538
0.3076506574594262
20.991322332135894
28.918728960129087
22.86125559018228
27.464367656317805
24.684312166800055
25.838212607937933
26.435178154828918
24.04391511055325
28.088539463422592
22.089872085025476
29.620206897859987
19.989293165317378
31.008267475692378
17.759950621467226
32.234156378336195
15.423607246620506
33.283545323524095
13.005157000895892
34.146961085506746
10.531550054285553
34.820079723917274
8.030600596535635
35.30368183578207
5.52978722546418
35.603294153829665
3.0551502936698505
35.728575831207365
0.6303705217559674
35.69252877310345
-1.7239163849260457
35.51061858153969
-3.9905470649326062
35.19988732760237
-6.156007638488923
34.7781248617236
-8.210391526802905
34.263146006500335
-10.147183040542537
33.67220077538076
-11.962917406029385
-6.266831185926364
34.315938033498455
-6.7263248944505705
34.92639182187018
-7.186481568781204
35.47195715900374
-7.646346871835206
35.95507200745463
-8.104764127102328
36.37820100423829
-8.560604298260742
36.74379346148168
-9.01279884363285
37.05427736649634
-9.460347930022081
37.31205788167205
-9.90232317097356
37.51951684474863
-10.337868722147519
37.67901256843215
-10.766201779482373
37.792879749912316
-11.186612828138252
37.86342942513492
-11.598465776507524
37.892948944736204
-12.001198032482563
37.88370196072634
-12.394320548264673
37.83792841818329
-12.777417847294473
37.75784455148439
-13.150148039286037
37.64564288256942
-13.512242826409292
37.50349222213462
-13.863507500070824
37.333537673374174
-14.203820924906779
37.13790064190854
-14.533135498042071
36.918678855951434
-14.85147705309879
36.67794641363674
-15.15894461304842
36.417753900223374
-15.455709643456657
36.14012874317017
-15.74201305780278
35.84707663205934
-16.018144244607953
35.540591461598915
-16.28472369904577
35.22252134908068
-6.266831185926364
34.315938033498455
-15.374833472821962
34.782394469697074
-14.218138456667361
34.66121723013341
-13.07335301409006
34.533087651200866
-11.941621645389375
34.39978011192884
-10.823862925004818
34.26309384109289
-9.720772742086183
34.12485138111305
-8.632825109414199
33.986898203255116
-7.560272431754811
33.85110257916217
-6.503145611442733
33.719355529308324
-5.461254093705264
33.59357079846053
-4.4341858857297325
33.475684842980726
-3.421307561272357
33.36765682239553
-2.421764254460129
33.27146859249287
-1.4344796413839447
33.189124697622276
-0.4581559027606943
33.12265235961742
0.5087263488774454
33.07410145872537
1.467908217316534
33.04554449705681
2.421352850516172
33.03907651799232
3.371246261940371
33.05681490655432
4.3199997962795464
33.1008987901508
5.270259994930882
33.17348664149067
6.224974099404733
33.27672041818068
7.186168037558815
33.41160997570605
-16.54204494870274
34.894880597134225
8.918049928573282
33.211024997567655
9.691189945515163
32.868181797472396
10.477143268426403
32.545210327978765
11.276851064353252
32.23932904210065
12.091102953523745
31.94785662209444
12.92052630489232
31.668214579163795
13.765583561104108
31.397927901676056
14.626571348047463
31.134625269447625
15.503620120646389
30.876039138346215
16.3966940033809
30.620005775102555
17.305590713847693
30.36446527252984
18.229941525257487
30.1074615523627
19.169211250911303
29.847142359890896
20.12269824416026
29.581759249690414
21.089534413938566
29.309667558592672
22.06868526136296
29.029326355067646
23.058949955551526
28.73929834495123
24.058961489677216
28.43824968077326
25.067187028669366
28.124949542013816
26.081928781716158
27.79826908487857
27.101326622442002
27.457178290451417
28.123368574063647
27.10073335756057
29.145964207871316
26.72798844814089
30.16595840659204
26.33918152323338
8.156705443798273
33.57660350121494
30.923945753100895
26.39928574030028
30.646581738216184
26.854086917343956
30.348408418976305
27.295664323476693
30.02867797182597
27.722114523081302
29.686734804617913
28.13144794268277
29.322004182661146
28.521602549462905
28.93398938938452
28.890447268125264
28.522270786131116
29.235783116270575
28.08650544440036
29.55534365273011
27.626426991991593
29.84679517388892
27.14184555485599
30.107736799355163
26.63264775598043
30.335700499837593
26.098796762277345
30.52815108267184
25.540332392936364
30.682486132465097
24.95737132959499
30.79603588468196
24.350107520646247
30.86606297369104
23.718813002164666
30.889761916750444
23.063839713988784
30.864257967372833
22.385624051048808
30.786604239362656
21.68470052806748
30.65377306673529
20.961756454403314
30.46262143051715
20.218014684056186
30.209648920488203
20.218014684056186
30.209648920488203
-0.7876125424557188
-34.08225165020529
-3.3365584603831593
-33.927681746700586
-5.996557456690184
-33.559819870398115
-8.735259971054646
-32.95323116635219
-11.512970863771258
-32.08849814115502
-14.28415389954695
-30.954533729956466
-16.99978427401642
-29.550423782102673
-19.610353136542457
-27.88645300006894
-22.06917193990897
-25.984069368589857
-24.335531352944187
-23.874717272353724
-26.37727473481239
-21.597675537640217
-28.172453427430824
-19.197215395577455
-29.709909086584467
-16.719495002297197
-30.988823829838125
-14.20960973103103
-32.017439303377586
-11.70913282525597
-32.811237433660246
-9.254345419149196
-33.39089214103078
-6.875211494274488
-33.78025834674953
-4.595036136072707
-34.00458860707076
-2.430671662077952
-34.08908444320075
-0.39310671488025406
-8.482118573396093
33.019295503868705
-10.929912864272936
32.2917515140377
-13.437596294565495
31.331313679595922
-15.967901496610367
30.12053008928467
-18.477768298048275
28.64947276632848
-20.920332745926856
26.917650136381802
-23.24763563888682
24.935269163706934
-25.413781296116312
22.72355454804824
-27.378148084407265
20.313966095600875
-29.10820119654457
17.74634706542269
-30.58150993944669
15.066235790285432
-31.78671672923052
12.32172271399628
-32.72340134204929
9.560293702189355
-33.400975034973115
6.826058729461515
-33.836876157541845
4.1576463250415046
-34.05439746816405
1.5868913463930454
-34.08045898336753
-0.8616998015309747
-33.9435718260195
-3.170826825421088
-33.672147809816366
-5.329791078347604
0.2642887737129911
-34.48161210476414
0.2893104984496233
-34.167752779898365
0.3145306185142829
-33.92269112571907
0.3400485052086424
-33.74371319956131
0.36598134272105654
-33.628105020866
0.39244517162842385
-33.57315270060232
0.41955015551832275
-33.57614247435282
0.447399010406059
-33.63436071252323
0.4760863860184372
-33.745093924540726
0.5056985976594888
-33.90562876003116
0.5363135109973598
-34.113252009466976
0.5680005083331423
-34.36525060326181
0.6008205138924723
-34.65891161036103
0.6348260828247874
-34.99152223540668
0.6700615865013901
-35.360369813575375
0.7065635764233775
-35.76274180085852
0.744361526082713
-36.19592575462738
0.7834794736460253
-36.65720929038531
0.8239401372712223
-37.14387997418868
0.8657772687032548
-37.65322499955741
0.9090850755708288
-38.18252989505777
0.954364188693944
-38.72906947729581
0.9979041566838305
-39.2902285979296
0.23951661495411258
-34.866982092888435
1.266651736102716
-40.427158835186106
1.4979285721819906
-40.996952923535815
1.7356697266508263
-41.56990521361297
1.9796932535023188
-42.1433077617242
2.229836084911824
-42.714455667583394
2.485900311896387
-43.28064847812689
2.747639757403988
-43.839190538257014
3.0147555045745094
-44.38739110741437
3.286894113339997
-44.92256440496112
3.563646817334302
-45.442029629880494
3.844549133382486
-45.94311096897917
4.129080667961034
-46.42313759838012
4.416665033208517
-46.87944368077973
4.706669840727329
-47.30936835696889
4.998406775447677
-47.71025572800036
5.2911317900938
-48.079454822371986
5.584045534795848
-48.41431952763003
5.876294333333021
-48.71220843953893
6.1669726491768415
-48.97048448513823
6.4551305061330595
-49.1865137904409
6.73980319404194
-49.3576611504553
7.0202192409771556
-49.481258320084606
7.293006264828705
-49.555030026716565
1.0424160936710223
-39.8632241015419
7.458013444393089
-49.58262029336967
7.350512579063263
-49.53976110864926
7.236541355184727
-49.45035770828994
7.116645306957992
-49.31670398621205
6.991396533469469
-49.14108929741823
6.861361504601916
-48.92580336634131
6.7270930135208005
-48.67313751377708
6.589127495479147
-48.38538506596487
6.447983956962673
-48.06484151767677
6.304163491310419
-47.713804606853756
6.158149039556179
-47.33457435051906
6.010405266351938
-46.929453064584635
5.861378495838835
-46.50074537431024
5.711496683572136
-46.0507582190823
5.561169415785741
-45.58180085417783
5.410787937031955
-45.096184849074206
5.260725218461687
-44.59622408108186
5.111336099213361
-44.08423472198112
4.962957580146053
-43.562535208419206
4.815909479293168
-43.03344617762511
4.670496077902953
-42.499290302391074
4.527011066282171
-41.96239179828319
4.385757334733057
-41.42507444790323
4.2471855223128046
-40.88964777362261
4.1100176916006035
-40.35859430377744
7.558750346182649
-49.57660246866186
4.063573400918642
-39.28795999659309
4.149273177835823
-38.75382153587671
4.232897621343227
-38.23404765737274
4.314816859356995
-37.73094750494178
4.395464369763374
-37.24682230958845
4.475315609470499
-36.78396752197307
4.55488267736763
-36.34467334399412
4.634712542496459
-35.931224904917116
4.715386344495812
-35.545902330054815
4.797519087730677
-35.190980769371095
4.881759505007722
-34.86873040893789
4.968790007571158
-34.581416471865
5.059326691036972
-34.33129921288784
5.1541193913104735
-34.12063390428014
5.253951803081179
-33.95167081121713
5.359641695981793
-33.82665514786635
5.472041305937921
-33.74782700063588
5.592038071044556
-33.71742118360734
5.720556110381551
-33.737666949001635
5.858559483173849
-33.81078735003757
6.007060341619649
-33.93899764685213
6.167143394580023
-34.12450052446502
6.34006376835157
-34.369466962865744
6.527932043365979
-34.67590232762717
-2.2207695295632846
-35.257072899783765
13.356892147269832
-33.09908342766235
15.537122761377532
-32.13337373951008
17.685795866405158
-31.00271788338884
19.779767562796337
-29.710548408720143
21.7963760321756
-28.264357120747547
23.71435090498494
-26.675559089556003
25.514667519353736
-24.95911923449998
27.18127496172167
-23.132967449949717
28.701640074920306
-21.217251202615273
30.0670706026292
-19.23349050384931
31.272805540649756
-17.20370672854716
32.31788526367302
-15.149593514983138
33.20483426625282
-13.091786468463141
33.939202866982384
-11.049271484535382
34.52902007970829
-9.038952589777864
34.984208667889106
-7.075382354809136
35.31600683085708
-5.170643394008778
35.5364311530131
-3.3343593825969435
25.808814117348277
24.654837363919427
27.32306553425377
22.965321277875148
28.763869928518716
21.132810469041033
30.110725285934166
19.165075380497655
31.344015372677347
17.073622694159468
32.445857838896984
14.873540287478306
33.400914585538544
12.583115529737
34.19709380708724
10.22324149839119
34.82608032958058
7.8166502072661785
35.28364740733156
5.387032320327819
35.56972652479408
2.958115369033578
35.68823799703557
0.5527750465604981
35.64670979769119
-1.8077533527396383
35.45573118033121
-4.104511914130882
35.12829884938162
-6.321274518140058
34.67911604005525
-8.444809190593645
34.12389990099075
-10.464958056882779
33.478742181725806
-12.374559124053093
32.75955499614349
-14.169243029879965
31.981619780086703
-15.847141314038879
3.975641142678114
-39.834131048888054
33.106605939162364
22.5059183794921
-10.108880149610343
32.93969402451313
-9.741593408613824
32.69811551521016
-9.398362227109885
32.5214420755359
-9.076827463766733
32.407408149467784
-8.774694462767513
32.3537370725594
-8.48974944970334
32.358135891030344
-8.21986362510546
32.41829406804587
-7.962994521666303
32.53188305268182
-7.717186537848534
32.69655610890794
-7.480571167442662
32.909948238901535
-7.2513670959348815
33.16967614727008
-7.027880224432664
33.4733382243254
-6.808503639580948
33.81851454155492
-6.591717522907544
34.20276685672815
-6.376088966662081
34.62363863092034
-6.160271614728032
35.07865506554364
-5.943004932347236
35.56532318035275
-5.723112590296381
36.081131987544865
-5.499498418006596
36.623552929942946
-5.271134256231704
37.190041197332846
-5.03701136081304
37.7780409939424
-4.795800219123578
38.38502241378683
-4.5503895953546305
39.00798941244301
-10.502531270842894
33.248468316294066
-3.2427917702937066
39.9494475947771
-2.155518390959685
40.25275770882726
-1.0355720200457768
40.55171120002507
0.11723699008734911
40.84359817545027
1.302872365125097
41.1257903302361
2.5210190866903304
41.39573521975416
3.771070188590272
41.65095482659473
5.052122357949031
41.88904508145515
6.362974178834634
42.10767566884127
7.702125338409701
42.304589935857706
9.067776236568648
42.47760484215854
10.457827785585437
42.624610925936565
11.869881311368715
42.74357227434675
13.301238520237632
42.83252648818936
14.748901523711709
42.88958462856954
16.209572940931366
42.91293112572325
17.67965614293422
42.90082359969054
19.155255820314835
42.8515924698211
20.63217942713112
42.7636399823412
22.105941533971247
42.63543729525961
23.571781261965043
42.465512821290446
25.024784351282335
42.252370635238805
26.458231546917148
41.995594398195266
-4.297437962718902
39.64461242134519
28.386932158059835
41.16923775388301
28.87779873293647
40.604751407811335
29.339973327024097
40.003764611345986
29.773344637303808
39.36961482953302
30.177925631770847
38.70552479631513
30.55383465179932
38.01461514544718
30.90129068733063
37.29990756848585
31.220611801797418
36.56432586782452
31.512214501661447
35.81069637769835
31.77661345022068
35.04174815604952
32.01442132383784
34.260113079424286
32.22634873532388
33.46832589431784
32.413204190492934
32.66882424557514
32.57589406260172
31.86394869177704
32.71542257812257
31.055942712942368
32.832891810080525
30.24695271162699
32.92950167807862
29.43902800654041
33.00654995758072
28.63412081522813
33.065432304365686
27.83408621406602
33.10764231550297
27.040682047935263
33.134771684298926
26.255568699085273
33.148510672307
25.480308392766716
33.15064999985265
24.716362414212227
33.143094090830346
23.965071625418233
33.127681223940954
23.227921024735963
27.867741455584735
41.69368303827724
32.44531037319763
22.470026231533694
31.799489955736874
22.433777013572893
31.17082371768055
22.3987953408662
30.560954585951322
22.366742481879584
29.971475081146536
22.33933739939053
29.403925276835537
22.318359754088817
28.85979229190076
22.305650652569824
28.34051012499549
22.30311289369081
27.847459592548148
22.312711063216256
27.381968305771295
22.336471571686616
26.945310666621026
22.37648266696621
26.538707874969873
22.434894431436533
26.16332794748905
22.51391876773792
25.82028574982013
22.615829370094445
25.510643050611804
22.742961675620023
25.235408611683454
22.897712780766142
24.995538346934666
23.082541295284585
24.791935616134992
23.29996707029548
24.625451811726407
23.55257065525609
24.49688764854477
23.842992104822315
24.406996385388084
24.173927997484782
24.356493487076136
24.548122494991077
24.346095266897464
24.968331584143442
24.37678937448584
25.437072780520197
-4.800670690882271
-34.99923667284486
-4.800670690882271
-34.99923667284486
-7.4714420827168055
-34.52782298333784
-10.20080376607089
-33.82213194478163
-12.950621131753081
-32.867528338253464
-15.678432497632457
-31.657222891171074
-18.33960059306665
-30.193576417027742
-20.88989642736999
-28.488686070400973
-23.288222840442103
-26.564105174050468
-25.49913623892124
-24.449684207225175
-27.494846979747564
-22.181668023941995
-29.256468370545804
-19.80030467561943
-30.774416964881567
-17.347284145816985
-32.048006720606764
-14.863319683033382
-33.084392592696474
-12.386120197076792
-33.89708418827067
-9.948903974679496
-34.50426325199891
-7.579500260628038
-34.92711008912303
-5.2999988289041084
-35.1882908294146
-3.1268506949709547
-35.31069709063229
-1.071297221931104
-12.963462147194548
32.86246576144825
-15.338801094172084
31.82317061132548
-17.73487086276262
30.552698117273337
-20.114587725731013
29.041287288754546
-22.437163855297285
27.286749254805784
-24.66010897449246
25.295691967808665
-26.741678775055192
23.084098922328906
-28.643513802866124
20.67709176332886
-30.333144600331337
18.107825529850174
-31.78603436370804
15.415609822296233
-32.98689665347973
12.643482745539387
-33.930147883709026
9.83555140059471
-34.61949995203156
7.034431735072076
-35.06682974259593
4.2790721620338275
-35.29054998892778
1.6031494762164584
-35.31373765817574
-0.9658878680485543
-35.16225660404825
-3.4071567729074843
-34.863057369238675
-5.706157869642055
-34.442768862674626
-7.854214145060951
-33.92663125061506
-9.84767478894861
8.991491404650105
-34.541409552959124
21.067629202268954
-28.863829960118125
21.265504690916842
-29.301462399498092
21.445328943499526
-29.718482353291805
21.607617919946346
-30.115229562247876
21.752882415256376
-30.492047185133046
21.881628073395493
-30.84928178809453
21.994355390722106
-31.187283342695252
22.09155971641921
-31.506405225023883
22.173731252314326
-31.80700421561761
22.241355052642014
-32.08944050003531
22.294911023190917
-32.35407766900062
22.334873920608775
-32.601282719153545
22.36171335110647
-32.831426053351066
22.375893769196868
-33.04488148152829
22.377874476326365
-33.242026222088185
22.368109618276694
-33.423240902398675
22.347048183014245
-33.588909561227325
22.315133996554646
-33.73941965003469
22.27280571863394
-33.87516203658633
22.22049683576855
-33.99653100849025
22.158635651787357
-34.10392427869823
22.087645274399254
-34.19774299393974
22.0079435947754
-34.27839174672039
21.919943255933017
-34.346278593500585
21.824051603198956
-34.40181508513183
21.720670600442656
-34.44541631539792
21.61019668511511
-34.47750100818686
21.493020497678955
-34.49849167686892
21.36952634226042
-34.508814945473574
21.240090998658673
-34.508902252524365
21.105080754100154
-34.49919161279254
20.96484249815657
-34.48013290125391
20.819668102073987
-34.452208987259695
20.669545078398833
-34.41608367860596
20.51750342105716
-34.37061591350337
20.851181251301437
-28.40524878666318
19.96695709759236
-34.33140889378379
19.57019227530524
-34.33843337372517
19.172414380133215
-34.33872265002762
18.774138909940113
-34.33265885713075
18.37580991531628
-34.32066311349493
17.97783774724773
-34.303173124902486
17.580608493193374
-34.2806375849176
17.184487122044352
-34.25351430887628
16.789818741486844
-34.222269487690625
16.39692916875101
-34.18737734874779
16.00612521513417
-34.14931998654646
15.617694838269738
-34.10858727190981
15.231907227950458
-34.065676800566024
14.84901285578401
-34.02109386214951
14.46924350449866
-33.97535142208565
14.092812283881102
-33.928970110008635
13.719913637789155
-33.88247821345172
13.35072334329275
-33.83641167423312
12.98539850257881
-33.79131408875236
12.624077524970573
-33.747736710196875
12.266880095757685
-33.70623845558541
11.913907122961511
-33.66738591778869
11.565240646582453
-33.63175338768022
11.220943677622948
-33.59992289314084
10.881059897934009
-33.57248427327943
10.545613058481955
-33.5500353272748
10.214605654471328
-33.533182142693136
9.88801561182214
-33.52253991595839
9.565786346188645
-33.518735416272335
9.247786997285388
-33.52241683999199
8.933534067653689
-33.53432279245297
8.625950776632507
-33.5543506600726
20.361857666249406
-34.317462841305115
8.385192781982468
-33.484375139274306
8.449654968356533
-33.396405508995485
8.516643585192135
-33.32023999027615
8.586474091726124
-33.256382665360036
8.65940800141545
-33.20535077026341
8.735695215439328
-33.16766420262945
8.815584608704285
-33.14384289913724
8.899327560902321
-33.134405959221255
8.987179372375515
-33.13987129432823
9.079399911603318
-33.16075546706537
9.176253943758567
-33.19757360871634
9.278011314060436
-33.25083937324712
9.384947060670655
-33.32106490785296
9.497341493634956
-33.40876083220613
9.615480259302487
-33.51443622015145
9.73965440331773
-33.638598580492896
9.870160443900076
-33.78175383468866
10.007300468398554
-33.94440628563132
10.151382273396948
-34.127058572347124
10.302719581920442
-34.330211598815964
10.461632400243857
-34.554364416704516
10.62844763827357
-34.800014021441655
10.803500258285183
-35.067654974268436
10.987135569438067
-35.35777864677806
11.179714273125711
-35.67087155958359
11.381625074221688
-36.007411230670584
11.59332251146293
-36.36785371854427
11.815478277264404
-36.752583799925674
12.05004044935886
-37.161566208290736
18.689821055335504
-29.2436986047733
20.272386307831
-33.96969275063998
22.916421996656013
-32.24511242123367
25.49317679371387
-30.249092699637544
27.955168116461678
-27.989609639421218
30.255876137766805
-25.485125687799353
32.3526948568056
-22.764287989946922
34.20972163156233
-19.8646575122209
35.8000184349968
-16.830577893842673
37.107054111035126
-13.710441546045416
38.12517486641838
-10.553706154325027
38.85911351773467
-7.408034071373322
39.322694412585065
-4.3168711263215584
39.53698787750878
-1.3176728579356336
39.52820196658911
1.5591412621562881
39.3255761640815
4.290539773716404
38.959480404413256
6.860652943048223
38.459845967785526
9.260125286464984
37.854981532146155
11.48520985388123
2.012976424843899
39.50769036655825
4.905143244542828
39.253652593578266
7.901915817709579
38.76170015100794
10.967429955654637
38.00822479878042
14.059185593529534
36.976329896752986
17.129733205902497
35.65784503417751
20.12906503523864
34.05481482836092
23.007499964084445
32.180189831470415
25.718736348100663
30.057549348602976
28.22269068792376
27.719837707327912
30.487762626615464
25.207260902564684
32.492265343839335
22.564626409766987
34.22490812843418
19.83848118649857
35.684374579810935
17.074398467722403
36.87816724818779
14.314693590905364
37.820963670334464
11.596740026147756
38.532744865164545
8.951940870166169
39.03692643629964
6.405313934050952
39.358663640690736
3.975584058448135
39.52343458068597
1.6756464821238524
8.322591298882465
-33.58373138529009
-13.257140273607625
31.959048350247286
-34.783039622518906
6.964692736503622
-34.85066404462185
7.68942915925183
-34.882085238772284
8.42449384009413
-34.87872622813671
9.168604040421712
-34.84198529747463
9.920516510707927
-34.77323596409104
10.679027651836009
-34.67382697142603
11.442973555349965
-34.545082286699646
12.211230016497552
-34.38830110035314
12.982712539212827
-34.20475782652371
13.756376338281257
-33.99570210318572
14.531216340006495
-33.762358793025186
15.306267182439399
-33.505927983888036
16.08060321497595
-33.227584989873186
16.853338497843936
-32.92848035300076
17.623626801516508
-32.60973984404951
18.390661605248738
-32.272464465430296
19.153676096056984
-31.917730453064
19.911943166328655
-31.546589280727872
20.66477541160313
-31.16006766462909
21.41152512670422
-30.759167570351643
22.151584300535404
-30.344866223319737
22.884384608837223
-29.918116123836814
23.60939740304414
-29.479845069976967
24.326133692915107
-29.03095619533542
25.03414411980995
-28.57232802997839
25.733018910795522
-28.104814608950903
26.422387800068833
-27.62924567158659
27.101919881401443
-27.146427062050385
27.771323315046885
-26.657141608168725
28.430344681096642
-26.162151320132665
29.07876736485457
-25.662203985354477
29.716406712389443
-25.15805954641629
30.34309065189052
-24.650674749875787
30.958524048467524
-24.13873207905568
31.564103991815728
-34.677764414378046
6.251605667966487
-23.290261429624252
32.18958923406447
-22.954101197903174
32.21325837016553
-22.61603756172017
32.230336150094814
-22.276461442023127
32.241260332824965
-21.935788502189393
32.246448043216844
-21.59443119471967
32.24631630773348
-21.252791773046948
32.24128718761111
-20.911259962864634
32.23178948996522
-20.570212031219747
32.21825945199055
-20.2300103639193
32.20114105155355
-19.891003254935196
32.180886162119606
-19.55352479395941
32.15795463592207
-19.217894803291752
32.132814351146976
-18.884418801013457
32.10594123913555
-18.553387980157574
32.077819301327196
-18.22507919727697
32.048940618696975
-17.899754968324384
32.01980535711462
-17.577663470079578
31.990921768486686
-17.259038548300552
31.9628061895923
-16.94409973310916
31.93598303617702
-16.63305226631973
31.91098479295448
-16.326087146809712
31.88835199505121
-16.023381208191495
31.868633196541282
-15.725097255655612
31.85238491357464
-15.431384321626261
31.84017151878291
-15.142378177803021
31.832565029058458
-14.858202462522193
31.830144638259867
-14.578971499452294
31.833495547537325
-14.304798755212936
31.8432054575907
-14.035830669681623
31.859850535252917
-13.772483469282058
31.883897178938298
-13.51224703387475
31.917027828258483
-23.624347757082887
32.15872660005945
-12.820567121021242
31.97188190741494
-12.390467801605247
31.99478969245891
-11.96625676049431
32.02854268172857
-11.547624199758367
32.07379195092318
-11.134283984682796
32.13117324783511
-10.72593762763465
32.201321930296274
-10.32226528176259
32.28487670187431
-9.922922735361048
32.3824808560027
-9.527540206142135
32.49478277450157
-9.135721788530653
32.62243615414201
-8.74704517143644
32.76610011960534
-8.36106147907158
32.92643928492771
-7.977295170231429
33.10412378834067
-7.595243965097403
33.29982931396614
-7.214378781660059
33.51423710537438
-6.834143669500122
33.748033974500856
-6.453955729478331
34.00191230900694
-6.073205004176302
34.27657007772416
-5.69125431663435
34.572710836452416
-5.307439018087685
34.89104373444931
-4.921066572004634
35.232283523504606
-4.531415829717361
35.59715057267903
-4.137735688042326
35.98637089445734
-3.7392424069667527
36.40067619580927
-3.335113710823407
36.84080398970892
-2.9244740434909176
37.307497874251396
-2.506350336008097
37.80150836658868
-2.079495080204964
38.32359624225231
-1.6411478480982424
38.87455590222518
16.69192179239258
-30.428326704633818
16.69192179239258
-30.428326704633818
14.55132950752105
-31.508127978837933
12.280555066756591
-32.46061130693076
9.896638714998044
-33.264994533474436
7.420806640235476
-33.90331765440544
4.877806542037982
-34.361465662944795
2.2949564586043074
-34.62999413832455
-0.29901938459153143
-34.70466692787758
-2.875263610719596
-34.58664739948284
-5.406048908288323
-34.282327143420076
-7.865916819902893
-33.8028204703343
-10.232598866494904
-33.163191034710295
-12.48766016535404
-32.38150186081418
-14.61684377110198
-31.477788952505534
-16.610129426020396
-30.47305235151434
-18.46154779368943
-29.388340753240954
-20.1688078441091
-28.24398182471242
-21.732800820565107
-27.058985340565272
-23.157041073681366
-25.850624129392244
-34.4813971552272
3.941645518152569
-34.667824011220475
1.6264370551386094
-34.69739226719477
-0.7709014357848218
-34.55539413337057
-3.229249983309046
-34.2306469450393
-5.724170585452015
-33.71634227869785
-8.22870478951424
-33.01067288804272
-10.714419939778537
-32.11715646331358
-13.152626349072563
-31.044607188385353
-15.515659305557534
-29.80674825535713
-17.77810669360062
-28.421503005796193
-19.917868511936717
-26.910040514956346
-21.91695778730913
-25.295676166434856
-23.76198826803308
-23.602735504055826
-25.444335241716658
-21.855480920916005
-26.959993933284906
-20.07717949330768
-28.309189016303307
-18.289362284677903
-29.495805572777357
-16.511296626552078
-30.526716215100706
-14.759667867954303
-31.411073263977457
-13.048448592428553
-32.15962233139612
14.961213869230448
-36.62064652277405
3.5520132000695375
3.572616004506816
3.5910964785506074
3.6076177537522085
3.6223240895253226
3.63534386322069
3.6467920084823398
3.656772028309109
3.665377671950787
3.6726943433755617
3.678800293784354
3.6837676391379603
3.6876632350830154
3.690549434983232
3.6924847516215826
3.693524439206699
3.6937210090732098
3.693124690022887
3.691783842179363
3.6897453316589397
3.687054871935202
3.683757336749717
3.679897048354945
3.6755180441747055
3.670664324055486
3.6653800787223783
3.659709932645849
3.5520132000695375
3.647302653529557
3.6406570628127946
3.6338103214865116
3.6268117088995133
3.619711850358052
3.612562807538148
3.6054181452313165
3.59833297176032
3.5913639502145522
3.58456927748655
3.5780086280948593
3.5717430597596085
3.565834877924308
3.5603474567401103
3.555345014544896
3.550892342568921
3.5470544865155116
3.543896381716767
3.541482443924092
3.5398761192039836
3.5391393982346755
3.539331730995346
3.5404692749369238
3.6536990495336648
3.545223036559391
3.5487199065526434
3.5529251709280087
3.5577741523269792
3.5632020688483306
3.5691444112224633
3.575537272630098
3.58231763095078
3.589423583923571
3.5967945384416513
3.604371356099494
3.6120964574675165
3.61991388804994
3.627769349048221
3.6356101961317604
3.643385409325293
3.651045537072329
3.6585426172053346
3.665830077341866
3.6728626167963396
3.6795960714590765
3.6859872611513893
3.691993802452841
3.6975744117627176
3.5424987063164326
3.7069986553566725
3.7107681939595767
3.7139547769494428
3.7165168886628916
3.7184123119193924
3.7195978503283396
3.7200290229867
3.7196597307272516
3.718441889610795
3.7163250258819773
3.713255825101113
3.7091776266204595
3.704029852513731
3.697747357650413
3.690259684505651
3.681490202309158
3.671355105140131
3.659762236951571
3.6466097028776074
3.6317842141537913
3.6151590949159016
3.596591817006951
3.5761064311169664
3.5761064311169664
3.576106431116967
3.5761064311169664
3.5761064311169664
3.5761064311169664
3.576106431116967
3.5761064311169664
3.5761064311169664
3.5761064311169664
3.576106431116967
3.5761064311169664
3.576106431116967
3.5761064311169664
3.5761064311169664
3.5761064311169672
3.5761064311169672
3.5761064311169664
3.576106431116966
3.576106431116967
3.576106431116967
3.576106431116967
3.576106431116967
3.5761064311169664
3.576106431116967
3.5761064311169672
3.576106431116967
3.5761064311169672
3.5761064311169664
3.5761064311169664
3.576106431116966
3.576106431116967
3.5761064311169655
3.5761064311169664
3.5761064311169664
3.5761064311169664
3.576106431116967
3.5761064311169664
3.5761064311169664
3.576106431116966
3.5520132000695375
3.571451759322229
3.588855047258966
3.604386698703848
3.6181915247011553
3.6303984214533807
3.6411227962601536
3.650468576829242
3.6585298864188216
3.665392451215992
3.671134792065809
3.675829241397814
3.6795428176913907
3.682337983168077
3.6842733052684293
3.6854040385429743
3.685782640345128
3.685459231271964
3.684482009225219
3.6828976243955482
3.6807515210504276
3.678088250987137
3.6749517624677757
3.6713856678400676
3.6674334926188608
3.663138912078598
3.6585458539710882
3.5520132000695375
3.63834751514485
3.6233819485074785
3.608885556117085
3.594941175199227
3.581630968082819
3.569036081949045
3.5572362951819496
3.5463096609034817
3.5363321570164237
3.527377351253243
3.519516088648463
3.5128162072148217
3.507342285715402
3.5031554252350823
3.5003130640035387
3.498868822762552
3.4988723761045226
3.500369343698105
3.5034011943902685
3.508005155272078
3.514214114679117
3.5220558992310496
3.531514103954434
3.6536990495336648
3.5376946652196177
3.5341867299240968
3.5319354049093152
3.5308994223989214
3.531035963965857
3.532300796002017
3.5346483615493995
3.5380318375935174
3.542403164561508
3.547713054728001
3.553910986544137
3.560945191558814
3.568762640213881
3.5773090319441305
3.586528793964967
3.5963650918527073
3.6067598537841024
3.617653808834624
3.628986538471356
3.640696538959915
3.6527212905686963
3.6649973240986866
3.677460228743487
3.690046070156224
3.542498706316433
3.7052378849220737
3.7073933438249402
3.709114175632051
3.710360445978429
3.711091380145568
3.711265069502652
3.7108381591025545
3.709765509188346
3.707999825042816
3.7054912490736807
3.702186907751372
3.698030404542115
3.6929612479440204
3.6869142013289244
3.6798185382053057
3.671597182558453
3.662165709000637
3.651431171050308
3.6392907179205083
3.625629950946967
3.6103209669870635
3.593220126450403
3.593220126450403
3.529043714919977
3.5290437149199767
3.529043714919977
3.529043714919977
3.529043714919977
3.529043714919977
3.529043714919977
3.5290437149199767
3.529043714919977
3.529043714919977
3.5290437149199767
3.529043714919977
3.529043714919977
3.529043714919977
3.5290437149199767
3.529043714919977
3.529043714919977
3.529043714919977
3.529043714919977
3.529043714919977
3.529043714919977
3.529043714919977
3.529043714919977
3.529043714919977
3.529043714919977
3.529043714919977
3.5290437149199767
3.529043714919977
3.529043714919977
3.529043714919977
3.5290437149199767
3.529043714919977
3.529043714919977
3.529043714919977
3.529043714919977
3.529043714919977
3.529043714919977
3.529043714919977
3.529043714919977
3.5404555718892983
3.531318144851897
3.5241271281970388
3.518844898699272
3.5154213947846906
3.513795035493398
3.5138938318291495
3.515636646379973
3.518934553913874
3.523692255269162
3.529809499215446
3.5371824712842495
3.5457051145829115
3.555270354433542
3.565771205929656
3.577101750588554
3.5891579748273266
3.601838468702319
3.6150449881132225
3.628682887282296
3.6426614306181575
3.6568939908496225
3.671298284058089
3.5515639036039977
3.699992404549122
3.7141647964450932
3.728247372178177
3.742178022299273
3.7558981428010663
3.7693523937186098
3.7824884350846446
3.795256649327469
3.8076098548212363
3.8195030137685926
3.830892936533804
3.8417379837050514
3.851997766460114
3.861632845108656
3.8706044250835503
3.878874049130915
3.8864032837952944
3.8931533977904462
3.8990850291824706
3.904157837394127
3.908330133907559
3.911558470328166
3.9137976406343036
3.685795986821049
3.914826769559099
3.9136639031104643
3.911563876345766
3.9085678814949625
3.904715115983518
3.9000431307594554
3.894588153097434
3.888385388018863
3.881469302295183
3.8738738945188667
3.865632954131215
3.856780311926587
3.8473500840322363
3.837376910993332
3.8268961932321224
3.815944323729144
3.8045589183924204
3.792779044192558
3.7806454446561064
3.7682007619251654
3.7554897539659646
3.742559505178555
3.7294596283656603
3.7162424601451924
3.702963098202362
3.915008915819506
3.6762386361660133
3.662928487861387
3.649817535760387
3.6369770784227273
3.624481670212129
3.6124090093646313
3.6008397530503675
3.58985725269659
3.5795472026928863
3.569997196745054
3.5612961879918785
3.553533851389928
3.54679985001973
3.5411830104906703
3.536770416802353
3.5336464363366207
3.5318916962288784
3.5315820325568805
3.5327874386334237
3.535571041573983
3.539988137891672
3.5460853184941326
3.553899707784294
3.5634582954470577
3.5646459726796342
3.574941106771538
3.574941106771538
3.5749411067715386
3.574941106771539
3.574941106771538
3.5749411067715395
3.574941106771538
3.574941106771538
3.574941106771538
3.574941106771538
3.574941106771539
3.574941106771539
3.5749411067715386
3.5749411067715386
3.574941106771538
3.574941106771538
3.574941106771538
3.5749411067715386
3.574941106771539
3.574941106771538
3.574941106771539
3.5749411067715386
3.574941106771538
3.574941106771539
3.5749411067715378
3.5749411067715386
3.574941106771539
3.574941106771538
3.5749411067715386
3.574941106771539
3.5749411067715395
3.574941106771539
3.574941106771539
3.5749411067715386
3.5749411067715386
3.5749411067715386
3.5749411067715386
3.574941106771538
3.6896799750989957
3.6896799750989953
3.5396818692581262
3.5298369063052943
3.52200484607009
3.516148334832294
3.51221754892607
3.5101511169360484
3.5098772316514184
3.5113149097344865
3.51437535222265
3.518963358296493
3.524978747027612
3.5323177461188577
3.5408743126551694
3.550541357706065
3.5612118538664435
3.572779811898341
3.5851411191642955
3.5981942381945107
3.6118407682960187
3.625985875940481
3.640538597672155
3.6554119741110855
3.6705245372165254
3.551563903603998
3.6908985162570804
3.6966102431432297
3.7029039442044556
3.709754213161404
3.7171369918501003
3.7250288637436215
3.73340631503445
3.7422450028359537
3.75151905272904
3.7612004035165314
3.771258214215547
3.7816583454001673
3.792362923695153
3.803329994440758
3.8145132635528545
3.8258619255735185
3.8373205708517886
3.8488291611808716
3.8603230598371407
3.871733098450129
3.8829856559561136
3.894002670474877
3.9047032806453865
3.6857959868210486
3.9121677953784
3.90854556009777
3.9041889965884318
3.8991422312358606
3.8934471457297946
3.8871437220512517
3.8802703569749126
3.8728641548650606
3.8649612037238077
3.856596838297825
3.84780589327961
3.838622949208692
3.8290825731283897
3.8192195556649606
3.8090691458197328
3.798667284329183
3.7880508360517275
3.77725782143688
3.766327646629293
3.7553013313496093
3.744221733011001
3.7331337650030383
3.7220846057448926
3.7111238889457576
3.7003040511409857
3.9150089158195054
3.6754508053735373
3.6614143437683815
3.647638950875073
3.6341962713361684
3.621161177390928
3.6086116537716864
3.596628611652633
3.585295623356878
3.5746985706313046
3.5649252006717784
3.5560645859860154
3.548206486590028
3.5414406161889995
3.535855817520913
3.5315391562247402
3.5285749469160983
3.52704372973702
3.5270212198569397
3.5285772563026194
3.531774779525978
3.536668869176477
3.5433058750704296
3.551722679123865
3.5619461838710404
3.5646459726796347
3.5646459726796347
3.564645972679635
3.5646459726796347
3.5646459726796347
3.5646459726796342
3.5646459726796347
3.5646459726796347
3.5646459726796347
3.564645972679634
3.5646459726796347
3.5646459726796347
3.5646459726796347
3.5646459726796347
3.5646459726796342
3.5646459726796342
3.5646459726796342
3.564645972679635
3.5646459726796347
3.564645972679635
3.5646459726796347
3.5646459726796347
3.5646459726796347
3.564645972679635
3.5646459726796342
3.5646459726796342
3.5646459726796347
3.5646459726796347
3.5646459726796347
3.564645972679635
3.564645972679635
3.564645972679635
3.564645972679634
3.5646459726796342
3.5646459726796342
3.5646459726796342
3.5646459726796347
3.564645972679635
3.5646459726796347
3.5646459726796347
3.5749411067715386
3.576120990157899
3.5891954622672295
3.601364225901369
3.612673848278781
3.6231672311130803
3.632884005735584
3.6418608784163506
3.650131933325733
3.6577288993825614
3.664681386175842
3.6710170932711517
3.6767619965900185
3.6819405149176747
3.686575659190881
3.6906891667954085
3.6943016227368703
3.697432569404786
3.7001006062415818
3.702323480630112
3.704118170970882
3.705500962907947
3.7064875195012896
3.7070929460147726
3.7073318499281958
3.7072183967475447
3.7067663619962596
3.7059891798884723
3.704899988938659
3.7035116749077654
3.7018369112349743
3.6998881971881614
3.697677893580705
3.6952182546299195
3.6925214419996175
3.689599930062261
3.5620901228162807
3.68174283053989
3.6768997143712867
3.671948940710047
3.6669034306764825
3.6617761828153585
3.6565803048196317
3.6513290369409304
3.6460357726800523
3.640714077810033
3.6353777079748526
3.6300406248968566
3.6247170111494142
3.6194212834075064
3.6141681040480194
3.608972391021253
3.603849325809211
3.598814359359439
3.5938832157986464
3.5890718938110293
3.584396665446595
3.5798740722450804
3.5755209184448797
3.5713542611360856
3.5673913971433944
3.5636498464953585
3.560147332267064
3.5569017565662047
3.553931172199627
3.5512537487872127
3.548887727250461
3.546851309040627
3.54516401670333
3.6864653554486817
3.54149037418895
3.5394727938346
3.5378078930701964
3.5365138802447094
3.535608665152602
3.5351097893049244
3.535034356682882
3.5353989636130057
3.536219628088161
3.5375117190154355
3.5392898860265434
3.5415679905761555
3.5443590390100876
3.5476751183745145
3.5515273356646575
3.555925761238376
3.560879377120718
3.5663960308007425
3.5724823951530627
3.579143934988519
3.5863848806896965
3.594208209291937
3.60261563325453
3.6116075970442045
3.6211832814984226
3.631340615665859
3.6420762949019374
3.65338580010855
3.665263374799431
3.546911288845109
3.677791691928012
3.6777916919280123
3.6777916919280123
3.6777916919280123
3.6777916919280123
3.6777916919280123
3.6777916919280127
3.677791691928012
3.6777916919280123
3.6777916919280123
3.6777916919280123
3.6777916919280123
3.677791691928012
3.6777916919280123
3.6777916919280123
3.677791691928012
3.6777916919280123
3.6777916919280123
3.6777916919280123
3.6777916919280127
3.6777916919280127
3.6777916919280123
3.6777916919280123
3.677791691928012
3.6777916919280123
3.6777916919280123
3.6777916919280123
3.6777916919280123
3.6777916919280123
3.677791691928012
3.6777916919280123
3.6777916919280127
3.6777916919280127
3.6777916919280123
3.677791691928012
3.6777916919280123
3.6777916919280127
3.6777916919280123
3.543842212992129
3.543842212992129
3.5687849804879788
3.57483913584296
3.58031889245251
3.585286198658437
3.5897990046142945
3.593911557410673
3.5976746440155365
3.601135790663032
3.6043394263006476
3.6073270167589953
3.6101371755104625
3.612805756300634
3.6153659323034355
3.617848266003632
3.620280773499674
3.6226889864208407
3.6250960143334403
3.6275226098894473
3.629987238727851
3.63250615552786
3.6350934873172784
3.637761324689746
3.6405198211725946
3.6433773006586714
3.6463403725378885
3.6494140537634205
3.6526018970379703
3.655906123943339
3.659327761937197
3.6628667839681768
3.666522249939549
3.670292450487875
3.674175061042728
3.6781673886341326
3.6822643389597225
3.5620901228162807
3.6821487076777233
3.6776878746608213
3.673095330151457
3.6683836847678224
3.6635656660400704
3.6586541348313304
3.653662105264659
3.648602764531484
3.64348949178886
3.6383358758843043
3.6331557317722836
3.6279631155132526
3.6227723377392436
3.6175979754440437
3.6124548820123517
3.6073581952996197
3.6023233436492315
3.5973660496503443
3.5925023315211835
3.587748501883957
3.5831211638190372
3.5786372039718506
3.57431378257928
3.5701683202165424
3.5662184811531863
3.5624821531794315
3.558977423864394
3.5557225533559174
3.552735944585385
3.5500361152807907
3.5476417123971364
3.545570420300357
3.6864653554486826
3.5394102661502136
3.535442871145593
3.531960041908598
3.528981564360274
3.526526835247103
3.524614778128889
3.523263767716943
3.5224915553007996
3.522315194423617
3.5227509669834745
3.5238143103061494
3.525519745889196
3.527880810495251
3.5309099903689622
3.5346186592808775
3.53901702112779
3.5441140578175805
3.5499174830386577
3.556433702540876
3.5636677814202633
3.5716234188406255
3.5803029305100433
3.5897072390719704
3.5998358723456017
3.6106869689128533
3.6222572893656526
3.634542226961114
3.6475357875111984
3.6612302701592387
3.546911288845109
3.546911288845109
3.5469112888451093
3.546911288845109
3.5469112888451093
3.5469112888451093
3.5469112888451093
3.546911288845109
3.546911288845109
3.546911288845109
3.5469112888451093
3.5469112888451093
3.546911288845109
3.5469112888451093
3.546911288845109
3.5469112888451093
3.546911288845109
3.5469112888451093
3.546911288845109
3.5469112888451093
3.5469112888451093
3.5469112888451093
3.5469112888451093
3.5469112888451093
3.5469112888451093
3.5469112888451093
3.5469112888451093
3.5469112888451093
3.546911288845109
3.5469112888451093
3.546911288845109
3.5469112888451093
3.546911288845109
3.546911288845109
3.5469112888451093
3.546911288845109
3.5469112888451093
3.5469112888451093
3.546911288845109
3.5469112888451093
3.6777916919280123
16.65530468223255
0.0
0.0
0.0
0.0
0.0
0.0
0.0
0.0
0.0
0.0
0.0
0.0
0.0
0.0
0.0
0.0
0.0
0.0
0.0
0.0
0.0
0.0
0.0
0.0
0.0
0.0
16.65530468223255
0.0
0.0
0.0
0.0
0.0
0.0
0.0
0.0
0.0
0.0
0.0
0.0
0.0
0.0
0.0
0.0
0.0
0.0
0.0
0.0
0.0
0.0
0.0
0.0
0.0
0.0
0.0
0.0
0.0
0.0
0.0
0.0
0.0
0.0
0.0
0.0
0.0
0.0
0.0
0.0
0.0
0.0
0.0
0.0
0.0
0.0
0.0
0.0
0.0
0.0
0.0
0.0
0.0
0.0
0.0
0.0
0.0
0.0
0.0
0.0
0.0
0.0
0.0
0.0
0.0
0.0
0.0
0.0
0.0
0.0
0.0
0.0
0.0
0.0
0.0
0.0
0.0
0.0
0.0
0.0
0.0
0.0
0.0
0.0
0.0
0.0
0.0
0.0
0.0
0.0
0.0
46.169158685115534
50.26432343494095
50.26432343494091
54.564246422257405
54.564246422257476
59.079165558939756
59.07916555893988
63.81983065245645
68.79752900064844
74.02411226625053
85.27433274545882
0.0
0.0
0.0
0.0
0.0
0.0
0.0
0.0
0.0
21.938029523493647
45.954755779080614
50.909226073649705
51.70610281495347
52.424846216710904
48.745067097374296
49.27064065353843
49.733271706419636
50.13580730871732
50.48105080804424
50.77176409679491
51.01066989768509
51.2004540830586
51.34376802448419
56.00620140364941
43.007398559958546
56.09079735369828
56.07266001396122
42.96776275310181
55.92920771513059
55.80930656151631
55.66086905841619
60.23322872301918
60.01881386871729
59.78207712044039
59.52588868007691
64.15600891926815
21.938029523493647
62.87316340114912
44.315279016196364
51.939245242954456
47.046983829034566
46.424927761295244
49.910190514518824
49.32472190444739
44.81376039922751
40.62077864124905
40.258651268578504
43.628982762589615
39.67668656723031
35.9924936718349
35.8421131532955
50.581478600010115
50.508479469451906
50.508658943670774
35.74239308222167
39.304883068180864
43.12965184469386
43.39827517493564
40.04498579686484
40.42553629601611
63.8458096354377
40.676162507285675
40.53372314124687
40.44257120121806
36.850439462732226
36.85547142300682
36.90211689709676
36.9888487999313
37.1142116452421
37.276805115203025
37.47526729601156
34.24835314862314
37.974440441014316
34.760793704054514
38.60096027793671
38.958497617394556
35.73364155754267
36.10702149022775
36.50252012008223
36.91854621475267
37.353403529541424
37.80528033700949
42.13865312626723
42.6671093516702
43.20750435305542
37.28036677672271
43.86891605710777
43.963575683600624
44.03929473418123
44.09421381618719
44.12645556550123
44.13412052684055
44.11528323299306
44.06798834817965
43.990246853487555
43.88003227597275
47.94883359625295
47.749947736724465
47.508508238418386
47.2220889426888
46.88820287995474
46.50429855778109
46.067756349717015
45.57588499992799
45.02591828179662
48.513180993003395
43.740241428128165
46.96608331321466
46.96608331321466
0.0
0.0
0.0
0.0
0.0
0.0
0.0
0.0
0.0
0.0
0.0
0.0
0.0
0.0
0.0
0.0
0.0
0.0
81.35406383287784
75.85666312790543
47.9535499790863
44.04664993381818
44.04664993381818
36.782119237401346
44.046649933818216
40.32579274784851
40.325792747848574
40.325792747848624
44.046649933818216
47.95354997908626
44.046649933818166
47.95354997908628
52.05579502661775
56.363152326525835
60.88587749142928
70.621043408884
75.85666312790539
0.0
0.0
1.2026948673226703
0.0
0.0
0.0
0.0
0.0
0.0
0.0
0.0
0.0
0.0
0.0
0.0
0.0
0.0
0.0
0.0
0.0
0.0
0.0
0.0
0.0
0.0
0.0
0.0
0.0
0.0
1.0
0.0
0.0
0.0
0.0
0.0
0.0
0.0
0.0
0.0
0.0
0.0
0.0
0.0
0.0
0.0
0.0
0.0
0.0
0.0
0.0
0.0
0.0
0.0
0.0
0.0
0.0
0.0
0.0
0.0
0.0
0.0
0.0
0.0
0.0
0.0
0.0
0.0
0.0
0.0
0.0
0.0
0.0
0.0
0.0
0.0
0.0
0.0
0.0
0.0
0.0
0.0
0.0
0.0
0.0
0.0
0.0
0.0
0.0
0.0
0.0
0.0
0.0
0.0
0.0
0.0
0.0
0.0
0.0
0.0
0.0
0.0
0.0
0.0
0.0
0.0
0.0
0.0
0.0
0.0
0.0
0.0
0.0
0.0
0.0
0.0
0.0
0.0
0.0
0.0
0.0
0.0
1.5578902528915126
1.5650886464781362
1.5938822208246308
1.6010806144112546
1.6298741887577493
1.6442709759309966
1.6658661566908677
1.6730645502774912
1.680262943864115
1.8314292091832123
1.835028405976524
0.0
0.0
0.0
0.0
0.0
0.0
0.0
0.0
0.0
1.2064484759767937
1.585014467821696
1.5906619814025047
1.1383640827298152
1.1383640827298152
0.9294060802398902
1.6188995493065486
0.9294060802398902
0.9294060802398902
0.9294060802398902
0.9294060802398902
1.6527846307914014
0.9294060802398902
0.9294060802398902
1.1383640827298152
1.6810221986954452
1.1383640827298152
1.1383640827298152
1.7036122530186804
0.9294060802398902
0.9294060802398902
0.9294060802398902
0.9294060802398902
0.9294060802398902
0.9294060802398902
1.825033795006069
0.9294060802398902
1.0037536086541234
0.9294060802398902
1.8321611130015616
1.83646467420665
1.83646467420665
1.8407682354117378
1.7162549117972334
1.7162549117972334
1.7126557150039217
1.7090565182106097
1.705457321417298
1.705457321417298
1.7018581246239861
1.6982589278306741
1.6946597310373623
1.6946597310373623
0.9280160641337631
0.9280160641337631
1.1655630524923446
1.0071983935866238
1.021595180759871
1.0359919679331184
1.0575871486929895
1.0719839358662369
0.9294060802398902
1.1007775102127315
1.1079759037993553
1.1223726909726026
1.13676947814585
1.1511662653190973
1.338324498571313
1.179959839665592
1.1871582332522157
1.201555020425463
1.2087534140120868
1.2231502011853341
1.2303485947719577
1.2447453819452052
1.2519437755318288
1.2591421691184526
1.2807373498783234
1.295134137051571
1.3023325306381945
1.3167293178114419
1.3311261049846892
1.3455228921579367
1.3527212857445603
1.365769480364929
1.3846674760190427
1.0863807230394842
1.4161641354425658
1.4350621310966796
1.441361462981384
1.4476607948660887
1.4539601267507933
1.4602594586354978
1.4665587905202024
1.472858122404907
1.4791574542896115
1.4859063170252758
1.5003031041985229
1.4931047106118993
1.4931047106118993
1.4931047106118993
1.991931380138492
1.521898284958394
1.5146998913717704
1.5290966785450177
1.5290966785450177
1.543493465718265
1.5362950721316415
1.543493465718265
1.543493465718265
0.0
0.0
0.0
0.0
0.0
0.0
0.0
0.0
0.0
0.0
0.0
0.0
0.0
0.0
0.0
0.0
0.0
0.0
1.7346735777131286
1.7318498209227242
0.9294060802398902
0.9294060802398902
1.254138111136395
1.1863679481666898
0.9294060802398902
1.1129502716161757
1.0734176765505141
1.0338850814848526
1.1976629753283072
1.709259766599489
1.7149072801802978
1.7177310369707022
1.7205547937611065
1.7233785505515111
1.7262023073419155
1.7290260641323199
1.7318498209227242
0.0
0.0
