16.65530468223255
0.0
0.0
0.0
0.0
0.0
0.0
0.0
0.0
0.0
0.0
0.0
0.0
0.0
0.0
0.0
0.0
0.0
0.0
0.0
0.0
0.0
0.0
0.0
0.0
0.0
0.0
16.65530468223255
0.0
0.0
0.0
0.0
0.0
0.0
0.0
0.0
0.0
0.0
0.0
0.0
0.0
0.0
0.0
0.0
0.0
0.0
0.0
0.0
0.0
0.0
0.0
0.0
0.0
0.0
0.0
0.0
0.0
0.0
0.0
0.0
0.0
0.0
0.0
0.0
0.0
0.0
0.0
0.0
0.0
0.0
0.0
0.0
0.0
0.0
0.0
0.0
0.0
0.0
0.0
0.0
0.0
0.0
0.0
0.0
0.0
0.0
0.0
0.0
0.0
0.0
0.0
0.0
0.0
0.0
0.0
0.0
0.0
0.0
0.0
0.0
0.0
0.0
0.0
0.0
0.0
0.0
0.0
0.0
0.0
0.0
0.0
0.0
0.0
0.0
0.0
0.0
0.0
0.0
0.0
46.169158685115534
50.26432343494095
50.26432343494091
54.564246422257405
54.564246422257476
59.079165558939756
59.07916555893988
63.81983065245645
68.79752900064844
74.02411226625053
85.27433274545882
0.0
0.0
0.0
0.0
0.0
0.0
0.0
0.0
0.0
21.938029523493647
45.954755779080614
50.909226073649705
51.70610281495347
52.424846216710904
48.745067097374296
49.27064065353843
49.733271706419636
50.13580730871732
50.48105080804424
50.77176409679491
51.01066989768509
51.2004540830586
51.34376802448419
56.00620140364941
43.007398559958546
56.09079735369828
56.07266001396122
42.96776275310181
55.92920771513059
55.80930656151631
55.66086905841619
60.23322872301918
60.01881386871729
59.78207712044039
59.52588868007691
64.15600891926815
21.938029523493647
62.87316340114912
44.315279016196364
51.939245242954456
47.046983829034566
46.424927761295244
49.910190514518824
49.32472190444739
44.81376039922751
40.62077864124905
40.258651268578504
43.628982762589615
39.67668656723031
35.9924936718349
35.8421131532955
50.581478600010115
50.508479469451906
50.508658943670774
35.74239308222167
39.304883068180864
43.12965184469386
43.39827517493564
40.04498579686484
40.42553629601611
63.8458096354377
40.676162507285675
40.53372314124687
40.44257120121806
36.850439462732226
36.85547142300682
36.90211689709676
36.9888487999313
37.1142116452421
37.276805115203025
37.47526729601156
34.24835314862314
37.974440441014316
34.760793704054514
38.60096027793671
38.958497617394556
35.73364155754267
36.10702149022775
36.50252012008223
36.91854621475267
37.353403529541424
37.80528033700949
42.13865312626723
42.6671093516702
43.20750435305542
37.28036677672271
43.86891605710777
43.963575683600624
44.03929473418123
44.09421381618719
44.12645556550123
44.13412052684055
44.11528323299306
44.06798834817965
43.990246853487555
43.88003227597275
47.94883359625295
47.749947736724465
47.508508238418386
47.2220889426888
46.88820287995474
46.50429855778109
46.067756349717015
45.57588499992799
45.02591828179662
48.513180993003395
43.740241428128165
46.96608331321466
46.96608331321466
0.0
0.0
0.0
0.0
0.0
0.0
0.0
0.0
0.0
0.0
0.0
0.0
0.0
0.0
0.0
0.0
0.0
0.0
81.35406383287784
75.85666312790543
47.9535499790863
44.04664993381818
44.04664993381818
36.782119237401346
44.046649933818216
40.32579274784851
40.325792747848574
40.325792747848624
44.046649933818216
47.95354997908626
44.046649933818166
47.95354997908628
52.05579502661775
56.363152326525835
60.88587749142928
70.621043408884
75.85666312790539
0.0
0.0
