1.2026948673226703
0.0
0.0
0.0
0.0
0.0
0.0
0.0
0.0
0.0
0.0
0.0
0.0
0.0
0.0
0.0
0.0
0.0
0.0
0.0
0.0
0.0
0.0
0.0
0.0
0.0
0.0
1.0
0.0
0.0
0.0
0.0
0.0
0.0
0.0
0.0
0.0
0.0
0.0
0.0
0.0
0.0
0.0
0.0
0.0
0.0
0.0
0.0
0.0
0.0
0.0
0.0
0.0
0.0
0.0
0.0
0.0
0.0
0.0
0.0
0.0
0.0
0.0
0.0
0.0
0.0
0.0
0.0
0.0
0.0
0.0
0.0
0.0
0.0
0.0
0.0
0.0
0.0
0.0
0.0
0.0
0.0
0.0
0.0
0.0
0.0
0.0
0.0
0.0
0.0
0.0
0.0
0.0
0.0
0.0
0.0
0.0
0.0
0.0
0.0
0.0
0.0
0.0
0.0
0.0
0.0
0.0
0.0
0.0
0.0
0.0
0.0
0.0
0.0
0.0
0.0
0.0
0.0
0.0
1.5578902528915126
1.5650886464781362
1.5938822208246308
1.6010806144112546
1.6298741887577493
1.6442709759309966
1.6658661566908677
1.6730645502774912
1.680262943864115
1.8314292091832123
1.835028405976524
0.0
0.0
0.0
0.0
0.0
0.0
0.0
0.0
0.0
1.2064484759767937
1.585014467821696
1.5906619814025047
1.1383640827298152
1.1383640827298152
0.9294060802398902
1.6188995493065486
0.9294060802398902
0.9294060802398902
0.9294060802398902
0.9294060802398902
1.6527846307914014
0.9294060802398902
0.9294060802398902
1.1383640827298152
1.6810221986954452
1.1383640827298152
1.1383640827298152
1.7036122530186804
0.9294060802398902
0.9294060802398902
0.9294060802398902
0.9294060802398902
0.9294060802398902
0.9294060802398902
1.825033795006069
0.9294060802398902
1.0037536086541234
0.9294060802398902
1.8321611130015616
1.83646467420665
1.83646467420665
1.8407682354117378
1.7162549117972334
1.7162549117972334
1.7126557150039217
1.7090565182106097
1.705457321417298
1.705457321417298
1.7018581246239861
1.6982589278306741
1.6946597310373623
1.6946597310373623
0.9280160641337631
0.9280160641337631
1.1655630524923446
1.0071983935866238
1.021595180759871
1.0359919679331184
1.0575871486929895
1.0719839358662369
0.9294060802398902
1.1007775102127315
1.1079759037993553
1.1223726909726026
1.13676947814585
1.1511662653190973
1.338324498571313
1.179959839665592
1.1871582332522157
1.201555020425463
1.2087534140120868
1.2231502011853341
1.2303485947719577
1.2447453819452052
1.2519437755318288
1.2591421691184526
1.2807373498783234
1.295134137051571
1.3023325306381945
1.3167293178114419
1.3311261049846892
1.3455228921579367
1.3527212857445603
1.365769480364929
1.3846674760190427
1.0863807230394842
1.4161641354425658
1.4350621310966796
1.441361462981384
1.4476607948660887
1.4539601267507933
1.4602594586354978
1.4665587905202024
1.472858122404907
1.4791574542896115
1.4859063170252758
1.5003031041985229
1.4931047106118993
1.4931047106118993
1.4931047106118993
1.991931380138492
1.521898284958394
1.5146998913717704
1.5290966785450177
1.5290966785450177
1.543493465718265
1.5362950721316415
1.543493465718265
1.543493465718265
0.0
0.0
0.0
0.0
0.0
0.0
0.0
0.0
0.0
0.0
0.0
0.0
0.0
0.0
0.0
0.0
0.0
0.0
1.7346735777131286
1.7318498209227242
0.9294060802398902
0.9294060802398902
1.254138111136395
1.1863679481666898
0.9294060802398902
1.1129502716161757
1.0734176765505141
1.0338850814848526
1.1976629753283072
1.709259766599489
1.7149072801802978
1.7177310369707022
1.7205547937611065
1.7233785505515111
1.7262023073419155
1.7290260641323199
1.7318498209227242
0.0
0.0
