199.690211 95.584975472
201.693615916 195.900919526
203.70564429 196.21798057
205.725948396 196.535431264
207.754180511 196.852544267
209.789992908 197.168592237
211.833037864 197.482847834
213.882967653 197.794583716
215.939434549 198.103072542
218.002090829 198.407586971
220.070588767 198.707399662
222.144580637 199.001783274
224.223718716 199.290010465
226.307655277 199.571353896
228.396042597 199.845086223
230.488532949 200.110480108
232.58477861 200.366808207
234.684431853 200.613343181
236.787144955 200.849357687
238.892570189 201.074124386
241.000359832 201.286915936
243.110166157 201.487004995
245.221641441 201.673664223
247.334437957 201.846166279
249.448207982 202.003783821
251.562603789 202.145789509
253.677277654 202.271456001
255.791881853 202.380055955
257.906068659 202.470862032
260.019490348 202.54314689
262.131799195 202.596183188
264.242647476 202.629243585
266.351687464 202.641600739
268.458571435 202.632527309
270.562951664 202.601295955
272.664480426 202.547179336
274.762809996 202.469450109
276.857592649 202.367380935
278.94848066 202.240244471
281.035126304 202.087313378
283.117181856 201.907860313
285.194299591 201.701157936
287.266131784 201.466478906
289.332330709 201.203095881
291.392548643 200.91028152
293.44643786 200.587308483
295.493650634 200.233449427
297.533839242 199.847977013
299.566655957 199.430163899
301.591832837 198.979532031
303.609507844 198.496871681
305.619947711 197.983375478
307.623419224 197.440236214
309.620189167 196.868646682
311.610524325 196.269799673
313.594691483 195.644887981
315.572957426 194.995104397
317.545588938 194.321641714
319.512852805 193.625692725
321.475015811 192.908450221
323.432344742 192.171106995
325.385106382 191.41485584
327.333567516 190.640889548
329.277994929 189.85040091
331.218655406 189.04458272
333.155815732 188.22462777
335.089742692 187.391728852
337.02070307 186.547078759
338.948963651 185.691870283
340.874791221 184.827296216
342.798452564 183.954549351
344.720214465 183.074822479
346.640343708 182.189308395
348.55910708 181.299199888
350.476771365 180.405689754
352.393603347 179.509970782
354.309869812 178.613235766
356.225837544 177.716677499
358.141773328 176.821488772
360.057943949 175.928862378
361.974616193 175.03999111
363.892056843 174.156067759
365.810532685 173.278285118
367.730310504 172.40783598
369.651657085 171.545913136
371.574839212 170.69370938
373.50012367 169.852417503
375.427777244 169.023230297
377.35806672 168.207340556
379.291258882 167.405941072
381.227620514 166.620224637
383.167418402 165.851384042
385.110919331 165.100612082
387.058390086 164.369101547
389.010097451 163.658045231
390.966308211 162.968635926
392.927289151 162.302066424
394.893307057 161.659529517
396.864628712 161.042217998
398.841520902 160.45132466
400.82425041 159.888042294
