-19.8831436099 39.678546294
-19.2345302072 140.71778713
-18.5746129579 141.744705811
-17.9035219539 142.759379428
-17.2213872867 143.761885075
-16.5283390483 144.752299842
-15.8245073303 145.730700822
-15.1100222245 146.697165107
-14.3850138226 147.65176979
-13.6496122164 148.594591961
-12.9039474976 149.525708714
-12.1481497579 150.44519714
-11.3823490891 151.353134332
-10.6066755829 152.249597381
-9.82125933106 153.13466338
-9.02623042536 154.008409421
-8.22171895751 154.870912595
-7.40785501925 155.722249995
-6.58476870233 156.562498713
-5.75259009849 157.391735841
-4.91144929947 158.210038471
-4.061476397 159.017483695
-3.20280148284 159.814148605
-2.33555464873 160.600110294
-1.4598659864 161.375445853
-0.575865587605 162.140232374
0.316316455922 162.89454695
1.21655005244 163.638466672
2.1247051102 164.372068633
3.04065153746 165.095429925
3.96425924249 165.808627639
4.89539813354 166.511738868
5.83393811886 167.204840705
6.77974910672 167.88801024
7.73270100538 168.561324566
8.69266372308 169.224860776
9.6595071681 169.87869596
10.6331012487 170.522907212
11.6133158731 171.157571624
12.6000209496 171.782766286
13.5930863864 172.398568293
14.5923820919 173.005054735
15.5977779742 173.602302704
16.6091439416 174.190389294
17.6263499024 174.769391595
18.6492657649 175.3393867
19.6777614372 175.900451701
20.7117068276 176.45266369
21.7509718445 176.996099759
22.7954263961 177.530837001
23.8449403906 178.056952506
24.8993837362 178.574523368
25.9586263413 179.083626679
27.0225381141 179.58433953
28.0909889629 180.076739013
29.1638487958 180.560902221
30.2409875213 181.036906246
31.3222750475 181.50482818
32.4075812826 181.964745114
33.496776135 182.416734142
34.589729513 182.860872354
35.6863113246 183.297236844
36.7863914783 183.725904702
37.8898398823 184.146953022
38.9965264449 184.560458895
40.1063210742 184.966499414
41.2190936786 185.36515167
42.3347141663 185.756492755
43.4530524455 186.140599763
44.5739784246 186.517549783
45.6973620118 186.88741991
46.8230731153 187.250287234
47.9509816434 187.606228849
49.0809575044 187.955321845
50.2128706065 188.297643315
51.346590858 188.633270352
52.4819881672 188.962280046
53.6189324422 189.284749491
54.7572935914 189.600755779
55.8969415229 189.910376
57.0377461452 190.213687248
58.1795773664 190.510766615
59.3223050947 190.801691193
60.4657992385 191.086538073
61.6099297061 191.365384348
62.7545664055 191.638307109
63.8995792452 191.90538345
65.0448381334 192.166690462
66.1902129783 192.422305237
67.3355736882 192.672304866
68.4807901713 192.916766444
69.625732336 193.15576706
70.7702700904 193.389383808
71.9142733428 193.617693779
73.0576120015 193.840774066
74.2001559748 194.058701761
75.3417751709 194.271553955
76.482339498 194.479407741
77.6217188644 194.682340211
78.7597831785 194.880428456
79.896402348 195.07374957
