85.5793595939 3.590782517
87.9360446465 33.8610225952
90.2985607692 34.1737587848
92.6667290731 34.5269064352
95.0403706691 34.9183808958
97.4193066685 35.3460975161
99.8033581821 35.8079716455
102.192346321 36.3019186334
104.586092197 36.8258538293
106.984416919 37.3776925826
109.387141601 37.9553502427
111.794087352 38.5567421591
114.205075283 39.1797836812
116.619926506 39.8223901584
119.038462132 40.4824769402
121.460503272 41.157959376
123.885871036 41.8467528153
126.314386536 42.5467726074
128.745870883 43.2559341019
131.180145188 43.9721526481
133.617030562 44.6933435954
136.056348116 45.4174222934
138.497918961 46.1423040915
140.941564209 46.865904339
143.387104969 47.5861383855
145.834362354 48.3009215803
148.283157473 49.0081692729
150.73331144 49.7057968127
153.184645363 50.3917195492
155.636980355 51.0638528318
158.090137526 51.7201120099
160.543937988 52.3584124329
162.998202852 52.9766694504
165.452753228 53.5727984117
167.907410228 54.1447146662
170.361994962 54.6903335635
172.816328542 55.2075704529
175.270232079 55.6943406838
177.723526684 56.1485596058
180.176033468 56.5681425682
182.627573541 56.9510049205
185.077968016 57.2950620121
187.527038002 57.5982291924
189.974604612 57.8584218109
192.420488956 58.073555217
194.864512145 58.2415447602
197.30649529 58.3603057898
199.746259503 58.4277536554
202.183625893 58.4418037063
204.618415574 58.400371292
207.050450803 58.3013924803
209.479636707 58.1442984906
211.906015607 57.9309958987
214.329642712 57.6636237984
216.750573228 57.3443212835
219.168862365 56.975227448
221.584565329 56.5584813855
223.997737329 56.09622219
226.408433573 55.5905889552
228.816709269 55.0437207751
231.222619624 54.4577567434
233.626219846 53.8348359539
236.027565144 53.1770975006
238.426710725 52.4866804772
240.823711798 51.7657239776
243.218623569 51.0163670955
245.611501247 50.2407489249
248.002400041 49.4410085596
250.391375157 48.6192850934
252.778481804 47.7777176201
255.16377519 46.9184452335
257.547310523 46.0436070276
259.92914301 45.155342096
262.309327859 44.2557895328
264.687920279 43.3470884316
267.064975477 42.4313778863
269.440548661 41.5107969908
271.81469504 40.5874848389
274.187469821 39.6635805244
276.558928211 38.7412231412
278.929125419 37.822551783
281.298116654 36.9097055438
283.665957122 36.0048235173
286.032702031 35.1100447974
288.39840659 34.2275084779
290.763126007 33.3593536526
293.126915489 32.5077194154
295.489830244 31.6747448602
297.851925481 30.8625690806
300.213256407 30.0733311707
302.573878229 29.3091702241
304.933846157 28.5722253348
307.293215398 27.8646355966
309.652041159 27.1885401032
312.01037865 26.5460779486
314.368283077 25.9393882266
316.725809648 25.3706100309
319.083013572 24.8418824555
321.439950056 24.3553445942
323.796674309 23.9131355407
326.15324153 23.517394389
