21.067629202268954 -28.863829960118125
21.265504690916842 -29.301462399498092
21.445328943499526 -29.718482353291805
21.607617919946346 -30.115229562247876
21.752882415256376 -30.492047185133046
21.881628073395493 -30.84928178809453
21.994355390722106 -31.187283342695252
22.09155971641921 -31.506405225023883
22.173731252314326 -31.80700421561761
22.241355052642014 -32.08944050003531
22.294911023190917 -32.35407766900062
22.334873920608775 -32.601282719153545
22.36171335110647 -32.831426053351066
22.375893769196868 -33.04488148152829
22.377874476326365 -33.242026222088185
22.368109618276694 -33.423240902398675
22.347048183014245 -33.588909561227325
22.315133996554646 -33.73941965003469
22.27280571863394 -33.87516203658633
22.22049683576855 -33.99653100849025
22.158635651787357 -34.10392427869823
22.087645274399254 -34.19774299393974
22.0079435947754 -34.27839174672039
21.919943255933017 -34.346278593500585
21.824051603198956 -34.40181508513183
21.720670600442656 -34.44541631539792
21.61019668511511 -34.47750100818686
21.493020497678955 -34.49849167686892
21.36952634226042 -34.508814945473574
21.240090998658673 -34.508902252524365
21.105080754100154 -34.49919161279254
20.96484249815657 -34.48013290125391
20.819668102073987 -34.452208987259695
20.669545078398833 -34.41608367860596
20.51750342105716 -34.37061591350337
20.851181251301437 -28.40524878666318
19.96695709759236 -34.33140889378379
19.57019227530524 -34.33843337372517
19.172414380133215 -34.33872265002762
18.774138909940113 -34.33265885713075
18.37580991531628 -34.32066311349493
17.97783774724773 -34.303173124902486
17.580608493193374 -34.2806375849176
17.184487122044352 -34.25351430887628
16.789818741486844 -34.222269487690625
16.39692916875101 -34.18737734874779
16.00612521513417 -34.14931998654646
15.617694838269738 -34.10858727190981
15.231907227950458 -34.065676800566024
14.84901285578401 -34.02109386214951
14.46924350449866 -33.97535142208565
14.092812283881102 -33.928970110008635
13.719913637789155 -33.88247821345172
13.35072334329275 -33.83641167423312
12.98539850257881 -33.79131408875236
12.624077524970573 -33.747736710196875
12.266880095757685 -33.70623845558541
11.913907122961511 -33.66738591778869
11.565240646582453 -33.63175338768022
11.220943677622948 -33.59992289314084
10.881059897934009 -33.57248427327943
10.545613058481955 -33.5500353272748
10.214605654471328 -33.533182142693136
9.88801561182214 -33.52253991595839
9.565786346188645 -33.518735416272335
9.247786997285388 -33.52241683999199
8.933534067653689 -33.53432279245297
8.625950776632507 -33.5543506600726
20.361857666249406 -34.317462841305115
8.385192781982468 -33.484375139274306
8.449654968356533 -33.396405508995485
8.516643585192135 -33.32023999027615
8.586474091726124 -33.256382665360036
8.65940800141545 -33.20535077026341
8.735695215439328 -33.16766420262945
8.815584608704285 -33.14384289913724
8.899327560902321 -33.134405959221255
8.987179372375515 -33.13987129432823
9.079399911603318 -33.16075546706537
9.176253943758567 -33.19757360871634
9.278011314060436 -33.25083937324712
9.384947060670655 -33.32106490785296
9.497341493634956 -33.40876083220613
9.615480259302487 -33.51443622015145
9.73965440331773 -33.638598580492896
9.870160443900076 -33.78175383468866
10.007300468398554 -33.94440628563132
10.151382273396948 -34.127058572347124
10.302719581920442 -34.330211598815964
10.461632400243857 -34.554364416704516
10.62844763827357 -34.800014021441655
10.803500258285183 -35.067654974268436
10.987135569438067 -35.35777864677806
11.179714273125711 -35.67087155958359
11.381625074221688 -36.007411230670584
11.59332251146293 -36.36785371854427
11.815478277264404 -36.752583799925674
12.05004044935886 -37.161566208290736
18.689821055335504 -29.2436986047733
20.272386307831 -33.96969275063998
22.916421996656013 -32.24511242123367
25.49317679371387 -30.249092699637544
27.955168116461678 -27.989609639421218
30.255876137766805 -25.485125687799353
32.3526948568056 -22.764287989946922
34.20972163156233 -19.8646575122209
35.8000184349968 -16.830577893842673
37.107054111035126 -13.710441546045416
38.12517486641838 -10.553706154325027
38.85911351773467 -7.408034071373322
39.322694412585065 -4.3168711263215584
39.53698787750878 -1.3176728579356336
39.52820196658911 1.5591412621562881
39.3255761640815 4.290539773716404
38.959480404413256 6.860652943048223
38.459845967785526 9.260125286464984
37.854981532146155 11.48520985388123
2.012976424843899 39.50769036655825
4.905143244542828 39.253652593578266
7.901915817709579 38.76170015100794
10.967429955654637 38.00822479878042
14.059185593529534 36.976329896752986
17.129733205902497 35.65784503417751
20.12906503523864 34.05481482836092
23.007499964084445 32.180189831470415
25.718736348100663 30.057549348602976
28.22269068792376 27.719837707327912
30.487762626615464 25.207260902564684
32.492265343839335 22.564626409766987
34.22490812843418 19.83848118649857
35.684374579810935 17.074398467722403
36.87816724818779 14.314693590905364
37.820963670334464 11.596740026147756
38.532744865164545 8.951940870166169
39.03692643629964 6.405313934050952
39.358663640690736 3.975584058448135
39.52343458068597 1.6756464821238524
8.322591298882465 -33.58373138529009
-13.257140273607625 31.959048350247286
-34.783039622518906 6.964692736503622
-34.85066404462185 7.68942915925183
-34.882085238772284 8.42449384009413
-34.87872622813671 9.168604040421712
-34.84198529747463 9.920516510707927
-34.77323596409104 10.679027651836009
-34.67382697142603 11.442973555349965
-34.545082286699646 12.211230016497552
-34.38830110035314 12.982712539212827
-34.20475782652371 13.756376338281257
-33.99570210318572 14.531216340006495
-33.762358793025186 15.306267182439399
-33.505927983888036 16.08060321497595
-33.227584989873186 16.853338497843936
-32.92848035300076 17.623626801516508
-32.60973984404951 18.390661605248738
-32.272464465430296 19.153676096056984
-31.917730453064 19.911943166328655
-31.546589280727872 20.66477541160313
-31.16006766462909 21.41152512670422
-30.759167570351643 22.151584300535404
-30.344866223319737 22.884384608837223
-29.918116123836814 23.60939740304414
-29.479845069976967 24.326133692915107
-29.03095619533542 25.03414411980995
-28.57232802997839 25.733018910795522
-28.104814608950903 26.422387800068833
-27.62924567158659 27.101919881401443
-27.146427062050385 27.771323315046885
-26.657141608168725 28.430344681096642
-26.162151320132665 29.07876736485457
-25.662203985354477 29.716406712389443
-25.15805954641629 30.34309065189052
-24.650674749875787 30.958524048467524
-24.13873207905568 31.564103991815728
-34.677764414378046 6.251605667966487
-23.290261429624252 32.18958923406447
-22.954101197903174 32.21325837016553
-22.61603756172017 32.230336150094814
-22.276461442023127 32.241260332824965
-21.935788502189393 32.246448043216844
-21.59443119471967 32.24631630773348
-21.252791773046948 32.24128718761111
-20.911259962864634 32.23178948996522
-20.570212031219747 32.21825945199055
-20.2300103639193 32.20114105155355
-19.891003254935196 32.180886162119606
-19.55352479395941 32.15795463592207
-19.217894803291752 32.132814351146976
-18.884418801013457 32.10594123913555
-18.553387980157574 32.077819301327196
-18.22507919727697 32.048940618696975
-17.899754968324384 32.01980535711462
-17.577663470079578 31.990921768486686
-17.259038548300552 31.9628061895923
-16.94409973310916 31.93598303617702
-16.63305226631973 31.91098479295448
-16.326087146809712 31.88835199505121
-16.023381208191495 31.868633196541282
-15.725097255655612 31.85238491357464
-15.431384321626261 31.84017151878291
-15.142378177803021 31.832565029058458
-14.858202462522193 31.830144638259867
-14.578971499452294 31.833495547537325
-14.304798755212936 31.8432054575907
-14.035830669681623 31.859850535252917
-13.772483469282058 31.883897178938298
-13.51224703387475 31.917027828258483
-23.624347757082887 32.15872660005945
-12.820567121021242 31.97188190741494
-12.390467801605247 31.99478969245891
-11.96625676049431 32.02854268172857
-11.547624199758367 32.07379195092318
-11.134283984682796 32.13117324783511
-10.72593762763465 32.201321930296274
-10.32226528176259 32.28487670187431
-9.922922735361048 32.3824808560027
-9.527540206142135 32.49478277450157
-9.135721788530653 32.62243615414201
-8.74704517143644 32.76610011960534
-8.36106147907158 32.92643928492771
-7.977295170231429 33.10412378834067
-7.595243965097403 33.29982931396614
-7.214378781660059 33.51423710537438
-6.834143669500122 33.748033974500856
-6.453955729478331 34.00191230900694
-6.073205004176302 34.27657007772416
-5.69125431663435 34.572710836452416
-5.307439018087685 34.89104373444931
-4.921066572004634 35.232283523504606
-4.531415829717361 35.59715057267903
-4.137735688042326 35.98637089445734
-3.7392424069667527 36.40067619580927
-3.335113710823407 36.84080398970892
-2.9244740434909176 37.307497874251396
-2.506350336008097 37.80150836658868
-2.079495080204964 38.32359624225231
-1.6411478480982424 38.87455590222518
16.69192179239258 -30.428326704633818
16.69192179239258 -30.428326704633818
14.55132950752105 -31.508127978837933
12.280555066756591 -32.46061130693076
9.896638714998044 -33.264994533474436
7.420806640235476 -33.90331765440544
4.877806542037982 -34.361465662944795
2.2949564586043074 -34.62999413832455
-0.29901938459153143 -34.70466692787758
-2.875263610719596 -34.58664739948284
-5.406048908288323 -34.282327143420076
-7.865916819902893 -33.8028204703343
-10.232598866494904 -33.163191034710295
-12.48766016535404 -32.38150186081418
-14.61684377110198 -31.477788952505534
-16.610129426020396 -30.47305235151434
-18.46154779368943 -29.388340753240954
-20.1688078441091 -28.24398182471242
-21.732800820565107 -27.058985340565272
-23.157041073681366 -25.850624129392244
-34.4813971552272 3.941645518152569
-34.667824011220475 1.6264370551386094
-34.69739226719477 -0.7709014357848218
-34.55539413337057 -3.229249983309046
-34.2306469450393 -5.724170585452015
-33.71634227869785 -8.22870478951424
-33.01067288804272 -10.714419939778537
-32.11715646331358 -13.152626349072563
-31.044607188385353 -15.515659305557534
-29.80674825535713 -17.77810669360062
-28.421503005796193 -19.917868511936717
-26.910040514956346 -21.91695778730913
-25.295676166434856 -23.76198826803308
-23.602735504055826 -25.444335241716658
-21.855480920916005 -26.959993933284906
-20.07717949330768 -28.309189016303307
-18.289362284677903 -29.495805572777357
-16.511296626552078 -30.526716215100706
-14.759667867954303 -31.411073263977457
-13.048448592428553 -32.15962233139612
14.961213869230448 -36.62064652277405
