0.2642887737129911 -34.48161210476414
0.2893104984496233 -34.167752779898365
0.3145306185142829 -33.92269112571907
0.3400485052086424 -33.74371319956131
0.36598134272105654 -33.628105020866
0.39244517162842385 -33.57315270060232
0.41955015551832275 -33.57614247435282
0.447399010406059 -33.63436071252323
0.4760863860184372 -33.745093924540726
0.5056985976594888 -33.90562876003116
0.5363135109973598 -34.113252009466976
0.5680005083331423 -34.36525060326181
0.6008205138924723 -34.65891161036103
0.6348260828247874 -34.99152223540668
0.6700615865013901 -35.360369813575375
0.7065635764233775 -35.76274180085852
0.744361526082713 -36.19592575462738
0.7834794736460253 -36.65720929038531
0.8239401372712223 -37.14387997418868
0.8657772687032548 -37.65322499955741
0.9090850755708288 -38.18252989505777
0.954364188693944 -38.72906947729581
0.9979041566838305 -39.2902285979296
0.23951661495411258 -34.866982092888435
1.266651736102716 -40.427158835186106
1.4979285721819906 -40.996952923535815
1.7356697266508263 -41.56990521361297
1.9796932535023188 -42.1433077617242
2.229836084911824 -42.714455667583394
2.485900311896387 -43.28064847812689
2.747639757403988 -43.839190538257014
3.0147555045745094 -44.38739110741437
3.286894113339997 -44.92256440496112
3.563646817334302 -45.442029629880494
3.844549133382486 -45.94311096897917
4.129080667961034 -46.42313759838012
4.416665033208517 -46.87944368077973
4.706669840727329 -47.30936835696889
4.998406775447677 -47.71025572800036
5.2911317900938 -48.079454822371986
5.584045534795848 -48.41431952763003
5.876294333333021 -48.71220843953893
6.1669726491768415 -48.97048448513823
6.4551305061330595 -49.1865137904409
6.73980319404194 -49.3576611504553
7.0202192409771556 -49.481258320084606
7.293006264828705 -49.555030026716565
1.0424160936710223 -39.8632241015419
7.458013444393089 -49.58262029336967
7.350512579063263 -49.53976110864926
7.236541355184727 -49.45035770828994
7.116645306957992 -49.31670398621205
6.991396533469469 -49.14108929741823
6.861361504601916 -48.92580336634131
6.7270930135208005 -48.67313751377708
6.589127495479147 -48.38538506596487
6.447983956962673 -48.06484151767677
6.304163491310419 -47.713804606853756
6.158149039556179 -47.33457435051906
6.010405266351938 -46.929453064584635
5.861378495838835 -46.50074537431024
5.711496683572136 -46.0507582190823
5.561169415785741 -45.58180085417783
5.410787937031955 -45.096184849074206
5.260725218461687 -44.59622408108186
5.111336099213361 -44.08423472198112
4.962957580146053 -43.562535208419206
4.815909479293168 -43.03344617762511
4.670496077902953 -42.499290302391074
4.527011066282171 -41.96239179828319
4.385757334733057 -41.42507444790323
4.2471855223128046 -40.88964777362261
4.1100176916006035 -40.35859430377744
7.558750346182649 -49.57660246866186
4.063573400918642 -39.28795999659309
4.149273177835823 -38.75382153587671
4.232897621343227 -38.23404765737274
4.314816859356995 -37.73094750494178
4.395464369763374 -37.24682230958845
4.475315609470499 -36.78396752197307
4.55488267736763 -36.34467334399412
4.634712542496459 -35.931224904917116
4.715386344495812 -35.545902330054815
4.797519087730677 -35.190980769371095
4.881759505007722 -34.86873040893789
4.968790007571158 -34.581416471865
5.059326691036972 -34.33129921288784
5.1541193913104735 -34.12063390428014
5.253951803081179 -33.95167081121713
5.359641695981793 -33.82665514786635
5.472041305937921 -33.74782700063588
5.592038071044556 -33.71742118360734
5.720556110381551 -33.737666949001635
5.858559483173849 -33.81078735003757
6.007060341619649 -33.93899764685213
6.167143394580023 -34.12450052446502
6.34006376835157 -34.369466962865744
6.527932043365979 -34.67590232762717
-2.2207695295632846 -35.257072899783765
13.356892147269832 -33.09908342766235
15.537122761377532 -32.13337373951008
17.685795866405158 -31.00271788338884
19.779767562796337 -29.710548408720143
21.7963760321756 -28.264357120747547
23.71435090498494 -26.675559089556003
25.514667519353736 -24.95911923449998
27.18127496172167 -23.132967449949717
28.701640074920306 -21.217251202615273
30.0670706026292 -19.23349050384931
31.272805540649756 -17.20370672854716
32.31788526367302 -15.149593514983138
33.20483426625282 -13.091786468463141
33.939202866982384 -11.049271484535382
34.52902007970829 -9.038952589777864
34.984208667889106 -7.075382354809136
35.31600683085708 -5.170643394008778
35.5364311530131 -3.3343593825969435
25.808814117348277 24.654837363919427
27.32306553425377 22.965321277875148
28.763869928518716 21.132810469041033
30.110725285934166 19.165075380497655
31.344015372677347 17.073622694159468
32.445857838896984 14.873540287478306
33.400914585538544 12.583115529737
34.19709380708724 10.22324149839119
34.82608032958058 7.8166502072661785
35.28364740733156 5.387032320327819
35.56972652479408 2.958115369033578
35.68823799703557 0.5527750465604981
35.64670979769119 -1.8077533527396383
35.45573118033121 -4.104511914130882
35.12829884938162 -6.321274518140058
34.67911604005525 -8.444809190593645
34.12389990099075 -10.464958056882779
33.478742181725806 -12.374559124053093
32.75955499614349 -14.169243029879965
31.981619780086703 -15.847141314038879
3.975641142678114 -39.834131048888054
33.106605939162364 22.5059183794921
-10.108880149610343 32.93969402451313
-9.741593408613824 32.69811551521016
-9.398362227109885 32.5214420755359
-9.076827463766733 32.407408149467784
-8.774694462767513 32.3537370725594
-8.48974944970334 32.358135891030344
-8.21986362510546 32.41829406804587
-7.962994521666303 32.53188305268182
-7.717186537848534 32.69655610890794
-7.480571167442662 32.909948238901535
-7.2513670959348815 33.16967614727008
-7.027880224432664 33.4733382243254
-6.808503639580948 33.81851454155492
-6.591717522907544 34.20276685672815
-6.376088966662081 34.62363863092034
-6.160271614728032 35.07865506554364
-5.943004932347236 35.56532318035275
-5.723112590296381 36.081131987544865
-5.499498418006596 36.623552929942946
-5.271134256231704 37.190041197332846
-5.03701136081304 37.7780409939424
-4.795800219123578 38.38502241378683
-4.5503895953546305 39.00798941244301
-10.502531270842894 33.248468316294066
-3.2427917702937066 39.9494475947771
-2.155518390959685 40.25275770882726
-1.0355720200457768 40.55171120002507
0.11723699008734911 40.84359817545027
1.302872365125097 41.1257903302361
2.5210190866903304 41.39573521975416
3.771070188590272 41.65095482659473
5.052122357949031 41.88904508145515
6.362974178834634 42.10767566884127
7.702125338409701 42.304589935857706
9.067776236568648 42.47760484215854
10.457827785585437 42.624610925936565
11.869881311368715 42.74357227434675
13.301238520237632 42.83252648818936
14.748901523711709 42.88958462856954
16.209572940931366 42.91293112572325
17.67965614293422 42.90082359969054
19.155255820314835 42.8515924698211
20.63217942713112 42.7636399823412
22.105941533971247 42.63543729525961
23.571781261965043 42.465512821290446
25.024784351282335 42.252370635238805
26.458231546917148 41.995594398195266
-4.297437962718902 39.64461242134519
28.386932158059835 41.16923775388301
28.87779873293647 40.604751407811335
29.339973327024097 40.003764611345986
29.773344637303808 39.36961482953302
30.177925631770847 38.70552479631513
30.55383465179932 38.01461514544718
30.90129068733063 37.29990756848585
31.220611801797418 36.56432586782452
31.512214501661447 35.81069637769835
31.77661345022068 35.04174815604952
32.01442132383784 34.260113079424286
32.22634873532388 33.46832589431784
32.413204190492934 32.66882424557514
32.57589406260172 31.86394869177704
32.71542257812257 31.055942712942368
32.832891810080525 30.24695271162699
32.92950167807862 29.43902800654041
33.00654995758072 28.63412081522813
33.065432304365686 27.83408621406602
33.10764231550297 27.040682047935263
33.134771684298926 26.255568699085273
33.148510672307 25.480308392766716
33.15064999985265 24.716362414212227
33.143094090830346 23.965071625418233
33.127681223940954 23.227921024735963
27.867741455584735 41.69368303827724
32.44531037319763 22.470026231533694
31.799489955736874 22.433777013572893
31.17082371768055 22.3987953408662
30.560954585951322 22.366742481879584
29.971475081146536 22.33933739939053
29.403925276835537 22.318359754088817
28.85979229190076 22.305650652569824
28.34051012499549 22.30311289369081
27.847459592548148 22.312711063216256
27.381968305771295 22.336471571686616
26.945310666621026 22.37648266696621
26.538707874969873 22.434894431436533
26.16332794748905 22.51391876773792
25.82028574982013 22.615829370094445
25.510643050611804 22.742961675620023
25.235408611683454 22.897712780766142
24.995538346934666 23.082541295284585
24.791935616134992 23.29996707029548
24.625451811726407 23.55257065525609
24.49688764854477 23.842992104822315
24.406996385388084 24.173927997484782
24.356493487076136 24.548122494991077
24.346095266897464 24.968331584143442
24.37678937448584 25.437072780520197
-4.800670690882271 -34.99923667284486
-4.800670690882271 -34.99923667284486
-7.4714420827168055 -34.52782298333784
-10.20080376607089 -33.82213194478163
-12.950621131753081 -32.867528338253464
-15.678432497632457 -31.657222891171074
-18.33960059306665 -30.193576417027742
-20.88989642736999 -28.488686070400973
-23.288222840442103 -26.564105174050468
-25.49913623892124 -24.449684207225175
-27.494846979747564 -22.181668023941995
-29.256468370545804 -19.80030467561943
-30.774416964881567 -17.347284145816985
-32.048006720606764 -14.863319683033382
-33.084392592696474 -12.386120197076792
-33.89708418827067 -9.948903974679496
-34.50426325199891 -7.579500260628038
-34.92711008912303 -5.2999988289041084
-35.1882908294146 -3.1268506949709547
-35.31069709063229 -1.071297221931104
-12.963462147194548 32.86246576144825
-15.338801094172084 31.82317061132548
-17.73487086276262 30.552698117273337
-20.114587725731013 29.041287288754546
-22.437163855297285 27.286749254805784
-24.66010897449246 25.295691967808665
-26.741678775055192 23.084098922328906
-28.643513802866124 20.67709176332886
-30.333144600331337 18.107825529850174
-31.78603436370804 15.415609822296233
-32.98689665347973 12.643482745539387
-33.930147883709026 9.83555140059471
-34.61949995203156 7.034431735072076
-35.06682974259593 4.2790721620338275
-35.29054998892778 1.6031494762164584
-35.31373765817574 -0.9658878680485543
-35.16225660404825 -3.4071567729074843
-34.863057369238675 -5.706157869642055
-34.442768862674626 -7.854214145060951
-33.92663125061506 -9.84767478894861
8.991491404650105 -34.541409552959124
