58.589522451
9.4341798589
60.9602592777
19.6126788281
63.3365264081
19.8420889713
65.7181406617
20.1200213971
68.1049188576
20.4440872139
70.4966778151
20.8118975303
72.8932343536
21.2210634547
75.2944052923
21.6691960957
77.7000074505
22.1539065617
80.1098576474
22.6728059614
82.5237727023
23.2235054031
84.9415694346
23.8036159954
87.3630646636
24.4107488468
89.7880752084
25.0425150659
92.2164178883
25.696525761
94.6479095227
26.3703920407
97.0823669309
27.0617250136
99.5196069321
27.7681357881
101.959446346
28.4872354728
104.401701991
29.2166351761
106.846190686
29.9539460065
109.292729252
30.6967790726
111.741134508
31.4427454829
114.191223272
32.1894563458
116.642812364
32.93452277
119.095718604
33.6755558638
121.549758809
34.4101667358
124.004749801
35.1359664945
126.460508398
35.8505662484
128.916851419
36.551577106
131.373595684
37.2366101758
133.830558012
37.9032765664
136.287555222
38.5491873862
138.744404134
39.1719537437
141.200921566
39.7691867475
143.656924339
40.338497506
146.11222927
40.8774971278
148.566653181
41.3837967214
151.020012889
41.8550073952
153.472125215
42.2887402579
155.922806977
42.6826064178
158.371874994
43.0342169835
160.819146087
43.3411830635
163.264437074
43.6011157663
165.707564775
43.8116262004
168.148346009
43.9703254743
170.586597595
44.0748246966
173.022136352
44.1227349757
175.4547791
44.1116674201
177.884342658
44.0392331384
180.310672536
43.9035283559
182.733798331
43.7057618533
185.153822348
43.4483718086
187.570847071
43.1337994171
189.984974986
42.7644858745
192.396308575
42.3428723763
194.804950325
41.8714001179
197.211002718
41.3525102949
199.61456824
40.7886441027
202.015749374
40.182242737
204.414648606
39.5357473931
206.811368419
38.8515992667
209.206011298
38.1322395533
211.598679726
37.3801094482
213.98947619
36.5976501472
216.378503172
35.7873028456
218.765863158
34.9515087389
221.151658631
34.0927090228
223.535992076
33.2133448927
225.918965978
32.3158575441
228.30068282
31.4026881726
230.681245087
30.4762779736
233.060755263
29.5390681426
235.439315834
28.5934998753
237.817029282
27.642014367
240.193998093
26.6870528133
242.570324751
25.7310564097
244.94611174
24.7764663517
247.321461544
23.8257238349
249.696476649
22.8812700547
252.071259537
21.9455462067
254.445912694
21.0209934864
256.820538605
20.1100530892
259.195239752
19.2151662107
261.570118622
18.3387740465
263.945277697
17.4833177919
266.320819463
16.6512386426
268.696846403
15.8449777941
271.073461003
15.0669764418
273.450765746
14.3196757813
275.828863118
13.605517008
278.207855601
12.9269413176
280.587845681
12.2863899054
282.968935842
11.6863039671
285.351228568
11.1291246981
287.734826344
10.617293294
290.119831653
10.1532509502
292.506346982
9.73943886232
294.894474813
9.3782982258
297.284317631
9.07227023618
299.6759779
8.82379608896
199.259844438
40.457186494
201.449340181
240.102026458
203.626201067
239.716076738
205.790753383
239.300120057
207.943323414
238.854939138
210.084237448
238.381316703
212.21382177
237.880035475
214.332402667
237.351878177
216.440306425
236.79762753
218.537859331
236.218066258
220.625387671
235.613977083
222.703217731
234.986142727
224.771675798
234.335345914
226.831088158
233.662369365
228.881781098
232.967995804
230.924080903
232.253007952
232.958313861
231.518188533
234.984806257
230.764320269
237.003884378
229.992185882
239.01587451
229.202568095
241.02110294
228.396249631
243.019895955
227.574013212
245.012579839
226.736641561
246.999480881
225.8849174
248.980925365
225.019623452
250.957239579
224.14154244
252.928749809
223.251457085
254.895782341
222.350150111
256.858663462
221.43840424
258.817719458
220.517002194
260.773276615
219.586726697
262.72566122
218.64836047
264.675199559
217.702686237
266.622217919
216.75048672
268.567042585
215.792544641
270.509999845
214.829642723
272.451415984
213.862563689
274.39161729
212.89209026
276.330930047
211.919005161
278.269680543
210.944091112
280.208195065
209.968130837
282.146799897
208.991907059
284.085821328
208.016202499
286.025585642
207.041799881
287.966419128
206.069481927
289.90864807
205.10003136
291.852598755
204.134230902
293.79859747
203.172863275
295.746970501
202.216711202
297.698044135
201.266557407
299.652144657
200.32318461
301.609564132
199.38729532
303.570337907
198.458990323
305.534384771
197.538097198
307.501622931
196.624442159
309.471970592
195.717851418
311.445345959
194.818151191
313.421667239
193.925167689
315.400852638
193.038727127
317.382820361
192.158655719
319.367488615
191.284779677
321.354775605
190.416925215
323.344599537
189.554918547
325.336878616
188.698585886
327.33153105
187.847753445
329.328475043
187.00224744
331.327628802
186.161894081
333.328910532
185.326519585
335.332238439
184.495950162
337.33753073
183.670012029
339.344705609
182.848531397
341.353681283
182.03133448
343.364375958
181.218247493
345.37670784
180.409096647
347.390595134
179.603708158
349.405956047
178.801908238
351.422708783
178.0035231
353.44077155
177.20837896
355.460062552
176.416302029
357.480499997
175.627118521
359.502002088
174.840654651
361.524487034
174.056736631
363.547873039
173.275190675
365.572078309
172.495842997
367.59702105
171.718519809
369.622619468
170.943047326
371.648791769
170.169251762
373.675456159
169.396959328
375.702530844
168.62599624
377.729934028
167.856188711
379.757583919
167.087362953
381.785398723
166.319345181
383.813296644
165.551961609
385.841195889
164.785038448
387.869014664
164.018401914
389.896671175
163.25187822
391.924083627
162.485293579
393.951170227
161.718474205
395.97784918
160.951246311
398.004038692
160.18343611
400.02965696
159.414869817
-19.5931232616
39.855287221
-18.9531833884
140.921286845
-18.300963137
141.973027633
-17.6366128798
143.010628602
-16.9602829894
144.034208769
-16.272123838
145.043887154
-15.572285798
146.039782772
-14.860919242
147.022014642
-14.1381745422
147.990701782
-13.4042020711
148.945963209
-12.6591522011
149.887917941
-11.9031753046
150.816684996
-11.1364217539
151.732383391
-10.3590419216
152.635132144
-9.5711861799
153.525050272
-8.77300490131
154.402256794
-7.96464845821
155.266870726
-7.146267223
156.119011088
-6.31801156808
156.958796895
-5.48003186586
157.786347167
-4.63247848874
158.60178092
-3.77550180912
159.405217173
-2.90925219939
160.196774942
-2.03388003197
160.976573247
-1.14953567925
161.744731103
-0.256369513635
162.50136753
0.645468092473
163.246601544
1.55582676667
163.980552164
2.47455613656
164.703338407
3.40150582974
165.415079291
4.3365254738
166.115893833
5.27946469635
166.805901051
6.23017312498
167.485219963
7.18850038729
168.153969586
8.15429611089
168.812268939
9.12740992336
169.460237038
10.1076914523
170.097992902
11.0949903253
170.725655548
12.08915617
171.343343994
13.090038614
171.951177258
14.0974872848
172.549274356
15.1113518101
173.137754308
16.1314818175
173.71673613
17.1577269345
174.28633884
18.1899367888
174.846681456
19.227961008
175.397882996
20.2716492196
175.940062477
21.3208510513
176.473338916
22.3754161306
176.997831333
23.4351940852
177.513658744
24.5000345426
178.020940166
25.5697871305
178.519794619
26.6443014765
179.010341118
27.723427208
179.492698683
28.8070139529
179.96698633
29.8949113385
180.433323078
30.9869689927
180.891827944
32.0830365428
181.342619945
33.1829636166
181.7858181
34.2865998417
182.221541425
35.3937948455
182.64990894
36.5043982558
183.071039661
37.6182597002
183.485052606
38.7352288061
183.892066792
39.8551552013
184.292201239
40.9778885134
184.685574962
42.1032783698
185.07230698
43.2311743983
185.45251631
44.3614262264
185.826321971
45.4938834817
186.193842979
46.6283957918
186.555198353
47.7648127844
186.91050711
48.902984087
187.259888268
50.0427593271
187.603460844
51.1839881325
187.941343857
52.3265201307
188.273656323
53.4702049493
188.600517261
54.614892216
188.922045689
55.7604315582
189.238360623
56.9066726036
189.549581081
58.0534649799
189.855826082
59.2006583145
190.157214643
60.3481022351
190.453865782
61.4956463693
190.745898515
62.6431403448
191.033431862
63.790433789
191.316584839
64.9373763296
191.595476465
66.0838175942
191.870225756
67.2296072104
192.140951732
68.3745948057
192.407773408
69.5186300079
192.670809804
70.6615624444
192.930179936
71.803241743
193.186002823
72.9435175311
193.438397482
74.0822394363
193.68748293
75.2192570864
193.933378186
76.3544201088
194.176202267
77.4875781312
194.41607419
78.6185807812
194.653112974
79.7472776864
194.887437636
80.873518474
195.119167194
2.0821819899732716
-36.36435555426663
2.18803071473738
-37.066611278246825
2.2930878724396706
-37.70693166686115
2.396820781571762
-38.287364501391636
2.498973656651984
-38.809941223821326
2.5993487292853956
-39.276689468993204
2.697774980137112
-39.689634855681966
2.794100322036485
-40.05080143347843
2.8881889944334205
-40.36221183237977
2.9799205211289177
-40.62588732236765
3.0691892364288123
-40.84384784053975
3.1559040480857306
-41.018112004582875
3.2399883095213653
-41.150697120289855
3.321379746647338
-41.24361918585016
3.400030413726327
-41.29889289367755
3.4759066657178295
-41.31853163289607
3.548989140134708
-41.3045474899809
3.619272744769276
-41.258951249164525
3.686766649191725
-41.1837523935288
3.7514942785547873
-41.08095910496647
3.813493309018483
-40.9525782645527
3.872815664209341
-40.80061545266137
3.9295275124031264
-40.627074949345634
3.9837092641246414
-40.43395973450287
4.035455569927578
-40.223271487642265
4.084875318289022
-39.997010588766386
4.132091633112594
-39.757176117908365
4.177241870682479
-39.50576585575715
4.220477615282931
-39.24477628435995
4.2619646721233835
-38.976202587667395
4.3018830548734
-38.702038653064655
4.34042696134901
-38.424277074597946
4.377804720563319
-38.144909159601866
4.414238660922109
-37.86592494493475
4.449964715606484
-37.589313246838024
4.485230844750561
-37.317061858936405
4.5202859921584775
-37.051158939851454
4.555529504548076
-36.7935742419664
2.0821819899732716
-36.36435555426663
4.452450774429963
-36.32705839991301
4.31680210141073
-36.121907703194346
4.184335860912512
-35.93284932231502
4.055134094158404
-35.76188556982104
3.929252405947068
-35.6110211980992
3.8067216524261767
-35.48226318655264
3.6875483632802855
-35.37762068928162
3.5717148825810057
-35.2991050170048
3.459179425409957
-35.24872962997296
3.3498761040006855
-35.228510135026724
3.243677640405906
-35.24005904113485
3.1402116437930943
-35.28245215262259
3.0390328788133445
-35.35378345610684
2.9397192447598286
-35.4521427598066
2.8418719809110087
-35.575617795640376
2.7451156750823884
-35.722294217819986
2.6490982799079745
-35.8902556025567
2.5534911477634523
-36.07758344609841
2.4579891174389275
-36.28235715975151
2.3623107737132614
-36.502654056712
2.266199484911482
-36.73654929736978
2.1694306650243504
-36.98211550683791
2.071714198363537
-37.237427909030714
4.591161587967605
-36.546303023242245
2.0465670520149217
-37.75503608872048
2.1212648041548334
-38.01326066242241
2.196909373198821
-38.273287407533196
2.273393119861396
-38.53317800420218
2.350597665776263
-38.79099495327876
2.4283927732657276
-39.04480163498412
2.5066360695375636
-39.292662322802066
2.5851729601911018
-39.53264218833331
2.6638366016059933
-39.76280730183656
2.7424478978790034
-39.98122463211045
2.8208155123791983
-40.18596204495135
2.898735892705247
-40.37508830051256
2.9759933126676685
-40.546673049342836
3.052359940011229
-40.698786826245836
3.127595946654367
-40.82950103905618
3.201449694155542
-40.93688795215429
3.273658059472581
-41.0190206548728
3.343947041503185
-41.07397300507804
3.4120329755008356
-41.09981951421497
3.4776252066740767
-41.09463509616934
3.5404327761829677
-41.05649443733836
3.600184482088025
-40.983470107779574
3.656709127487943
-40.87362500551042
3.710497266042978
-40.724959465213125
3.7551437137100265
-40.53612283681132
1.9729208831792562
-37.50055241285908
4.167002050959013
-39.97137369920629
4.529651805475623
-39.59239060151524
4.880283866689979
-39.1661915507119
5.217004461230374
-38.691097877186905
5.5379718294065015
-38.16543041465511
5.8413084530787955
-37.587517438368906
6.1250850594594795
-36.95569535374262
6.387332908749443
-36.268305089042926
6.6261200637405295
-35.52367511429541
6.840104981778268
-34.720000721894294
9.583641194645338
-33.242661056120255
11.85214673997882
-32.50303540123302
14.142057038046687
-31.574086136774124
16.42546317726743
-30.4487249659494
18.672206535166254
-29.125064733797444
20.851143547208665
-27.607073467021017
22.931618420382506
-25.904856094210825
24.88501042953152
-24.034494972058475
26.68619924559414
-22.017435419781492
28.314794428629455
-19.879464507482407
29.756004810479453
-17.64938725164482
31.00107405151749
-15.357542130566499
32.047268998743505
-13.03431019893147
32.89746470119019
-10.708758512252588
33.55941328587602
-8.40752475747554
34.044807388338654
-6.154005405483455
34.36825198546296
-3.96786442605074
34.546245214013425
-1.8648416160771237
34.596245319842524
0.14318662323388587
34.535873728008426
2.047954707227367
16.212496722597393
30.56265110653143
18.28051365130034
29.372495864063378
20.33055988562893
27.99266024115347
22.33386544587944
26.42194441908374
24.260527860438856
24.664701104466427
26.080884371251614
22.731215608787863
27.76701110715885
20.637678813633944
29.294204553093948
18.405713032677813
30.642289271333254
16.061469448706532
31.79661121138713
13.634375970747147
32.74861639772621
11.155662986769403
33.495972026411835
8.656821047337953
34.04224859789815
6.168144213513392
34.39623493056496
3.7174877593854596
34.57099336999801
1.3293269166573634
34.58277633394573
-0.9758451086520106
34.449919112214104
-3.1817865738767104
34.191803050378496
-5.2764852699429525
33.82795491939555
-7.251907239556945
33.37731892683195
-9.103585771350994
-3.3863593202234554
36.26616063592654
-3.580282869655157
36.951993949372024
-3.7724641008133375
37.57562196225204
-3.9628002016813184
38.139107420839395
-4.150955192908057
38.644532999569414
-4.336577118832324
39.093981020189545
-4.519329074563359
39.48953055530529
-4.698896962532601
39.83325670341084
-4.874992078066597
40.127230347864256
-5.047352143652276
40.37351806021413
-5.215741779176568
40.57418205629215
-5.379952737180005
40.73128017414679
-5.539804029730021
40.846865862396925
-5.69514200109802
40.92298817354502
-5.84584037144198
40.96169175919542
-5.991800264470513
40.96501686836966
-6.132950225391895
40.934999345425425
-6.269246233046303
40.873670628616864
-6.4006717085012355
40.78305774988334
-6.527237521124803
40.66518333386905
-6.648981993161783
40.52206559757771
-6.765970903229771
40.3557183499208
-6.878297489167693
40.168150991615676
-6.986082450415353
39.961368514911214
-7.08947395009416
39.737371502917924
-7.188647617253807
39.49815612998302
-7.2838065491066
39.24571416060538
-7.375181314035174
38.98203294917094
-7.4630299558355375
38.70909543928371
-7.547638000361431
38.42888016201908
-7.629318467344831
38.143361233285184
-7.7084118934848505
37.85450834879697
-7.785286382573787
37.5642867726432
-7.860337730143442
37.274657308468775
-7.93398979698506
36.98757621425879
-8.006696002151273
36.7049948601821
-8.078949773054433
36.42885733528253
-8.151143260060508
36.16113280918379
-3.3863593202234554
36.26616063592654
-6.894697190363104
35.39537023354066
-5.583830777382246
34.90430484950113
-4.290019676479858
34.43212107690016
-3.011718968171465
33.98033114745739
-1.7471062871356082
33.550384748133794
-0.4940802249904266
33.14366938612105
0.7497400690289737
32.76151048085928
1.9870150213562283
32.40517139400518
3.2206846875645283
32.07585344142415
4.453968776972687
31.774695898696272
5.690301229323069
31.50241374172972
6.93284001194715
31.25742369068943
8.184382807679924
31.037310963857436
9.447455977726065
30.839718999960702
10.724314830632864
30.66235135319087
12.016943626452758
30.502971689708595
13.327055584711843
30.35940378254231
14.656092900886506
30.229531498979654
16.00522678686218
30.11129876882344
17.37535759243781
30.002709490488293
18.76711529002901
29.90182715351768
20.180862866704615
29.806772196379647
21.616650445424597
29.715757738887937
-8.223897568513223
35.903739891215736
23.28028707585483
29.793616945937615
23.489248337925545
29.9626990682518
23.70001498513244
30.132719333478775
23.9113904854199
30.302149025422217
24.122169465166877
30.46946663729087
24.331137185814754
30.633158279065512
24.537069414626558
30.79171777749181
24.738732384309117
30.943646708082277
24.934882779284266
31.087454404894977
25.124267733626766
31.221657962128187
25.30562483520967
31.34478223020386
25.477682135547468
31.45535980714793
25.639158166855736
31.551931024180586
25.78876196989046
31.63304392246595
25.92519313872066
31.69725421408997
26.04714189772764
31.743125218096917
26.153289235592638
31.769227745747926
26.242307156653425
31.77413988841585
26.312859183585374
31.75644659079348
26.363601466103546
31.71473871210195
26.393185553652472
31.647610675837917
26.400266717346256
31.553653417317648
26.383537242861337
31.4314261696426
26.34195949128764
31.279258955706684
26.27165356428094
31.097890145755024
23.074322563456974
29.627006030282857
25.200793361205854
31.1780847220828
24.21151723702519
31.42776639105568
23.206477620710018
31.630468453715096
22.187381575104666
31.78286104320138
21.156144330228983
31.881472100902258
20.114853930026413
31.9227182011103
19.06576726315933
31.902910074977736
18.011323181776106
31.818247978841967
16.954206254957512
31.664793613687024
15.89780127216602
31.438266592591294
15.89780127216602
31.438266592591294
-0.4993998100822523
-35.64721470704986
-3.189874127225657
-35.50771774689664
-6.008194165136061
-35.14078712002403
-8.919887940819862
-34.51679179274978
-11.881779752177295
-33.61244749287936
-14.843554232342044
-32.41361155891676
-17.750370943163787
-30.917594471771388
-20.546325579509777
-29.13454687688834
-23.178347310797164
-27.08759000872695
-25.59998735915513
-24.811569151343885
-27.774543588183228
-22.35057146940391
-29.677090681016352
-19.754584411005826
-31.295207958584648
-17.075809654882026
-32.62844726519246
-14.36515734697592
-33.68679011276293
-11.669339674526553
-34.48846060678857
-9.028809529213422
-35.05747965431582
-6.4766068915794435
-35.42128804343643
-4.038027969780504
-35.608666868025914
-1.7309420622237859
-35.64807759704072
0.4334514692396496
-5.831454187561377
35.17054817029719
-8.47070821354528
34.629762039347
-11.202311529864375
33.84496318403507
-13.987743948625933
32.792016341916224
-16.780830029976315
31.454364721702255
-19.529703993808738
29.82555914739961
-22.179740956580716
27.91115202996462
-24.677186801513415
25.729550483909236
-26.973031110617523
23.31156170758367
-29.026566377972504
20.69859320934585
-30.808105700756627
17.939730758064037
-32.30048971035743
15.088130467752315
-33.499254249001005
12.197265320620431
-34.41157931411273
9.317538604661138
-35.05432839910897
6.493641276529257
-35.45157741941
3.762841348821521
-35.63202375617602
1.1542095044359684
-35.62658659133818
-1.3113521230791783
-35.46639822341964
-3.620485271153351
0.25667759687192415
-34.47971565059456
0.27165300090183564
-34.2038609216134
0.2868990399301481
-33.988125626422715
0.30246180636359554
-33.83018496251796
0.3183983149605183
-33.72771408035396
0.3347653910577435
-33.678388160549616
0.3516168953770489
-33.679882433034436
0.3690028025391143
-33.72987218349385
0.3869688372333542
-33.826032756014115
0.40555631535272596
-33.966039553666775
0.4248020737664433
-34.14756803912195
0.44473844594452316
-34.368293734456046
0.46539326843736717
-34.625892220602964
0.4867899171249235
-34.918039136656915
0.5089473837628304
-35.24241017806628
0.5318804205837466
-35.59668109405038
0.555599816205131
-35.9785276817951
0.5801129528329625
-36.38562577590898
0.6054250362140863
-36.81565122424044
0.6315421738818543
-37.26627982875044
0.6584806127814034
-37.73518716561455
0.6863036927333894
-38.22004786881604
0.7153805244656724
-38.71853061218238
0.7429228562297681
-39.22836528533372
0.24201545528921997
-34.81801402819309
0.9684761970451063
-40.25822545275713
1.1715613634269744
-40.77320988015356
1.379806857416213
-41.28982351251915
1.5930685934402504
-41.80574569591914
1.8112151234884095
-42.318658079287474
2.0340876060815845
-42.826245390837045
2.2614898012550384
-43.32619563194723
2.4931847389723316
-43.816200140862435
2.728893391012548
-44.29395361791788
2.9682940734086287
-44.7571541362783
3.211022156246088
-45.203503145629156
3.4566699200036624
-45.63070547295217
3.7047864925459066
-46.036469319974174
3.95487784167517
-46.41850625788777
4.206406820990139
-46.77453121641949
4.458793288906236
-47.102262465409325
4.711414356600869
-47.39942157846036
4.9636049040134935
-47.663733361130284
5.214658730655458
-47.892925691776895
5.463831445920221
-48.084729124186026
5.710349152058313
-48.236875693897446
5.95344318928278
-48.34709414509038
6.192593370264717
-48.413076515924445
6.424258819050181
-48.43292723664507
0.7709883144615333
-39.74718775198093
6.601563086899205
-48.35144878070798
6.548121331532798
-48.25330511843927
6.489220020996754
-48.11242092771258
6.425194804902105
-47.93111311134436
6.356426526865903
-47.71169228634676
6.283303583424811
-47.45646795468454
6.206212516585538
-47.16774979558346
6.125534881642466
-46.84784809631071
6.041645998958927
-46.49907392368155
5.954914392925161
-46.12373920102095
5.865701520445555
-45.72415674604531
5.7743616377588864
-45.30264028947667
5.681241744158115
-44.86150448342258
5.5866815796139235
-44.403064902537665
5.491013675724901
-43.929638039357826
5.394563480888792
-43.44354128932113
5.297649618331263
-42.94709292164222
5.200584420558926
-42.44261201671759
5.103675119760965
-41.93241832719718
5.0072268359865575
-41.418831929848466
4.911551552314847
-40.904172177063145
4.817004027414953
-40.39075350518647
4.724233198930108
-39.88085608524827
4.630782121529933
-39.37712274608356
6.6495183352514005
-48.404492527396116
4.661033587483303
-38.36080542566887
4.7806289785982585
-37.853690461318735
4.897901796501799
-37.362619867923996
5.013300393623297
-36.88988160787153
5.127371175386088
-36.43774956437241
5.240719698670944
-36.00848808265235
5.354000953415095
-35.60435310332832
5.467916132060736
-35.22759253780035
5.58321134919737
-34.88044641590466
5.700677075716385
-34.5651469492899
5.821147878533338
-34.28391855718891
5.945502313747511
-34.0389778729766
6.074662915932606
-33.83253373515592
6.209596271932639
-33.66678716372593
6.351313200281027
-33.54393131270231
6.5008691029024135
-33.466151383803805
6.659364644360608
-33.435624462450875
6.827947129696952
-33.45451918770462
7.007813550724393
-33.524995024275455
7.200218214436518
-33.64920044161397
7.406495639386719
-33.82926744847825
7.628152153709607
-34.067289732443584
7.867507097066607
-34.36516962891008
-2.259848843427818
-35.149130857749554
14.172602703216853
-32.736535587855855
16.12452268648707
-31.820483934270186
18.04344235264074
-30.7730014419314
19.912836869016132
-29.59767486655221
21.716695913945046
-28.300681056459126
23.440040181048573
-26.890666521843798
25.069399769518384
-25.378507144319087
26.593222632597872
-23.776962373088537
28.002187328935747
-22.10024738489082
29.289403117945255
-20.363553095486054
30.450490685159878
-18.582546830592833
31.483547037266362
-16.77288572757888
32.389007049631516
-14.949770968717331
33.169420812043256
-13.12756461312506
33.82916980637543
-11.319483198874366
34.37414605070063
-9.5373745319813
34.811417038500906
-7.791577083604523
35.148896216508206
-6.090855805165489
30.32771563368226
18.782254766685668
31.368093750268372
16.987822819671692
32.3212538398725
15.095694084629201
33.17423306213681
13.115398980481388
33.9153332808973
11.058643593309426
34.53456806942688
8.939073662091886
35.02405415046991
6.7719318176671095
35.37831801395379
4.573624840510718
35.59449450477473
2.3612265091990423
35.672403080217634
0.15194788798075365
35.61449803759467
-2.037390293573708
35.42569984763793
-4.1908495538792465
35.11312433258365
-6.29380086137968
34.6857336121991
-8.333265474095072
34.15393679941661
-10.29815666901797
33.52916921171055
-12.179418773105112
32.82347673521713
-13.97006817058687
32.04912765822036
-15.665147494526735
31.218268673053103
-17.26160857901877
30.34263571437316
-18.75814190113266
4.539037674869121
-38.88163092655222
29.922879030464117
25.238965847489
11.733413395078003
32.22273992956647
12.24167270385243
31.554950509748977
12.762834285037968
30.94850160365624
13.29913970979311
30.39914881222009
13.852680107105101
29.902754723306998
14.425386742277794
29.455292123022787
15.019028662337206
29.052844797451257
15.635211912176288
28.69160779887838
16.27537922225619
28.367887551037654
16.940809867908342
28.078101894784567
17.63261960119945
27.81878010902662
18.351760616921922
27.58656291848044
19.099021537273728
27.378202493201172
19.875027409269904
27.19056244089873
20.68023971361572
27.02061778931295
21.514956389397184
26.86545495309906
22.379311885410175
26.72227166977092
23.273277267770823
26.588376871225933
24.196660459317286
26.46119039956278
25.14910684151451
26.33824229708904
26.13010106069089
26.217170674218835
27.13897425703783
26.095713183289547
28.174954668027937
25.971647333241265
29.23648472803316
25.8435959411905
11.235730301257064
32.95619876359325
30.874831581683992
25.838946266187293
31.43425088069216
25.96588572583846
31.999239735115566
26.088529329432788
32.5679970641076
26.205410461801364
33.138697878888365
26.315098137112955
33.70948545167528
26.416206235519496
34.2784693582941
26.50739581203686
34.84372482560667
26.587375865501258
35.40329247104643
26.65490364593981
35.95517818465612
26.708784793803716
36.49735307015811
26.747873408554653
37.027753414269625
26.771072084859668
37.54428066983081
26.777331931465085
38.04480144754433
26.76565258023672
38.52714751281235
26.735082187162874
38.98911578898293
26.68471742598922
39.42846836740864
26.61370346912699
39.84293253263269
26.52123394543608
40.230200820315076
26.40655084298757
40.58793116553477
26.268944262986565
40.913747349384266
26.107751677409425
41.20524079015644
25.922354956554045
41.459983084933526
25.712159553815837
41.67536039155152
25.476869370942552
30.322813831837095
25.709148536892627
41.61914773968351
25.436940614409565
41.3509077172655
25.633262939658636
41.047011771566474
25.80559895685738
40.70990197859783
25.954546161162597
40.34198864091735
26.080745699921607
39.945648347270435
26.184885592859587
39.523223488188876
26.2677015362012
39.07702209575302
26.32997716989152
38.60931778036718
26.372544183030044
38.12234970324744
26.3962823599293
37.61832256501475
26.402119601032723
37.09940660217876
26.391031930646477
36.56773758945411
26.364043496303964
36.02541684773411
26.322226560256894
35.47451126086196
26.266701481289317
34.91705330525156
26.19863667885579
34.35504110785445
26.119248565754503
33.790438561482404
26.029801410994992
33.225175579763174
25.931607037512066
32.66114873565698
25.826024066172636
32.100223175327756
25.714455645549094
31.54424027702396
25.598340372807485
30.995071259336783
25.47908873594193
30.45389364088595
25.35894093091551
41.84927157535378
25.216055590394717
29.630703850140605
24.812084242387925
29.346545025570776
24.39621168412259
29.07220505979609
23.99282908529915
28.809576581657666
23.603308183285975
28.56058426985072
23.228980392635492
28.327176557760367
22.87114664039362
28.11132356050888
22.531079823301383
27.915016385066338
22.210025624840682
27.74026685625381
21.909202839814185
27.589107394619475
21.629803518620122
27.463590958277564
21.37299303438195
27.365791016893695
21.139910112597192
27.297801543585706
20.931666837157337
27.261737022438297
20.749348637865666
27.259732471974417
20.59401425432074
27.293943495223516
20.466695663854438
27.366546377857162
20.368397940556548
27.479738288852445
20.30009896840039
27.635737725247225
20.26274880602182
27.83678562737225
20.257268095503747
28.0851487261927
20.284543284543332
28.383132937952496
20.34540751292309
28.73317712689459
20.440506808497474
-4.940867318404685
-34.87343038750652
-4.940867318404685
-34.87343038750652
-7.773685037079218
-34.3531386891305
-10.72173877161714
-33.55015103637456
-13.736327993895713
-32.43272437052522
-16.7579719734384
-30.97964964598205
-19.719469590252345
-29.184085319390363
-22.55053508936632
-27.056268849078236
-25.18347101691805
-24.62440058946396
-27.558997409407596
-21.93330751707569
-29.631227587382796
-19.040973413013035
-31.370938288471592
-16.013511412280906
-32.76667998418387
-12.919481400753966
-33.82376724343143
-9.824514558619057
-34.561608780129035
-6.787010783817266
-35.010066749033285
-3.85532658520367
-35.20555183681725
-1.0665067817492684
-35.1874188813465
1.553663193553433
-34.99501370313848
3.989653213939107
-34.66551231695135
6.234626905728874
8.96681795040331
34.061187482157266
6.336120089578088
34.64710520463126
3.484090234578076
35.04895764623626
0.4333717450638517
35.219036127936874
-2.7798661153431965
35.11183078723053
-6.105896794617024
34.688417968881595
-9.483127589110438
33.921064369783494
-12.841640580526928
32.79726488673879
-16.108295286206015
31.322374428237993
-19.212681355404044
29.52018279052578
-22.09293605065747
27.431195626729505
-24.70043590174319
25.108898484685028
-27.002646385680862
22.614716558476232
-28.98386326491766
20.012595710974153
-30.64403960122837
17.364076530834893
-31.996220649789933
14.72447557573102
-33.063240091993976
12.140447745841414
-33.874283937869535
9.648896545560916
-34.46177138897292
7.276993169195038
-34.8588112319313
5.042974950059147
10.235341168836555
-34.17281406082475
20.671432333779748
-28.314374984462646
20.875632797868345
-28.760181150877045
21.06182122546499
-29.18560107967923
21.23051114990148
-29.590967455461268
21.38221076141506
-29.976616505932455
21.51742303563703
-30.342887907120797
21.636645765138155
-30.69012475975397
21.740371569962374
-31.018673582300835
21.829087900821563
-31.328884307656438
21.903277040545415
-31.62111028258319
21.96341610397864
-31.895708267284277
22.00997703745179
-32.153038435640966
22.043426617999398
-32.39346437597891
22.0642264518563
-32.61735309158388
22.072832972816073
-32.82507500188778
22.069697439783617
-33.017003943557484
22.055265933965217
-33.19351717249681
22.02997935486261
-33.354995366094414
21.994273415049328
-33.50182262654117
21.948578632480057
-33.634386484679894
21.893320320479333
-33.75307790673506
21.828918572451748
-33.8582913028896
21.755788239470515
-33.95042454065319
21.674338895698703
-34.02987896531047
21.58497478327675
-34.097059432629095
21.48809472038311
-34.152374362882625
21.38409194102301
-34.19623583606119
21.273353797081597
-34.229059767609755
21.15626116329839
-34.25126626078415
21.03318712789588
-34.263280380768975
20.90449371957667
-34.265534089953604
20.77052208974743
-34.25847205489012
20.63155324014513
-34.2425748708155
20.487533120099805
-34.218521637169545
20.341762582329658
-34.18500775039689
20.44870005237976
-27.847854102136893
19.796134526815436
-34.17037337776452
19.397841716048426
-34.190085289762436
18.99835958312313
-34.203094631377496
18.598213510493185
-34.20977144540578
18.19785167583341
-34.21052787269866
17.79768666932034
-34.205793539918375
17.398105897250755
-34.196009406401345
16.999475049508995
-34.18162571365119
16.60213948589155
-34.16310116531483
16.206424865245243
-34.14090255407697
15.81263745966826
-34.11550457631793
15.42106432218495
-34.08738973157355
15.03197338159963
-34.057048266031074
14.64561349787908
-34.02497813923139
14.262214494211062
-33.99168500273163
13.881987175450899
-33.957682188141604
13.505123336318803
-33.923490699568475
13.131795761523481
-33.88963920972941
12.762158217795559
-33.85666405891857
12.396345436480246
-33.82510925787841
12.034473081872441
-33.7955264936638
11.67663769738784
-33.768475141220705
11.322916613495039
-33.744522284793334
10.973367784360924
-33.72424275611883
10.628029482724848
-33.708219206177375
10.286919688339268
-33.69704224992162
9.950034741371518
-33.691310785824555
9.617345974237395
-33.69163279383989
9.288789606761156
-33.69862773274207
8.96422632440079
-33.712936126565324
8.643158325350747
-33.735286676025936
8.328551421410573
-33.765589728971975
20.19234410302772
-34.14380323743811
8.094998122127805
-33.710409546219495
8.173754740493301
-33.626893960698766
8.254856150373818
-33.55491955259703
8.338622336591811
-33.49498273689295
8.425319035959753
-33.447592519472636
8.51520076932529
-33.413260290644786
8.608521601774292
-33.392497272454676
8.705538732134826
-33.38581366739882
8.806513931803678
-33.3937183163242
8.911714202799772
-33.41671854230978
9.021412111416247
-33.455320070188236
9.135885974228174
-33.51002698177027
9.255419972522596
-33.58134168770809
9.380304231635591
-33.669764906375434
9.51083488555522
-33.77579564614658
9.64731413982443
-33.89993118721537
9.790050343860315
-34.04266705882105
9.939358086419759
-34.204497009204175
10.09555833344318
-34.385912960539116
10.258978641847733
-34.58740493913285
10.429953510350416
-34.80946095965123
10.608824989643395
-35.05256682485225
10.795943811626714
-35.31720575266368
10.99167164534471
-35.60385763228521
11.19638605748699
-35.91299738831975
11.410492910874098
-36.24509089070591
11.634463557653461
-36.600582686005765
11.868983609216087
-36.97984692369684
12.115994319742853
-37.38284383823063
18.333619351163804
-28.64363337615795
20.477938364492772
-34.11425738376636
23.167273611405236
-32.34819855757209
25.789452649372762
-30.2990535916814
28.294076437345538
-27.974519746788673
30.63154332183788
-25.393642319056767
32.75630750677803
-22.586563152175643
34.62998702162682
-19.59317522475058
36.223897129447806
-16.460795644834548
37.52066863030173
-13.241145797887526
38.51476978161071
-9.987042864399257
39.2119418818648
-6.749231834740812
39.62773055090982
-3.5737218540774336
39.78540754858781
-0.4998626797367649
39.713615327504016
2.440752778316522
39.444036263053874
5.224607141662631
39.00931412448976
7.835938236274217
38.44136443525538
10.265964000604328
37.77012552050927
12.511839779616565
-0.674940734953708
39.78282256841666
2.271411681203361
39.72366052468371
5.346315495681225
39.42772409265416
8.514425833442274
38.86686338299802
11.732596439609537
38.01939896015037
14.95148340070989
36.87250548341024
18.1179952582291
35.424098638195574
21.178386075413982
33.683890507875304
24.081642104947306
31.673380464280257
26.78272809779537
29.424717367298257
29.245266375560462
26.97856391894004
31.443322530463448
24.381262985150528
33.362137565372564
21.681704120640035
34.99783008056106
18.928296440990096
36.35624631264301
16.166380873907826
37.45122929591635
13.43629192636567
38.302603238954575
10.772144708694213
38.93413737322429
8.201308646107691
39.37168756167746
5.744452545845775
39.641637143993265
3.416009521326856
8.017910852297753
-33.8050539265314
-13.010226581736376
32.21494326710774
-34.28445693885784
5.692660384772466
-34.33794878770911
6.4456177341054115
-34.3542205971764
7.211569641797382
-34.334758981626315
7.989107181774472
-34.281024216624544
8.7768622819477
-34.19445005960887
9.573508962799366
-34.076443705258626
10.377763646683661
-33.928385771746896
11.188385260861168
-33.75163029474152
12.004175278185443
-33.54750472583974
12.823977735531798
-33.31730993173545
13.64667924255076
-33.06232019441413
14.471208986081848
-32.783783212075775
15.29653873240693
-32.482920099928606
16.121682827988423
-32.16092539179893
16.94569819953665
-31.81896704178786
17.767684353217646
-31.45818642701902
18.58678337348954
-31.079698350873876
19.40217992108734
-30.684591047624075
20.21310123027004
-30.273926188143136
21.018817104458407
-29.848738889160412
21.818639910740103
-29.41003772556572
22.611924571149387
-28.958804749275895
23.39806854996101
-28.495995518134915
24.17651183402694
-28.022539142067902
24.946736901445917
-27.53933835951692
25.708268669141205
-27.047269671668165
26.460674401782086
-26.547183590738673
27.20356354204688
-26.03990513714288
27.936587372043476
-25.526234932266956
28.65943826789868
-25.00695193024982
29.37184783651523
-24.482821613931627
30.07358132724866
-23.95462877585622
30.764415276484527
-23.423406987518536
31.443981024188957
-22.887363798730895
32.11386153899383
-34.19223335283685
4.954138701252646
-22.051605838710053
32.79113702069509
-21.75209269345876
32.80233999046354
-21.450521978406442
32.807000049326604
-21.14724020648007
32.80557550968976
-20.842629676652628
32.79849839107095
-20.537073734921318
32.786198110083006
-20.230948089908267
32.769107402425334
-19.92461791881092
32.74766429696436
-19.618436710342724
32.722312905087506
-19.312745739110447
32.69350377866226
-19.00787380411521
32.66169408962807
-18.704137088254658
32.62734772535529
-18.401839079496074
32.59093534327093
-18.10127052506801
32.55293440325224
-17.802709404073266
32.51382918613348
-17.506420912816022
32.474110805800365
-17.212657458054828
32.43427721541431
-16.921658657066367
32.39483320973713
-16.633651344418883
32.35629042378571
-16.348849587465473
32.319167328429245
-16.06745471330143
32.28398922005826
-15.789655354754217
32.251288202438076
-15.51562752943547
32.22160315557872
-15.245534779533635
32.19547967963473
-14.979528432742072
32.173469989582685
-14.717748125468638
32.156132704124104
-14.460322955094185
32.14403238092464
-14.20737436085972
32.13773835251834
-13.959024768676109
32.13782123599481
-13.71543216979024
32.144838967488425
-13.477032175202972
32.15923904742985
-13.241270178117965
32.18267827884873
-22.348993863866983
32.77274070267549
-12.661605464203276
32.22731695753197
-12.318786383463376
32.24960511094491
-11.98126571051668
32.28256281423671
-11.648828186668176
32.32682527521132
-11.321289250611713
32.383011884897144
-10.998458225732854
32.4517410838823
-10.680129114198813
32.53363407881912
-10.36607752541562
32.62931608199324
-10.056059443565175
32.73941680694105
-9.749810663113095
32.864570694763785
-9.447046500695173
33.00541702696836
-9.147461632985205
33.16259998744161
-8.850729994672605
33.33676869880841
-8.556504704476446
33.52857724469675
-8.264418001730661
33.73868468555426
-7.974081181012323
33.96775507123945
-7.685084513003289
34.21645745193436
-7.3969971374065935
34.48546589089864
-7.109366905349219
34.77545948005127
-6.821720133353047
35.0871223631753
-6.533561197707613
35.421143772075766
-6.244371828500576
35.778218089801186
-5.9536098011479766
36.159044965061554
-5.660706322263877
36.56432954135937
-5.36506028087976
36.99478296030972
-5.066023878560529
37.4511236181219
-4.762859522248817
37.93408093512562
-4.454567398532731
38.444410433362236
-4.138678497858777
38.98299927494608
16.394714601348596
-29.795849788879067
16.394714601348596
-29.795849788879067
14.319706424083606
-30.84680436332387
12.120631159516044
-31.775299082716543
9.813739699094715
-32.56178503429335
7.4191659635437865
-33.18938547045593
4.960304257474135
-33.644831893983394
2.4629279107889097
-33.91921752646094
-0.04588355911202058
-34.00848756119744
-2.538914980045064
-33.91361440815797
-4.9899772768563295
-33.64044378835652
-7.374957646705713
-33.199236907049766
-9.672674157707153
-32.60396764413714
-11.865480159373817
-31.87145607104614
-13.939597546118012
-31.0204279750196
-15.885189510110049
-30.07058505797663
-17.696208155780464
-29.041755257015822
-19.37006773648964
-27.95317168739392
-20.907200136771163
-26.822906515553342
-22.31054711428987
-25.66746615780704
-33.900110631152074
2.7132693741625644
-34.005403316900626
0.46030072348679596
-33.95733264889846
-1.8651785097339086
-33.742848994413805
-4.2425786075575616
-33.352339749923814
-6.648365566571272
-32.78037639475974
-9.056834707501082
-32.0262479033711
-11.441100328768073
-31.094211344546917
-13.774227831779456
-29.99342014498347
-16.03041108355046
-28.73752840148394
-18.18608789363512
-27.344008822133045
-20.220892983155522
-25.833254895056154
-22.118369583406803
-24.22755879693511
-23.86639323907511
-22.55006247964955
-25.45729784688507
-20.823770939319015
-26.887727597695772
-19.070697391839527
-28.158264017691195
-17.31118501592702
-29.272891979533924
-15.563424202930687
-30.238372287223882
-13.843161908918187
-31.06358317812989
-12.163583122481704
-31.758881861986197
15.08598764032088
-36.81767908793148
3.5952256596733974
3.61445582282128
3.6316896671674415
3.647075535736964
3.6607451838797327
3.6728163433495915
3.6833948279342956
3.692576282601788
3.700447649067481
3.7070884035828535
3.7125716104773847
3.716964825700581
3.7203308775563846
3.722728546350505
3.7242131604191244
3.72483712274648
3.7246503796057144
3.723700840644592
3.7220347581117608
3.719697071456218
3.7167317224586953
3.713181945032276
3.709090533035192
3.7045000887028925
3.699453253687525
3.6939929241741547
3.6881624509331568
3.682005824814236
3.6755678476553686
3.66889428817226
3.6620320220186655
3.6550291547983744
3.647935126434806
3.640800794970308
3.6336784975893854
3.6266220863758267
3.61968693651309
3.6129299125953223
3.5952256596733974
3.600018188550707
3.593989930360342
3.588386498114141
3.5832706407152326
3.578705665719276
3.5747551312904267
3.57148249370036
3.5689507122828514
3.5672218151608415
3.5663564304720303
3.5664017898973714
3.567330814668125
3.569086445228154
3.5716098579477564
3.574840985869188
3.5787189521748672
3.583182470685084
3.5881702092530436
3.5936211133093483
3.599474688040486
3.6056712387176693
3.6121520700468697
3.6188596331957545
3.606409344516267
3.632585889315871
3.6394896477020335
3.646396902110215
3.653257015965143
3.6600207348778855
3.6666401266542508
3.6730684999049297
3.679260303327922
3.6851710073374093
3.6907569694947497
3.6959752847767997
3.7007836213974605
3.7051400425148238
3.7090028137540023
3.7123301960242534
3.715080222763623
3.717210460096281
3.7186777480280995
3.7194379200454875
3.719445497914825
3.7186533575158465
3.7170123604587078
3.714470943764667
3.7109746456974073
3.7064659965146003
3.625737681791093
3.693568219924477
3.6851389787260183
3.6755174056870588
3.6646184478060126
3.652348486462352
3.638603942954758
3.623269594407761
3.606216542027166
3.5872997316974637
3.5663547894665695
3.5437537241292048
3.543753724129205
3.543753724129205
3.5437537241292056
3.5437537241292048
3.5437537241292048
3.543753724129205
3.5437537241292043
3.543753724129205
3.543753724129205
3.5437537241292056
3.5437537241292043
3.5437537241292043
3.5437537241292048
3.5437537241292043
3.543753724129205
3.543753724129205
3.5437537241292056
3.5437537241292056
3.5437537241292048
3.543753724129205
3.543753724129205
3.5437537241292056
3.543753724129205
3.5437537241292048
3.543753724129205
3.543753724129205
3.5437537241292043
3.543753724129205
3.5437537241292048
3.5437537241292056
3.5437537241292048
3.5437537241292048
3.543753724129205
3.5437537241292043
3.5437537241292048
3.5437537241292048
3.5437537241292048
3.5437537241292043
3.543753724129205
3.595225659673398
3.6142915611092548
3.631369995576508
3.6466092720769043
3.660141149749174
3.672083369790667
3.6825417564880056
3.691611965209305
3.6993809475833377
3.705928189130083
3.711326762728522
3.7156442321197334
3.718943432618809
3.7212831507481177
3.722718720256592
3.723302548730664
3.7230845862302444
3.7221127453707696
3.720433280546676
3.71809113252875
3.715130243593947
3.7115938473248957
3.7075247364219894
3.7029655111350865
3.6979588103029464
3.6925475264696765
3.6867750059375775
3.680685234261793
3.6743230071599493
3.6677340864021977
3.6609653398716047
3.6540648645748073
3.647082091006529
3.640067866933069
3.6330745183633604
3.626155885089426
3.6193673273524336
3.612765722116726
3.595225659673398
3.5852017066989927
3.56524523873678
3.546692026565658
3.529694263238747
3.5144023524757837
3.500962830024586
3.4895161535054204
3.4801944342271316
3.473119198480076
3.4683992738498803
3.466117397671417
3.4662682396342652
3.4688020651164533
3.473652724913564
3.480738402981804
3.4899627162573035
3.5012161785687876
3.51437795908336
3.529317850689865
3.5458983564012216
3.5639768020575224
3.583407388518125
3.6040431949157536
3.606409344516267
3.6325859558702676
3.639489776151395
3.6463970875095124
3.653257253259195
3.6600210189387647
3.666640452298702
3.673068861906656
3.6792606964281265
3.68517142625469
3.690757408934851
3.6959757394425417
3.700784085999147
3.7051405117814844
3.7090032824459547
3.7123306589477654
3.715080674788956
3.7172108961814536
3.718678163252957
3.7194383096658745
3.7194458574601414
3.7186536829934056
3.717012648873887
3.714471194879977
3.710974872109695
3.70646605491377
3.6257376817910933
3.6911097702032496
3.680656604006708
3.669452883658462
3.657419590485012
3.644467503750704
3.6304957085908915
3.6153898751074327
3.599020230402026
3.5812391595769584
3.561878571176213
3.561878571176213
3.5737691384510293
3.5737691384510293
3.5737691384510293
3.5737691384510293
3.5737691384510297
3.5737691384510293
3.5737691384510293
3.5737691384510293
3.5737691384510293
3.5737691384510293
3.5737691384510293
3.5737691384510293
3.5737691384510293
3.5737691384510293
3.5737691384510293
3.5737691384510293
3.5737691384510293
3.5737691384510293
3.5737691384510293
3.5737691384510293
3.5737691384510293
3.5737691384510293
3.5737691384510293
3.5737691384510293
3.5737691384510297
3.5737691384510293
3.5737691384510293
3.5737691384510293
3.5737691384510293
3.5737691384510293
3.5737691384510293
3.5737691384510293
3.5737691384510293
3.5737691384510293
3.5737691384510293
3.5737691384510293
3.5737691384510297
3.5737691384510293
3.5737691384510293
3.54039890705638
3.532370068207523
3.526046842614301
3.5213934156644235
3.518364432911847
3.516905730775694
3.5169551921588416
3.518443697235987
3.521296138107179
3.52543246614268
3.530768742517781
3.537218165174466
3.5446920491807625
3.5531007416921168
3.5623544571559735
3.5723640228616764
3.583041529013743
3.5943008812723534
3.606058256768527
3.6182324672148716
3.6307452345373403
3.6435213857641657
3.656488972872316
3.6695793888688777
3.550159054043604
3.6956036184675667
3.7084378849052384
3.7211741220426706
3.733759311082594
3.746143136593989
3.758277802959019
3.77011783387141
3.781619860938192
3.792742404576094
3.8034456493172537
3.813691214958661
3.823441924467388
3.8326615689942396
3.8413146699362017
3.8493662375050683
3.856781524913771
3.8635257767930162
3.8695639701178095
3.8748605453999025
3.87937912541137
3.8830822178537554
3.8859308962953176
3.887884437513759
3.8889004065930233
3.68272718255267
3.8877309919401495
3.885588231696251
3.8825544248398223
3.8786698471131746
3.873973202916748
3.868501954076694
3.86229262746542
3.8553811052114075
3.8478029008417307
3.8395934242111176
3.8307882375902236
3.82142330479025
3.8115352347997757
3.801161520971209
3.7903407764009036
3.7791129656418576
3.7675196325457256
3.755604123423453
3.743411804284217
3.7309902703424442
3.7183895453809845
3.705662268399989
3.692863867996625
3.6800526031663368
3.8889405070532064
3.6543640315176678
3.6416404174601897
3.6291901614539706
3.6170873437981483
3.6054090526172105
3.594235203126434
3.58364827593777
3.573732970488971
3.564575768791609
3.556264406083741
3.5488872472590836
3.5425325709290956
3.537287766358698
3.5332384525301603
3.5304675326564094
3.529054201838
3.5290729295262406
3.530592442057228
3.5336747332035157
3.538374132136784
3.544736457458349
3.552798279298515
3.5625862536983197
3.5616624368215666
3.5743864386276964
3.5743864386276964
3.574386438627696
3.5743864386276973
3.574386438627696
3.574386438627696
3.5743864386276964
3.574386438627697
3.5743864386276964
3.574386438627696
3.574386438627697
3.5743864386276964
3.574386438627697
3.574386438627696
3.574386438627696
3.5743864386276964
3.574386438627696
3.5743864386276964
3.574386438627696
3.574386438627697
3.574386438627696
3.5743864386276964
3.574386438627697
3.574386438627697
3.5743864386276956
3.574386438627697
3.5743864386276964
3.574386438627696
3.5743864386276964
3.574386438627697
3.574386438627696
3.574386438627697
3.574386438627697
3.574386438627697
3.5743864386276973
3.574386438627696
3.5743864386276964
3.574386438627696
3.6672900140482882
3.6672900140482887
3.534927692741918
3.521830311141487
3.5108542464451196
3.5019758809192423
3.4951611617751865
3.490366242363056
3.4875382496522036
3.4866161530535105
3.487531705416353
3.490210426580252
3.494572601263265
3.5005342655792777
3.508008159971215
3.516904630321763
3.527132463164527
3.538599645094167
3.551214040262377
3.5648839833270642
3.5795187879966317
3.59502917358212
3.6113276131160754
3.628328605184442
3.645948844690339
3.6641081883459266
3.550159054043605
3.695370379510669
3.7079905681282113
3.720531939759253
3.7329415431371107
3.745169127148979
3.7571669544163577
3.7688896000334844
3.7802937398840726
3.791337931400544
3.8019823887911377
3.8121887541396617
3.8219198652787436
3.8311395207846366
3.8398122420323277
3.847903031768367
3.855377128314665
3.8621997540205393
3.8683358562540935
3.873749838719207
3.8784052804545515
3.882264639263234
3.8852889355648443
3.887437409780632
3.888667215176201
3.68272718255267
3.887257981864185
3.884681222303725
3.88125253366333
3.8770122879050706
3.8719992760687765
3.866251037109891
3.8598041654922026
3.852694601354713
3.844957906612201
3.836629529847677
3.8277450623709224
3.818340487320884
3.808452423288229
3.798118363495795
3.7873769111815414
3.7762680113238063
3.764833178507601
3.7531157201256926
3.741160953685912
3.7290164164495136
3.7167320651169686
3.7043604636289036
3.691956965198394
3.679579601530529
3.8889405070532064
3.6544783670149337
3.6418596899088325
3.6295049136357918
3.6174880911292706
3.605886290033216
3.5947794084718065
3.5842499124866407
3.5743824891816325
3.565263610361949
3.5569810031412725
3.5496230263523216
3.543277954603336
3.538033175216309
3.533974307300687
3.5311842562863602
3.529742221617377
3.529722679285441
3.5311943645074124
3.5342192825962977
3.5388517777271455
3.545137689380429
3.5531136240609777
3.562806356238198
3.5616624368215657
3.5616624368215657
3.5616624368215666
3.561662436821566
3.5616624368215666
3.561662436821566
3.561662436821566
3.561662436821566
3.5616624368215666
3.561662436821566
3.5616624368215666
3.5616624368215666
3.561662436821566
3.561662436821566
3.5616624368215666
3.5616624368215666
3.561662436821566
3.561662436821566
3.5616624368215666
3.5616624368215666
3.5616624368215652
3.5616624368215652
3.561662436821567
3.5616624368215657
3.561662436821566
3.5616624368215657
3.561662436821566
3.561662436821567
3.5616624368215666
3.5616624368215666
3.5616624368215666
3.5616624368215657
3.561662436821566
3.5616624368215666
3.5616624368215666
3.561662436821566
3.5616624368215666
3.561662436821566
3.5616624368215666
3.5616624368215666
3.574386438627696
3.556982914601059
3.5705988331944623
3.5832872581357047
3.595096797962478
3.606072182227276
3.6162546844152312
3.6256824907830514
3.6343910233741368
3.642413223953019
3.6497798045920113
3.6565194695908843
3.662659112734458
3.668223993240718
3.6732378932158785
3.677723259058791
3.6817013288490053
3.6851922475103347
3.6882151712400084
3.6907883625271927
3.6929292768623276
3.694654642168151
3.6959805317426113
3.6969224314938707
3.6974953020981474
3.6977136366494134
3.6975915142814673
3.6971426502198965
3.696380442600525
3.6953180164133754
3.6939682647951746
3.6923438878382844
3.690457428805914
3.688321306101979
3.6859478253079865
3.6833496312965917
3.542386527752477
3.6760607037337785
3.671466674602003
3.666769397933194
3.6619819040349055
3.6571172773057046
3.652188688831728
3.647209419639181
3.642192880964157
3.6371526327562975
3.63210240069961
3.6270560918560673
3.622027808822425
3.61703186239293
3.6120827826095367
3.6071953280508517
3.602384493312571
3.5976655144807763
3.593053872475084
3.5885652941047566
3.584215750710917
3.580021454185465
3.575998850231466
3.572164608714093
3.568535610918826
3.565128933556613
3.5619618293514383
3.5590517039868947
3.5564160889342222
3.5540726089205323
3.552038937702014
3.5503326864788134
3.548972822055204
3.680538410080906
3.5458380724209375
3.544028341654815
3.5425636686981377
3.5414616933031846
3.5407397615356433
3.540414859415953
3.5405035474788846
3.5410218947286434
3.5419854120778136
3.5434089857910256
3.545306811457858
3.5476923291869906
3.5505781606575972
3.5539760486801235
3.557896799982046
3.5623502318695968
3.5673451233776476
3.572889171550795
3.5789889533637376
3.5856498938042543
3.592876240504575
3.6006710453011053
3.609036152892239
3.6179721967702134
3.6274786023721184
3.637553597081817
3.6481942258362134
3.659396366485093
3.6711546954158627
3.526611037757633
3.6835791209983935
3.6835791209983935
3.683579120998393
3.6835791209983935
3.6835791209983935
3.683579120998393
3.6835791209983935
3.683579120998393
3.683579120998394
3.6835791209983935
3.6835791209983935
3.6835791209983935
3.6835791209983935
3.6835791209983935
3.6835791209983935
3.683579120998393
3.683579120998393
3.683579120998393
3.6835791209983935
3.6835791209983935
3.6835791209983935
3.6835791209983935
3.6835791209983935
3.6835791209983935
3.6835791209983935
3.683579120998393
3.683579120998393
3.683579120998393
3.683579120998393
3.6835791209983935
3.6835791209983935
3.683579120998394
3.683579120998393
3.6835791209983935
3.6835791209983935
3.683579120998393
3.6835791209983935
3.6835791209983935
3.547975012977798
3.547975012977798
3.548290473161996
3.5535655880178836
3.5582860290427996
3.562521462104025
3.5663373993081344
3.56979546762686
3.572953616882939
3.5758662769627927
3.578584473293855
3.581155908971219
3.5836250211201404
3.5860330185762024
3.58841790739456
3.5908145101465365
3.5932544844650174
3.5957663456611986
3.5983754976567193
3.601104275741267
3.6039720039853655
3.6069950693393533
3.6101870137635084
3.6135586448651074
3.6171181648932116
3.6208713172174534
3.6248215488435913
3.6289701870028006
3.6333166275025186
3.637858532197399
3.6425920328943393
3.6475119390083077
3.65261194681821
3.657884850089711
3.6633227616873794
3.6689174536173907
3.6746577013867796
3.542386527752477
3.676711330708095
3.6727298825763404
3.6686065059529036
3.664353770760311
3.659984352459479
3.6555110476773622
3.650946793727221
3.6463046880498986
3.6415980067238265
3.636840221761303
3.6320450171067913
3.627226303153665
3.622398229739519
3.6175751974859214
3.612771867325538
3.6080031681648075
3.6032843024809806
3.5986307497292596
3.594058267402905
3.5895828896202153
3.585220923031061
3.580988939911832
3.5769037683056926
3.572982479040108
3.569242369493344
3.5657009440187806
3.5623758909924854
3.5592850565701224
3.556446415973721
3.553878046273065
3.5515981376535013
3.5496239997015038
3.680538410080906
3.544586635180379
3.541605630687433
3.5390504506278035
3.536939355186395
3.535290276614981
3.534120744607996
3.5334478180782485
3.5332880176071795
3.533657257819683
3.5345707799778547
3.5360430852443128
3.5380878692800475
3.5407179588020914
3.5439452507487945
3.547780654766325
3.5522340396661867
3.5573141844645395
3.563028734644189
3.569384164143406
3.5763857435878417
3.584037515138196
3.592342274307899
3.6013015588664756
3.6109156448801496
3.6211835495141
3.632103039270495
3.6436706389128175
3.655881617739142
3.6687297467007434
3.526611037757633
3.526611037757633
3.526611037757633
3.526611037757633
3.526611037757633
3.526611037757633
3.5266110377576334
3.526611037757633
3.526611037757633
3.526611037757633
3.526611037757633
3.5266110377576334
3.526611037757633
3.526611037757633
3.526611037757633
3.526611037757633
3.526611037757633
3.526611037757633
3.526611037757633
3.526611037757633
3.5266110377576334
3.5266110377576334
3.5266110377576334
3.526611037757633
3.5266110377576334
3.526611037757633
3.5266110377576334
3.526611037757633
3.526611037757633
3.526611037757633
3.526611037757633
3.526611037757633
3.526611037757633
3.526611037757633
3.526611037757633
3.526611037757633
3.526611037757633
3.526611037757633
3.526611037757633
3.526611037757633
3.6835791209983935
17.39079815767825
0.0
0.0
0.0
0.0
0.0
0.0
0.0
0.0
0.0
0.0
0.0
0.0
0.0
0.0
0.0
0.0
0.0
0.0
0.0
0.0
0.0
0.0
0.0
0.0
0.0
0.0
0.0
0.0
0.0
0.0
0.0
0.0
0.0
0.0
0.0
0.0
0.0
17.39079815767825
0.0
0.0
0.0
0.0
0.0
0.0
0.0
0.0
0.0
0.0
0.0
0.0
0.0
0.0
0.0
0.0
0.0
0.0
0.0
0.0
0.0
0.0
0.0
0.0
0.0
0.0
0.0
0.0
0.0
0.0
0.0
0.0
0.0
0.0
0.0
0.0
0.0
0.0
0.0
0.0
0.0
0.0
0.0
0.0
0.0
0.0
0.0
0.0
0.0
0.0
0.0
0.0
0.0
0.0
0.0
0.0
0.0
0.0
0.0
0.0
0.0
0.0
0.0
0.0
0.0
0.0
0.0
0.0
0.0
0.0
0.0
0.0
0.0
0.0
0.0
0.0
0.0
0.0
0.0
0.0
48.66416087358357
48.66416087358356
52.827195998678604
57.19838288002816
57.19838288002825
61.788129105445755
66.60736264213378
71.66755785565569
76.98076282985454
82.5596280527631
0.0
0.0
0.0
0.0
0.0
0.0
0.0
0.0
0.0
0.0
43.08492756757678
43.9142614264094
44.670689177544844
45.3566516720914
50.21665441206683
50.81994791070227
51.35423158061276
51.822144003566756
52.22631730163782
52.56937743942435
52.853944529612846
53.0826331401224
48.759058739750394
53.38280732247804
48.94348612560521
53.49071737588874
53.47905967589712
48.91383658653373
53.337458138455034
48.71751909423179
53.05535628636542
48.40201355290906
48.20546056100416
47.986181257957305
47.746529237919894
61.30245776470351
60.94960746619088
46.92885831589468
60.19536866435583
55.08752065343948
46.0124912130689
58.98819117426522
53.96152052537385
45.060923730191995
57.762913111747075
52.84404368931144
48.21031057268337
47.893093357463925
43.08492756757678
46.59099535914868
53.974820373954515
52.982646545911486
52.08967085429129
60.00091959494125
54.80244076959787
63.090963556436876
0.0
62.064899020405846
71.3930915015109
71.23036703585598
66.32405753233904
66.49232420856616
62.09802111959702
62.53959026685562
63.119143922424115
63.833464581523096
64.67917998333303
60.90257077633938
57.32118401242745
58.36688577335901
54.964075452332544
56.11008724340039
56.243009298634504
57.73469921159688
58.13466826754519
53.92456935239592
54.29577263837535
54.664261302566096
55.02730799348641
55.38218549577201
51.18601138366503
51.4894539679799
51.77787798184995
52.04877827102832
52.299649489333504
52.52798603526127
52.73128198882328
52.90703104691685
53.05272646093506
53.165860971767735
53.24392674656463
53.284415313160515
53.2848174944827
53.242623337372336
53.15532202766884
53.02040174167472
52.8353489943539
52.59766031433239
57.34066692802491
51.79612571531909
51.25751221754076
50.68644241164768
50.080172616925466
49.435712438926004
48.749809596108314
48.01893720617266
47.23928300604395
50.52297979693684
49.55423319206075
49.55423319206075
0.0
0.0
0.0
0.0
0.0
0.0
0.0
0.0
0.0
0.0
0.0
0.0
0.0
0.0
0.0
0.0
0.0
0.0
0.0
0.0
38.46455855604092
38.46455855604092
38.46455855604094
38.464558556040984
38.46455855604092
42.17032211920966
42.17032211920967
38.46455855604096
46.061373860536825
46.06137386053681
50.14697818893035
54.43686273374351
58.941241505797386
68.63691681264328
79.32639883844094
85.07525441572965
0.0
0.0
0.0
1.2852742577133878
0.0
0.0
0.0
0.0
0.0
0.0
0.0
0.0
0.0
0.0
0.0
0.0
0.0
0.0
0.0
0.0
0.0
0.0
0.0
0.0
0.0
0.0
0.0
0.0
0.0
0.0
0.0
0.0
0.0
0.0
0.0
0.0
0.0
0.0
0.0
0.0
0.0
1.0
0.0
0.0
0.0
0.0
0.0
0.0
0.0
0.0
0.0
0.0
0.0
0.0
0.0
0.0
0.0
0.0
0.0
0.0
0.0
0.0
0.0
0.0
0.0
0.0
0.0
0.0
0.0
0.0
0.0
0.0
0.0
0.0
0.0
0.0
0.0
0.0
0.0
0.0
0.0
0.0
0.0
0.0
0.0
0.0
0.0
0.0
0.0
0.0
0.0
0.0
0.0
0.0
0.0
0.0
0.0
0.0
0.0
0.0
0.0
0.0
0.0
0.0
0.0
0.0
0.0
0.0
0.0
0.0
0.0
0.0
0.0
0.0
0.0
0.0
0.0
0.0
0.0
0.0
0.0
0.0
1.4350621310966796
1.4476607948660887
1.4602594586354978
1.472858122404907
1.521898284958394
1.5506918593048888
1.5722870400647597
1.5866838272380073
1.6082790079978784
1.6226757951711255
0.0
0.0
0.0
0.0
0.0
0.0
0.0
0.0
0.0
0.0
1.1920154617474985
1.2259005432323513
1.2767281654596303
1.3534591917565457
1.4072099332158268
1.4743983600399277
0.9294060802398902
1.5511293863368434
1.5624244134984608
1.5680719270792696
1.5793669542408872
1.585014467821696
1.5963094949833136
1.607604522144931
1.6132520357257398
1.6245470628873573
1.6301945764681662
1.641489603629784
1.6471371172105926
1.65843214437221
1.6640796579530188
1.6753746851146365
1.686669712276254
1.692317225857063
1.7036122530186804
0.9294060802398902
1.8222100382156647
1.8222100382156647
1.825033795006069
1.825033795006069
1.825033795006069
1.8278575517964735
1.8278575517964735
1.8278575517964735
1.8321611130015616
1.8321611130015616
1.8321611130015616
1.8321611130015616
1.1920154617474985
1.83646467420665
1.8407682354117378
1.8407682354117378
1.8450717966168262
1.8493753578219143
1.8493753578219143
1.8536789190270024
0.0
1.6910605342440506
0.9280160641337631
0.9280160641337631
1.0
1.021595180759871
0.9280160641337631
0.9280160641337631
0.9280160641337631
1.1007775102127315
1.1151742973859788
1.13676947814585
0.9280160641337631
1.3527212857445603
0.9280160641337631
1.201555020425463
1.83646467420665
1.2231502011853341
1.2303485947719577
1.2375469883585815
1.2447453819452052
1.2591421691184526
1.2591421691184526
1.2591421691184526
1.2735389562916999
1.2807373498783234
1.2879357434649472
1.3023325306381945
1.3095309242248183
1.3167293178114419
1.3167293178114419
1.3239277113980656
1.3311261049846892
1.3311261049846892
1.338324498571313
1.3455228921579367
1.3594701484802245
1.365769480364929
1.3720688122496336
1.3846674760190427
1.3909668079037474
1.4035654716731565
1.2159518075987104
1.4224634673272702
1.4224634673272702
1.4224634673272702
1.4224634673272702
1.4161641354425658
1.4161641354425658
1.4161641354425658
1.4161641354425658
1.4098648035578611
1.4098648035578611
1.4098648035578611
0.0
0.0
0.0
0.0
0.0
0.0
0.0
0.0
0.0
0.0
0.0
0.0
0.0
0.0
0.0
0.0
0.0
0.0
0.0
0.0
1.1468353531010282
1.1073027580353667
1.0734176765505141
1.0395325950656615
1.0
0.9294060802398902
0.9294060802398902
1.7177310369707022
1.7205547937611065
1.7262023073419155
1.7290260641323199
1.7318498209227242
1.7346735777131286
1.7374973345035332
1.743144848084342
1.7459686048747463
0.0
0.0
0.0
