1.2852742577133878
0.0
0.0
0.0
0.0
0.0
0.0
0.0
0.0
0.0
0.0
0.0
0.0
0.0
0.0
0.0
0.0
0.0
0.0
0.0
0.0
0.0
0.0
0.0
0.0
0.0
0.0
0.0
0.0
0.0
0.0
0.0
0.0
0.0
0.0
0.0
0.0
0.0
1.0
0.0
0.0
0.0
0.0
0.0
0.0
0.0
0.0
0.0
0.0
0.0
0.0
0.0
0.0
0.0
0.0
0.0
0.0
0.0
0.0
0.0
0.0
0.0
0.0
0.0
0.0
0.0
0.0
0.0
0.0
0.0
0.0
0.0
0.0
0.0
0.0
0.0
0.0
0.0
0.0
0.0
0.0
0.0
0.0
0.0
0.0
0.0
0.0
0.0
0.0
0.0
0.0
0.0
0.0
0.0
0.0
0.0
0.0
0.0
0.0
0.0
0.0
0.0
0.0
0.0
0.0
0.0
0.0
0.0
0.0
0.0
0.0
0.0
0.0
0.0
0.0
0.0
0.0
0.0
0.0
1.4350621310966796
1.4476607948660887
1.4602594586354978
1.472858122404907
1.521898284958394
1.5506918593048888
1.5722870400647597
1.5866838272380073
1.6082790079978784
1.6226757951711255
0.0
0.0
0.0
0.0
0.0
0.0
0.0
0.0
0.0
0.0
1.1920154617474985
1.2259005432323513
1.2767281654596303
1.3534591917565457
1.4072099332158268
1.4743983600399277
0.9294060802398902
1.5511293863368434
1.5624244134984608
1.5680719270792696
1.5793669542408872
1.585014467821696
1.5963094949833136
1.607604522144931
1.6132520357257398
1.6245470628873573
1.6301945764681662
1.641489603629784
1.6471371172105926
1.65843214437221
1.6640796579530188
1.6753746851146365
1.686669712276254
1.692317225857063
1.7036122530186804
0.9294060802398902
1.8222100382156647
1.8222100382156647
1.825033795006069
1.825033795006069
1.825033795006069
1.8278575517964735
1.8278575517964735
1.8278575517964735
1.8321611130015616
1.8321611130015616
1.8321611130015616
1.8321611130015616
1.1920154617474985
1.83646467420665
1.8407682354117378
1.8407682354117378
1.8450717966168262
1.8493753578219143
1.8493753578219143
1.8536789190270024
0.0
1.6910605342440506
0.9280160641337631
0.9280160641337631
1.0
1.021595180759871
0.9280160641337631
0.9280160641337631
0.9280160641337631
1.1007775102127315
1.1151742973859788
1.13676947814585
0.9280160641337631
1.3527212857445603
0.9280160641337631
1.201555020425463
1.83646467420665
1.2231502011853341
1.2303485947719577
1.2375469883585815
1.2447453819452052
1.2591421691184526
1.2591421691184526
1.2591421691184526
1.2735389562916999
1.2807373498783234
1.2879357434649472
1.3023325306381945
1.3095309242248183
1.3167293178114419
1.3167293178114419
1.3239277113980656
1.3311261049846892
1.3311261049846892
1.338324498571313
1.3455228921579367
1.3594701484802245
1.365769480364929
1.3720688122496336
1.3846674760190427
1.3909668079037474
1.4035654716731565
1.2159518075987104
1.4224634673272702
1.4224634673272702
1.4224634673272702
1.4224634673272702
1.4161641354425658
1.4161641354425658
1.4161641354425658
1.4161641354425658
1.4098648035578611
1.4098648035578611
1.4098648035578611
0.0
0.0
0.0
0.0
0.0
0.0
0.0
0.0
0.0
0.0
0.0
0.0
0.0
0.0
0.0
0.0
0.0
0.0
0.0
0.0
1.1468353531010282
1.1073027580353667
1.0734176765505141
1.0395325950656615
1.0
0.9294060802398902
0.9294060802398902
1.7177310369707022
1.7205547937611065
1.7262023073419155
1.7290260641323199
1.7318498209227242
1.7346735777131286
1.7374973345035332
1.743144848084342
1.7459686048747463
0.0
0.0
0.0
