-19.5931232616 39.855287221
-18.9531833884 140.921286845
-18.300963137 141.973027633
-17.6366128798 143.010628602
-16.9602829894 144.034208769
-16.272123838 145.043887154
-15.572285798 146.039782772
-14.860919242 147.022014642
-14.1381745422 147.990701782
-13.4042020711 148.945963209
-12.6591522011 149.887917941
-11.9031753046 150.816684996
-11.1364217539 151.732383391
-10.3590419216 152.635132144
-9.5711861799 153.525050272
-8.77300490131 154.402256794
-7.96464845821 155.266870726
-7.146267223 156.119011088
-6.31801156808 156.958796895
-5.48003186586 157.786347167
-4.63247848874 158.60178092
-3.77550180912 159.405217173
-2.90925219939 160.196774942
-2.03388003197 160.976573247
-1.14953567925 161.744731103
-0.256369513635 162.50136753
0.645468092473 163.246601544
1.55582676667 163.980552164
2.47455613656 164.703338407
3.40150582974 165.415079291
4.3365254738 166.115893833
5.27946469635 166.805901051
6.23017312498 167.485219963
7.18850038729 168.153969586
8.15429611089 168.812268939
9.12740992336 169.460237038
10.1076914523 170.097992902
11.0949903253 170.725655548
12.08915617 171.343343994
13.090038614 171.951177258
14.0974872848 172.549274356
15.1113518101 173.137754308
16.1314818175 173.71673613
17.1577269345 174.28633884
18.1899367888 174.846681456
19.227961008 175.397882996
20.2716492196 175.940062477
21.3208510513 176.473338916
22.3754161306 176.997831333
23.4351940852 177.513658744
24.5000345426 178.020940166
25.5697871305 178.519794619
26.6443014765 179.010341118
27.723427208 179.492698683
28.8070139529 179.96698633
29.8949113385 180.433323078
30.9869689927 180.891827944
32.0830365428 181.342619945
33.1829636166 181.7858181
34.2865998417 182.221541425
35.3937948455 182.64990894
36.5043982558 183.071039661
37.6182597002 183.485052606
38.7352288061 183.892066792
39.8551552013 184.292201239
40.9778885134 184.685574962
42.1032783698 185.07230698
43.2311743983 185.45251631
44.3614262264 185.826321971
45.4938834817 186.193842979
46.6283957918 186.555198353
47.7648127844 186.91050711
48.902984087 187.259888268
50.0427593271 187.603460844
51.1839881325 187.941343857
52.3265201307 188.273656323
53.4702049493 188.600517261
54.614892216 188.922045689
55.7604315582 189.238360623
56.9066726036 189.549581081
58.0534649799 189.855826082
59.2006583145 190.157214643
60.3481022351 190.453865782
61.4956463693 190.745898515
62.6431403448 191.033431862
63.790433789 191.316584839
64.9373763296 191.595476465
66.0838175942 191.870225756
67.2296072104 192.140951732
68.3745948057 192.407773408
69.5186300079 192.670809804
70.6615624444 192.930179936
71.803241743 193.186002823
72.9435175311 193.438397482
74.0822394363 193.68748293
75.2192570864 193.933378186
76.3544201088 194.176202267
77.4875781312 194.41607419
78.6185807812 194.653112974
79.7472776864 194.887437636
80.873518474 195.119167194
