58.589522451 9.4341798589
60.9602592777 19.6126788281
63.3365264081 19.8420889713
65.7181406617 20.1200213971
68.1049188576 20.4440872139
70.4966778151 20.8118975303
72.8932343536 21.2210634547
75.2944052923 21.6691960957
77.7000074505 22.1539065617
80.1098576474 22.6728059614
82.5237727023 23.2235054031
84.9415694346 23.8036159954
87.3630646636 24.4107488468
89.7880752084 25.0425150659
92.2164178883 25.696525761
94.6479095227 26.3703920407
97.0823669309 27.0617250136
99.5196069321 27.7681357881
101.959446346 28.4872354728
104.401701991 29.2166351761
106.846190686 29.9539460065
109.292729252 30.6967790726
111.741134508 31.4427454829
114.191223272 32.1894563458
116.642812364 32.93452277
119.095718604 33.6755558638
121.549758809 34.4101667358
124.004749801 35.1359664945
126.460508398 35.8505662484
128.916851419 36.551577106
131.373595684 37.2366101758
133.830558012 37.9032765664
136.287555222 38.5491873862
138.744404134 39.1719537437
141.200921566 39.7691867475
143.656924339 40.338497506
146.11222927 40.8774971278
148.566653181 41.3837967214
151.020012889 41.8550073952
153.472125215 42.2887402579
155.922806977 42.6826064178
158.371874994 43.0342169835
160.819146087 43.3411830635
163.264437074 43.6011157663
165.707564775 43.8116262004
168.148346009 43.9703254743
170.586597595 44.0748246966
173.022136352 44.1227349757
175.4547791 44.1116674201
177.884342658 44.0392331384
180.310672536 43.9035283559
182.733798331 43.7057618533
185.153822348 43.4483718086
187.570847071 43.1337994171
189.984974986 42.7644858745
192.396308575 42.3428723763
194.804950325 41.8714001179
197.211002718 41.3525102949
199.61456824 40.7886441027
202.015749374 40.182242737
204.414648606 39.5357473931
206.811368419 38.8515992667
209.206011298 38.1322395533
211.598679726 37.3801094482
213.98947619 36.5976501472
216.378503172 35.7873028456
218.765863158 34.9515087389
221.151658631 34.0927090228
223.535992076 33.2133448927
225.918965978 32.3158575441
228.30068282 31.4026881726
230.681245087 30.4762779736
233.060755263 29.5390681426
235.439315834 28.5934998753
237.817029282 27.642014367
240.193998093 26.6870528133
242.570324751 25.7310564097
244.94611174 24.7764663517
247.321461544 23.8257238349
249.696476649 22.8812700547
252.071259537 21.9455462067
254.445912694 21.0209934864
256.820538605 20.1100530892
259.195239752 19.2151662107
261.570118622 18.3387740465
263.945277697 17.4833177919
266.320819463 16.6512386426
268.696846403 15.8449777941
271.073461003 15.0669764418
273.450765746 14.3196757813
275.828863118 13.605517008
278.207855601 12.9269413176
280.587845681 12.2863899054
282.968935842 11.6863039671
285.351228568 11.1291246981
287.734826344 10.617293294
290.119831653 10.1532509502
292.506346982 9.73943886232
294.894474813 9.3782982258
297.284317631 9.07227023618
299.6759779 8.82379608896
