199.259844438 40.457186494
201.449340181 240.102026458
203.626201067 239.716076738
205.790753383 239.300120057
207.943323414 238.854939138
210.084237448 238.381316703
212.21382177 237.880035475
214.332402667 237.351878177
216.440306425 236.79762753
218.537859331 236.218066258
220.625387671 235.613977083
222.703217731 234.986142727
224.771675798 234.335345914
226.831088158 233.662369365
228.881781098 232.967995804
230.924080903 232.253007952
232.958313861 231.518188533
234.984806257 230.764320269
237.003884378 229.992185882
239.01587451 229.202568095
241.02110294 228.396249631
243.019895955 227.574013212
245.012579839 226.736641561
246.999480881 225.8849174
248.980925365 225.019623452
250.957239579 224.14154244
252.928749809 223.251457085
254.895782341 222.350150111
256.858663462 221.43840424
258.817719458 220.517002194
260.773276615 219.586726697
262.72566122 218.64836047
264.675199559 217.702686237
266.622217919 216.75048672
268.567042585 215.792544641
270.509999845 214.829642723
272.451415984 213.862563689
274.39161729 212.89209026
276.330930047 211.919005161
278.269680543 210.944091112
280.208195065 209.968130837
282.146799897 208.991907059
284.085821328 208.016202499
286.025585642 207.041799881
287.966419128 206.069481927
289.90864807 205.10003136
291.852598755 204.134230902
293.79859747 203.172863275
295.746970501 202.216711202
297.698044135 201.266557407
299.652144657 200.32318461
301.609564132 199.38729532
303.570337907 198.458990323
305.534384771 197.538097198
307.501622931 196.624442159
309.471970592 195.717851418
311.445345959 194.818151191
313.421667239 193.925167689
315.400852638 193.038727127
317.382820361 192.158655719
319.367488615 191.284779677
321.354775605 190.416925215
323.344599537 189.554918547
325.336878616 188.698585886
327.33153105 187.847753445
329.328475043 187.00224744
331.327628802 186.161894081
333.328910532 185.326519585
335.332238439 184.495950162
337.33753073 183.670012029
339.344705609 182.848531397
341.353681283 182.03133448
343.364375958 181.218247493
345.37670784 180.409096647
347.390595134 179.603708158
349.405956047 178.801908238
351.422708783 178.0035231
353.44077155 177.20837896
355.460062552 176.416302029
357.480499997 175.627118521
359.502002088 174.840654651
361.524487034 174.056736631
363.547873039 173.275190675
365.572078309 172.495842997
367.59702105 171.718519809
369.622619468 170.943047326
371.648791769 170.169251762
373.675456159 169.396959328
375.702530844 168.62599624
377.729934028 167.856188711
379.757583919 167.087362953
381.785398723 166.319345181
383.813296644 165.551961609
385.841195889 164.785038448
387.869014664 164.018401914
389.896671175 163.25187822
391.924083627 162.485293579
393.951170227 161.718474205
395.97784918 160.951246311
398.004038692 160.18343611
400.02965696 159.414869817
