2.0821819899732716 -36.36435555426663
2.18803071473738 -37.066611278246825
2.2930878724396706 -37.70693166686115
2.396820781571762 -38.287364501391636
2.498973656651984 -38.809941223821326
2.5993487292853956 -39.276689468993204
2.697774980137112 -39.689634855681966
2.794100322036485 -40.05080143347843
2.8881889944334205 -40.36221183237977
2.9799205211289177 -40.62588732236765
3.0691892364288123 -40.84384784053975
3.1559040480857306 -41.018112004582875
3.2399883095213653 -41.150697120289855
3.321379746647338 -41.24361918585016
3.400030413726327 -41.29889289367755
3.4759066657178295 -41.31853163289607
3.548989140134708 -41.3045474899809
3.619272744769276 -41.258951249164525
3.686766649191725 -41.1837523935288
3.7514942785547873 -41.08095910496647
3.813493309018483 -40.9525782645527
3.872815664209341 -40.80061545266137
3.9295275124031264 -40.627074949345634
3.9837092641246414 -40.43395973450287
4.035455569927578 -40.223271487642265
4.084875318289022 -39.997010588766386
4.132091633112594 -39.757176117908365
4.177241870682479 -39.50576585575715
4.220477615282931 -39.24477628435995
4.2619646721233835 -38.976202587667395
4.3018830548734 -38.702038653064655
4.34042696134901 -38.424277074597946
4.377804720563319 -38.144909159601866
4.414238660922109 -37.86592494493475
4.449964715606484 -37.589313246838024
4.485230844750561 -37.317061858936405
4.5202859921584775 -37.051158939851454
4.555529504548076 -36.7935742419664
2.0821819899732716 -36.36435555426663
4.452450774429963 -36.32705839991301
4.31680210141073 -36.121907703194346
4.184335860912512 -35.93284932231502
4.055134094158404 -35.76188556982104
3.929252405947068 -35.6110211980992
3.8067216524261767 -35.48226318655264
3.6875483632802855 -35.37762068928162
3.5717148825810057 -35.2991050170048
3.459179425409957 -35.24872962997296
3.3498761040006855 -35.228510135026724
3.243677640405906 -35.24005904113485
3.1402116437930943 -35.28245215262259
3.0390328788133445 -35.35378345610684
2.9397192447598286 -35.4521427598066
2.8418719809110087 -35.575617795640376
2.7451156750823884 -35.722294217819986
2.6490982799079745 -35.8902556025567
2.5534911477634523 -36.07758344609841
2.4579891174389275 -36.28235715975151
2.3623107737132614 -36.502654056712
2.266199484911482 -36.73654929736978
2.1694306650243504 -36.98211550683791
2.071714198363537 -37.237427909030714
4.591161587967605 -36.546303023242245
2.0465670520149217 -37.75503608872048
2.1212648041548334 -38.01326066242241
2.196909373198821 -38.273287407533196
2.273393119861396 -38.53317800420218
2.350597665776263 -38.79099495327876
2.4283927732657276 -39.04480163498412
2.5066360695375636 -39.292662322802066
2.5851729601911018 -39.53264218833331
2.6638366016059933 -39.76280730183656
2.7424478978790034 -39.98122463211045
2.8208155123791983 -40.18596204495135
2.898735892705247 -40.37508830051256
2.9759933126676685 -40.546673049342836
3.052359940011229 -40.698786826245836
3.127595946654367 -40.82950103905618
3.201449694155542 -40.93688795215429
3.273658059472581 -41.0190206548728
3.343947041503185 -41.07397300507804
3.4120329755008356 -41.09981951421497
3.4776252066740767 -41.09463509616934
3.5404327761829677 -41.05649443733836
3.600184482088025 -40.983470107779574
3.656709127487943 -40.87362500551042
3.710497266042978 -40.724959465213125
3.7551437137100265 -40.53612283681132
1.9729208831792562 -37.50055241285908
4.167002050959013 -39.97137369920629
4.529651805475623 -39.59239060151524
4.880283866689979 -39.1661915507119
5.217004461230374 -38.691097877186905
5.5379718294065015 -38.16543041465511
5.8413084530787955 -37.587517438368906
6.1250850594594795 -36.95569535374262
6.387332908749443 -36.268305089042926
6.6261200637405295 -35.52367511429541
6.840104981778268 -34.720000721894294
9.583641194645338 -33.242661056120255
11.85214673997882 -32.50303540123302
14.142057038046687 -31.574086136774124
16.42546317726743 -30.4487249659494
18.672206535166254 -29.125064733797444
20.851143547208665 -27.607073467021017
22.931618420382506 -25.904856094210825
24.88501042953152 -24.034494972058475
26.68619924559414 -22.017435419781492
28.314794428629455 -19.879464507482407
29.756004810479453 -17.64938725164482
31.00107405151749 -15.357542130566499
32.047268998743505 -13.03431019893147
32.89746470119019 -10.708758512252588
33.55941328587602 -8.40752475747554
34.044807388338654 -6.154005405483455
34.36825198546296 -3.96786442605074
34.546245214013425 -1.8648416160771237
34.596245319842524 0.14318662323388587
34.535873728008426 2.047954707227367
16.212496722597393 30.56265110653143
18.28051365130034 29.372495864063378
20.33055988562893 27.99266024115347
22.33386544587944 26.42194441908374
24.260527860438856 24.664701104466427
26.080884371251614 22.731215608787863
27.76701110715885 20.637678813633944
29.294204553093948 18.405713032677813
30.642289271333254 16.061469448706532
31.79661121138713 13.634375970747147
32.74861639772621 11.155662986769403
33.495972026411835 8.656821047337953
34.04224859789815 6.168144213513392
34.39623493056496 3.7174877593854596
34.57099336999801 1.3293269166573634
34.58277633394573 -0.9758451086520106
34.449919112214104 -3.1817865738767104
34.191803050378496 -5.2764852699429525
33.82795491939555 -7.251907239556945
33.37731892683195 -9.103585771350994
-3.3863593202234554 36.26616063592654
-3.580282869655157 36.951993949372024
-3.7724641008133375 37.57562196225204
-3.9628002016813184 38.139107420839395
-4.150955192908057 38.644532999569414
-4.336577118832324 39.093981020189545
-4.519329074563359 39.48953055530529
-4.698896962532601 39.83325670341084
-4.874992078066597 40.127230347864256
-5.047352143652276 40.37351806021413
-5.215741779176568 40.57418205629215
-5.379952737180005 40.73128017414679
-5.539804029730021 40.846865862396925
-5.69514200109802 40.92298817354502
-5.84584037144198 40.96169175919542
-5.991800264470513 40.96501686836966
-6.132950225391895 40.934999345425425
-6.269246233046303 40.873670628616864
-6.4006717085012355 40.78305774988334
-6.527237521124803 40.66518333386905
-6.648981993161783 40.52206559757771
-6.765970903229771 40.3557183499208
-6.878297489167693 40.168150991615676
-6.986082450415353 39.961368514911214
-7.08947395009416 39.737371502917924
-7.188647617253807 39.49815612998302
-7.2838065491066 39.24571416060538
-7.375181314035174 38.98203294917094
-7.4630299558355375 38.70909543928371
-7.547638000361431 38.42888016201908
-7.629318467344831 38.143361233285184
-7.7084118934848505 37.85450834879697
-7.785286382573787 37.5642867726432
-7.860337730143442 37.274657308468775
-7.93398979698506 36.98757621425879
-8.006696002151273 36.7049948601821
-8.078949773054433 36.42885733528253
-8.151143260060508 36.16113280918379
-3.3863593202234554 36.26616063592654
-6.894697190363104 35.39537023354066
-5.583830777382246 34.90430484950113
-4.290019676479858 34.43212107690016
-3.011718968171465 33.98033114745739
-1.7471062871356082 33.550384748133794
-0.4940802249904266 33.14366938612105
0.7497400690289737 32.76151048085928
1.9870150213562283 32.40517139400518
3.2206846875645283 32.07585344142415
4.453968776972687 31.774695898696272
5.690301229323069 31.50241374172972
6.93284001194715 31.25742369068943
8.184382807679924 31.037310963857436
9.447455977726065 30.839718999960702
10.724314830632864 30.66235135319087
12.016943626452758 30.502971689708595
13.327055584711843 30.35940378254231
14.656092900886506 30.229531498979654
16.00522678686218 30.11129876882344
17.37535759243781 30.002709490488293
18.76711529002901 29.90182715351768
20.180862866704615 29.806772196379647
21.616650445424597 29.715757738887937
-8.223897568513223 35.903739891215736
23.28028707585483 29.793616945937615
23.489248337925545 29.9626990682518
23.70001498513244 30.132719333478775
23.9113904854199 30.302149025422217
24.122169465166877 30.46946663729087
24.331137185814754 30.633158279065512
24.537069414626558 30.79171777749181
24.738732384309117 30.943646708082277
24.934882779284266 31.087454404894977
25.124267733626766 31.221657962128187
25.30562483520967 31.34478223020386
25.477682135547468 31.45535980714793
25.639158166855736 31.551931024180586
25.78876196989046 31.63304392246595
25.92519313872066 31.69725421408997
26.04714189772764 31.743125218096917
26.153289235592638 31.769227745747926
26.242307156653425 31.77413988841585
26.312859183585374 31.75644659079348
26.363601466103546 31.71473871210195
26.393185553652472 31.647610675837917
26.400266717346256 31.553653417317648
26.383537242861337 31.4314261696426
26.34195949128764 31.279258955706684
26.27165356428094 31.097890145755024
23.074322563456974 29.627006030282857
25.200793361205854 31.1780847220828
24.21151723702519 31.42776639105568
23.206477620710018 31.630468453715096
22.187381575104666 31.78286104320138
21.156144330228983 31.881472100902258
20.114853930026413 31.9227182011103
19.06576726315933 31.902910074977736
18.011323181776106 31.818247978841967
16.954206254957512 31.664793613687024
15.89780127216602 31.438266592591294
15.89780127216602 31.438266592591294
-0.4993998100822523 -35.64721470704986
-3.189874127225657 -35.50771774689664
-6.008194165136061 -35.14078712002403
-8.919887940819862 -34.51679179274978
-11.881779752177295 -33.61244749287936
-14.843554232342044 -32.41361155891676
-17.750370943163787 -30.917594471771388
-20.546325579509777 -29.13454687688834
-23.178347310797164 -27.08759000872695
-25.59998735915513 -24.811569151343885
-27.774543588183228 -22.35057146940391
-29.677090681016352 -19.754584411005826
-31.295207958584648 -17.075809654882026
-32.62844726519246 -14.36515734697592
-33.68679011276293 -11.669339674526553
-34.48846060678857 -9.028809529213422
-35.05747965431582 -6.4766068915794435
-35.42128804343643 -4.038027969780504
-35.608666868025914 -1.7309420622237859
-35.64807759704072 0.4334514692396496
-5.831454187561377 35.17054817029719
-8.47070821354528 34.629762039347
-11.202311529864375 33.84496318403507
-13.987743948625933 32.792016341916224
-16.780830029976315 31.454364721702255
-19.529703993808738 29.82555914739961
-22.179740956580716 27.91115202996462
-24.677186801513415 25.729550483909236
-26.973031110617523 23.31156170758367
-29.026566377972504 20.69859320934585
-30.808105700756627 17.939730758064037
-32.30048971035743 15.088130467752315
-33.499254249001005 12.197265320620431
-34.41157931411273 9.317538604661138
-35.05432839910897 6.493641276529257
-35.45157741941 3.762841348821521
-35.63202375617602 1.1542095044359684
-35.62658659133818 -1.3113521230791783
-35.46639822341964 -3.620485271153351
