20.671432333779748 -28.314374984462646
20.875632797868345 -28.760181150877045
21.06182122546499 -29.18560107967923
21.23051114990148 -29.590967455461268
21.38221076141506 -29.976616505932455
21.51742303563703 -30.342887907120797
21.636645765138155 -30.69012475975397
21.740371569962374 -31.018673582300835
21.829087900821563 -31.328884307656438
21.903277040545415 -31.62111028258319
21.96341610397864 -31.895708267284277
22.00997703745179 -32.153038435640966
22.043426617999398 -32.39346437597891
22.0642264518563 -32.61735309158388
22.072832972816073 -32.82507500188778
22.069697439783617 -33.017003943557484
22.055265933965217 -33.19351717249681
22.02997935486261 -33.354995366094414
21.994273415049328 -33.50182262654117
21.948578632480057 -33.634386484679894
21.893320320479333 -33.75307790673506
21.828918572451748 -33.8582913028896
21.755788239470515 -33.95042454065319
21.674338895698703 -34.02987896531047
21.58497478327675 -34.097059432629095
21.48809472038311 -34.152374362882625
21.38409194102301 -34.19623583606119
21.273353797081597 -34.229059767609755
21.15626116329839 -34.25126626078415
21.03318712789588 -34.263280380768975
20.90449371957667 -34.265534089953604
20.77052208974743 -34.25847205489012
20.63155324014513 -34.2425748708155
20.487533120099805 -34.218521637169545
20.341762582329658 -34.18500775039689
20.44870005237976 -27.847854102136893
19.796134526815436 -34.17037337776452
19.397841716048426 -34.190085289762436
18.99835958312313 -34.203094631377496
18.598213510493185 -34.20977144540578
18.19785167583341 -34.21052787269866
17.79768666932034 -34.205793539918375
17.398105897250755 -34.196009406401345
16.999475049508995 -34.18162571365119
16.60213948589155 -34.16310116531483
16.206424865245243 -34.14090255407697
15.81263745966826 -34.11550457631793
15.42106432218495 -34.08738973157355
15.03197338159963 -34.057048266031074
14.64561349787908 -34.02497813923139
14.262214494211062 -33.99168500273163
13.881987175450899 -33.957682188141604
13.505123336318803 -33.923490699568475
13.131795761523481 -33.88963920972941
12.762158217795559 -33.85666405891857
12.396345436480246 -33.82510925787841
12.034473081872441 -33.7955264936638
11.67663769738784 -33.768475141220705
11.322916613495039 -33.744522284793334
10.973367784360924 -33.72424275611883
10.628029482724848 -33.708219206177375
10.286919688339268 -33.69704224992162
9.950034741371518 -33.691310785824555
9.617345974237395 -33.69163279383989
9.288789606761156 -33.69862773274207
8.96422632440079 -33.712936126565324
8.643158325350747 -33.735286676025936
8.328551421410573 -33.765589728971975
20.19234410302772 -34.14380323743811
8.094998122127805 -33.710409546219495
8.173754740493301 -33.626893960698766
8.254856150373818 -33.55491955259703
8.338622336591811 -33.49498273689295
8.425319035959753 -33.447592519472636
8.51520076932529 -33.413260290644786
8.608521601774292 -33.392497272454676
8.705538732134826 -33.38581366739882
8.806513931803678 -33.3937183163242
8.911714202799772 -33.41671854230978
9.021412111416247 -33.455320070188236
9.135885974228174 -33.51002698177027
9.255419972522596 -33.58134168770809
9.380304231635591 -33.669764906375434
9.51083488555522 -33.77579564614658
9.64731413982443 -33.89993118721537
9.790050343860315 -34.04266705882105
9.939358086419759 -34.204497009204175
10.09555833344318 -34.385912960539116
10.258978641847733 -34.58740493913285
10.429953510350416 -34.80946095965123
10.608824989643395 -35.05256682485225
10.795943811626714 -35.31720575266368
10.99167164534471 -35.60385763228521
11.19638605748699 -35.91299738831975
11.410492910874098 -36.24509089070591
11.634463557653461 -36.600582686005765
11.868983609216087 -36.97984692369684
12.115994319742853 -37.38284383823063
18.333619351163804 -28.64363337615795
20.477938364492772 -34.11425738376636
23.167273611405236 -32.34819855757209
25.789452649372762 -30.2990535916814
28.294076437345538 -27.974519746788673
30.63154332183788 -25.393642319056767
32.75630750677803 -22.586563152175643
34.62998702162682 -19.59317522475058
36.223897129447806 -16.460795644834548
37.52066863030173 -13.241145797887526
38.51476978161071 -9.987042864399257
39.2119418818648 -6.749231834740812
39.62773055090982 -3.5737218540774336
39.78540754858781 -0.4998626797367649
39.713615327504016 2.440752778316522
39.444036263053874 5.224607141662631
39.00931412448976 7.835938236274217
38.44136443525538 10.265964000604328
37.77012552050927 12.511839779616565
-0.674940734953708 39.78282256841666
2.271411681203361 39.72366052468371
5.346315495681225 39.42772409265416
8.514425833442274 38.86686338299802
11.732596439609537 38.01939896015037
14.95148340070989 36.87250548341024
18.1179952582291 35.424098638195574
21.178386075413982 33.683890507875304
24.081642104947306 31.673380464280257
26.78272809779537 29.424717367298257
29.245266375560462 26.97856391894004
31.443322530463448 24.381262985150528
33.362137565372564 21.681704120640035
34.99783008056106 18.928296440990096
36.35624631264301 16.166380873907826
37.45122929591635 13.43629192636567
38.302603238954575 10.772144708694213
38.93413737322429 8.201308646107691
39.37168756167746 5.744452545845775
39.641637143993265 3.416009521326856
8.017910852297753 -33.8050539265314
-13.010226581736376 32.21494326710774
-34.28445693885784 5.692660384772466
-34.33794878770911 6.4456177341054115
-34.3542205971764 7.211569641797382
-34.334758981626315 7.989107181774472
-34.281024216624544 8.7768622819477
-34.19445005960887 9.573508962799366
-34.076443705258626 10.377763646683661
-33.928385771746896 11.188385260861168
-33.75163029474152 12.004175278185443
-33.54750472583974 12.823977735531798
-33.31730993173545 13.64667924255076
-33.06232019441413 14.471208986081848
-32.783783212075775 15.29653873240693
-32.482920099928606 16.121682827988423
-32.16092539179893 16.94569819953665
-31.81896704178786 17.767684353217646
-31.45818642701902 18.58678337348954
-31.079698350873876 19.40217992108734
-30.684591047624075 20.21310123027004
-30.273926188143136 21.018817104458407
-29.848738889160412 21.818639910740103
-29.41003772556572 22.611924571149387
-28.958804749275895 23.39806854996101
-28.495995518134915 24.17651183402694
-28.022539142067902 24.946736901445917
-27.53933835951692 25.708268669141205
-27.047269671668165 26.460674401782086
-26.547183590738673 27.20356354204688
-26.03990513714288 27.936587372043476
-25.526234932266956 28.65943826789868
-25.00695193024982 29.37184783651523
-24.482821613931627 30.07358132724866
-23.95462877585622 30.764415276484527
-23.423406987518536 31.443981024188957
-22.887363798730895 32.11386153899383
-34.19223335283685 4.954138701252646
-22.051605838710053 32.79113702069509
-21.75209269345876 32.80233999046354
-21.450521978406442 32.807000049326604
-21.14724020648007 32.80557550968976
-20.842629676652628 32.79849839107095
-20.537073734921318 32.786198110083006
-20.230948089908267 32.769107402425334
-19.92461791881092 32.74766429696436
-19.618436710342724 32.722312905087506
-19.312745739110447 32.69350377866226
-19.00787380411521 32.66169408962807
-18.704137088254658 32.62734772535529
-18.401839079496074 32.59093534327093
-18.10127052506801 32.55293440325224
-17.802709404073266 32.51382918613348
-17.506420912816022 32.474110805800365
-17.212657458054828 32.43427721541431
-16.921658657066367 32.39483320973713
-16.633651344418883 32.35629042378571
-16.348849587465473 32.319167328429245
-16.06745471330143 32.28398922005826
-15.789655354754217 32.251288202438076
-15.51562752943547 32.22160315557872
-15.245534779533635 32.19547967963473
-14.979528432742072 32.173469989582685
-14.717748125468638 32.156132704124104
-14.460322955094185 32.14403238092464
-14.20737436085972 32.13773835251834
-13.959024768676109 32.13782123599481
-13.71543216979024 32.144838967488425
-13.477032175202972 32.15923904742985
-13.241270178117965 32.18267827884873
-22.348993863866983 32.77274070267549
-12.661605464203276 32.22731695753197
-12.318786383463376 32.24960511094491
-11.98126571051668 32.28256281423671
-11.648828186668176 32.32682527521132
-11.321289250611713 32.383011884897144
-10.998458225732854 32.4517410838823
-10.680129114198813 32.53363407881912
-10.36607752541562 32.62931608199324
-10.056059443565175 32.73941680694105
-9.749810663113095 32.864570694763785
-9.447046500695173 33.00541702696836
-9.147461632985205 33.16259998744161
-8.850729994672605 33.33676869880841
-8.556504704476446 33.52857724469675
-8.264418001730661 33.73868468555426
-7.974081181012323 33.96775507123945
-7.685084513003289 34.21645745193436
-7.3969971374065935 34.48546589089864
-7.109366905349219 34.77545948005127
-6.821720133353047 35.0871223631753
-6.533561197707613 35.421143772075766
-6.244371828500576 35.778218089801186
-5.9536098011479766 36.159044965061554
-5.660706322263877 36.56432954135937
-5.36506028087976 36.99478296030972
-5.066023878560529 37.4511236181219
-4.762859522248817 37.93408093512562
-4.454567398532731 38.444410433362236
-4.138678497858777 38.98299927494608
16.394714601348596 -29.795849788879067
16.394714601348596 -29.795849788879067
14.319706424083606 -30.84680436332387
12.120631159516044 -31.775299082716543
9.813739699094715 -32.56178503429335
7.4191659635437865 -33.18938547045593
4.960304257474135 -33.644831893983394
2.4629279107889097 -33.91921752646094
-0.04588355911202058 -34.00848756119744
-2.538914980045064 -33.91361440815797
-4.9899772768563295 -33.64044378835652
-7.374957646705713 -33.199236907049766
-9.672674157707153 -32.60396764413714
-11.865480159373817 -31.87145607104614
-13.939597546118012 -31.0204279750196
-15.885189510110049 -30.07058505797663
-17.696208155780464 -29.041755257015822
-19.37006773648964 -27.95317168739392
-20.907200136771163 -26.822906515553342
-22.31054711428987 -25.66746615780704
-33.900110631152074 2.7132693741625644
-34.005403316900626 0.46030072348679596
-33.95733264889846 -1.8651785097339086
-33.742848994413805 -4.2425786075575616
-33.352339749923814 -6.648365566571272
-32.78037639475974 -9.056834707501082
-32.0262479033711 -11.441100328768073
-31.094211344546917 -13.774227831779456
-29.99342014498347 -16.03041108355046
-28.73752840148394 -18.18608789363512
-27.344008822133045 -20.220892983155522
-25.833254895056154 -22.118369583406803
-24.22755879693511 -23.86639323907511
-22.55006247964955 -25.45729784688507
-20.823770939319015 -26.887727597695772
-19.070697391839527 -28.158264017691195
-17.31118501592702 -29.272891979533924
-15.563424202930687 -30.238372287223882
-13.843161908918187 -31.06358317812989
-12.163583122481704 -31.758881861986197
15.08598764032088 -36.81767908793148
