0.25667759687192415 -34.47971565059456
0.27165300090183564 -34.2038609216134
0.2868990399301481 -33.988125626422715
0.30246180636359554 -33.83018496251796
0.3183983149605183 -33.72771408035396
0.3347653910577435 -33.678388160549616
0.3516168953770489 -33.679882433034436
0.3690028025391143 -33.72987218349385
0.3869688372333542 -33.826032756014115
0.40555631535272596 -33.966039553666775
0.4248020737664433 -34.14756803912195
0.44473844594452316 -34.368293734456046
0.46539326843736717 -34.625892220602964
0.4867899171249235 -34.918039136656915
0.5089473837628304 -35.24241017806628
0.5318804205837466 -35.59668109405038
0.555599816205131 -35.9785276817951
0.5801129528329625 -36.38562577590898
0.6054250362140863 -36.81565122424044
0.6315421738818543 -37.26627982875044
0.6584806127814034 -37.73518716561455
0.6863036927333894 -38.22004786881604
0.7153805244656724 -38.71853061218238
0.7429228562297681 -39.22836528533372
0.24201545528921997 -34.81801402819309
0.9684761970451063 -40.25822545275713
1.1715613634269744 -40.77320988015356
1.379806857416213 -41.28982351251915
1.5930685934402504 -41.80574569591914
1.8112151234884095 -42.318658079287474
2.0340876060815845 -42.826245390837045
2.2614898012550384 -43.32619563194723
2.4931847389723316 -43.816200140862435
2.728893391012548 -44.29395361791788
2.9682940734086287 -44.7571541362783
3.211022156246088 -45.203503145629156
3.4566699200036624 -45.63070547295217
3.7047864925459066 -46.036469319974174
3.95487784167517 -46.41850625788777
4.206406820990139 -46.77453121641949
4.458793288906236 -47.102262465409325
4.711414356600869 -47.39942157846036
4.9636049040134935 -47.663733361130284
5.214658730655458 -47.892925691776895
5.463831445920221 -48.084729124186026
5.710349152058313 -48.236875693897446
5.95344318928278 -48.34709414509038
6.192593370264717 -48.413076515924445
6.424258819050181 -48.43292723664507
0.7709883144615333 -39.74718775198093
6.601563086899205 -48.35144878070798
6.548121331532798 -48.25330511843927
6.489220020996754 -48.11242092771258
6.425194804902105 -47.93111311134436
6.356426526865903 -47.71169228634676
6.283303583424811 -47.45646795468454
6.206212516585538 -47.16774979558346
6.125534881642466 -46.84784809631071
6.041645998958927 -46.49907392368155
5.954914392925161 -46.12373920102095
5.865701520445555 -45.72415674604531
5.7743616377588864 -45.30264028947667
5.681241744158115 -44.86150448342258
5.5866815796139235 -44.403064902537665
5.491013675724901 -43.929638039357826
5.394563480888792 -43.44354128932113
5.297649618331263 -42.94709292164222
5.200584420558926 -42.44261201671759
5.103675119760965 -41.93241832719718
5.0072268359865575 -41.418831929848466
4.911551552314847 -40.904172177063145
4.817004027414953 -40.39075350518647
4.724233198930108 -39.88085608524827
4.630782121529933 -39.37712274608356
6.6495183352514005 -48.404492527396116
4.661033587483303 -38.36080542566887
4.7806289785982585 -37.853690461318735
4.897901796501799 -37.362619867923996
5.013300393623297 -36.88988160787153
5.127371175386088 -36.43774956437241
5.240719698670944 -36.00848808265235
5.354000953415095 -35.60435310332832
5.467916132060736 -35.22759253780035
5.58321134919737 -34.88044641590466
5.700677075716385 -34.5651469492899
5.821147878533338 -34.28391855718891
5.945502313747511 -34.0389778729766
6.074662915932606 -33.83253373515592
6.209596271932639 -33.66678716372593
6.351313200281027 -33.54393131270231
6.5008691029024135 -33.466151383803805
6.659364644360608 -33.435624462450875
6.827947129696952 -33.45451918770462
7.007813550724393 -33.524995024275455
7.200218214436518 -33.64920044161397
7.406495639386719 -33.82926744847825
7.628152153709607 -34.067289732443584
7.867507097066607 -34.36516962891008
-2.259848843427818 -35.149130857749554
14.172602703216853 -32.736535587855855
16.12452268648707 -31.820483934270186
18.04344235264074 -30.7730014419314
19.912836869016132 -29.59767486655221
21.716695913945046 -28.300681056459126
23.440040181048573 -26.890666521843798
25.069399769518384 -25.378507144319087
26.593222632597872 -23.776962373088537
28.002187328935747 -22.10024738489082
29.289403117945255 -20.363553095486054
30.450490685159878 -18.582546830592833
31.483547037266362 -16.77288572757888
32.389007049631516 -14.949770968717331
33.169420812043256 -13.12756461312506
33.82916980637543 -11.319483198874366
34.37414605070063 -9.5373745319813
34.811417038500906 -7.791577083604523
35.148896216508206 -6.090855805165489
30.32771563368226 18.782254766685668
31.368093750268372 16.987822819671692
32.3212538398725 15.095694084629201
33.17423306213681 13.115398980481388
33.9153332808973 11.058643593309426
34.53456806942688 8.939073662091886
35.02405415046991 6.7719318176671095
35.37831801395379 4.573624840510718
35.59449450477473 2.3612265091990423
35.672403080217634 0.15194788798075365
35.61449803759467 -2.037390293573708
35.42569984763793 -4.1908495538792465
35.11312433258365 -6.29380086137968
34.6857336121991 -8.333265474095072
34.15393679941661 -10.29815666901797
33.52916921171055 -12.179418773105112
32.82347673521713 -13.97006817058687
32.04912765822036 -15.665147494526735
31.218268673053103 -17.26160857901877
30.34263571437316 -18.75814190113266
4.539037674869121 -38.88163092655222
29.922879030464117 25.238965847489
11.733413395078003 32.22273992956647
12.24167270385243 31.554950509748977
12.762834285037968 30.94850160365624
13.29913970979311 30.39914881222009
13.852680107105101 29.902754723306998
14.425386742277794 29.455292123022787
15.019028662337206 29.052844797451257
15.635211912176288 28.69160779887838
16.27537922225619 28.367887551037654
16.940809867908342 28.078101894784567
17.63261960119945 27.81878010902662
18.351760616921922 27.58656291848044
19.099021537273728 27.378202493201172
19.875027409269904 27.19056244089873
20.68023971361572 27.02061778931295
21.514956389397184 26.86545495309906
22.379311885410175 26.72227166977092
23.273277267770823 26.588376871225933
24.196660459317286 26.46119039956278
25.14910684151451 26.33824229708904
26.13010106069089 26.217170674218835
27.13897425703783 26.095713183289547
28.174954668027937 25.971647333241265
29.23648472803316 25.8435959411905
11.235730301257064 32.95619876359325
30.874831581683992 25.838946266187293
31.43425088069216 25.96588572583846
31.999239735115566 26.088529329432788
32.5679970641076 26.205410461801364
33.138697878888365 26.315098137112955
33.70948545167528 26.416206235519496
34.2784693582941 26.50739581203686
34.84372482560667 26.587375865501258
35.40329247104643 26.65490364593981
35.95517818465612 26.708784793803716
36.49735307015811 26.747873408554653
37.027753414269625 26.771072084859668
37.54428066983081 26.777331931465085
38.04480144754433 26.76565258023672
38.52714751281235 26.735082187162874
38.98911578898293 26.68471742598922
39.42846836740864 26.61370346912699
39.84293253263269 26.52123394543608
40.230200820315076 26.40655084298757
40.58793116553477 26.268944262986565
40.913747349384266 26.107751677409425
41.20524079015644 25.922354956554045
41.459983084933526 25.712159553815837
41.67536039155152 25.476869370942552
30.322813831837095 25.709148536892627
41.61914773968351 25.436940614409565
41.3509077172655 25.633262939658636
41.047011771566474 25.80559895685738
40.70990197859783 25.954546161162597
40.34198864091735 26.080745699921607
39.945648347270435 26.184885592859587
39.523223488188876 26.2677015362012
39.07702209575302 26.32997716989152
38.60931778036718 26.372544183030044
38.12234970324744 26.3962823599293
37.61832256501475 26.402119601032723
37.09940660217876 26.391031930646477
36.56773758945411 26.364043496303964
36.02541684773411 26.322226560256894
35.47451126086196 26.266701481289317
34.91705330525156 26.19863667885579
34.35504110785445 26.119248565754503
33.790438561482404 26.029801410994992
33.225175579763174 25.931607037512066
32.66114873565698 25.826024066172636
32.100223175327756 25.714455645549094
31.54424027702396 25.598340372807485
30.995071259336783 25.47908873594193
30.45389364088595 25.35894093091551
41.84927157535378 25.216055590394717
29.630703850140605 24.812084242387925
29.346545025570776 24.39621168412259
29.07220505979609 23.99282908529915
28.809576581657666 23.603308183285975
28.56058426985072 23.228980392635492
28.327176557760367 22.87114664039362
28.11132356050888 22.531079823301383
27.915016385066338 22.210025624840682
27.74026685625381 21.909202839814185
27.589107394619475 21.629803518620122
27.463590958277564 21.37299303438195
27.365791016893695 21.139910112597192
27.297801543585706 20.931666837157337
27.261737022438297 20.749348637865666
27.259732471974417 20.59401425432074
27.293943495223516 20.466695663854438
27.366546377857162 20.368397940556548
27.479738288852445 20.30009896840039
27.635737725247225 20.26274880602182
27.83678562737225 20.257268095503747
28.0851487261927 20.284543284543332
28.383132937952496 20.34540751292309
28.73317712689459 20.440506808497474
-4.940867318404685 -34.87343038750652
-4.940867318404685 -34.87343038750652
-7.773685037079218 -34.3531386891305
-10.72173877161714 -33.55015103637456
-13.736327993895713 -32.43272437052522
-16.7579719734384 -30.97964964598205
-19.719469590252345 -29.184085319390363
-22.55053508936632 -27.056268849078236
-25.18347101691805 -24.62440058946396
-27.558997409407596 -21.93330751707569
-29.631227587382796 -19.040973413013035
-31.370938288471592 -16.013511412280906
-32.76667998418387 -12.919481400753966
-33.82376724343143 -9.824514558619057
-34.561608780129035 -6.787010783817266
-35.010066749033285 -3.85532658520367
-35.20555183681725 -1.0665067817492684
-35.1874188813465 1.553663193553433
-34.99501370313848 3.989653213939107
-34.66551231695135 6.234626905728874
8.96681795040331 34.061187482157266
6.336120089578088 34.64710520463126
3.484090234578076 35.04895764623626
0.4333717450638517 35.219036127936874
-2.7798661153431965 35.11183078723053
-6.105896794617024 34.688417968881595
-9.483127589110438 33.921064369783494
-12.841640580526928 32.79726488673879
-16.108295286206015 31.322374428237993
-19.212681355404044 29.52018279052578
-22.09293605065747 27.431195626729505
-24.70043590174319 25.108898484685028
-27.002646385680862 22.614716558476232
-28.98386326491766 20.012595710974153
-30.64403960122837 17.364076530834893
-31.996220649789933 14.72447557573102
-33.063240091993976 12.140447745841414
-33.874283937869535 9.648896545560916
-34.46177138897292 7.276993169195038
-34.8588112319313 5.042974950059147
10.235341168836555 -34.17281406082475
