120.06638482
0.1901436912
122.436020866
50.3990398077
124.810002472
50.6557198543
127.188193804
50.957940828
129.570459028
51.3034597256
131.956662311
51.690033544
134.346667819
52.1154192801
136.740339719
52.5773739309
139.137542176
53.0736544931
141.538139358
53.6020179638
143.94199543
54.1602213397
146.348974559
54.7460216177
148.758940912
55.3571757949
151.171758654
55.991440868
153.587291952
56.6465738339
156.005404973
57.3203316895
158.425961882
58.0104714318
160.848826847
58.7147500576
163.273864033
59.4309245638
165.700937607
60.1567519473
168.129911735
60.889989205
170.560650583
61.6283933337
172.993018319
62.3697213304
175.426879108
63.111730192
177.862097117
63.8521769153
180.298536512
64.5888184973
182.73606146
65.3194119348
185.174536126
66.0417142247
187.613824677
66.7534823639
190.05379128
67.4524733493
192.494300101
68.1364441778
194.935215306
68.8031518463
197.376401062
69.4503533517
199.817721535
70.0758056908
202.259040891
70.6772658606
204.700223297
71.2524908579
207.141132919
71.7992376797
209.581633924
72.3152633228
212.021590478
72.7983247841
214.460866747
73.2461790605
216.899326897
73.656583149
219.336835095
74.0272940463
221.773255508
74.3560687493
224.208452301
74.6406642551
226.642289642
74.8788375604
229.074631696
75.0683456622
231.50534263
75.2069455573
233.93428661
75.2923942426
236.361327802
75.3224487151
238.786330373
75.2948659716
241.20916238
75.207502766
243.629776987
75.0603983493
246.048210112
74.8557140478
248.46450109
74.5956988574
250.878689257
74.2826017741
253.290813949
73.918671794
255.700914501
73.5061579131
258.109030251
73.0473091273
260.515200533
72.5443744326
262.919464684
71.999602825
265.32186204
71.4152433006
267.722431935
70.7935448552
270.121213707
70.136756485
272.518246691
69.447127186
274.913570222
68.726905954
277.307223638
67.9783417851
279.699246273
67.2036836753
282.089677464
66.4051806207
284.478556546
65.5850816171
286.865922855
64.7456356606
289.251815727
63.8890917472
291.636274499
63.0176988729
294.019338505
62.1337060337
296.401047083
61.2393622255
298.781439566
60.3369164445
301.160555293
59.4286176864
303.538433598
58.5167149475
305.915113817
57.6034572236
308.290635286
56.6910935108
310.665037341
55.781872805
313.038359318
54.8780441023
315.410640553
53.9818563986
317.781920382
53.09555869
320.15223814
52.2213999724
322.521633163
51.3616292418
324.890144788
50.5184954943
327.25781235
49.6942477258
329.624675185
48.8911349323
331.990772629
48.1114061099
334.356144018
47.3573102545
336.720828687
46.631096362
339.084865973
45.9350134286
341.448295211
45.2713104502
343.811155737
44.6422364228
346.173486888
44.0500403424
348.535327999
43.496971205
350.896718405
42.9852780065
353.257697444
42.5172097431
355.61830445
42.0950154106
357.978578759
41.7209440052
360.3385597
41.3972445227
199.925460976
14.005579994
202.008375628
214.136614703
204.092419219
214.249358045
206.177441971
214.343863993
208.263294107
214.42018652
210.349825851
214.478379598
212.436887425
214.518497199
214.524329052
214.540593295
216.612000956
214.544721861
218.699753358
214.530936867
220.787436483
214.499292286
222.874900553
214.449842091
224.961995791
214.382640255
227.048572419
214.29774075
229.134480662
214.195197548
231.219570742
214.075064621
233.303692881
213.937395943
235.386697304
213.782245486
237.468434232
213.609667223
239.548753888
213.419715125
241.627506497
213.212443165
243.70454228
212.987905316
245.779711461
212.746155551
247.852864262
212.487247841
249.923850907
212.21123616
251.992521618
211.91817448
254.058726618
211.608116772
256.122316131
211.281117011
258.18314038
210.937229168
260.241049586
210.576507215
262.295893974
210.199005126
264.347523766
209.804776873
266.395789185
209.393876428
268.440540455
208.966357763
270.481627797
208.522274852
272.518901436
208.061681667
274.552211593
207.58463218
276.581408493
207.091180363
278.606342357
206.58138019
280.626863409
206.055285632
282.642821872
205.512950663
284.654067969
204.954429255
286.660451922
204.379775379
288.661823956
203.78904301
290.658034291
203.182286118
292.648933153
202.559558678
294.634370763
201.92091466
296.614197344
201.266408038
298.58826312
200.596092784
300.556418758
199.910023584
302.518635832
199.208449117
304.475170141
198.492074098
306.42631829
197.761668715
308.372376884
197.018003155
310.313642526
196.261847605
312.250411823
195.493972253
314.182981377
194.715147284
316.111647794
193.926142886
318.036707677
193.127729246
319.958457632
192.320676551
321.877194264
191.505754988
323.793214175
190.683734745
325.706813972
189.855386007
327.618290258
189.021478963
329.527939638
188.182783798
331.436058716
187.340070701
333.342944097
186.494109858
335.248892385
185.645671457
337.154200186
184.795525683
339.059164103
183.944442725
340.96408074
183.093192769
342.869246703
182.242546002
344.774958596
181.393272612
346.681513023
180.546142784
348.589206589
179.701926708
350.498335898
178.861394568
352.409197554
178.025316553
354.322088164
177.194462849
356.237304329
176.369603644
358.155142656
175.551509124
360.075899749
174.740949477
361.999872212
173.938694889
363.92735665
173.145515547
365.858649667
172.362181639
367.794047867
171.589463351
369.733847856
170.828130871
371.678346237
170.078954386
373.627839616
169.342704082
375.582624596
168.620150147
377.542997782
167.912062767
379.509255779
167.21921213
381.48169519
166.542368423
383.460612622
165.882301832
385.446304677
165.239782545
387.439067961
164.615580749
389.439199078
164.01046663
391.446994633
163.425210376
393.462751229
162.860582174
395.486765473
162.317352211
397.519333967
161.796290673
399.56075331
161.298167748
-19.1994931933
39.355814667
-18.6269660621
140.520199257
-18.0389355014
141.663857428
-17.4356150772
142.787048367
-16.8172183555
143.890031264
-16.1839589022
144.973065308
-15.5360502833
146.036409688
-14.8737060649
147.080323593
-14.1971398128
148.105066212
-13.5065650932
149.110896733
-12.8021954719
150.098074346
-12.084244515
151.06685824
-11.3529257884
152.017507604
-10.6084528582
152.950281626
-9.85103929024
153.865439497
-9.08089865062
154.763240403
-8.2982445053
155.643943536
-7.50329042026
156.507808083
-6.69624996148
157.355093234
-5.87733669496
158.186058177
-5.04676418668
159.000962103
-4.20474600262
159.800064198
-3.35149570877
160.583623654
-2.48722687112
161.351899657
-1.61215305565
162.105151399
-0.726487828351
162.843638067
0.169555244789
163.56761885
1.07576259779
164.277352938
1.99192066465
164.973099519
2.91781587941
165.655117783
3.85323467606
166.323666919
4.79796348862
166.979006114
5.7517887511
167.621394559
6.71449689753
168.251091443
7.68587436191
168.868355954
8.66570757825
169.473447281
9.65378298057
170.066624614
10.6498870029
170.648147141
11.6538060792
171.218274051
12.6653266436
171.777264534
13.6842351299
172.325377777
14.7103179724
172.862872972
15.7433616048
173.390009305
16.7831524614
173.907045967
17.8294769761
174.414242145
18.8821215828
174.91185703
19.9408727157
175.40014981
21.0055168087
175.879379675
22.0758402958
176.349805812
23.1516296111
176.811687412
24.2326711886
177.265283663
25.3187514623
177.710853753
26.4096568661
178.148656873
27.5051738342
178.578952211
28.6050888005
179.001998956
29.709188199
179.418056297
30.8172584638
179.827383423
31.9290860288
180.230239523
33.0444573281
180.626883786
34.1631587958
181.017575401
35.2849768657
181.402573557
36.4096979719
181.782137443
37.5371085485
182.156526248
38.6669950295
182.52599916
39.7991438487
182.89081537
40.9333414404
183.251234065
42.0693742385
183.607514435
43.2070286769
183.959915669
44.3460911898
184.308696956
45.4863482111
184.654117485
46.6275861748
184.996436444
47.7695915151
185.335913023
48.9121506657
185.672806411
50.0550500609
186.007375797
51.1980761345
186.339880369
52.3410153207
186.670579317
53.4836540534
186.99973183
54.6257787666
187.327597096
55.7671758944
187.654434305
56.9076318708
187.980502646
58.0469331297
188.306061307
59.1848661052
188.631369478
60.3212172314
188.956686348
61.4557729421
189.282271104
62.5883196715
189.608382938
63.7186438535
189.935281037
64.8465319222
190.263224591
65.9717703116
190.592472788
67.0941454557
190.923284817
68.2134437884
191.255919868
69.3294517439
191.590637129
70.4419557561
191.92769579
71.5507422591
192.267355039
72.6555976868
192.609874066
73.7563084733
192.955512059
74.8526610525
193.304528207
75.9444418586
193.6571817
77.0314373255
194.013731726
78.1134338872
194.374437474
79.1902179777
194.739558134
80.261576031
195.109352894
2.0241018571000353
-35.07629793880678
2.2695085869063547
-35.90644334199913
2.520841923086138
-36.665429499940196
2.7760735105935623
-37.35563352762811
3.0340453970648866
-37.979380544355934
3.293785514898076
-38.538983173680435
3.5544099141557126
-39.03674718351878
3.8150983639892218
-39.47497289021374
4.075086325580287
-39.85595561320578
4.333662060083952
-40.18198581470534
4.590166622041409
-40.455348993095065
4.844003456566526
-40.67832437824124
5.094501372402505
-40.85320276036261
2.0241018571000353
-35.07629793880678
5.243281591704715
-41.10006039769825
5.1396292634917415
-41.17666894348137
5.03085581197567
-41.214239892293335
4.91753894026175
-41.21494201361439
4.800234763167197
-41.180946101548
4.679476139775062
-41.11442519211319
4.555772256091188
-41.01755461780035
4.429608485254761
-40.892512025734824
4.3014463306946595
-40.741477384803204
4.171723399031549
-40.5666329890658
4.040853384710573
-40.37016345988129
3.909226058874964
-40.154255746673634
3.7772072586618606
-39.92109912828065
3.645138873400782
-39.67288521359952
3.5133388231935214
-39.41180794346785
3.3821010207964832
-39.14006359278821
3.2516952967642396
-38.85985077580625
3.1223672356299232
-38.57337045642134
2.9943377672257157
-38.282825974605935
2.867801941384556
-37.990423125770015
2.7429240274569793
-37.69837047742478
2.61980321195918
-37.40888158439263
2.4989348796395348
-37.12414519238462
5.341225174634758
-40.98224598942962
2.4181503847286763
-36.56354147169286
2.45601982418475
-36.29232550300084
2.494009202754569
-36.034948641709576
2.532349164436596
-35.79361473332445
2.5712764256935543
-35.57052697085338
2.611039095702097
-35.36788755134865
2.6518980089446984
-35.18789758930374
2.6941271727359037
-35.0327570879775
2.7380139505753505
-34.9046649270135
2.783859151519124
-34.805818856327534
2.8319770834608846
-34.73841549256682
2.882689950319474
-34.704582372775114
2.93617210220674
-34.70454288186706
2.992417341149064
-34.736406530542666
3.051398476593988
-34.79817353055347
3.113076429366515
-34.88784508468757
3.1774004360188144
-35.00342336586338
3.2443084555205246
-35.142911475244425
3.313728062350492
-35.30431334969521
3.38557867805946
-35.48563353265059
3.459778264320164
-35.68487648322735
3.536270094058864
-35.90004381705289
3.615210146612185
-36.12911498675247
3.6944486877666805
-36.370306911195236
2.3801390857858564
-36.84639445458037
3.886213322299909
-36.872871741728126
3.999307843022507
-37.130104912466244
4.114182587420714
-37.39121277156529
4.230582703700804
-37.65421515477664
4.348275277166863
-37.91713043978891
4.467020710277097
-38.17797849630619
4.5865655677729364
-38.434781423853764
4.706640191819247
-38.68556379773165
4.82695774816051
-38.92835276723744
4.947213792700836
-39.161178100231254
5.067086055033258
-39.382072205627615
5.186234322139626
-39.58907014524577
5.304300372305875
-39.7802096403647
5.420907936103163
-39.95353107626538
5.535662672579065
-40.10707750376393
5.648152154995159
-40.238894641117646
5.757945862584677
-40.34703087433914
5.864595176837952
-40.42953725755204
5.967633381355995
-40.48446751204406
6.066575665425603
-40.50987802585252
6.160919131481535
-40.50382785167475
6.250142807757527
-40.464378704146924
6.333707668191778
-40.38959495627933
6.4110566628850165
-40.277543633283756
6.4816147651256415
-40.12629440344155
6.544789045206528
-39.933919563736026
6.599968789623745
-39.698494016976824
6.64652570070615
-39.41809523357472
6.6838142467150305
-39.090803183892305
6.711172312813062
-38.71470021287053
6.727922503769378
-38.28787079050777
6.733375009629583
-37.80840095978718
6.726834770330413
-37.274376960442716
6.707622967942825
-36.683881097694176
6.675162992666117
-36.03497521828071
6.629582196342881
-35.32558504799846
8.905250691740491
-34.03044212938262
11.22094821300459
-33.33863828360529
13.562263659971222
-32.4567325191774
15.90138712094705
-31.377067565879752
18.208174330712836
-30.09712393147182
20.45138781764473
-28.620188988479743
22.600148652966993
-26.955662897947747
24.62546934889781
-25.11893191898289
26.501715071122646
-23.130792889415478
28.207841870386233
-21.016473025207823
29.7282882921167
-18.804344089193872
31.053444998220584
-16.524467771958406
32.17968533719596
-14.207122615190563
33.10899575073046
-11.881451164824782
33.848288010963074
-9.574334448456305
34.40849952195066
-7.3095582665387155
34.80359250775268
-5.1072918418969095
35.049551345740895
-2.9838619046925814
35.163455439025256
-0.9517788565050225
35.16267905000444
0.980042565596527
17.739336269294313
30.375819826449188
19.78323671518308
29.086045218885232
21.800622475294006
27.606291693990883
23.762648930081582
25.936672824973044
25.639606707330074
24.082878758517197
27.40229714834942
22.056486401908273
29.02351281374547
19.874863153097593
30.479479656192893
17.560632143853155
31.751109304193278
15.140724532107896
32.82492763634667
12.645102098148826
33.69358724153511
10.10527882846705
34.355928028608275
7.552793569077167
34.8166100295868
5.017783121227872
35.08539319102522
2.5277788738665663
35.17617195556903
0.10680803453483634
35.10588430816165
-2.2251670377689265
34.893407548206824
-4.452481451814151
34.558531823861074
-6.563715379507634
34.12107428999093
-8.551419221446466
33.6001679090399
-10.411685641063528
-4.143752835800683
34.88943934567667
-4.997515847415784
35.53407452991384
-5.87418319566072
36.10033844110615
-6.770757202612884
36.59144352213875
-7.683616355087281
37.01064921861375
-8.609189318730287
37.3611819303395
-9.544051209543184
37.64622358271108
-10.484947628038583
37.86890878376767
-11.428802587517765
38.03232391261809
-12.372721433083115
38.13950686138293
-13.313991132199277
38.193447357150426
-14.250072809046543
38.197090342087506
-15.178710597317092
38.153290059208544
-4.143752835800683
34.88943934567667
-16.020811469318403
38.209408298888285
-15.9273415899479
38.31575225282245
-15.818490870840293
38.38585233147738
-15.695438568424379
38.421628820765825
-15.559336659760646
38.42501245501948
-15.411311164555116
38.397943857935964
-15.252462476165874
38.342373402854086
-15.083865472478266
38.260261165924035
-14.90656956095205
38.15357690692725
-14.721598700214798
38.02430006027483
-14.529951412539248
37.87441973025258
-14.33260079273495
37.70593468713295
-14.130494517205733
37.520853364268646
-13.92455485537485
37.32119385364621
-13.715678687984564
37.10898390001445
-13.504737539268149
36.886260889507966
-13.292577640700245
36.655071828446424
-13.080020070055184
36.41747329591672
-12.8678610986629
36.175531326204634
-12.656873232635263
35.93132105653105
-12.447809376876904
35.6869253176103
-12.241431981751077
35.44442476672809
-12.038121801513768
35.206030325446775
-16.097684721463565
38.06491454492747
-10.3771536738343
34.47661813470967
-8.939309067682018
33.993814993943374
-7.524363309961302
33.52721796241539
-6.131134805555234
33.07860900300834
-4.758116425636331
32.64971154365024
-3.403470987760585
32.242192006111125
-2.065030124252644
31.857660186507076
-0.7402939029338711
31.497669380922105
0.5735693276115796
31.163716432883845
1.8797230125817066
30.857241751727813
3.18166243447655
30.57962931724957
4.483205967473879
30.332147292823294
5.788176238301361
30.114357813934575
7.099999383225821
29.923996045114436
8.42179263552174
29.75875077451802
9.75637448302544
29.616361469335388
11.106264766196574
29.49461820054809
12.473684872414765
29.39136149205676
13.86055816167493
29.304481988294654
15.268511030121829
29.231919625122984
16.69887609786781
29.171661139716875
18.152704959981577
29.12173011406307
19.630857438123996
29.08011727574285
21.132794032672223
29.045723501482485
-11.838784821255985
34.97377618053582
22.657207897048067
29.32951338568016
22.656537034428027
29.649046074738834
22.655962206138724
29.97332550703213
22.654207637341756
30.30081333508049
22.650052180332693
30.629933887161542
22.64231568364329
30.959084811527916
22.629855584691143
31.28663973756524
22.611565774154656
31.610949162771675
22.586376141749952
31.9303408073578
22.553252369833558
32.24311977531511
22.511195830452152
32.547568635086286
22.4592435299204
32.84194746275787
22.39646807725768
33.124493866522776
22.321977665922816
33.39342300181181
22.234916062132356
33.64692757958592
22.134462598496555
33.88317787233867
22.019832170206996
34.100321717113765
21.890275233881084
34.29648451740745
21.74507780805169
34.46976924307453
21.583561476444856
34.61825642986697
21.405083393395046
34.740004176672
21.20903629303382
34.83304814111159
20.994848503939465
34.89540153291213
20.76198397133919
34.92505510280292
20.509942291787354
34.91997712538668
20.238258767981847
34.87811337183884
19.94650449797001
34.79738706566973
19.63428652533628
34.67569880818576
19.301248103375485
34.51092644655906
18.947069187765862
34.300924828078884
18.571467424684727
34.043525308605886
18.174200325606648
33.73653466702823
17.75507070913187
33.377732393157665
17.313943028688925
32.96486254684892
16.850808688383154
32.49560119203883
16.36624326363699
31.96732843319699
16.36624326363699
31.96732843319699
-0.46115657534208765
-34.20886927565913
-3.0379066977011036
-34.0768326785542
-5.735076075966717
-33.72785651222133
-8.519790617699229
-33.13416017249691
-11.351059798119294
-32.274027389925116
-14.181276681496158
-31.134398889154255
-16.958686269570634
-29.712999890896118
-19.63062637752472
-28.019598686136586
-22.14715789189148
-26.07609633012091
-24.46458158064877
-23.915343413589046
-26.548332594306515
-21.578819220898048
-28.37486011739479
-19.11352180589424
-29.93230360171843
-16.568542591328637
-31.220005428859267
-13.991807014396478
-32.24708833732548
-11.42736611257569
-33.03043332938091
-8.913466025034197
-33.59241194347186
-6.481455262995013
-33.9586749180868
-4.155454284890972
-34.156209453928426
-1.9526285477497112
-34.211780390855836
0.11612490675229026
-6.438923824667057
33.60059021038546
-8.952833095658221
33.01978470655742
-11.547350592904635
32.204317983628556
-14.18524898957584
31.13258925322232
-16.82237066732735
29.7903885110141
-19.409558191678386
28.173186779453374
-21.895456800225574
26.287798957226755
-24.22992548393202
24.153055987787923
-26.367626948075326
21.799258052356933
-28.271283175824422
19.2663943201229
-29.91411925393048
16.601351504252378
-31.281169949905305
13.854523054629396
-32.369346238182615
11.07631827904784
-33.186385251090186
8.314038517612232
-33.74897580610573
5.609459380814393
-34.08042975631277
2.9972837922270585
-34.20825806345155
0.5044628533579925
-34.161935758752705
-1.8497426093835472
-33.97103693836006
-4.053153320402899
0.28603144088594945
-34.213740568683505
0.3042750865510584
-34.037575479591254
0.32290205430709307
-33.918131730956276
0.3419592441118482
-33.853092387799165
0.3615073716094628
-33.8401404447267
0.3816072641784558
-33.87695893287932
0.4023164395767367
-33.96123094649201
0.4236879715422788
-34.09063965131651
0.4457700442256112
-34.262868288232255
0.46860576111907903
-34.47560017460273
0.49223306615238016
-34.72651870394256
0.5166847263576813
-35.013307346215896
0.5419883616385732
-35.333649646346174
0.5681665284845394
-35.68522922223346
0.5952368880411427
-36.06572976104232
0.6232125327280471
-36.47283501160925
0.6521026498276115
-36.90422877067746
0.6819139891627515
-37.35759485031329
0.7126545386655891
-37.830616998648026
0.7443445566598257
-38.320978660161046
0.7770607067344031
-38.82636201876929
0.8112450096463419
-39.34444129629563
0.8435757822796006
-39.87297231257958
0.26823398640843266
-34.448943115907696
1.071044158837708
-40.937940114954785
1.2712458947689242
-41.46935347038436
1.4765582307495606
-42.00152039417952
1.6868043302729916
-42.5321298020292
1.9018328563241766
-43.05887239970164
2.1214700774881976
-43.57944172149101
2.3455078981816087
-44.09153438913228
2.573699873449243
-44.592850197538866
2.805759621105949
-45.08109214856259
3.041360108392837
-45.55396646466798
3.2801333072202397
-46.00918259486727
3.5216700257959133
-46.444453214614185
3.7655198387940345
-46.857494223390745
4.011191087067289
-47.24602473635812
4.258150947033016
-47.607767071057395
4.505825598038996
-47.940446721150295
4.753600565419617
-48.24179230806965
5.000821430329665
-48.50953548450937
5.246795409510867
-48.741410719088236
5.490795320351083
-48.93515476161488
5.732071489362966
-49.08850503392949
5.969899400886959
-49.19919319814977
6.203913257290083
-49.264900128050726
6.429617466238824
-49.28386440473173
0.876490637359808
-40.40958592992243
6.659705908807666
-49.19334194748279
6.665095384929884
-49.08767781440204
6.664845179672852
-48.93986590066106
6.659094274294375
-48.75210889645527
6.648057322799275
-48.52659925824824
6.631973107133092
-48.265526166989076
6.611091652745188
-47.97107726718167
6.585669936113561
-47.645439246401935
6.555970170807427
-47.29079806661903
6.522259032567263
-46.90933906873775
6.484807277632569
-46.503247024228614
6.443889545374475
-46.074706161027024
6.399784257856709
-45.62590017769034
6.352773578070071
-45.159012247906105
6.3031434138437135
-44.67622502035516
6.251183470113972
-44.179720609784425
6.197187372510257
-43.67168057972248
6.1414529195126875
-43.15428590493005
6.084282604503358
-42.629716895823606
6.025984778097495
-42.10015302882755
5.966876566168992
-41.567772522020874
5.907292634902717
-41.034751059182355
5.847620263000351
-40.50325668495762
5.788544864542814
-39.97541407049371
5.727727061324231
-39.453788150380745
6.648974266518223
-49.25459666758897
5.716470958750676
-38.41612021077651
5.764576300828253
-37.9048697950204
5.811952435666001
-37.40871139230262
5.85900384261123
-36.92980366584976
5.906215931744839
-36.47029235167187
5.954117113497773
-36.03231577891026
6.0032693233920895
-35.61800624827595
6.054264872855754
-35.229490488773195
6.107725202021868
-34.86888983860558
6.164300329414971
-34.53832032262997
6.2246686004745015
-34.239892686084005
6.289536586698944
-33.97571240510479
6.359639080398438
-33.74787968039038
6.435739174770902
-33.55848941429713
6.518628452834207
-33.40963116532512
6.6091273545530385
-33.303389062031016
6.708085884626371
-33.24184164060219
6.816385046928758
-33.22706151571214
6.934940015693826
-33.26111465532088
7.064708076527381
-33.34605856575024
7.206712461632378
-33.48393684380983
7.362137704939016
-33.67675738433152
7.532997149880998
-33.92633982864838
-2.1922769794672945
-34.67703043998242
14.17980815520599
-32.10700182649765
16.300603616031594
-31.084028814781817
18.385066347118652
-29.898425728074983
20.41023839865676
-28.554311305215663
22.35376511901626
-27.059854223720833
24.19480601759875
-25.427109300428498
25.91488285413419
-23.671615328525206
27.49859350982507
-21.811783067566353
28.934134468079776
-19.868124928846356
30.21359666655252
-17.862393514757656
31.33302511717102
-15.816702014386522
32.29225756304078
-13.752695266288953
33.094577670249066
-11.690827790752138
33.74623134702898
-9.649787328121192
34.2558599611977
-7.646082913752764
34.6339022520155
-5.693798416084263
34.89200941142872
-3.8044979744955185
35.04250737853209
-1.9872599806502365
24.311311553745895
25.315739296766935
25.87603506067893
23.714074621281014
27.3744104347071
21.9674345101418
28.7856794169831
20.08260904633275
30.08979283597563
18.070165818089208
31.26827000836721
15.944334927773298
32.305031117117096
13.722663375863533
33.187130259176286
11.425450134048816
33.905322986148235
9.074998557032359
34.454418057373346
6.694744351572666
34.83338639870385
4.308331185478295
35.04522692182894
1.9387097778384543
35.09661430442941
-0.3926703086455632
34.99737397781462
-2.666522128570307
34.75984176292815
-4.86620244352477
34.39816903561814
-6.97800061638074
33.92762991419983
-8.991243184913884
33.36397687090698
-10.898237149317083
32.72287799656175
-12.694084497406863
32.01945537842482
-14.37640437919822
5.66757841555301
-38.940252399449435
32.44675047772904
22.263716793591755
-3.4304468924587184
33.922511081337234
-2.822636154087945
33.69327436234454
-2.2245984280254447
33.52066401124529
-1.6332992997388374
33.402117631886654
-1.045846192226918
33.33508997567478
-0.45950178092743954
33.31705135173391
0.12831265668188507
33.34548722807088
0.7200161298880801
33.417898096653346
1.3178674974429612
33.53179941759683
1.9239652788308206
33.68472159061389
2.5402475743914863
33.87420993555338
3.168492044260603
34.09782467606345
3.8103159308554098
34.35314091865996
4.4671761296797285
34.63774862257236
5.140369334275249
34.949252549435755
5.8310323194345415
35.28527217101535
6.540142517840877
35.64344148735634
7.268519295888382
36.02140862550928
8.016827149614585
36.416834839334655
8.78558529747201
36.82739150783459
9.57520605707623
37.25074813122856
10.386263488896219
37.68448830173463
11.215898331537659
38.12723419617305
-4.05111296800365
34.21096483578009
12.937248274766858
38.647260421954655
13.828925619193228
38.70966353781981
14.740084955244583
38.761147621014004
15.66984637484029
38.79959348325204
16.61722772175966
38.822964811639025
17.581102944670647
38.82932119448475
18.560191686589064
38.816821376289084
19.55305581625123
38.78372434123088
20.558098042724737
38.728389744819395
21.573561287998302
38.6492781069679
22.597528377077538
38.54495090544617
23.627921875669358
38.41407062005814
24.662504005512403
38.25540075088466
25.698876604764962
38.067805815522206
26.734481123501155
37.850251327435075
27.766598654684913
37.60180374407244
28.7923500199895
37.321630362888015
29.80869596218446
37.00899910769965
30.812437582521227
36.66327805191605
31.800217449416948
36.28393422584378
32.76852293313971
35.87053003174472
33.71369955937831
35.42270890481615
34.632044496344406
34.94009493147723
35.51854093777928
34.423655512226475
12.066122118477438
38.57604914823645
36.50422847827832
33.612225411902244
36.60452897050783
33.32139425651698
36.672564615634485
33.00302060790696
36.70949205537363
32.659166112697164
36.71651958531004
32.29183148686255
36.694892707271606
31.902972028679784
36.64589051705559
31.494501496997174
36.570824500388994
31.068293404114968
36.471038051347136
30.626181532738883
36.34790625368197
30.16996017055652
36.202835772086246
29.701384226944043
36.03726479385284
29.222169294210488
35.85266299763185
28.733991681504193
35.65053153565714
28.238488431454982
35.432403026937266
27.737257326738586
35.19984155707789
27.231856885352414
34.954442689133714
26.723806344211596
34.69783348853514
26.214585620085046
34.4316725795228
25.70563522716094
34.15765027223688
25.19835609034996
33.87748888509748
24.69410907558631
33.59294371413671
24.19421357635946
33.30580691429407
23.699941856503727
33.017934674867945
23.212479445629498
32.73088133951808
22.733458365672647
36.370659282664974
33.87328290892373
31.752772648668554
22.283075356673606
31.076192861240145
22.30164190695291
30.418468431508416
22.32107351478473
29.781029356431304
22.343045174088417
29.165248923452168
22.369292636847035
28.572439515519534
22.401618529604576
28.003851566353546
22.44189387917902
27.460673216619455
22.49205861663296
26.944030183473558
22.554121774141123
26.454985708835522
22.630161566777076
25.994540545325663
22.722325423858422
25.563632965400245
22.832829991922807
25.163138791119877
22.96396111508284
24.793871451051814
23.118073789974062
24.456582081049476
23.297592082917163
24.15195970302949
23.505008979106975
23.880631559741403
23.742886100188883
23.64316378415873
24.013853136463922
23.44006287322634
24.32060659755325
23.27177937183785
24.665906688866954
23.138718922828275
25.05256794067523
23.0412864656725
25.483421726893454
22.980195621983626
25.961053900346684
-4.787694478125161
-34.414829653425556
-4.787694478125161
-34.414829653425556
-7.489645091450882
-33.92945232234487
-10.26389056147167
-33.195708593616445
-13.06874173367325
-32.19488325788302
-15.856695323137643
-30.91711066576815
-18.57695036799052
-29.363232681627323
-21.178588481997878
-27.545778413404037
-23.61403808789808
-25.48881565850928
-25.842348098705372
-23.226613253668916
-27.831808163703982
-20.80127334633505
-29.56157303341294
-18.259680125357136
-31.022142514407534
-15.650213810231406
-32.21475769217108
-13.019673779510555
-33.1499419006463
-10.410757439972599
-33.845506673074595
-7.860292394881554
-34.32435356485192
-5.398265540449785
-34.612350916536116
-3.047569936971172
-34.73647969987269
-0.8243158075044903
-34.723352375487025
1.261474652114856
-6.520809868996736
34.12889621922403
-9.062905508856687
33.543498061885316
-11.682725288752408
32.72333186455367
-14.343144025063026
31.647697198476664
-17.000455799587883
30.303250998802554
-19.606295452236367
28.686158633211676
-22.11036803851198
26.803621839067148
-24.46372679145057
24.674452171495773
-26.62219142588401
22.328489473624415
-28.549428372335854
19.804864506050876
-30.21925363512466
17.14932150920771
-31.616861957799188
14.410987420424732
-32.738891182500794
11.639051620752525
-33.592437631324515
8.879788988244144
-34.19329262405722
6.174241493152323
-34.563742600693274
3.5567142031923993
-34.73026659844356
1.0540875159133805
-34.721398031481414
-1.3141678848639344
-34.565924130216274
-3.5354501148087536
-34.291503551671155
-5.6031511362708954
9.918761472915378
-33.66815552489591
20.906879417956137
-29.361494212672355
21.066978157447103
-29.75309635335563
21.210601251523713
-30.125147499424898
21.33823971446395
-30.4779916066025
21.45037806081522
-30.8119769387811
21.54749540883058
-31.127455277561282
21.63006575586801
-31.42478172519209
21.698558069502674
-31.70431463909331
21.753436323288042
-31.966415605877444
21.7951595126773
-32.21144943030157
21.82418166216847
-32.43978412987134
21.840951828261264
-32.65179093205356
21.845914100775005
-32.84784427373853
21.839507602409036
-33.02832180093995
21.822166487676895
-33.19360436962819
21.794319940539395
-33.34407604644184
21.75639217170893
-33.48012411088672
21.708802414137853
-33.60213905722222
21.651964917541626
-33.71051459818747
21.58628894030594
-33.805647669446344
21.51217873813579
-33.887938436042674
21.43003354779714
-33.9577903020534
21.34024756262444
-34.015609924560465
21.24320989513464
-34.06180723556864
21.139304517136488
-34.09679547652209
21.028910160476624
-34.12099125624226
20.912400143051173
-34.134814651311984
20.79014204664924
-34.13868939348262
20.662497072616752
-34.13304324381582
20.529818624005138
-34.118308814550545
20.392448762825417
-34.0949256260362
20.250707580577945
-34.06334627444605
20.10485068240105
-34.02406110458682
19.954771576027845
-33.97777091687334
19.803996579472376
-33.92306867425768
20.729799789671315
-28.95000696432055
19.27593680151947
-33.86270241288514
18.90014274538217
-33.85789592224046
18.5239201429338
-33.847549307350874
18.147751208624598
-33.83204452691649
17.772037718108415
-33.811807207763565
17.397146063252457
-33.78728049853646
17.023418515501522
-33.758918533530846
16.65117697973295
-33.72718425401209
16.28072449523108
-33.692548536867605
15.91234591740777
-33.65548979885895
15.546308258030486
-33.61649379908775
15.182860867336771
-33.57605353232057
14.822235537418031
-33.53466916901223
14.4646465627456
-33.49284801921539
14.110290776333848
-33.45110451048231
13.759347570992446
-33.40996017438596
13.41197891026112
-33.36994363802299
13.068329331629744
-33.33159061962209
12.728525942259811
-33.29544392677931
12.392678406408507
-33.262053457949975
12.060878921100112
-33.23197620701495
11.733202173822171
-33.20577627324596
11.409705268854253
-33.18402487861948
11.090427596524187
-33.16730040072002
10.775390588079055
-33.15618843380278
10.464597224073671
-33.15128191271387
10.158030950979686
-33.15318138527812
9.855652971834054
-33.16249569573489
9.557394116199795
-33.17984403428002
9.263122318528303
-33.20586413687079
8.97241496421298
-33.24126968628133
8.68763532247467
-33.286074615948024
19.650424268565985
-33.861813513084655
8.497571202725219
-33.268503238564904
8.590768495800525
-33.20782691800457
8.68695159161949
-33.159789115982335
8.786449984164285
-33.124874102987974
8.88955123286356
-33.1035763871773
8.996535584978076
-33.096391985369365
9.10768463284706
-33.10381623901972
9.223284202179897
-33.12634308636467
9.343625509869
-33.16446476935482
9.469005693986865
-33.21867170040866
9.599728082722976
-33.28945239306594
9.736102344885822
-33.377293423395656
9.878444583081091
-33.48267940520802
10.027077399388347
-33.606092971917064
10.18232994960944
-33.74801475984481
10.3445379975484
-33.908923391570966
10.514043978456115
-34.0892954541786
10.69119708390464
-34.289605470186046
10.876353385450429
-34.51032585428973
11.069876026975763
-34.751926845159886
11.272135541377594
-35.014876393277376
11.483510401545814
-35.29963996497702
11.70438804122044
-35.606680179192466
11.935166894873461
-35.93645608168205
12.176260883873127
-36.289421548553776
12.428110630534647
-36.666021294999325
12.69121709933654
-37.066678901847524
12.966276161284114
-37.49174892236954
13.255120543719443
-37.94118162813271
18.68282647316026
-29.75935462791884
21.94416382569321
-34.32918867290002
24.738996600729493
-32.37316123175995
27.462699975253088
-30.097169817404165
30.05534262484403
-27.508469616677417
32.457225825992595
-24.628601515899163
34.61322774505419
-21.493347482824532
36.47706045192275
-18.151131692960718
38.01479335895698
-14.65997976888886
39.207102672104014
-11.083439042441825
40.04994856914067
-7.486063088006745
40.55368762875128
-3.9291144877817032
40.740905709055426
-0.46703635220856654
40.64343348312684
2.854966838874674
40.2990548455505
6.002141243235059
39.748354377363086
8.950298611777782
39.03201865120383
11.685077704512963
38.18875673375206
14.200647171123478
37.25387507898455
16.498130577366737
-10.14054943031337
39.461484743985494
-7.127734664489552
40.115270402940865
-3.9035968161789896
40.55615184956713
-0.4972598333837652
40.740548027812935
3.0504584469162523
40.629228693295005
6.6879114599520335
40.19093630723566
10.354823733065288
39.40580092328511
13.985737749341112
38.26798479872025
17.51435084430375
36.78704983348169
20.878164127128088
34.98773761804458
24.022769542508286
32.908145867793365
26.905168188884943
30.59659205983965
29.495722425914337
28.107683638497207
31.778626663296123
25.498204021916422
33.75105055504639
22.823367573150364
35.42129583689575
20.133835257683586
36.80638591017819
17.473679554675016
37.929486141271866
14.87930112631284
38.81746699756377
12.379167049582861
39.49881085568242
9.994171398142782
8.406745940749062
-33.34140515032587
-11.331854499211971
32.46400696647237
-35.53260560394732
-0.3770423119688644
-35.44362815935149
0.5279178720706454
-35.31891894187315
1.4526109543758423
-35.16004688835871
2.395188401619322
-34.968550110094256
3.3538470633995985
-34.74593614864175
4.326836380244856
-34.493682040616804
5.312460185251211
-34.2132343396987
6.3090773042478645
-33.9060091258786
7.315101795456201
-33.57339201070121
8.329003058124698
-33.21673814024256
9.349305886420808
-32.837372197114945
10.3745904979302
-32.43658840300951
11.403492549630556
-32.01565052059311
12.434703146805646
-31.575791856150524
13.466968848116494
-31.118215262014402
14.499091667901979
-30.644093140550964
15.529929077052458
-30.154567448178362
16.558394002024187
-29.65074970169327
17.583454822829964
-29.13372098618703
18.604135369147144
-28.604531966277563
19.619514914292182
-28.064202902534372
20.62872816623485
-27.513723675512246
21.63096525366322
-26.95405382300089
22.625471704560226
-26.386122599001684
23.611548411586767
-25.810829072174773
24.5885515747118
-25.2290422971501
25.5558926002403
-24.641601633241734
26.513037914117632
-24.04931738111016
27.459508588319153
-23.452972182294307
28.394879518159712
-22.85332451938139
29.318777367650995
-22.251119213934945
30.230874403573893
-21.647129419091677
31.130863833904215
-21.042450564941145
32.01828717564473
-20.434555126231597
32.894851260304875
-35.584249725105906
-1.2604261403847943
-19.54485580824057
33.7342775494466
-19.26247843215601
33.703288140323224
-18.97920522681729
33.66680380239839
-18.695298684294123
33.6253245917496
-18.41107168268982
33.57931948983497
-18.126842985829125
33.52925253802721
-17.84292611878674
33.4755893712495
-17.55962566014574
33.41879939549571
-17.277235759388468
33.3593566585744
-16.996039463621443
33.29774024580317
-16.716308381649103
33.23443447774338
-16.438302503585003
33.16992901584587
-16.162270099066806
33.1047189231748
-15.888447657148646
33.03930469997036
-15.617059850296647
32.97419230534513
-15.348319513277259
32.909893170829235
-15.082427631790935
32.84692420809861
-14.819573338872143
32.78580781315239
-14.55993391810836
32.72707186687279
-14.303674814939
32.67124973263981
-14.05094965855654
32.618880249454776
-13.801900300747047
32.57050771941937
-13.556656883016004
32.52668188431838
-13.31533795685409
32.48795788457525
-13.078050708485637
32.454896180800375
-12.844891410337837
32.42806239676267
-12.615946415306084
32.408026971998
-12.391294644463187
32.395364294132435
-12.171015050997813
32.390650093440314
-11.955216477924797
32.394451020736426
-11.744246665074385
32.407251691895624
-11.53586823636308
32.4304404348305
-19.826436754134225
33.7590579543311
-11.303053768716126
32.42790698406685
-11.278816997083716
32.40337481991719
-11.258978011398654
32.39105740440732
-11.243636726911092
32.391508780912204
-11.23293665366188
32.405267768459765
-11.227033110303793
32.43286905790842
-11.226085275199573
32.47484598559362
-11.230253534774128
32.531731459605055
-11.239698419713235
32.60405833031527
-11.254580118340002
32.69235956111561
-11.275058228521473
32.797168314065914
-11.301291618695736
32.91901799858485
-11.333438341014741
33.05844230158252
-11.371655569361906
33.21597520905149
-11.416099546732191
33.39215102354544
-11.466925532144955
33.58750438283076
-11.524287736835518
33.802570280877546
-11.58833923854813
34.03788409685765
-11.659231855849654
34.29398163737457
-11.737115951883858
34.57139920195371
-11.822140111172573
34.870673691402345
-11.91445057670991
35.19234279602
-12.014190206802866
35.536945344438834
-12.12149639060921
35.9050220009687
-12.236496463686478
36.29711679914706
-12.359296247883933
36.71378097487789
-12.489945671970943
37.15558446571623
-12.628301254931955
37.62316190834753
-12.773063488616799
38.11753461934916
16.782345071088308
-30.87102341697421
16.782345071088308
-30.87102341697421
14.763350866779298
-31.885900709887736
12.637014891021622
-32.78678159778039
10.417681692283574
-33.55799608222624
8.122566262072207
-34.18612452757256
5.77126277178656
-34.660636447062586
3.3850909744487048
-34.97439566298692
0.9863251314795001
-35.12398547476445
-1.4026357496378132
-35.10982491910619
-3.760091259473217
-34.93606884892583
-6.065793729878347
-34.61030683659163
-8.301580684328957
-34.143095217598955
-10.451849192275994
-33.547370110909924
-12.503854567618909
-32.837795508351164
-14.447834296741057
-32.03009954761872
-16.276973547968517
-31.14044516404968
-17.987239508870267
-30.184870510687773
-19.57711761354289
-29.178822094833805
-21.04728387002602
-28.136791476481363
-34.975304560324496
-3.3756871610084147
-34.69522673474063
-5.559535477123205
-34.266131730154385
-7.778136611564463
-33.681215495720515
-10.012138414309305
-32.936827299132524
-12.240612744612548
-32.03285125840079
-14.441732346004173
-30.9729122499258
-16.593549941313
-29.764376870719822
-18.67482429352981
-28.418140127789485
-20.66582939477081
-26.948210850251158
-22.54908257262052
-25.371129819136506
-24.309935511987163
-23.70527083383555
-25.936987635247036
-21.970083943208067
-27.422301224092095
-20.185340952493455
-28.7614186633421
-18.370436765811696
-29.953200929612947
-16.543788086825188
-30.999520458140537
-14.722356076533067
-31.904849544422277
-12.921304357533224
-32.675787467120756
-11.153790350248496
-33.32056652758408
-9.430877641022107
-33.84857072043843
16.359893833659484
-37.31478788228361
3.5591878371121166
3.5829102898732823
3.6041922241002227
3.6232374728292362
3.6402241944779807
3.6553092515885335
3.6686316660560525
3.680315422239854
3.690471767957775
3.699201121304673
3.706594664682625
3.7127356875249906
3.717700755890504
3.5591878371121166
3.724081590185514
3.7256016360411
3.7261789165585624
3.725868642407173
3.7247235731908264
3.7227944765613215
3.7201305442443706
3.7167797716855016
3.7127893067892055
3.708205772151635
3.703075564244861
3.6974451321636828
3.691361237874058
3.6848711991571754
3.678023115899517
3.6708660797105925
3.663450366364384
3.6558276099349256
3.6480509570239312
3.640175198913162
3.6322568788216243
3.624354369334317
3.6165279697081854
3.7215606072963054
3.60123379672317
3.593890907648481
3.586878615484103
3.5802659597313267
3.5741232827935208
3.5685219532919237
3.5635340310541737
3.5592318732247175
3.5556876824721604
3.552973000120516
3.5511581489899076
3.550309675090021
3.5504368378049898
3.5514852191885105
3.5533948283636057
3.556103808215054
3.5595489444874424
3.563666144596112
3.5683908798476933
3.57365858640284
3.579405021600523
3.585566573345687
3.5920805163253915
3.598885379430447
3.608839767343962
3.612999521108881
3.620195494925503
3.627452755069744
3.6347170534201028
3.6419357037619555
3.6490575425044685
3.6560328626313816
3.6628133245050525
3.6693518460283334
3.6756024741935827
3.6815202396519306
3.687060995517886
3.6921812412387953
3.6968379319549456
3.700988273261049
3.704589500945464
3.7075986446690115
3.709972274114824
3.7116662254934503
3.7126353057255197
3.712832970794709
3.712210973999402
3.7107189788061206
3.7083041297828894
3.704910573691399
3.7004789210180156
3.694945636042898
3.688242340789562
3.6802950147144005
3.6710230676008955
3.660338257439812
3.6481434175624026
3.6343309477117525
3.618781010329606
3.6013593539353708
3.5819146386794256
3.5603735300650388
3.5603735300650388
3.5603735300650388
3.5603735300650388
3.5603735300650388
3.5603735300650388
3.5603735300650383
3.5603735300650383
3.5603735300650383
3.5603735300650383
3.5603735300650388
3.5603735300650388
3.5603735300650388
3.5603735300650388
3.5603735300650388
3.5603735300650388
3.5603735300650396
3.5603735300650388
3.560373530065039
3.5603735300650383
3.5603735300650388
3.5603735300650388
3.5603735300650388
3.5603735300650383
3.5603735300650388
3.5603735300650388
3.5603735300650388
3.560373530065039
3.5603735300650383
3.5603735300650388
3.5603735300650383
3.560373530065039
3.5603735300650388
3.560373530065039
3.5603735300650383
3.5603735300650388
3.5603735300650396
3.5603735300650388
3.5603735300650388
3.5603735300650383
3.559187837112117
3.580285363495564
3.5993686243066394
3.6166471584654465
3.632304244071744
3.6465006955879753
3.659378205340745
3.671062102077431
3.6816636327289123
3.691281866800455
3.700005302863355
3.7079132421083605
3.7150768784196937
3.559187837112117
3.7240577987631167
3.725556111481195
3.726113721622616
3.725785842297234
3.7246252350357376
3.722682669120082
3.7200073376635983
3.716647237274837
3.7126495168038933
3.708060799578483
3.7029274825901144
3.6972960152423466
3.6912131596007183
3.684726233338865
3.677883336031825
3.67073355877954
3.6633271766595485
3.6557158228869517
3.6479526431024776
3.6400924277053455
3.632191719830991
3.6243088978196774
3.616504174796103
3.7215606072963054
3.583643350591016
3.5596117508426297
3.536927310269851
3.5157757385659387
3.4963437769780623
3.478816502020656
3.4633743100222816
3.4501896775526726
3.4394238272358004
3.431223454904254
3.425717688819454
3.4230134934661502
3.423140711524621
3.426044920634449
3.431645537568749
3.439840277988723
3.4505071144627166
3.463506793127144
3.47868575909807
3.4958793221567452
3.5149148916976767
3.535615117106021
3.557800723651583
3.5812952654671637
3.608839767343962
3.612584025201709
3.6193865491871393
3.6262724384982965
3.6331875096440513
3.640079142766011
3.6468962380305525
3.6535891484696026
3.6601095903916656
3.6664105333677006
3.672446071684796
3.6781712788552605
3.68354204637881
3.688514907579842
3.693046846942183
3.6970950948503125
3.7006169073125688
3.7035693296277383
3.705908942526275
3.7075915886702755
3.7085720768345967
3.7088038602619573
3.708238684920702
3.706826202368724
3.7045135407024063
3.701244825670626
3.69696064223585
3.6915974246851833
3.6850867606404547
3.677354590840302
3.668320282187845
3.657895545912424
3.645983165287136
3.6324754881110963
3.617252627153265
3.6001803000228842
3.581107269658961
3.581107269658961
3.53257580121946
3.53257580121946
3.53257580121946
3.53257580121946
3.53257580121946
3.53257580121946
3.53257580121946
3.53257580121946
3.53257580121946
3.5325758012194597
3.53257580121946
3.5325758012194597
3.53257580121946
3.53257580121946
3.53257580121946
3.53257580121946
3.53257580121946
3.53257580121946
3.53257580121946
3.5325758012194597
3.53257580121946
3.53257580121946
3.53257580121946
3.53257580121946
3.53257580121946
3.5325758012194597
3.53257580121946
3.53257580121946
3.53257580121946
3.53257580121946
3.53257580121946
3.53257580121946
3.53257580121946
3.5325758012194597
3.53257580121946
3.5325758012194597
3.53257580121946
3.5325758012194597
3.53257580121946
3.5326622790897804
3.5275050302701616
3.5239950442712438
3.522081366037856
3.5217047428140056
3.522798546346553
3.525289770753582
3.529100074671451
3.534146837322817
3.5403442004923824
3.547604071820524
3.555837068988013
3.564953388673208
3.5748635887629723
3.585479276518014
3.5967136992825366
3.6084822377535954
3.6207028044868372
3.6332961526142213
3.646186101153797
3.6592996841832566
3.672567229207539
3.685922459112304
3.539508631465406
3.712399388752067
3.725424329833078
3.7383233686076274
3.751045607021637
3.7635427695847357
3.775769013968542
3.787680726681481
3.7992363098801634
3.8103959622100176
3.8211214554936825
3.831375908487313
3.841123558311563
3.850329529801389
3.8589596024644246
3.866979974472931
3.874357022594905
3.8810570566926113
3.8870460669770814
3.892289461716553
3.8967517926953956
3.9003964646770277
3.903185422735597
3.905078790645549
3.90603514797653
3.6993022086544887
3.9048389561108645
3.902742123064764
3.899780468671056
3.8959910383267258
3.8914093633040086
3.8860697555052006
3.880005582656283
3.873249527822857
3.865833836365251
3.8577905529497043
3.849151750808569
3.8399497550374937
3.8302173614341233
3.819988051936012
3.8092962075170447
3.7981773189138894
3.7866681953606247
3.7748071709724176
3.762634308150506
3.7501915968270154
3.7375231479652338
3.7246753791105385
3.7116971891307475
3.6986401173919705
3.6855585301743004
3.906032087587015
3.6594276844488456
3.646512069163555
3.633829171167608
3.621448431347927
3.6094422568921725
3.597885881878074
3.5868571571295744
3.5764362645548373
3.5667053507405013
3.5577480755659687
3.5496490735572226
3.5424933280111994
3.5363654608096136
3.531348944215958
3.527525244631853
3.524972912089243
3.5237666331770687
3.5239762685476563
3.5256658992276853
3.5288929079371587
3.5337071220414527
3.5401500408057713
3.548254129974868
3.548071913193913
3.5581672520037695
3.5581672520037686
3.5581672520037695
3.5581672520037695
3.5581672520037695
3.5581672520037695
3.558167252003768
3.558167252003768
3.5581672520037686
3.5581672520037695
3.5581672520037686
3.5581672520037695
3.5581672520037695
3.558167252003769
3.558167252003769
3.5581672520037686
3.5581672520037695
3.5581672520037695
3.5581672520037686
3.558167252003769
3.5581672520037695
3.5581672520037695
3.5581672520037695
3.5581672520037686
3.5581672520037695
3.5581672520037695
3.55816725200377
3.5581672520037686
3.55816725200377
3.5581672520037695
3.5581672520037695
3.5581672520037695
3.5581672520037695
3.5581672520037686
3.558167252003768
3.5581672520037695
3.5581672520037695
3.5581672520037686
3.672509602104742
3.6725096021047414
3.5291661005311123
3.5207950680784497
3.5143594052678906
3.509813384090473
3.5071025086855823
3.5061644162305576
3.5069298511129308
3.5093236850057097
3.513265953507829
3.518672881785915
3.5254578749046335
3.5335324526119467
3.5428071125917664
3.5531921107389604
3.564598151171686
3.5769369825178527
3.5901219003485543
3.604068158135194
3.6186932910067915
3.6339173565326903
3.649663089833376
3.6658558905623773
3.6824262269411854
3.5395086314654063
3.707582476829429
3.71614640223276
3.7249515996234543
3.7339576136681987
3.7431258093846336
3.7524191231863013
3.761801791717522
3.7712390750374274
3.780696980004975
3.7901419871955624
3.7995407836257686
3.8088600027027457
3.818065972249879
3.827124470707822
3.836000491142636
3.84465801196697
3.8530597727961546
3.8611670532168407
3.8689394515485658
3.8763346600361497
3.883308231420857
3.889813327653931
3.8958004038848157
3.901218056786867
3.6993022086544887
3.9044337781499734
3.901963865569166
3.8986613236134864
3.8945632681827296
3.889705292059121
3.8841217616204493
3.8778460924964593
3.8709110092195287
3.863348792219158
3.8551915148404756
3.846471272600781
3.8372204064801925
3.827471721754361
3.8172587034285015
3.806615729132726
3.795578279850331
3.7841831486568993
3.7724686471100504
3.7604748086594117
3.7482435878882683
3.7358190539810407
3.7232475761326405
3.710577997638957
3.697861790244685
3.6851533303295003
3.906032087587015
3.6581990059541116
3.644153981624045
3.630441710825383
3.617132374819211
3.6042990578907177
3.5920176013790757
3.5803663909073
3.56942606909374
3.559279167936742
3.5500096564811927
3.5417024014380516
3.534442540772491
3.5283147731763433
3.5234025697218154
3.5197873176820393
3.5175474103151125
3.516757300354302
3.517486538453791
3.519798821088115
3.5237510749328993
3.5293926073796786
3.5367643609846446
3.5458983905947026
3.548071913193913
3.548071913193913
3.5480719131939127
3.5480719131939122
3.548071913193913
3.548071913193913
3.548071913193913
3.5480719131939127
3.548071913193913
3.548071913193913
3.5480719131939127
3.548071913193913
3.548071913193913
3.5480719131939136
3.548071913193913
3.548071913193913
3.5480719131939136
3.5480719131939127
3.548071913193913
3.5480719131939127
3.548071913193913
3.5480719131939127
3.5480719131939127
3.5480719131939127
3.548071913193913
3.548071913193913
3.548071913193913
3.5480719131939127
3.5480719131939127
3.548071913193913
3.5480719131939127
3.548071913193913
3.548071913193913
3.548071913193913
3.548071913193913
3.548071913193913
3.548071913193913
3.548071913193913
3.5480719131939127
3.548071913193913
3.558167252003769
3.584750040964457
3.5961152241430905
3.606668392237906
3.6164490925223918
3.625493964012054
3.6338370386234784
3.6415100064132218
3.6485424500743484
3.654962053013127
3.6607947846509887
3.666065065987236
3.670795918028172
3.6750090953279626
3.67872520649109
3.6819638232965155
3.684743579806001
3.687082262711345
3.6889968939073063
3.6905038062548123
3.6916187132782166
3.6923567735045233
3.692732650050288
3.6927605659641536
3.6924543558048963
3.691827513837677
3.6908932392229703
3.6896644784725794
3.688153965479819
3.686374259319127
3.6843377799654027
3.6820568420747697
3.6795436865233264
3.6768105080275753
3.673869462293298
3.670733134399216
3.5725300433739053
3.662654958099955
3.6577996150581757
3.652860236985274
3.6478499345727573
3.642781933929665
3.6376696065828846
3.6325264899613563
3.6273663047298506
3.622202970199063
3.6170506180854645
3.611923604639157
3.606836521054909
3.6018042021112473
3.5968417328713818
3.5919644533325585
3.587187960884977
3.5825281104096325
3.5780010118803593
3.573623025289259
3.569410752758582
3.5653810276607563
3.5615509006208654
3.557937622222636
3.5545586223358954
3.5514314858923357
3.548573925029
3.5460037474128847
3.543738820509913
3.541797030811534
3.5401962333784622
3.538954149533106
3.5380894234751974
3.6674131735483644
3.536211808656324
3.5351755583461495
3.534526496973362
3.534281442256786
3.5344567701612966
3.535068345879385
3.5361314566546986
3.5376607452909163
3.539670144517062
3.5421728128494547
3.5451810724909514
3.548706350012295
3.5527591204405984
3.557348855421271
3.562483976051802
3.5681718110225593
3.5744185605329224
3.581229266501504
3.5886077894410118
3.596556792302942
3.605077731531469
3.614170855429103
3.6238352098587927
3.6340686511833353
3.6448678661714315
3.656228398298019
3.6681446789567937
3.680610057489089
3.6936167795557293
3.5592783666549495
3.707298344433723
3.7072983444337235
3.7072983444337235
3.7072983444337235
3.7072983444337235
3.707298344433723
3.7072983444337235
3.7072983444337235
3.707298344433723
3.7072983444337235
3.7072983444337235
3.707298344433723
3.7072983444337235
3.7072983444337235
3.7072983444337235
3.707298344433723
3.7072983444337235
3.707298344433723
3.707298344433723
3.707298344433723
3.7072983444337235
3.707298344433723
3.707298344433723
3.7072983444337235
3.7072983444337235
3.707298344433723
3.707298344433723
3.7072983444337235
3.707298344433723
3.707298344433723
3.707298344433723
3.7072983444337235
3.707298344433723
3.7072983444337235
3.7072983444337235
3.707298344433723
3.7072983444337235
3.7072983444337235
3.5376180755798634
3.5376180755798634
3.570507037898216
3.5680544071159113
3.5652638262321403
3.562225372873377
3.5590274644699402
3.5557567074755934
3.552497639322575
3.5493323688178706
3.5463401257740745
3.543596734368911
3.5411740282941953
3.539139229259856
3.537554313473596
3.5364753928819868
3.5359521391490736
3.5360272779822988
3.536736179626391
3.538106567757535
3.540158364161634
3.5429036803181795
3.546346960144638
3.5504852709497436
3.555308732717244
3.560801069775188
3.566940263988093
3.573699285289682
3.5810468736088885
3.5889483462398903
3.5973664060556856
3.6062619287028563
3.6155947110430957
3.625324169491387
3.6354099956958494
3.6458129270544393
3.656490940206449
3.5725300433739053
3.6632337511126947
3.6589230714891823
3.6544936900423766
3.649958357789353
3.6453299879886805
3.640621667874454
3.6358466749015763
3.6310184929324305
3.6261508274036216
3.6212576191485817
3.6163530566944773
3.611451586871145
3.6065679236433765
3.601717054984326
3.596914247668478
3.592175049840901
3.587515291189726
3.5829510805859504
3.578498801009392
3.574175101624322
3.569996886827956
3.565981302149057
3.5621457168235255
3.5585077029763963
3.5550850112613293
3.551895542932954
3.5489573183098875
3.54628844182334
3.5439070642448685
3.54183134534945
3.540079445895691
3.538668734584461
3.6674131735483644
3.5363501064180527
3.535442936031641
3.534913758259582
3.5347793896897954
3.53505620182468
3.5357600548209134
3.536906231003314
3.538509368604653
3.5405833962241005
3.5431414687322254
3.546195905192454
3.549758129555074
3.5538386147537264
3.558446830872995
3.5635911979868293
3.569279044303757
3.5755165700879443
3.582308817875676
3.5896596493590467
3.597571729244113
3.6060465163266833
3.6150842618959103
3.6246840155065256
3.6348436380583298
3.64555982201037
3.65682811845174
3.6686429706262498
3.680997753213613
3.6938848155165505
3.5592783666549495
3.5592783666549495
3.5592783666549495
3.55927836665495
3.559278366654949
3.559278366654949
3.5592783666549495
3.5592783666549495
3.5592783666549495
3.559278366654949
3.5592783666549495
3.55927836665495
3.5592783666549495
3.5592783666549495
3.559278366654949
3.559278366654949
3.559278366654949
3.559278366654949
3.5592783666549495
3.559278366654949
3.5592783666549495
3.5592783666549495
3.5592783666549495
3.559278366654949
3.5592783666549495
3.5592783666549495
3.5592783666549495
3.5592783666549495
3.5592783666549495
3.5592783666549495
3.5592783666549495
3.559278366654949
3.559278366654949
3.5592783666549495
3.559278366654949
3.5592783666549495
3.5592783666549495
3.5592783666549495
3.5592783666549495
3.5592783666549495
3.707298344433723
62.749171411263745
0.0
0.0
0.0
0.0
0.0
0.0
0.0
0.0
0.0
0.0
0.0
0.0
62.749171411263745
0.0
0.0
0.0
0.0
0.0
0.0
0.0
0.0
0.0
0.0
0.0
0.0
0.0
0.0
0.0
0.0
0.0
0.0
0.0
0.0
0.0
0.0
0.0
0.0
0.0
0.0
0.0
0.0
0.0
0.0
0.0
0.0
0.0
0.0
0.0
0.0
0.0
0.0
0.0
0.0
0.0
0.0
0.0
0.0
0.0
0.0
0.0
0.0
0.0
0.0
0.0
0.0
0.0
0.0
0.0
0.0
0.0
0.0
0.0
0.0
0.0
0.0
0.0
0.0
0.0
0.0
0.0
0.0
0.0
0.0
0.0
0.0
0.0
0.0
0.0
0.0
0.0
0.0
0.0
0.0
0.0
0.0
0.0
0.0
0.0
0.0
0.0
0.0
0.0
0.0
0.0
0.0
0.0
0.0
0.0
0.0
0.0
0.0
0.0
0.0
0.0
0.0
0.0
0.0
0.0
34.4704013466272
34.47040134662711
34.470401346627135
37.95273811944823
41.60919173091046
41.609191730910425
45.44846802294586
53.71251024155201
58.156952459119296
67.72361433243321
78.27085904776159
0.0
0.0
0.0
0.0
0.0
0.0
0.0
0.0
0.0
41.55988524245289
42.44601067717724
43.263797168084025
40.149712525288294
37.04123449154155
37.5708389383852
50.17835650781678
50.7680736319843
46.97479590790495
47.428790302658804
43.63996787147791
39.95048194581478
36.366298112360404
41.55988524245289
49.00906919655066
40.6615775181329
49.10993170948038
44.77965756912343
44.7277161210228
48.941721689110565
44.521644293766855
53.135902004815556
48.45313706135473
43.99292922014059
52.41186860182675
52.117542397206044
47.425531715235756
51.46653632959733
46.797552469556976
50.751396861316366
46.1212936437351
45.77158074397843
45.417623428440784
45.06203047486943
40.77869818324868
44.35637607810431
40.14397218246572
53.39762078688178
42.588783413628306
45.41385950801304
40.6449614253317
39.79428489717137
42.629621844820086
38.35036594022857
37.7627013190197
33.99310804250644
33.62910623972849
33.3544626761828
33.17132542486395
33.08174485705414
33.0859537201217
30.13756542506775
30.30682792913273
30.556204911233387
27.912446648026478
28.277668223481392
25.799346308379477
26.246764328943403
23.876684473406016
24.3760882769386
24.922930160507246
28.587188447754645
43.67550135645753
26.326382446865047
26.50607879632961
26.68922656495593
26.87442405440176
23.957647440144274
24.121526961551677
24.28351165099238
27.607766730949976
24.59686441614723
24.745768640366805
28.11094001347236
28.26232349600922
25.14661628816311
28.532231925206034
28.64797158676814
28.749042241600336
28.834046978648107
28.901586464193976
28.95025854467399
28.978657850847632
28.98537540196313
28.968998210957054
32.41073185326365
32.33586340219654
32.2303392375957
32.092553911687396
31.920895296019715
31.713744148244306
31.469473680861128
31.18644913306452
30.863027347880262
30.497556355478984
33.48310821958759
32.9772595194925
32.41903957225591
35.192562350437214
35.192562350437214
0.0
0.0
0.0
0.0
0.0
0.0
0.0
0.0
0.0
0.0
0.0
0.0
0.0
0.0
0.0
0.0
0.0
70.87092406900689
65.86697637660482
61.10131190765041
56.56258384197951
40.468478769258155
36.91226656732033
44.202501581293
44.202501581292985
44.20250158129293
44.20250158129299
44.20250158129303
44.202501581293
44.20250158129304
44.20250158129298
44.202501581293006
48.123225533929514
52.239985684197805
56.56258384197953
61.10131190765038
61.1013119076504
65.86697637660481
70.87092406900692
1.0975938250072117
0.0
0.0
0.0
0.0
0.0
0.0
0.0
0.0
0.0
0.0
0.0
0.0
1.0
0.0
0.0
0.0
0.0
0.0
0.0
0.0
0.0
0.0
0.0
0.0
0.0
0.0
0.0
0.0
0.0
0.0
0.0
0.0
0.0
0.0
0.0
0.0
0.0
0.0
0.0
0.0
0.0
0.0
0.0
0.0
0.0
0.0
0.0
0.0
0.0
0.0
0.0
0.0
0.0
0.0
0.0
0.0
0.0
0.0
0.0
0.0
0.0
0.0
0.0
0.0
0.0
0.0
0.0
0.0
0.0
0.0
0.0
0.0
0.0
0.0
0.0
0.0
0.0
0.0
0.0
0.0
0.0
0.0
0.0
0.0
0.0
0.0
0.0
0.0
0.0
0.0
0.0
0.0
0.0
0.0
0.0
0.0
0.0
0.0
0.0
0.0
0.0
0.0
0.0
0.0
0.0
0.0
0.0
0.0
0.0
0.0
0.0
0.0
0.0
0.0
0.0
0.0
0.0
0.0
1.6298741887577493
1.6442709759309966
1.658667763104244
1.6658661566908677
1.6730645502774912
1.8314292091832123
1.835028405976524
1.838627602769836
1.84266191270059
1.8466962226313441
1.8507305325620984
0.0
0.0
0.0
0.0
0.0
0.0
0.0
0.0
0.0
1.8222100382156647
1.8222100382156647
1.825033795006069
1.825033795006069
1.825033795006069
1.825033795006069
1.8278575517964735
1.8278575517964735
1.8278575517964735
1.8278575517964735
1.8278575517964735
1.8278575517964735
1.8278575517964735
1.8222100382156647
1.8321611130015616
1.8321611130015616
1.83646467420665
1.83646467420665
1.83646467420665
1.8407682354117378
1.8407682354117378
1.8450717966168262
1.8450717966168262
1.8450717966168262
1.8493753578219143
1.8493753578219143
1.8493753578219143
1.7126557150039217
1.7090565182106097
1.7090565182106097
1.705457321417298
1.705457321417298
1.7018581246239861
1.7018581246239861
1.6982589278306741
1.6982589278306741
1.6946597310373623
0.9294060802398902
1.6910605342440506
1.6874613374507388
1.1655630524923446
1.0143967871732473
1.0287935743464947
1.0503887551063658
0.9280160641337631
0.9280160641337631
0.9280160641337631
0.9280160641337631
1.13676947814585
1.1511662653190973
1.3455228921579367
1.1871582332522157
1.1943566268388395
1.2087534140120868
1.2231502011853341
1.2375469883585815
1.2519437755318288
1.2663405627050761
1.2807373498783234
1.295134137051571
1.3095309242248183
1.3311261049846892
1.6910605342440506
1.338324498571313
1.3527212857445603
1.3527212857445603
1.3594701484802245
1.3783681441343383
1.3846674760190427
1.3909668079037474
1.397266139788452
1.4098648035578611
1.4161641354425658
1.4224634673272702
1.4224634673272702
1.441361462981384
1.4476607948660887
1.4539601267507933
1.4602594586354978
1.4665587905202024
1.4859063170252758
1.4859063170252758
1.5003031041985229
1.5075014977851469
1.991931380138492
1.521898284958394
1.5290966785450177
1.5362950721316415
1.543493465718265
1.5506918593048888
1.5578902528915126
0.9280160641337631
0.9280160641337631
0.9280160641337631
0.9280160641337631
1.5938822208246308
1.6010806144112546
0.9280160641337631
1.6082790079978784
1.6082790079978784
0.0
0.0
0.0
0.0
0.0
0.0
0.0
0.0
0.0
0.0
0.0
0.0
0.0
0.0
0.0
0.0
0.0
1.7205547937611065
1.7177310369707022
1.7149072801802978
0.9294060802398902
1.686669712276254
1.6640796579530188
1.641489603629784
1.6132520357257398
1.585014467821696
1.5567768999176521
1.4475229893102872
1.2767281654596303
1.203310488909116
1.158130380262646
1.1129502716161757
1.0734176765505141
1.0225900543232351
1.0
1.709259766599489
1.7149072801802978
1.7177310369707022
1.7205547937611065
