62.749171411263745
0.0
0.0
0.0
0.0
0.0
0.0
0.0
0.0
0.0
0.0
0.0
0.0
62.749171411263745
0.0
0.0
0.0
0.0
0.0
0.0
0.0
0.0
0.0
0.0
0.0
0.0
0.0
0.0
0.0
0.0
0.0
0.0
0.0
0.0
0.0
0.0
0.0
0.0
0.0
0.0
0.0
0.0
0.0
0.0
0.0
0.0
0.0
0.0
0.0
0.0
0.0
0.0
0.0
0.0
0.0
0.0
0.0
0.0
0.0
0.0
0.0
0.0
0.0
0.0
0.0
0.0
0.0
0.0
0.0
0.0
0.0
0.0
0.0
0.0
0.0
0.0
0.0
0.0
0.0
0.0
0.0
0.0
0.0
0.0
0.0
0.0
0.0
0.0
0.0
0.0
0.0
0.0
0.0
0.0
0.0
0.0
0.0
0.0
0.0
0.0
0.0
0.0
0.0
0.0
0.0
0.0
0.0
0.0
0.0
0.0
0.0
0.0
0.0
0.0
0.0
0.0
0.0
0.0
0.0
34.4704013466272
34.47040134662711
34.470401346627135
37.95273811944823
41.60919173091046
41.609191730910425
45.44846802294586
53.71251024155201
58.156952459119296
67.72361433243321
78.27085904776159
0.0
0.0
0.0
0.0
0.0
0.0
0.0
0.0
0.0
41.55988524245289
42.44601067717724
43.263797168084025
40.149712525288294
37.04123449154155
37.5708389383852
50.17835650781678
50.7680736319843
46.97479590790495
47.428790302658804
43.63996787147791
39.95048194581478
36.366298112360404
41.55988524245289
49.00906919655066
40.6615775181329
49.10993170948038
44.77965756912343
44.7277161210228
48.941721689110565
44.521644293766855
53.135902004815556
48.45313706135473
43.99292922014059
52.41186860182675
52.117542397206044
47.425531715235756
51.46653632959733
46.797552469556976
50.751396861316366
46.1212936437351
45.77158074397843
45.417623428440784
45.06203047486943
40.77869818324868
44.35637607810431
40.14397218246572
53.39762078688178
42.588783413628306
45.41385950801304
40.6449614253317
39.79428489717137
42.629621844820086
38.35036594022857
37.7627013190197
33.99310804250644
33.62910623972849
33.3544626761828
33.17132542486395
33.08174485705414
33.0859537201217
30.13756542506775
30.30682792913273
30.556204911233387
27.912446648026478
28.277668223481392
25.799346308379477
26.246764328943403
23.876684473406016
24.3760882769386
24.922930160507246
28.587188447754645
43.67550135645753
26.326382446865047
26.50607879632961
26.68922656495593
26.87442405440176
23.957647440144274
24.121526961551677
24.28351165099238
27.607766730949976
24.59686441614723
24.745768640366805
28.11094001347236
28.26232349600922
25.14661628816311
28.532231925206034
28.64797158676814
28.749042241600336
28.834046978648107
28.901586464193976
28.95025854467399
28.978657850847632
28.98537540196313
28.968998210957054
32.41073185326365
32.33586340219654
32.2303392375957
32.092553911687396
31.920895296019715
31.713744148244306
31.469473680861128
31.18644913306452
30.863027347880262
30.497556355478984
33.48310821958759
32.9772595194925
32.41903957225591
35.192562350437214
35.192562350437214
0.0
0.0
0.0
0.0
0.0
0.0
0.0
0.0
0.0
0.0
0.0
0.0
0.0
0.0
0.0
0.0
0.0
70.87092406900689
65.86697637660482
61.10131190765041
56.56258384197951
40.468478769258155
36.91226656732033
44.202501581293
44.202501581292985
44.20250158129293
44.20250158129299
44.20250158129303
44.202501581293
44.20250158129304
44.20250158129298
44.202501581293006
48.123225533929514
52.239985684197805
56.56258384197953
61.10131190765038
61.1013119076504
65.86697637660481
70.87092406900692
