1.0975938250072117
0.0
0.0
0.0
0.0
0.0
0.0
0.0
0.0
0.0
0.0
0.0
0.0
1.0
0.0
0.0
0.0
0.0
0.0
0.0
0.0
0.0
0.0
0.0
0.0
0.0
0.0
0.0
0.0
0.0
0.0
0.0
0.0
0.0
0.0
0.0
0.0
0.0
0.0
0.0
0.0
0.0
0.0
0.0
0.0
0.0
0.0
0.0
0.0
0.0
0.0
0.0
0.0
0.0
0.0
0.0
0.0
0.0
0.0
0.0
0.0
0.0
0.0
0.0
0.0
0.0
0.0
0.0
0.0
0.0
0.0
0.0
0.0
0.0
0.0
0.0
0.0
0.0
0.0
0.0
0.0
0.0
0.0
0.0
0.0
0.0
0.0
0.0
0.0
0.0
0.0
0.0
0.0
0.0
0.0
0.0
0.0
0.0
0.0
0.0
0.0
0.0
0.0
0.0
0.0
0.0
0.0
0.0
0.0
0.0
0.0
0.0
0.0
0.0
0.0
0.0
0.0
0.0
0.0
1.6298741887577493
1.6442709759309966
1.658667763104244
1.6658661566908677
1.6730645502774912
1.8314292091832123
1.835028405976524
1.838627602769836
1.84266191270059
1.8466962226313441
1.8507305325620984
0.0
0.0
0.0
0.0
0.0
0.0
0.0
0.0
0.0
1.8222100382156647
1.8222100382156647
1.825033795006069
1.825033795006069
1.825033795006069
1.825033795006069
1.8278575517964735
1.8278575517964735
1.8278575517964735
1.8278575517964735
1.8278575517964735
1.8278575517964735
1.8278575517964735
1.8222100382156647
1.8321611130015616
1.8321611130015616
1.83646467420665
1.83646467420665
1.83646467420665
1.8407682354117378
1.8407682354117378
1.8450717966168262
1.8450717966168262
1.8450717966168262
1.8493753578219143
1.8493753578219143
1.8493753578219143
1.7126557150039217
1.7090565182106097
1.7090565182106097
1.705457321417298
1.705457321417298
1.7018581246239861
1.7018581246239861
1.6982589278306741
1.6982589278306741
1.6946597310373623
0.9294060802398902
1.6910605342440506
1.6874613374507388
1.1655630524923446
1.0143967871732473
1.0287935743464947
1.0503887551063658
0.9280160641337631
0.9280160641337631
0.9280160641337631
0.9280160641337631
1.13676947814585
1.1511662653190973
1.3455228921579367
1.1871582332522157
1.1943566268388395
1.2087534140120868
1.2231502011853341
1.2375469883585815
1.2519437755318288
1.2663405627050761
1.2807373498783234
1.295134137051571
1.3095309242248183
1.3311261049846892
1.6910605342440506
1.338324498571313
1.3527212857445603
1.3527212857445603
1.3594701484802245
1.3783681441343383
1.3846674760190427
1.3909668079037474
1.397266139788452
1.4098648035578611
1.4161641354425658
1.4224634673272702
1.4224634673272702
1.441361462981384
1.4476607948660887
1.4539601267507933
1.4602594586354978
1.4665587905202024
1.4859063170252758
1.4859063170252758
1.5003031041985229
1.5075014977851469
1.991931380138492
1.521898284958394
1.5290966785450177
1.5362950721316415
1.543493465718265
1.5506918593048888
1.5578902528915126
0.9280160641337631
0.9280160641337631
0.9280160641337631
0.9280160641337631
1.5938822208246308
1.6010806144112546
0.9280160641337631
1.6082790079978784
1.6082790079978784
0.0
0.0
0.0
0.0
0.0
0.0
0.0
0.0
0.0
0.0
0.0
0.0
0.0
0.0
0.0
0.0
0.0
1.7205547937611065
1.7177310369707022
1.7149072801802978
0.9294060802398902
1.686669712276254
1.6640796579530188
1.641489603629784
1.6132520357257398
1.585014467821696
1.5567768999176521
1.4475229893102872
1.2767281654596303
1.203310488909116
1.158130380262646
1.1129502716161757
1.0734176765505141
1.0225900543232351
1.0
1.709259766599489
1.7149072801802978
1.7177310369707022
1.7205547937611065
