199.925460976 14.005579994
202.008375628 214.136614703
204.092419219 214.249358045
206.177441971 214.343863993
208.263294107 214.42018652
210.349825851 214.478379598
212.436887425 214.518497199
214.524329052 214.540593295
216.612000956 214.544721861
218.699753358 214.530936867
220.787436483 214.499292286
222.874900553 214.449842091
224.961995791 214.382640255
227.048572419 214.29774075
229.134480662 214.195197548
231.219570742 214.075064621
233.303692881 213.937395943
235.386697304 213.782245486
237.468434232 213.609667223
239.548753888 213.419715125
241.627506497 213.212443165
243.70454228 212.987905316
245.779711461 212.746155551
247.852864262 212.487247841
249.923850907 212.21123616
251.992521618 211.91817448
254.058726618 211.608116772
256.122316131 211.281117011
258.18314038 210.937229168
260.241049586 210.576507215
262.295893974 210.199005126
264.347523766 209.804776873
266.395789185 209.393876428
268.440540455 208.966357763
270.481627797 208.522274852
272.518901436 208.061681667
274.552211593 207.58463218
276.581408493 207.091180363
278.606342357 206.58138019
280.626863409 206.055285632
282.642821872 205.512950663
284.654067969 204.954429255
286.660451922 204.379775379
288.661823956 203.78904301
290.658034291 203.182286118
292.648933153 202.559558678
294.634370763 201.92091466
296.614197344 201.266408038
298.58826312 200.596092784
300.556418758 199.910023584
302.518635832 199.208449117
304.475170141 198.492074098
306.42631829 197.761668715
308.372376884 197.018003155
310.313642526 196.261847605
312.250411823 195.493972253
314.182981377 194.715147284
316.111647794 193.926142886
318.036707677 193.127729246
319.958457632 192.320676551
321.877194264 191.505754988
323.793214175 190.683734745
325.706813972 189.855386007
327.618290258 189.021478963
329.527939638 188.182783798
331.436058716 187.340070701
333.342944097 186.494109858
335.248892385 185.645671457
337.154200186 184.795525683
339.059164103 183.944442725
340.96408074 183.093192769
342.869246703 182.242546002
344.774958596 181.393272612
346.681513023 180.546142784
348.589206589 179.701926708
350.498335898 178.861394568
352.409197554 178.025316553
354.322088164 177.194462849
356.237304329 176.369603644
358.155142656 175.551509124
360.075899749 174.740949477
361.999872212 173.938694889
363.92735665 173.145515547
365.858649667 172.362181639
367.794047867 171.589463351
369.733847856 170.828130871
371.678346237 170.078954386
373.627839616 169.342704082
375.582624596 168.620150147
377.542997782 167.912062767
379.509255779 167.21921213
381.48169519 166.542368423
383.460612622 165.882301832
385.446304677 165.239782545
387.439067961 164.615580749
389.439199078 164.01046663
391.446994633 163.425210376
393.462751229 162.860582174
395.486765473 162.317352211
397.519333967 161.796290673
399.56075331 161.298167748
