120.06638482 0.1901436912
122.436020866 50.3990398077
124.810002472 50.6557198543
127.188193804 50.957940828
129.570459028 51.3034597256
131.956662311 51.690033544
134.346667819 52.1154192801
136.740339719 52.5773739309
139.137542176 53.0736544931
141.538139358 53.6020179638
143.94199543 54.1602213397
146.348974559 54.7460216177
148.758940912 55.3571757949
151.171758654 55.991440868
153.587291952 56.6465738339
156.005404973 57.3203316895
158.425961882 58.0104714318
160.848826847 58.7147500576
163.273864033 59.4309245638
165.700937607 60.1567519473
168.129911735 60.889989205
170.560650583 61.6283933337
172.993018319 62.3697213304
175.426879108 63.111730192
177.862097117 63.8521769153
180.298536512 64.5888184973
182.73606146 65.3194119348
185.174536126 66.0417142247
187.613824677 66.7534823639
190.05379128 67.4524733493
192.494300101 68.1364441778
194.935215306 68.8031518463
197.376401062 69.4503533517
199.817721535 70.0758056908
202.259040891 70.6772658606
204.700223297 71.2524908579
207.141132919 71.7992376797
209.581633924 72.3152633228
212.021590478 72.7983247841
214.460866747 73.2461790605
216.899326897 73.656583149
219.336835095 74.0272940463
221.773255508 74.3560687493
224.208452301 74.6406642551
226.642289642 74.8788375604
229.074631696 75.0683456622
231.50534263 75.2069455573
233.93428661 75.2923942426
236.361327802 75.3224487151
238.786330373 75.2948659716
241.20916238 75.207502766
243.629776987 75.0603983493
246.048210112 74.8557140478
248.46450109 74.5956988574
250.878689257 74.2826017741
253.290813949 73.918671794
255.700914501 73.5061579131
258.109030251 73.0473091273
260.515200533 72.5443744326
262.919464684 71.999602825
265.32186204 71.4152433006
267.722431935 70.7935448552
270.121213707 70.136756485
272.518246691 69.447127186
274.913570222 68.726905954
277.307223638 67.9783417851
279.699246273 67.2036836753
282.089677464 66.4051806207
284.478556546 65.5850816171
286.865922855 64.7456356606
289.251815727 63.8890917472
291.636274499 63.0176988729
294.019338505 62.1337060337
296.401047083 61.2393622255
298.781439566 60.3369164445
301.160555293 59.4286176864
303.538433598 58.5167149475
305.915113817 57.6034572236
308.290635286 56.6910935108
310.665037341 55.781872805
313.038359318 54.8780441023
315.410640553 53.9818563986
317.781920382 53.09555869
320.15223814 52.2213999724
322.521633163 51.3616292418
324.890144788 50.5184954943
327.25781235 49.6942477258
329.624675185 48.8911349323
331.990772629 48.1114061099
334.356144018 47.3573102545
336.720828687 46.631096362
339.084865973 45.9350134286
341.448295211 45.2713104502
343.811155737 44.6422364228
346.173486888 44.0500403424
348.535327999 43.496971205
350.896718405 42.9852780065
353.257697444 42.5172097431
355.61830445 42.0950154106
357.978578759 41.7209440052
360.3385597 41.3972445227
