-19.1994931933 39.355814667
-18.6269660621 140.520199257
-18.0389355014 141.663857428
-17.4356150772 142.787048367
-16.8172183555 143.890031264
-16.1839589022 144.973065308
-15.5360502833 146.036409688
-14.8737060649 147.080323593
-14.1971398128 148.105066212
-13.5065650932 149.110896733
-12.8021954719 150.098074346
-12.084244515 151.06685824
-11.3529257884 152.017507604
-10.6084528582 152.950281626
-9.85103929024 153.865439497
-9.08089865062 154.763240403
-8.2982445053 155.643943536
-7.50329042026 156.507808083
-6.69624996148 157.355093234
-5.87733669496 158.186058177
-5.04676418668 159.000962103
-4.20474600262 159.800064198
-3.35149570877 160.583623654
-2.48722687112 161.351899657
-1.61215305565 162.105151399
-0.726487828351 162.843638067
0.169555244789 163.56761885
1.07576259779 164.277352938
1.99192066465 164.973099519
2.91781587941 165.655117783
3.85323467606 166.323666919
4.79796348862 166.979006114
5.7517887511 167.621394559
6.71449689753 168.251091443
7.68587436191 168.868355954
8.66570757825 169.473447281
9.65378298057 170.066624614
10.6498870029 170.648147141
11.6538060792 171.218274051
12.6653266436 171.777264534
13.6842351299 172.325377777
14.7103179724 172.862872972
15.7433616048 173.390009305
16.7831524614 173.907045967
17.8294769761 174.414242145
18.8821215828 174.91185703
19.9408727157 175.40014981
21.0055168087 175.879379675
22.0758402958 176.349805812
23.1516296111 176.811687412
24.2326711886 177.265283663
25.3187514623 177.710853753
26.4096568661 178.148656873
27.5051738342 178.578952211
28.6050888005 179.001998956
29.709188199 179.418056297
30.8172584638 179.827383423
31.9290860288 180.230239523
33.0444573281 180.626883786
34.1631587958 181.017575401
35.2849768657 181.402573557
36.4096979719 181.782137443
37.5371085485 182.156526248
38.6669950295 182.52599916
39.7991438487 182.89081537
40.9333414404 183.251234065
42.0693742385 183.607514435
43.2070286769 183.959915669
44.3460911898 184.308696956
45.4863482111 184.654117485
46.6275861748 184.996436444
47.7695915151 185.335913023
48.9121506657 185.672806411
50.0550500609 186.007375797
51.1980761345 186.339880369
52.3410153207 186.670579317
53.4836540534 186.99973183
54.6257787666 187.327597096
55.7671758944 187.654434305
56.9076318708 187.980502646
58.0469331297 188.306061307
59.1848661052 188.631369478
60.3212172314 188.956686348
61.4557729421 189.282271104
62.5883196715 189.608382938
63.7186438535 189.935281037
64.8465319222 190.263224591
65.9717703116 190.592472788
67.0941454557 190.923284817
68.2134437884 191.255919868
69.3294517439 191.590637129
70.4419557561 191.92769579
71.5507422591 192.267355039
72.6555976868 192.609874066
73.7563084733 192.955512059
74.8526610525 193.304528207
75.9444418586 193.6571817
77.0314373255 194.013731726
78.1134338872 194.374437474
79.1902179777 194.739558134
80.261576031 195.109352894
