20.906879417956137 -29.361494212672355
21.066978157447103 -29.75309635335563
21.210601251523713 -30.125147499424898
21.33823971446395 -30.4779916066025
21.45037806081522 -30.8119769387811
21.54749540883058 -31.127455277561282
21.63006575586801 -31.42478172519209
21.698558069502674 -31.70431463909331
21.753436323288042 -31.966415605877444
21.7951595126773 -32.21144943030157
21.82418166216847 -32.43978412987134
21.840951828261264 -32.65179093205356
21.845914100775005 -32.84784427373853
21.839507602409036 -33.02832180093995
21.822166487676895 -33.19360436962819
21.794319940539395 -33.34407604644184
21.75639217170893 -33.48012411088672
21.708802414137853 -33.60213905722222
21.651964917541626 -33.71051459818747
21.58628894030594 -33.805647669446344
21.51217873813579 -33.887938436042674
21.43003354779714 -33.9577903020534
21.34024756262444 -34.015609924560465
21.24320989513464 -34.06180723556864
21.139304517136488 -34.09679547652209
21.028910160476624 -34.12099125624226
20.912400143051173 -34.134814651311984
20.79014204664924 -34.13868939348262
20.662497072616752 -34.13304324381582
20.529818624005138 -34.118308814550545
20.392448762825417 -34.0949256260362
20.250707580577945 -34.06334627444605
20.10485068240105 -34.02406110458682
19.954771576027845 -33.97777091687334
19.803996579472376 -33.92306867425768
20.729799789671315 -28.95000696432055
19.27593680151947 -33.86270241288514
18.90014274538217 -33.85789592224046
18.5239201429338 -33.847549307350874
18.147751208624598 -33.83204452691649
17.772037718108415 -33.811807207763565
17.397146063252457 -33.78728049853646
17.023418515501522 -33.758918533530846
16.65117697973295 -33.72718425401209
16.28072449523108 -33.692548536867605
15.91234591740777 -33.65548979885895
15.546308258030486 -33.61649379908775
15.182860867336771 -33.57605353232057
14.822235537418031 -33.53466916901223
14.4646465627456 -33.49284801921539
14.110290776333848 -33.45110451048231
13.759347570992446 -33.40996017438596
13.41197891026112 -33.36994363802299
13.068329331629744 -33.33159061962209
12.728525942259811 -33.29544392677931
12.392678406408507 -33.262053457949975
12.060878921100112 -33.23197620701495
11.733202173822171 -33.20577627324596
11.409705268854253 -33.18402487861948
11.090427596524187 -33.16730040072002
10.775390588079055 -33.15618843380278
10.464597224073671 -33.15128191271387
10.158030950979686 -33.15318138527812
9.855652971834054 -33.16249569573489
9.557394116199795 -33.17984403428002
9.263122318528303 -33.20586413687079
8.97241496421298 -33.24126968628133
8.68763532247467 -33.286074615948024
19.650424268565985 -33.861813513084655
8.497571202725219 -33.268503238564904
8.590768495800525 -33.20782691800457
8.68695159161949 -33.159789115982335
8.786449984164285 -33.124874102987974
8.88955123286356 -33.1035763871773
8.996535584978076 -33.096391985369365
9.10768463284706 -33.10381623901972
9.223284202179897 -33.12634308636467
9.343625509869 -33.16446476935482
9.469005693986865 -33.21867170040866
9.599728082722976 -33.28945239306594
9.736102344885822 -33.377293423395656
9.878444583081091 -33.48267940520802
10.027077399388347 -33.606092971917064
10.18232994960944 -33.74801475984481
10.3445379975484 -33.908923391570966
10.514043978456115 -34.0892954541786
10.69119708390464 -34.289605470186046
10.876353385450429 -34.51032585428973
11.069876026975763 -34.751926845159886
11.272135541377594 -35.014876393277376
11.483510401545814 -35.29963996497702
11.70438804122044 -35.606680179192466
11.935166894873461 -35.93645608168205
12.176260883873127 -36.289421548553776
12.428110630534647 -36.666021294999325
12.69121709933654 -37.066678901847524
12.966276161284114 -37.49174892236954
13.255120543719443 -37.94118162813271
18.68282647316026 -29.75935462791884
21.94416382569321 -34.32918867290002
24.738996600729493 -32.37316123175995
27.462699975253088 -30.097169817404165
30.05534262484403 -27.508469616677417
32.457225825992595 -24.628601515899163
34.61322774505419 -21.493347482824532
36.47706045192275 -18.151131692960718
38.01479335895698 -14.65997976888886
39.207102672104014 -11.083439042441825
40.04994856914067 -7.486063088006745
40.55368762875128 -3.9291144877817032
40.740905709055426 -0.46703635220856654
40.64343348312684 2.854966838874674
40.2990548455505 6.002141243235059
39.748354377363086 8.950298611777782
39.03201865120383 11.685077704512963
38.18875673375206 14.200647171123478
37.25387507898455 16.498130577366737
-10.14054943031337 39.461484743985494
-7.127734664489552 40.115270402940865
-3.9035968161789896 40.55615184956713
-0.4972598333837652 40.740548027812935
3.0504584469162523 40.629228693295005
6.6879114599520335 40.19093630723566
10.354823733065288 39.40580092328511
13.985737749341112 38.26798479872025
17.51435084430375 36.78704983348169
20.878164127128088 34.98773761804458
24.022769542508286 32.908145867793365
26.905168188884943 30.59659205983965
29.495722425914337 28.107683638497207
31.778626663296123 25.498204021916422
33.75105055504639 22.823367573150364
35.42129583689575 20.133835257683586
36.80638591017819 17.473679554675016
37.929486141271866 14.87930112631284
38.81746699756377 12.379167049582861
39.49881085568242 9.994171398142782
8.406745940749062 -33.34140515032587
-11.331854499211971 32.46400696647237
-35.53260560394732 -0.3770423119688644
-35.44362815935149 0.5279178720706454
-35.31891894187315 1.4526109543758423
-35.16004688835871 2.395188401619322
-34.968550110094256 3.3538470633995985
-34.74593614864175 4.326836380244856
-34.493682040616804 5.312460185251211
-34.2132343396987 6.3090773042478645
-33.9060091258786 7.315101795456201
-33.57339201070121 8.329003058124698
-33.21673814024256 9.349305886420808
-32.837372197114945 10.3745904979302
-32.43658840300951 11.403492549630556
-32.01565052059311 12.434703146805646
-31.575791856150524 13.466968848116494
-31.118215262014402 14.499091667901979
-30.644093140550964 15.529929077052458
-30.154567448178362 16.558394002024187
-29.65074970169327 17.583454822829964
-29.13372098618703 18.604135369147144
-28.604531966277563 19.619514914292182
-28.064202902534372 20.62872816623485
-27.513723675512246 21.63096525366322
-26.95405382300089 22.625471704560226
-26.386122599001684 23.611548411586767
-25.810829072174773 24.5885515747118
-25.2290422971501 25.5558926002403
-24.641601633241734 26.513037914117632
-24.04931738111016 27.459508588319153
-23.452972182294307 28.394879518159712
-22.85332451938139 29.318777367650995
-22.251119213934945 30.230874403573893
-21.647129419091677 31.130863833904215
-21.042450564941145 32.01828717564473
-20.434555126231597 32.894851260304875
-35.584249725105906 -1.2604261403847943
-19.54485580824057 33.7342775494466
-19.26247843215601 33.703288140323224
-18.97920522681729 33.66680380239839
-18.695298684294123 33.6253245917496
-18.41107168268982 33.57931948983497
-18.126842985829125 33.52925253802721
-17.84292611878674 33.4755893712495
-17.55962566014574 33.41879939549571
-17.277235759388468 33.3593566585744
-16.996039463621443 33.29774024580317
-16.716308381649103 33.23443447774338
-16.438302503585003 33.16992901584587
-16.162270099066806 33.1047189231748
-15.888447657148646 33.03930469997036
-15.617059850296647 32.97419230534513
-15.348319513277259 32.909893170829235
-15.082427631790935 32.84692420809861
-14.819573338872143 32.78580781315239
-14.55993391810836 32.72707186687279
-14.303674814939 32.67124973263981
-14.05094965855654 32.618880249454776
-13.801900300747047 32.57050771941937
-13.556656883016004 32.52668188431838
-13.31533795685409 32.48795788457525
-13.078050708485637 32.454896180800375
-12.844891410337837 32.42806239676267
-12.615946415306084 32.408026971998
-12.391294644463187 32.395364294132435
-12.171015050997813 32.390650093440314
-11.955216477924797 32.394451020736426
-11.744246665074385 32.407251691895624
-11.53586823636308 32.4304404348305
-19.826436754134225 33.7590579543311
-11.303053768716126 32.42790698406685
-11.278816997083716 32.40337481991719
-11.258978011398654 32.39105740440732
-11.243636726911092 32.391508780912204
-11.23293665366188 32.405267768459765
-11.227033110303793 32.43286905790842
-11.226085275199573 32.47484598559362
-11.230253534774128 32.531731459605055
-11.239698419713235 32.60405833031527
-11.254580118340002 32.69235956111561
-11.275058228521473 32.797168314065914
-11.301291618695736 32.91901799858485
-11.333438341014741 33.05844230158252
-11.371655569361906 33.21597520905149
-11.416099546732191 33.39215102354544
-11.466925532144955 33.58750438283076
-11.524287736835518 33.802570280877546
-11.58833923854813 34.03788409685765
-11.659231855849654 34.29398163737457
-11.737115951883858 34.57139920195371
-11.822140111172573 34.870673691402345
-11.91445057670991 35.19234279602
-12.014190206802866 35.536945344438834
-12.12149639060921 35.9050220009687
-12.236496463686478 36.29711679914706
-12.359296247883933 36.71378097487789
-12.489945671970943 37.15558446571623
-12.628301254931955 37.62316190834753
-12.773063488616799 38.11753461934916
16.782345071088308 -30.87102341697421
16.782345071088308 -30.87102341697421
14.763350866779298 -31.885900709887736
12.637014891021622 -32.78678159778039
10.417681692283574 -33.55799608222624
8.122566262072207 -34.18612452757256
5.77126277178656 -34.660636447062586
3.3850909744487048 -34.97439566298692
0.9863251314795001 -35.12398547476445
-1.4026357496378132 -35.10982491910619
-3.760091259473217 -34.93606884892583
-6.065793729878347 -34.61030683659163
-8.301580684328957 -34.143095217598955
-10.451849192275994 -33.547370110909924
-12.503854567618909 -32.837795508351164
-14.447834296741057 -32.03009954761872
-16.276973547968517 -31.14044516404968
-17.987239508870267 -30.184870510687773
-19.57711761354289 -29.178822094833805
-21.04728387002602 -28.136791476481363
-34.975304560324496 -3.3756871610084147
-34.69522673474063 -5.559535477123205
-34.266131730154385 -7.778136611564463
-33.681215495720515 -10.012138414309305
-32.936827299132524 -12.240612744612548
-32.03285125840079 -14.441732346004173
-30.9729122499258 -16.593549941313
-29.764376870719822 -18.67482429352981
-28.418140127789485 -20.66582939477081
-26.948210850251158 -22.54908257262052
-25.371129819136506 -24.309935511987163
-23.70527083383555 -25.936987635247036
-21.970083943208067 -27.422301224092095
-20.185340952493455 -28.7614186633421
-18.370436765811696 -29.953200929612947
-16.543788086825188 -30.999520458140537
-14.722356076533067 -31.904849544422277
-12.921304357533224 -32.675787467120756
-11.153790350248496 -33.32056652758408
-9.430877641022107 -33.84857072043843
16.359893833659484 -37.31478788228361
