2.0241018571000353 -35.07629793880678
2.2695085869063547 -35.90644334199913
2.520841923086138 -36.665429499940196
2.7760735105935623 -37.35563352762811
3.0340453970648866 -37.979380544355934
3.293785514898076 -38.538983173680435
3.5544099141557126 -39.03674718351878
3.8150983639892218 -39.47497289021374
4.075086325580287 -39.85595561320578
4.333662060083952 -40.18198581470534
4.590166622041409 -40.455348993095065
4.844003456566526 -40.67832437824124
5.094501372402505 -40.85320276036261
2.0241018571000353 -35.07629793880678
5.243281591704715 -41.10006039769825
5.1396292634917415 -41.17666894348137
5.03085581197567 -41.214239892293335
4.91753894026175 -41.21494201361439
4.800234763167197 -41.180946101548
4.679476139775062 -41.11442519211319
4.555772256091188 -41.01755461780035
4.429608485254761 -40.892512025734824
4.3014463306946595 -40.741477384803204
4.171723399031549 -40.5666329890658
4.040853384710573 -40.37016345988129
3.909226058874964 -40.154255746673634
3.7772072586618606 -39.92109912828065
3.645138873400782 -39.67288521359952
3.5133388231935214 -39.41180794346785
3.3821010207964832 -39.14006359278821
3.2516952967642396 -38.85985077580625
3.1223672356299232 -38.57337045642134
2.9943377672257157 -38.282825974605935
2.867801941384556 -37.990423125770015
2.7429240274569793 -37.69837047742478
2.61980321195918 -37.40888158439263
2.4989348796395348 -37.12414519238462
5.341225174634758 -40.98224598942962
2.4181503847286763 -36.56354147169286
2.45601982418475 -36.29232550300084
2.494009202754569 -36.034948641709576
2.532349164436596 -35.79361473332445
2.5712764256935543 -35.57052697085338
2.611039095702097 -35.36788755134865
2.6518980089446984 -35.18789758930374
2.6941271727359037 -35.0327570879775
2.7380139505753505 -34.9046649270135
2.783859151519124 -34.805818856327534
2.8319770834608846 -34.73841549256682
2.882689950319474 -34.704582372775114
2.93617210220674 -34.70454288186706
2.992417341149064 -34.736406530542666
3.051398476593988 -34.79817353055347
3.113076429366515 -34.88784508468757
3.1774004360188144 -35.00342336586338
3.2443084555205246 -35.142911475244425
3.313728062350492 -35.30431334969521
3.38557867805946 -35.48563353265059
3.459778264320164 -35.68487648322735
3.536270094058864 -35.90004381705289
3.615210146612185 -36.12911498675247
3.6944486877666805 -36.370306911195236
2.3801390857858564 -36.84639445458037
3.886213322299909 -36.872871741728126
3.999307843022507 -37.130104912466244
4.114182587420714 -37.39121277156529
4.230582703700804 -37.65421515477664
4.348275277166863 -37.91713043978891
4.467020710277097 -38.17797849630619
4.5865655677729364 -38.434781423853764
4.706640191819247 -38.68556379773165
4.82695774816051 -38.92835276723744
4.947213792700836 -39.161178100231254
5.067086055033258 -39.382072205627615
5.186234322139626 -39.58907014524577
5.304300372305875 -39.7802096403647
5.420907936103163 -39.95353107626538
5.535662672579065 -40.10707750376393
5.648152154995159 -40.238894641117646
5.757945862584677 -40.34703087433914
5.864595176837952 -40.42953725755204
5.967633381355995 -40.48446751204406
6.066575665425603 -40.50987802585252
6.160919131481535 -40.50382785167475
6.250142807757527 -40.464378704146924
6.333707668191778 -40.38959495627933
6.4110566628850165 -40.277543633283756
6.4816147651256415 -40.12629440344155
6.544789045206528 -39.933919563736026
6.599968789623745 -39.698494016976824
6.64652570070615 -39.41809523357472
6.6838142467150305 -39.090803183892305
6.711172312813062 -38.71470021287053
6.727922503769378 -38.28787079050777
6.733375009629583 -37.80840095978718
6.726834770330413 -37.274376960442716
6.707622967942825 -36.683881097694176
6.675162992666117 -36.03497521828071
6.629582196342881 -35.32558504799846
8.905250691740491 -34.03044212938262
11.22094821300459 -33.33863828360529
13.562263659971222 -32.4567325191774
15.90138712094705 -31.377067565879752
18.208174330712836 -30.09712393147182
20.45138781764473 -28.620188988479743
22.600148652966993 -26.955662897947747
24.62546934889781 -25.11893191898289
26.501715071122646 -23.130792889415478
28.207841870386233 -21.016473025207823
29.7282882921167 -18.804344089193872
31.053444998220584 -16.524467771958406
32.17968533719596 -14.207122615190563
33.10899575073046 -11.881451164824782
33.848288010963074 -9.574334448456305
34.40849952195066 -7.3095582665387155
34.80359250775268 -5.1072918418969095
35.049551345740895 -2.9838619046925814
35.163455439025256 -0.9517788565050225
35.16267905000444 0.980042565596527
17.739336269294313 30.375819826449188
19.78323671518308 29.086045218885232
21.800622475294006 27.606291693990883
23.762648930081582 25.936672824973044
25.639606707330074 24.082878758517197
27.40229714834942 22.056486401908273
29.02351281374547 19.874863153097593
30.479479656192893 17.560632143853155
31.751109304193278 15.140724532107896
32.82492763634667 12.645102098148826
33.69358724153511 10.10527882846705
34.355928028608275 7.552793569077167
34.8166100295868 5.017783121227872
35.08539319102522 2.5277788738665663
35.17617195556903 0.10680803453483634
35.10588430816165 -2.2251670377689265
34.893407548206824 -4.452481451814151
34.558531823861074 -6.563715379507634
34.12107428999093 -8.551419221446466
33.6001679090399 -10.411685641063528
-4.143752835800683 34.88943934567667
-4.997515847415784 35.53407452991384
-5.87418319566072 36.10033844110615
-6.770757202612884 36.59144352213875
-7.683616355087281 37.01064921861375
-8.609189318730287 37.3611819303395
-9.544051209543184 37.64622358271108
-10.484947628038583 37.86890878376767
-11.428802587517765 38.03232391261809
-12.372721433083115 38.13950686138293
-13.313991132199277 38.193447357150426
-14.250072809046543 38.197090342087506
-15.178710597317092 38.153290059208544
-4.143752835800683 34.88943934567667
-16.020811469318403 38.209408298888285
-15.9273415899479 38.31575225282245
-15.818490870840293 38.38585233147738
-15.695438568424379 38.421628820765825
-15.559336659760646 38.42501245501948
-15.411311164555116 38.397943857935964
-15.252462476165874 38.342373402854086
-15.083865472478266 38.260261165924035
-14.90656956095205 38.15357690692725
-14.721598700214798 38.02430006027483
-14.529951412539248 37.87441973025258
-14.33260079273495 37.70593468713295
-14.130494517205733 37.520853364268646
-13.92455485537485 37.32119385364621
-13.715678687984564 37.10898390001445
-13.504737539268149 36.886260889507966
-13.292577640700245 36.655071828446424
-13.080020070055184 36.41747329591672
-12.8678610986629 36.175531326204634
-12.656873232635263 35.93132105653105
-12.447809376876904 35.6869253176103
-12.241431981751077 35.44442476672809
-12.038121801513768 35.206030325446775
-16.097684721463565 38.06491454492747
-10.3771536738343 34.47661813470967
-8.939309067682018 33.993814993943374
-7.524363309961302 33.52721796241539
-6.131134805555234 33.07860900300834
-4.758116425636331 32.64971154365024
-3.403470987760585 32.242192006111125
-2.065030124252644 31.857660186507076
-0.7402939029338711 31.497669380922105
0.5735693276115796 31.163716432883845
1.8797230125817066 30.857241751727813
3.18166243447655 30.57962931724957
4.483205967473879 30.332147292823294
5.788176238301361 30.114357813934575
7.099999383225821 29.923996045114436
8.42179263552174 29.75875077451802
9.75637448302544 29.616361469335388
11.106264766196574 29.49461820054809
12.473684872414765 29.39136149205676
13.86055816167493 29.304481988294654
15.268511030121829 29.231919625122984
16.69887609786781 29.171661139716875
18.152704959981577 29.12173011406307
19.630857438123996 29.08011727574285
21.132794032672223 29.045723501482485
-11.838784821255985 34.97377618053582
22.657207897048067 29.32951338568016
22.656537034428027 29.649046074738834
22.655962206138724 29.97332550703213
22.654207637341756 30.30081333508049
22.650052180332693 30.629933887161542
22.64231568364329 30.959084811527916
22.629855584691143 31.28663973756524
22.611565774154656 31.610949162771675
22.586376141749952 31.9303408073578
22.553252369833558 32.24311977531511
22.511195830452152 32.547568635086286
22.4592435299204 32.84194746275787
22.39646807725768 33.124493866522776
22.321977665922816 33.39342300181181
22.234916062132356 33.64692757958592
22.134462598496555 33.88317787233867
22.019832170206996 34.100321717113765
21.890275233881084 34.29648451740745
21.74507780805169 34.46976924307453
21.583561476444856 34.61825642986697
21.405083393395046 34.740004176672
21.20903629303382 34.83304814111159
20.994848503939465 34.89540153291213
20.76198397133919 34.92505510280292
20.509942291787354 34.91997712538668
20.238258767981847 34.87811337183884
19.94650449797001 34.79738706566973
19.63428652533628 34.67569880818576
19.301248103375485 34.51092644655906
18.947069187765862 34.300924828078884
18.571467424684727 34.043525308605886
18.174200325606648 33.73653466702823
17.75507070913187 33.377732393157665
17.313943028688925 32.96486254684892
16.850808688383154 32.49560119203883
16.36624326363699 31.96732843319699
16.36624326363699 31.96732843319699
-0.46115657534208765 -34.20886927565913
-3.0379066977011036 -34.0768326785542
-5.735076075966717 -33.72785651222133
-8.519790617699229 -33.13416017249691
-11.351059798119294 -32.274027389925116
-14.181276681496158 -31.134398889154255
-16.958686269570634 -29.712999890896118
-19.63062637752472 -28.019598686136586
-22.14715789189148 -26.07609633012091
-24.46458158064877 -23.915343413589046
-26.548332594306515 -21.578819220898048
-28.37486011739479 -19.11352180589424
-29.93230360171843 -16.568542591328637
-31.220005428859267 -13.991807014396478
-32.24708833732548 -11.42736611257569
-33.03043332938091 -8.913466025034197
-33.59241194347186 -6.481455262995013
-33.9586749180868 -4.155454284890972
-34.156209453928426 -1.9526285477497112
-34.211780390855836 0.11612490675229026
-6.438923824667057 33.60059021038546
-8.952833095658221 33.01978470655742
-11.547350592904635 32.204317983628556
-14.18524898957584 31.13258925322232
-16.82237066732735 29.7903885110141
-19.409558191678386 28.173186779453374
-21.895456800225574 26.287798957226755
-24.22992548393202 24.153055987787923
-26.367626948075326 21.799258052356933
-28.271283175824422 19.2663943201229
-29.91411925393048 16.601351504252378
-31.281169949905305 13.854523054629396
-32.369346238182615 11.07631827904784
-33.186385251090186 8.314038517612232
-33.74897580610573 5.609459380814393
-34.08042975631277 2.9972837922270585
-34.20825806345155 0.5044628533579925
-34.161935758752705 -1.8497426093835472
-33.97103693836006 -4.053153320402899
