0.28603144088594945 -34.213740568683505
0.3042750865510584 -34.037575479591254
0.32290205430709307 -33.918131730956276
0.3419592441118482 -33.853092387799165
0.3615073716094628 -33.8401404447267
0.3816072641784558 -33.87695893287932
0.4023164395767367 -33.96123094649201
0.4236879715422788 -34.09063965131651
0.4457700442256112 -34.262868288232255
0.46860576111907903 -34.47560017460273
0.49223306615238016 -34.72651870394256
0.5166847263576813 -35.013307346215896
0.5419883616385732 -35.333649646346174
0.5681665284845394 -35.68522922223346
0.5952368880411427 -36.06572976104232
0.6232125327280471 -36.47283501160925
0.6521026498276115 -36.90422877067746
0.6819139891627515 -37.35759485031329
0.7126545386655891 -37.830616998648026
0.7443445566598257 -38.320978660161046
0.7770607067344031 -38.82636201876929
0.8112450096463419 -39.34444129629563
0.8435757822796006 -39.87297231257958
0.26823398640843266 -34.448943115907696
1.071044158837708 -40.937940114954785
1.2712458947689242 -41.46935347038436
1.4765582307495606 -42.00152039417952
1.6868043302729916 -42.5321298020292
1.9018328563241766 -43.05887239970164
2.1214700774881976 -43.57944172149101
2.3455078981816087 -44.09153438913228
2.573699873449243 -44.592850197538866
2.805759621105949 -45.08109214856259
3.041360108392837 -45.55396646466798
3.2801333072202397 -46.00918259486727
3.5216700257959133 -46.444453214614185
3.7655198387940345 -46.857494223390745
4.011191087067289 -47.24602473635812
4.258150947033016 -47.607767071057395
4.505825598038996 -47.940446721150295
4.753600565419617 -48.24179230806965
5.000821430329665 -48.50953548450937
5.246795409510867 -48.741410719088236
5.490795320351083 -48.93515476161488
5.732071489362966 -49.08850503392949
5.969899400886959 -49.19919319814977
6.203913257290083 -49.264900128050726
6.429617466238824 -49.28386440473173
0.876490637359808 -40.40958592992243
6.659705908807666 -49.19334194748279
6.665095384929884 -49.08767781440204
6.664845179672852 -48.93986590066106
6.659094274294375 -48.75210889645527
6.648057322799275 -48.52659925824824
6.631973107133092 -48.265526166989076
6.611091652745188 -47.97107726718167
6.585669936113561 -47.645439246401935
6.555970170807427 -47.29079806661903
6.522259032567263 -46.90933906873775
6.484807277632569 -46.503247024228614
6.443889545374475 -46.074706161027024
6.399784257856709 -45.62590017769034
6.352773578070071 -45.159012247906105
6.3031434138437135 -44.67622502035516
6.251183470113972 -44.179720609784425
6.197187372510257 -43.67168057972248
6.1414529195126875 -43.15428590493005
6.084282604503358 -42.629716895823606
6.025984778097495 -42.10015302882755
5.966876566168992 -41.567772522020874
5.907292634902717 -41.034751059182355
5.847620263000351 -40.50325668495762
5.788544864542814 -39.97541407049371
5.727727061324231 -39.453788150380745
6.648974266518223 -49.25459666758897
5.716470958750676 -38.41612021077651
5.764576300828253 -37.9048697950204
5.811952435666001 -37.40871139230262
5.85900384261123 -36.92980366584976
5.906215931744839 -36.47029235167187
5.954117113497773 -36.03231577891026
6.0032693233920895 -35.61800624827595
6.054264872855754 -35.229490488773195
6.107725202021868 -34.86888983860558
6.164300329414971 -34.53832032262997
6.2246686004745015 -34.239892686084005
6.289536586698944 -33.97571240510479
6.359639080398438 -33.74787968039038
6.435739174770902 -33.55848941429713
6.518628452834207 -33.40963116532512
6.6091273545530385 -33.303389062031016
6.708085884626371 -33.24184164060219
6.816385046928758 -33.22706151571214
6.934940015693826 -33.26111465532088
7.064708076527381 -33.34605856575024
7.206712461632378 -33.48393684380983
7.362137704939016 -33.67675738433152
7.532997149880998 -33.92633982864838
-2.1922769794672945 -34.67703043998242
14.17980815520599 -32.10700182649765
16.300603616031594 -31.084028814781817
18.385066347118652 -29.898425728074983
20.41023839865676 -28.554311305215663
22.35376511901626 -27.059854223720833
24.19480601759875 -25.427109300428498
25.91488285413419 -23.671615328525206
27.49859350982507 -21.811783067566353
28.934134468079776 -19.868124928846356
30.21359666655252 -17.862393514757656
31.33302511717102 -15.816702014386522
32.29225756304078 -13.752695266288953
33.094577670249066 -11.690827790752138
33.74623134702898 -9.649787328121192
34.2558599611977 -7.646082913752764
34.6339022520155 -5.693798416084263
34.89200941142872 -3.8044979744955185
35.04250737853209 -1.9872599806502365
24.311311553745895 25.315739296766935
25.87603506067893 23.714074621281014
27.3744104347071 21.9674345101418
28.7856794169831 20.08260904633275
30.08979283597563 18.070165818089208
31.26827000836721 15.944334927773298
32.305031117117096 13.722663375863533
33.187130259176286 11.425450134048816
33.905322986148235 9.074998557032359
34.454418057373346 6.694744351572666
34.83338639870385 4.308331185478295
35.04522692182894 1.9387097778384543
35.09661430442941 -0.3926703086455632
34.99737397781462 -2.666522128570307
34.75984176292815 -4.86620244352477
34.39816903561814 -6.97800061638074
33.92762991419983 -8.991243184913884
33.36397687090698 -10.898237149317083
32.72287799656175 -12.694084497406863
32.01945537842482 -14.37640437919822
5.66757841555301 -38.940252399449435
32.44675047772904 22.263716793591755
-3.4304468924587184 33.922511081337234
-2.822636154087945 33.69327436234454
-2.2245984280254447 33.52066401124529
-1.6332992997388374 33.402117631886654
-1.045846192226918 33.33508997567478
-0.45950178092743954 33.31705135173391
0.12831265668188507 33.34548722807088
0.7200161298880801 33.417898096653346
1.3178674974429612 33.53179941759683
1.9239652788308206 33.68472159061389
2.5402475743914863 33.87420993555338
3.168492044260603 34.09782467606345
3.8103159308554098 34.35314091865996
4.4671761296797285 34.63774862257236
5.140369334275249 34.949252549435755
5.8310323194345415 35.28527217101535
6.540142517840877 35.64344148735634
7.268519295888382 36.02140862550928
8.016827149614585 36.416834839334655
8.78558529747201 36.82739150783459
9.57520605707623 37.25074813122856
10.386263488896219 37.68448830173463
11.215898331537659 38.12723419617305
-4.05111296800365 34.21096483578009
12.937248274766858 38.647260421954655
13.828925619193228 38.70966353781981
14.740084955244583 38.761147621014004
15.66984637484029 38.79959348325204
16.61722772175966 38.822964811639025
17.581102944670647 38.82932119448475
18.560191686589064 38.816821376289084
19.55305581625123 38.78372434123088
20.558098042724737 38.728389744819395
21.573561287998302 38.6492781069679
22.597528377077538 38.54495090544617
23.627921875669358 38.41407062005814
24.662504005512403 38.25540075088466
25.698876604764962 38.067805815522206
26.734481123501155 37.850251327435075
27.766598654684913 37.60180374407244
28.7923500199895 37.321630362888015
29.80869596218446 37.00899910769965
30.812437582521227 36.66327805191605
31.800217449416948 36.28393422584378
32.76852293313971 35.87053003174472
33.71369955937831 35.42270890481615
34.632044496344406 34.94009493147723
35.51854093777928 34.423655512226475
12.066122118477438 38.57604914823645
36.50422847827832 33.612225411902244
36.60452897050783 33.32139425651698
36.672564615634485 33.00302060790696
36.70949205537363 32.659166112697164
36.71651958531004 32.29183148686255
36.694892707271606 31.902972028679784
36.64589051705559 31.494501496997174
36.570824500388994 31.068293404114968
36.471038051347136 30.626181532738883
36.34790625368197 30.16996017055652
36.202835772086246 29.701384226944043
36.03726479385284 29.222169294210488
35.85266299763185 28.733991681504193
35.65053153565714 28.238488431454982
35.432403026937266 27.737257326738586
35.19984155707789 27.231856885352414
34.954442689133714 26.723806344211596
34.69783348853514 26.214585620085046
34.4316725795228 25.70563522716094
34.15765027223688 25.19835609034996
33.87748888509748 24.69410907558631
33.59294371413671 24.19421357635946
33.30580691429407 23.699941856503727
33.017934674867945 23.212479445629498
32.73088133951808 22.733458365672647
36.370659282664974 33.87328290892373
31.752772648668554 22.283075356673606
31.076192861240145 22.30164190695291
30.418468431508416 22.32107351478473
29.781029356431304 22.343045174088417
29.165248923452168 22.369292636847035
28.572439515519534 22.401618529604576
28.003851566353546 22.44189387917902
27.460673216619455 22.49205861663296
26.944030183473558 22.554121774141123
26.454985708835522 22.630161566777076
25.994540545325663 22.722325423858422
25.563632965400245 22.832829991922807
25.163138791119877 22.96396111508284
24.793871451051814 23.118073789974062
24.456582081049476 23.297592082917163
24.15195970302949 23.505008979106975
23.880631559741403 23.742886100188883
23.64316378415873 24.013853136463922
23.44006287322634 24.32060659755325
23.27177937183785 24.665906688866954
23.138718922828275 25.05256794067523
23.0412864656725 25.483421726893454
22.980195621983626 25.961053900346684
-4.787694478125161 -34.414829653425556
-4.787694478125161 -34.414829653425556
-7.489645091450882 -33.92945232234487
-10.26389056147167 -33.195708593616445
-13.06874173367325 -32.19488325788302
-15.856695323137643 -30.91711066576815
-18.57695036799052 -29.363232681627323
-21.178588481997878 -27.545778413404037
-23.61403808789808 -25.48881565850928
-25.842348098705372 -23.226613253668916
-27.831808163703982 -20.80127334633505
-29.56157303341294 -18.259680125357136
-31.022142514407534 -15.650213810231406
-32.21475769217108 -13.019673779510555
-33.1499419006463 -10.410757439972599
-33.845506673074595 -7.860292394881554
-34.32435356485192 -5.398265540449785
-34.612350916536116 -3.047569936971172
-34.73647969987269 -0.8243158075044903
-34.723352375487025 1.261474652114856
-6.520809868996736 34.12889621922403
-9.062905508856687 33.543498061885316
-11.682725288752408 32.72333186455367
-14.343144025063026 31.647697198476664
-17.000455799587883 30.303250998802554
-19.606295452236367 28.686158633211676
-22.11036803851198 26.803621839067148
-24.46372679145057 24.674452171495773
-26.62219142588401 22.328489473624415
-28.549428372335854 19.804864506050876
-30.21925363512466 17.14932150920771
-31.616861957799188 14.410987420424732
-32.738891182500794 11.639051620752525
-33.592437631324515 8.879788988244144
-34.19329262405722 6.174241493152323
-34.563742600693274 3.5567142031923993
-34.73026659844356 1.0540875159133805
-34.721398031481414 -1.3141678848639344
-34.565924130216274 -3.5354501148087536
-34.291503551671155 -5.6031511362708954
9.918761472915378 -33.66815552489591
