134.842615125
7.2000834299
137.213563668
57.4492515558
139.58938833
57.7447152444
141.969942077
58.084262434
144.355077875
58.4656810628
146.744648689
58.8867590689
149.138507484
59.3452843906
151.536507228
59.8390449661
153.938500884
60.3658287336
156.34434142
60.9234236313
158.753881799
61.5096175974
161.166974989
62.1221985701
163.583473955
62.7589544876
166.003231663
63.4176732881
168.426101077
64.0961429098
170.851935164
64.7921512909
173.28058689
65.5034863697
175.71190922
66.2279360843
178.145755119
66.9632883729
180.581977554
67.7073311737
183.02042949
68.457852425
185.460963893
69.2126400649
187.903433728
69.9694820317
190.347691961
70.7261662635
192.793591557
71.4804806986
195.240985483
72.2302132751
197.689726704
72.9731519313
200.139668186
73.7070846053
202.590662894
74.4297992355
205.042563794
75.1390837599
207.495223851
75.8327261168
209.948496032
76.5085142443
212.402233302
77.1642360808
214.856288626
77.7976795643
217.310514971
78.4066326332
219.764765301
78.9888832255
222.218892583
79.5422192796
224.672749782
80.0644287335
227.126189864
80.5532995256
229.579065795
81.0066195939
232.031230539
81.4221768768
234.482537064
81.7977593125
236.932838334
82.131154839
239.381987315
82.4201513947
241.829836972
82.6625369177
244.276240273
82.8560993463
246.721050181
82.9986266186
249.164119663
83.0879066729
251.605301684
83.1217274473
254.044449211
83.0978768801
256.481416727
83.0141856966
258.91612206
82.870269326
261.348567904
82.6681343456
263.778762894
82.4099546711
266.206715665
82.0979042184
268.632434849
81.7341569033
271.055929082
81.3208866418
273.477206997
80.8602673496
275.896277229
80.3544729426
278.313148411
79.8056773367
280.727829178
79.2160544478
283.140328164
78.5877781916
285.550654003
77.923022484
287.958815329
77.2239612409
290.364820777
76.4927683781
292.76867898
75.7316178115
295.170398572
74.942683457
297.569988189
74.1281392304
299.967456463
73.2901590475
302.362812029
72.4309168242
304.756063521
71.5525864764
307.147219573
70.6573419199
309.53628882
69.7473570706
311.923279895
68.8248058442
314.308201433
67.8918621568
316.691062067
66.9506999241
319.071870433
66.0034930619
321.450635163
65.0524154862
323.827364893
64.0996411128
326.202068255
63.1473438576
328.574753885
62.1976976363
330.945430417
61.2528763649
333.314106484
60.3150539591
335.680790721
59.386404335
338.045491762
58.4691014082
340.408218241
57.5653190948
342.768978792
56.6772313104
345.12778205
55.807011971
347.484636648
54.9568349924
349.83955122
54.1288742906
352.192534401
53.3253037812
354.543594825
52.5482973803
356.892741126
51.8000290036
359.239981938
51.0826725669
361.585325895
50.3984019863
363.928781631
49.7493911774
366.270357781
49.1378140562
368.610062979
48.5658445385
370.947905858
48.0356565402
373.283895053
47.5494239771
375.61803919
47.109320765
200.646586569
15.127401435
202.754123136
215.329389795
204.859678259
215.503067447
206.963214793
215.648849121
209.06469559
215.767149544
211.164083505
215.858383444
213.261341391
215.92296555
215.356432102
215.961310589
217.449318491
215.97383329
219.539963412
215.960948382
221.628329719
215.923070592
223.714380265
215.860614648
225.798077904
215.773995279
227.87938549
215.663627213
229.958265877
215.529925178
232.034681917
215.373303902
234.108596465
215.194178114
236.179972374
214.992962541
238.248772498
214.770071913
240.314959691
214.525920956
242.378496806
214.2609244
244.439346696
213.975496972
246.497472217
213.6700534
248.55283622
213.345008414
250.605401561
213.00077674
252.655131092
212.637773108
254.701987667
212.256412245
256.745934139
211.85710888
258.786933364
211.44027774
260.824948193
211.006333554
262.859941481
210.555691051
264.891876082
210.088764958
266.920714848
209.605970003
268.946420634
209.107720916
270.968956294
208.594432423
272.988284681
208.066519253
275.004368648
207.524396135
277.017171049
206.968477796
279.026654739
206.399178964
281.03278257
205.816914369
283.035517397
205.222098738
285.034822072
204.615146799
287.03065945
203.99647328
289.022992384
203.36649291
291.011783728
202.725620417
292.996996336
202.07427053
294.978593061
201.412857975
296.956536756
200.741797481
298.930790277
200.061503777
300.901348064
199.372373744
302.868318819
198.674739703
304.831837075
197.968919383
306.792037367
197.255230513
308.749054226
196.533990819
310.703022186
195.80551803
312.65407578
195.070129873
314.602349542
194.328144077
316.547978005
193.57987837
318.491095701
192.82565048
320.431837163
192.065778134
322.370336926
191.300579061
324.306729522
190.530370988
326.241149484
189.755471644
328.173731346
188.976198756
330.10460964
188.192870052
332.0339189
187.405803261
333.96179366
186.61531611
335.888368451
185.821726328
337.813777807
185.025351641
339.738156262
184.226509779
341.661638348
183.425518469
343.584358599
182.622695439
345.506451548
181.818358417
347.428051728
181.012825132
349.349293672
180.20641331
351.270311913
179.39944068
353.191240985
178.59222497
355.11221542
177.785083908
357.033369753
176.978335222
358.954838515
176.172296639
360.87675624
175.367285888
362.799257462
174.563620697
364.722476713
173.761618794
366.646548527
172.961597906
368.571607436
172.163875762
370.497787974
171.368770089
372.425224675
170.576598616
374.35405207
169.787679071
376.284404694
169.002329181
378.216417079
168.220866674
380.150223759
167.443609278
382.085959267
166.670874722
384.023758136
165.902980733
385.963754899
165.14024504
387.90608409
164.382985369
389.850880241
163.63151945
391.798277885
162.886165009
393.748411556
162.147239776
395.701415787
161.415061478
397.657425112
160.689947843
399.61657406
159.972216599
-19.9148062426
41.094076475
-19.2721019451
142.197481583
-18.6156571054
143.279614168
-17.9456720132
144.340778379
-17.2623469579
145.381278369
-16.5658822294
146.401418288
-15.8564781171
147.401502288
-15.1343349107
148.38183452
-14.3996528999
149.342719134
-13.6526323742
150.284460283
-12.8934736233
151.207362116
-12.1223769368
152.111728786
-11.3395426044
152.997864443
-10.5451709156
153.866073238
-9.73946216005
154.716659322
-8.92261662743
155.549926848
-8.09483460734
156.366179964
-7.2563163894
157.165722824
-6.40726226323
157.948859577
-5.54787251847
158.715894376
-4.67834744474
159.46713137
-3.79888733165
160.202874712
-2.90969246884
160.923428552
-2.01096314592
161.629097041
-1.10289965253
162.320184331
-0.185702278279
162.996994572
0.740428687198
163.659831916
1.67529295428
164.309000514
2.61869023334
164.944804517
3.57042023476
165.567548076
4.53028266892
166.177535342
5.49807724618
166.775070466
6.47360367692
167.3604576
7.45666167153
167.934000894
8.44705094037
168.496004499
9.44457119382
169.046772567
10.4490221423
169.586609249
11.4602034961
170.115818696
12.4779149656
170.634705059
13.5019562613
171.143572488
14.5321270934
171.642725136
15.5682271724
172.132467153
16.6100562087
172.613102691
17.6574139125
173.0849359
18.7100999944
173.548270932
19.7679141646
174.003411937
20.8306561336
174.450663067
21.8981256117
174.890328473
22.9701223093
175.322712306
24.0464459367
175.748118717
25.1268962045
176.166851858
26.2112728228
176.579215879
27.2993755021
176.985514931
28.3910039528
177.386053165
29.4859578853
177.781134734
30.5840370099
178.171063787
31.685041037
178.556144475
32.7887696769
178.936680951
33.8950226402
179.312977365
35.003599637
179.685337868
36.1143003779
180.054066611
37.2269245731
180.419467746
38.3412719331
180.781845423
39.4571421682
181.141503794
40.5743349888
181.498747009
41.6926501054
181.85387922
42.8118872281
182.207204579
43.9318460675
182.559027235
45.052326334
182.90965134
46.1731277378
183.259381045
47.2940499893
183.608520502
48.4148927991
183.957373861
49.5354558773
184.306245274
50.6555389344
184.655438891
51.7749416808
185.005258864
52.8934638268
185.356009344
54.0109050828
185.707994481
55.1270651593
186.061518428
56.2417437665
186.416885335
57.3547406148
186.774399353
58.4658554147
187.134364634
59.5748878764
187.497085328
60.6816377105
187.862865586
61.7859046272
188.232009561
62.8874883369
188.604821402
63.98618855
188.98160526
65.0818049768
189.362665288
66.1741373279
189.748305636
67.2629853134
190.138830455
68.3481486439
190.534543897
69.4294270296
190.935750112
70.506620181
191.342753251
71.5795278084
191.755857466
72.6479496222
192.175366908
73.7116853328
192.601585728
74.7705346506
193.034818076
75.8242972859
193.475368105
76.8727729491
193.923539964
77.9157613506
194.379637806
78.9530622007
194.843965781
79.984475209
195.316828041
1.693352275715739
-36.170300827138355
2.1426314326009788
-36.90925372074111
2.606089534078052
-37.580934188746625
3.0806366981703377
-38.18764997115708
3.564106708732737
-38.73166224244206
4.0545444972880205
-39.215220522205605
1.693352275715739
-36.170300827138355
4.49030169332292
-40.05507492401145
4.422479425572419
-40.41661792190167
4.347330836544643
-40.72723237441323
4.265478310365893
-40.988961401231066
4.17752263583003
-41.20384986328694
4.08404267992799
-41.37394440043471
3.9855953062015033
-41.50129344062113
3.882715347552079
-41.58794720320842
3.775915595345822
-41.635957700124514
3.665686794467206
-41.64737873643132
3.5524976408324562
-41.624265910409726
3.4367947801031846
-41.56867661411063
3.319002806933554
-41.482670033342345
3.199524264523518
-41.36830714742296
3.0787396444125648
-41.22765072940961
2.9570073864146593
-41.06276534621427
2.8346638786936467
-40.87571735840864
2.712023458132961
-40.668574920512405
2.589378411206212
-40.44340798055541
2.4669989763507942
-40.20228828016661
2.3451333511594328
-39.94728935443074
2.224007721178822
-39.68048653000501
2.103826461904305
-39.40395691590853
1.9847694183092415
-39.11977953412697
4.550155945755932
-39.64056174007239
1.9480477489268253
-38.52094659496368
2.0275352659262467
-38.2107070387653
2.105566811062374
-37.90140144712205
2.1822693611861723
-37.59511326746221
2.2577906281543676
-37.29392430501475
2.3322990293466432
-36.99991472371404
2.4059836822492002
-36.71516304620991
2.4790544051601273
-36.44174615412908
2.5517417206771142
-36.18173928712207
2.6242968617305564
-35.93721604246775
2.6969917807934394
-35.7102483738391
2.7701191639561387
-35.502906590040126
2.8439924527401104
-35.31725935208648
2.9189458792104404
-35.155373669822126
2.9953345245551475
-35.01931489523832
3.0735344218182377
-34.91114671101065
3.153942747076627
-34.83293110965761
3.2369757841103137
-34.786702365133294
3.322930605932413
-34.77301424398592
3.4118933759157812
-34.79017302394837
3.5039245544680853
-34.83629714653707
3.599100635677189
-34.909502699077926
3.69768700887073
-35.007884298362825
3.7978130627341216
-35.12977220214924
1.8669982356416597
-38.83003501522045
3.97376771718433
-35.435096984642165
4.049576414564569
-35.61473061082148
4.127891631096475
-35.81019574631743
4.208514774654304
-36.01962952767635
4.291272613589911
-36.24116668354521
4.375990968792678
-36.47294244467436
4.462488136663467
-36.713093270561686
4.550572696964991
-36.95975709278123
4.6400426358566165
-37.21107341095435
4.730684947482018
-37.465183337608174
4.8222754347393675
-37.720229619899996
4.914578602076574
-37.9743566513651
5.007347594328905
-38.22571047877253
5.100324160109551
-38.47243880616266
5.193238629064638
-38.71269099744843
5.285809897293916
-38.944618077907066
5.377745417810786
-39.166372734905934
5.468741194432482
-39.376109319344074
5.558481777671091
-39.571983845048294
5.646640262524613
-39.752153989848836
5.732878287381993
-39.9147790949961
5.81684603420797
-40.05802016510149
5.898182229978374
-40.180039868188395
5.976514149346258
-40.27900253452899
6.051457619192718
-40.35307415637534
6.122617025265015
-40.4004223860067
6.18958532220563
-40.41921653469723
6.2519440479487685
-40.40762756948218
6.309263345054944
-40.363828109592845
6.361101992361341
-40.285992420326174
6.407007453280471
-40.17229640513703
6.4465159507223575
-40.0209175911097
6.479152588003899
-39.83003510807776
6.504431550701042
-39.59782965164406
6.521856460768674
-39.32248341959105
6.5309210348178794
-39.00217999331067
6.5311104013516115
-38.635104100660804
6.521903999196695
-38.2194410936492
6.502782824260805
-37.7533756439186
6.473251169459445
-37.2350878264545
6.4329235846483925
-36.66273745971014
6.382133591295428
-36.03435447791393
8.646607172142808
-34.85407606855443
10.976285872123356
-34.19198126221052
13.330421297439955
-33.34471925529873
15.682515371733018
-32.305249508358344
18.003992973751906
-31.07131589075399
20.26533153372202
-29.64602455659548
22.43736656072116
-28.038099365002655
24.49266129250583
-26.26175883280701
26.40681061176099
-24.336203226808323
28.159551549047364
-22.284750183443233
29.735575759945903
-20.13370230251871
31.124978907209822
-17.911061448380803
32.3233296316198
-15.6452163841725
33.33138710625792
-13.363722077127818
34.154532722681495
-11.092264362032225
34.80200324904348
-8.85386943858419
35.28601880017237
-6.668381468978211
35.620891513873175
-4.552199681341612
35.82218428800712
-2.518242843330434
35.90596814724614
-0.5760951231139799
20.745177293131064
29.31225090740199
22.67379257703334
27.847254161866616
24.557755944415078
26.200898021947182
26.369824870006823
24.376274746299913
28.082564658788044
22.381688863151453
29.66961091870678
20.230784021250514
31.106978461176595
17.94230545938362
32.37429210074464
15.539486643952955
33.45581426522614
13.049096751600082
34.341164482335444
10.50023124407798
35.0256637005956
7.922961347546092
35.510284623708856
5.3469729871316645
35.801238042306466
2.800319413930673
35.90926526023611
0.30838717860855525
35.84873177978267
-2.1068611637050907
35.636625247324446
-4.427344030419249
35.291553063115146
-6.639029791713575
34.832816522166866
-8.731857037021939
34.27961437646616
-10.699461312734691
33.6504043077976
-12.538768843219223
-5.863027080645651
35.73210065623028
-6.76514432372349
36.3155380737125
-7.684874974154695
36.82721258872025
-8.619538466773008
37.26994996355916
-9.565828531972983
37.646667136243714
-10.520499176462181
37.96025687322748
-5.863027080645651
35.73210065623028
-11.870326271438955
38.495083459462265
-12.249645170800704
38.72343978481932
-12.61793537361018
38.901072611381345
-12.974813129517031
39.030378379045544
-13.319950711583743
39.113730911873255
-13.653076708295202
39.15348133057065
-13.973976096487121
39.15195803037112
-14.282490265745395
39.11146667391361
-14.578517028110724
39.03429018822358
-14.862010622504869
38.922688763384215
-15.13298171687012
38.77889985168794
-15.39149740949702
38.60513816765493
-15.637681229663514
38.40359568774039
-15.871713137910632
38.17644164994718
-16.093829526328108
37.92582255395706
-16.304323218683436
37.65386216121277
-16.50354347030853
37.362661494777186
-16.69189596799677
37.054298839738664
-16.86984282923487
36.73082974317022
-17.03790260065847
36.39428701515436
-17.196650253178603
36.04668073151544
-17.34671716183169
35.68999824360698
-17.48879096627951
35.32620425047905
-17.62361744885061
34.957239834685495
-11.480416405732257
38.213585193621675
-16.188686766804636
34.30796537895384
-14.647201112986835
34.02990871241845
-13.128402401443964
33.75271161477639
-11.632844992848533
33.478229250147166
-10.160774570599017
33.208314955053694
-8.712128161156755
32.94482022636534
-7.2865341378849
32.68959471760702
-5.883312220779629
32.44448623732231
-4.501473473961823
32.21134074661495
-3.1397203015561956
31.992002356863523
-1.7964464411419954
31.788313325927604
-0.46973695371221424
31.602114053004698
0.8426317921627628
31.435243069779446
2.1431921459025602
31.28953702731239
3.434785217980533
31.16683067309637
4.720560955828688
31.068956810838557
6.00397828586776
30.9977462256837
7.288799953255932
30.95500441009871
8.578729852554147
30.941218660667573
9.876921749686062
30.95487545833953
11.186227288788928
30.994291782686602
12.509245768428457
31.057773442090024
13.84844545370845
31.14355097017267
15.204522149508477
31.250646993125642
-17.751996174244425
34.58502470036339
16.705343683682372
31.502076138153342
16.839554346503405
31.642723786708387
16.981864664818545
31.797202845369654
17.131413706248566
31.96384959881229
17.287356804155024
32.14099214043735
17.448847095789404
32.326960128681094
17.615030906763025
32.52008722514732
17.785046213344685
32.718711908157886
17.95802202695097
32.921177796850785
18.133078115141302
33.12583379949953
18.3093248619237
33.33103418697644
18.48586319267855
33.53513863229905
18.661784531428452
33.736512233311714
18.836170775255596
33.93352552619427
19.00809427844024
34.12455449394679
19.176617842202802
34.30798057168619
19.340794707849966
34.482190649915324
19.49966855270401
34.64557707755921
19.652273486665536
34.79653766262436
19.79763405078836
34.93347567392985
19.93476521596716
35.054799841065176
20.062672382709536
35.158924354540495
20.18035138179988
35.24426886576689
20.286788475307333
35.3092584856714
20.380960359238145
35.352323783722
20.46183416694788
35.37190078497097
20.528367475278458
35.366430967189906
20.579508312874793
35.334361255028625
20.614195173265102
35.27414401230624
20.631357034237055
35.184237029615794
20.62991338836622
35.06310350648604
20.60877428992842
34.90921202136736
20.56684043220781
34.72103648517251
20.50300327642333
34.497056061345944
20.416145279317902
34.235755026256754
20.305140317214182
33.93562250865567
20.168854536068523
33.595151967533226
20.006148223632238
33.212840041568384
19.81588049345612
32.78718367215461
19.596923339310024
32.316671467761495
19.348217861187493
31.799749162442787
19.069167853275246
31.234577810873354
19.069167853275246
31.234577810873354
-0.8528018265049866
-35.358354462955774
-3.501617466406259
-35.1948742916106
-6.267089484473587
-34.80896566514028
-9.115451642726057
-34.17380638197093
-12.005158147294495
-33.26885449097644
-14.888452513028625
-32.08230794457603
-17.713842556583472
-30.613073729436035
-20.429276610193327
-28.871874869282777
-22.985647274032715
-26.881229895171597
-25.340147097477796
-24.67422635791246
-27.45900437568244
-22.29223138179683
-29.31924140072664
-19.781875163119174
-30.909288531456582
-17.191753364985246
-32.22849784569536
-14.569297439935951
-33.2857725474735
-11.958170729721758
-34.09762644579999
-9.39640207983868
-34.68600477893136
-6.915314436760269
-35.07615063254731
-4.5391803319724175
-35.29471893085068
-2.2854576949847427
-35.36825037518662
-0.1654287805235981
-8.18476005605838
34.4085774787053
-10.741720240780552
33.69801103258351
-13.366547877541791
32.74562412171582
-16.020638411047415
31.532200148194335
-18.65908328433926
30.046282836174697
-21.232715860941767
28.286255999192022
-23.69094170501387
26.261755128188767
-25.985075535974104
23.994089911330974
-28.071764164960598
21.515495763522352
-29.91601389058617
18.867236527418882
-31.493390576175855
16.09679630546877
-32.79111239213631
13.254563341340173
-33.807964936260475
10.390476800989276
-34.55317488794337
7.551066576750216
-35.044528038845385
4.777191205917433
-35.30608316729504
2.1026156727658005
-35.36581773981541
-0.446583561578322
-35.25346932174064
-2.8519120015186488
-34.99873979555338
-5.10183437662014
0.27222046518866705
-33.92977966153316
0.26515356742118
-33.81484795649172
0.25854879931759456
-33.75508907358494
0.2523602662301698
-33.74817497702165
0.246542734593163
-33.791777629452525
0.24105238522909644
-33.88356898560852
0.2358470065193785
-34.02122099094194
0.23088606515707966
-34.20240558098271
0.22613074307705006
-34.42479468118822
0.22154396633220585
-34.68606020628377
0.21709043710757214
-34.98387406101622
0.21273667749468927
-35.31590813917475
0.20845109641268778
-35.67983432372969
0.20420409927652372
-36.073324486312515
0.19996827872330414
-36.49405048639059
0.19571876799395227
-36.93968417012718
0.19143394707305106
-37.4078973676059
0.1870969956849251
-37.89636188694857
0.1826997753096009
-38.40274949961338
0.1782544747338477
-38.92473189609231
0.1738401916357759
-39.45998051010494
0.16992900254118126
-40.00616528296024
0.16302740598507626
-40.560971170255044
0.27979080176933735
-34.102212265574565
0.3871445169380081
-41.67019518129263
0.6255345370615828
-42.21949376565766
0.870349550146841
-42.767630419136054
1.121411626621068
-43.31228189853229
1.3785621588908157
-43.851128456890365
1.6416113142267932
-44.38185403439846
1.9103254021277962
-44.902146305132305
2.184422668720913
-45.40969669252527
2.463571621404128
-45.902200374279346
2.7473902766437277
-46.377356282913695
3.035445797051864
-46.83286710506195
3.327254315049629
-47.26643927718425
3.622280861215245
-47.675782980013395
3.919939367319728
-48.05861212807022
4.219592744968338
-48.412644352344984
4.5205530718060345
-48.73560096913738
4.822081971443083
-49.02520692397687
5.123391398013268
-49.27919067618927
5.423645382007294
-49.4952839484848
5.721964410793248
-49.67122109788281
6.017438585028231
-49.804737229919084
6.309180259445668
-49.89356065574276
6.596692544511882
-49.935360089983334
6.875000011217367
-49.929101974819986
0.15573059502060005
-41.12206006551261
7.118193068818584
-49.799663569371035
7.0845910252973
-49.68057108110807
7.045457298316705
-49.5206063107525
7.001011376787801
-49.321895498899266
6.951549899910674
-49.0865538203677
6.897389626905181
-48.81669355609097
6.838853180987087
-48.51442613583012
6.776264299302568
-48.18186281841267
6.709945935661835
-47.821114964222346
6.640219401701984
-47.43429415800014
6.567403942579972
-47.02351226930182
6.491816516208473
-46.590881485237674
6.413771678348439
-46.13851432597539
6.333581532079506
-45.66852365292678
6.251555726528466
-45.1830226691271
6.168001509726025
-44.684124912359806
6.083223865226103
-44.173944236878356
5.9975258137042715
-43.654594772786
5.911209098613028
-43.12819083349953
5.824575918783694
-42.59684668166193
5.737934143134908
-42.06267582506524
5.651618186864141
-41.52778819613667
5.5661351703230935
-40.99427040892701
5.480187503547654
-40.46445287584541
7.146520311046515
-49.87568926615364
5.401475803966662
-39.409725854309585
5.407333746058896
-38.889365337353325
5.412990943960494
-38.381340689408205
5.418772593040217
-37.88776085688073
5.4250519883015045
-37.4107278615098
5.432227942532052
-36.95233985015162
5.440719146313768
-36.51469185650737
5.4509622948690435
-36.0998760539899
5.463411347488204
-35.709981854513984
5.478537202703251
-35.347095951776794
5.49682755196045
-35.01330233983958
5.51878682365799
-34.710682318809376
5.544936184694677
-34.441314491612644
5.575813592633153
-34.20727475249916
5.611973910026393
-34.01063626514568
5.653989114864146
-33.853469422333376
5.702448682670365
-33.73784177374594
5.757960306231951
-33.66581789168299
5.821151342283429
-33.63945909979927
5.892672000440882
-33.66082287700496
5.973203320382652
-33.73196136515335
6.063481108327608
-33.85491689295358
6.164391687696082
-34.03170406967132
6.27764216100303
-34.26418444076292
-2.140944066023337
-34.26885420942156
12.61764127717396
-32.80138830141365
14.67610016890768
-31.933493854129864
16.70652588255308
-30.919701467432475
18.689561858804154
-29.76300091431466
20.606272599429474
-28.469588607100775
22.438821791385806
-27.048756394961885
24.17110912480075
-25.512613146765972
25.78931851311006
-23.875656986330682
27.282338908421877
-22.154230512152083
28.64203199648648
-20.365901625310073
29.863336633082156
-18.52881731354634
30.944215504128977
-16.661076577868073
31.885462926507444
-14.780162376032251
32.69040236841482
-12.90246251266396
33.364507429207606
-11.042897713277569
33.91498079568299
-9.214663505957049
34.35032285052455
-7.429082444305692
34.67991627846493
-5.6955555320114115
28.5129018972969
20.5462982382395
29.70954020030058
18.774428539539798
30.821146608731738
16.88765429604203
31.831793475302334
14.89539761286224
32.726791874092385
12.809880543135563
33.493297553232594
10.645889578150985
34.12085915279192
8.42038696111382
34.60186400757675
6.151987735742608
34.93184439914734
3.860335836856848
35.10961969946442
1.5654234119053854
35.13726566970615
-0.7130968770430286
35.01991881927273
-2.9565574222582427
34.765438672753305
-5.14783641839864
34.38396196596585
-7.271802075316401
33.887388969865924
-9.315622078238903
33.28884309221968
-11.268933910585247
32.60214129331371
-13.1238839140847
31.84130594279776
-14.875052327864722
31.0201400577331
-16.519287414963827
30.15187883627698
-18.055474198758503
5.395298125775071
-39.940285011682164
32.29942656061769
24.105656027904786
-5.423446999718323
33.30069074424398
-4.659845803558056
33.1237932268011
-3.907701702089412
33.00127179569722
-3.163147198909286
32.93054134344746
-2.4225210199550418
32.90903421728572
-1.682367398552941
32.934200349139275
-0.9394358925356414
33.00350728682895
-0.19068131786920617
33.11444020231406
0.5667362851331177
33.26450189245054
1.3354516772349996
33.45121277508338
2.1178944475716435
33.672110882816696
2.916289050274173
33.92475185030102
3.732654859985047
34.20670889500795
4.568806262450664
34.51557278417246
5.4263528117531905
34.848951776870024
6.306699521403175
35.204471516748924
7.211047445685864
35.5797748170053
8.140394957931306
35.97252118757268
9.095540945474056
36.38038565317342
10.077094393674571
36.80105520741452
11.085512721287898
37.23221463071832
12.121370124864455
37.671447211584734
13.181764625743597
38.117564012863056
-6.202583990419413
33.534565990047525
15.108981882289555
38.666537691221066
15.968026280985555
38.75513008839309
16.84447837402928
38.83130852083315
17.737266212128816
38.89303981591158
18.645231950846892
38.93836558343719
19.567090250333365
38.965417605438574
20.501417876494543
38.97242168185741
21.446650236664766
38.95769891130084
22.40107999585507
38.91966620089684
23.362856450349852
38.85683649485807
24.329985218723152
38.76781888551065
25.30032808031899
38.65131866628056
26.271602891644932
38.50613735408888
27.24138354880847
38.331172688455894
28.20709998553923
38.125418608067974
29.166038209236888
37.88796519452927
30.115340396830447
37.61799855917454
31.052005105047556
37.31480060669239
31.97288775100816
36.977748512101556
32.874701825073885
36.60631340605764
33.754022542164364
36.200056427594575
34.60730145948219
35.75861293089409
35.430968814302446
35.28158192668067
36.22052005087272
34.77047032563101
14.268622442691395
38.56753154711586
37.05300844332959
34.009873505997604
37.098247044031154
33.764092534607755
37.11227679814857
33.491432616570165
37.09632040572484
33.19375469178706
37.05164583437892
32.8728679904203
36.979550480655746
32.530547143797946
36.88135721038532
32.16853646199229
36.758413038653316
31.788551359182264
36.61208860263412
31.392278923904627
36.4437779219802
30.981378177268226
36.254898279507415
30.55748020096692
36.04689015893024
30.122188205561656
35.821217209671715
29.677077566176308
35.57936622947449
29.223695841176806
35.3228471575797
28.763562777348938
35.053193078459344
28.298170302539177
34.77196023955213
27.828982500309735
34.480728094743654
27.357435550589713
34.18109940631433
26.884937592305533
33.874700505021906
26.412868374172064
33.56318207567898
25.94257820218195
33.2482223032539
25.47538372297211
32.93154890622429
25.01253840203492
32.6146409129081
24.555632115457485
36.97549443498974
34.226743105620784
31.84032488093095
23.844108448344087
31.390324998267886
23.587166246983173
30.951066226964315
23.336201577589776
30.52420791564282
23.09255925558864
30.11140561397525
22.857588693249028
29.714307668674223
22.632648460222384
29.33455437404075
22.41910742224914
28.973777690602276
22.218345118899634
28.633601134026037
22.031751911741082
28.315639727734663
21.860729048773237
28.021499982764
21.706688692208616
27.752779891906584
21.571053927219594
27.511068933531476
21.45525875782178
27.29794808499514
21.36074809078451
27.11498984906757
21.288977704312998
26.963758299883978
21.2414141913778
26.84580916534452
21.219534858228542
26.76268998221451
21.224827535042863
26.71594040570767
21.25879019516708
26.707092892119874
21.32293011781948
26.737674404391953
21.418761793808216
26.809211529698814
21.54780064388433
26.92325094801282
21.711537892229472
27.081502710458267
21.911264683848913
-4.688619369065975
-34.01403914169046
-4.688619369065975
-34.01403914169046
-7.335792984005991
-33.54287035446191
-10.049397645565335
-32.832112592426
-12.789594181135698
-31.864781358143517
-15.51135407089069
-30.632269018273746
-18.166815266166054
-29.135971468365824
-20.708205086084433
-27.38810421393015
-23.090986339003223
-25.41150055019179
-25.276807744850686
-23.238351932748742
-27.23585628116433
-20.908040150913052
-28.948316964401045
-18.46436988497038
-30.404813894055252
-15.952595474978239
-31.605886270574956
-13.416630104907597
-32.56069752707867
-10.896742030098949
-33.28525592913627
-8.427914810457594
-33.80043647881473
-6.038915810146847
-34.130051747315065
-3.752009867528102
-34.29914759790597
-1.5831880423666576
-34.332622059041114
0.45724487036574146
-8.610903864737708
33.23838661777489
-11.063802979555106
32.50431162092221
-13.573295523784225
31.53892291985335
-16.102502939921322
30.325688935129847
-18.609085289372928
28.855501295477012
-21.04719883084107
27.128461653685292
-23.370117918207967
25.155031282220392
-25.533259693631408
22.9562771314952
-27.497234604517928
20.563076117753695
-29.23050386646156
18.014318028535143
-30.71127723659967
15.354330360427497
-31.92842058083835
12.629883987334551
-32.88132416184655
9.887190282582736
-33.578858115442245
7.1692606301786554
-34.03766750868664
4.513889773635299
-34.28011387861352
1.9523838735555046
-34.33215621845022
-0.4909783216822632
-34.2214025436283
-2.7988601728884532
-33.97548008661562
-4.960318861163671
-33.6207909025309
-6.969966241577254
8.492192981655649
-34.10305857634884
20.75857553084196
-29.158393283675167
20.906552239126942
-29.562678751985658
21.037725687698657
-29.947661650795425
21.152614634596322
-30.313666810430234
21.25173176860816
-30.661022926576493
21.335583846014668
-30.99006246129055
21.404671724653895
-31.301121619428486
21.459490374006638
-31.59454034028292
21.500528879143143
-31.870662295448042
21.52827044142517
-32.129834887639845
21.54319237824778
-32.37240925067361
21.545766122278486
-32.5987402501401
21.53645721987866
-32.80918648389215
21.51572532923994
-33.004110283052256
21.48402421817236
-33.18387771356785
21.441801760862095
-33.34885857754939
21.389499934144837
-33.49942641568042
21.32755481240234
-33.63595851005576
21.25639656056765
-33.75883588773263
21.17644942491082
-33.8684433262045
21.08813171979725
-33.965169360663566
20.991855808626156
-34.04940629462112
20.888028075514455
-34.1215502157998
20.777048881480088
-34.18200102009331
20.659312495224615
-34.231162450823405
20.535206977295807
-34.26944216283579
20.405113978058633
-34.29725183519943
20.26940836268805
-34.31500738018951
20.128457461464308
-34.32312936108181
19.98261942071461
-34.32204391102459
19.832239080835308
-34.31218503047765
19.677635610182666
-34.29400147814232
19.519053042276084
-34.267984336059754
19.356314035828557
-34.23485996197712
19.193477440440653
-34.19299441967033
20.593269770418217
-28.73448497233818
18.691034823985728
-34.13548086580727
18.352392171811516
-34.12090839755271
18.013020965013034
-34.100837271748645
17.673398888684645
-34.07564902853221
17.333914746830317
-34.04577244118889
16.994920927659127
-34.01165427817966
16.656746519386562
-33.97375199384234
16.31970168167676
-33.932531292234955
15.984079393446343
-33.88846515247198
15.650156247004926
-33.84203338660083
15.318192844006365
-33.79372241805669
14.988434008036567
-33.74402516333626
14.661108904499734
-33.69344096383034
14.336431111472347
-33.64247554636813
14.014598661553833
-33.59164099827785
13.695794066419154
-33.54145575268416
13.380184328953181
-33.492444579189566
13.067920946028451
-33.4451385797
12.75913990150352
-33.40007518725679
12.45396164793656
-33.35779816953706
12.152491071037595
-33.31885763667299
11.854817426415451
-33.283810058237776
11.561014224592029
-33.2532182931954
11.27113901505728
-33.22765164876455
10.985232951541882
-33.20768599882285
10.703319833209804
-33.19390404528315
10.425403705979008
-33.18689597424148
10.151461663562081
-33.18726142357232
9.881415049563373
-33.19561735634491
9.614927867784473
-33.21265317634851
9.354131446237588
-33.23838579046637
19.028015094634895
-34.14442503687647
9.154846005633296
-33.199816425686635
9.214920628420224
-33.137202225499834
9.278025985581394
-33.08647934013953
9.344452881572764
-33.04813856927683
9.414453774197845
-33.022681024721294
9.488273432370718
-33.010609748023484
9.566156601983536
-33.01242761488069
9.648350562557965
-33.02863663546154
9.73510615201294
-33.059737674752796
9.826678234499362
-33.1062303237652
9.923325937266128
-33.16861283442509
10.025312782008456
-33.247382083717014
10.132906764524847
-33.34303355096898
10.246380408800931
-33.45606130190123
10.366010809617144
-33.58695797641596
10.492079671787444
-33.73621477578891
10.6248733533388
-33.9043214485759
10.764682919755899
-34.09176627227282
10.911804219184617
-34.299036027371415
11.066537994416976
-34.52661595887412
11.229190058646779
-34.77498971482345
11.400071586198194
-35.04463924494274
11.579499619620293
-35.33604462389229
11.767798010039968
-35.649683722987874
11.96529929689693
-35.98603155364816
12.172348842882258
-36.345558823399045
12.389315171341337
-36.728728326768845
12.61662097759148
-37.13598411479023
12.85486717671968
-37.56770817771442
13.105701238176664
-38.023917215961205
18.485072875144105
-29.576815846394027
21.83227600842919
-34.42350979455043
24.702059929511975
-32.425831331247934
27.51198699810068
-30.07851182655287
30.194110143422506
-27.38506919711199
32.67915590227476
-24.36594081496878
34.90191561466527
-21.059026300152766
36.806784120788095
-17.51818897516071
38.35253819827763
-13.80974713864805
39.515537210492326
-10.007428303512256
40.29084675228491
-6.186596016197882
40.691231296959515
-2.4186768740541424
40.74438612095338
1.233410681972373
40.4890564373236
4.718327150480974
39.97076900431439
7.99774515019584
39.237803225395126
11.046316142900906
38.337828022975415
13.850532291738887
37.315407932571944
16.4069080910904
36.21039521195935
18.719871283677463
-17.814719852602323
36.66417950612066
-14.961652767275865
37.91800691960495
-11.833067293611464
39.00775334095266
-8.446556100884777
39.87833988919735
-4.834197393464379
40.47538557993937
-1.0430014515628727
40.74970491004541
2.8663364329892147
40.662149693992575
6.8225432001279245
40.188048056183675
10.748518189802994
39.32042292508075
14.567110188488456
38.07132258065349
18.207029315323425
36.470952630753914
21.607954519933614
34.56475956444979
24.724098624801357
32.40903036924797
27.525865238095747
30.065811899530217
29.999642590548873
27.597966351219924
32.14610369703284
25.06500188277178
33.97755172906153
22.52004175801389
35.51486277434928
20.00801900246202
36.784480494540674
17.56497358467979
37.815768766031496
15.218210634558147
9.09725836903987
-33.273900125203255
-11.439915218320891
32.542908277729225
-35.047552590499066
4.571739941223711
-34.90258036767578
5.4225514076374
-34.72061177926449
6.287548783488091
-34.503332520852936
7.165169201546604
-34.252394429703116
8.053896615563644
-33.9694153437966
8.95226312783555
-33.655979068225946
9.858849320929579
-33.313635363729574
10.772284367667169
-32.94389994374235
11.69124607500234
-32.54825447314834
12.614460903424884
-32.12814656862738
13.54070397631213
-31.684989799942937
14.468799084647145
-31.220163691241478
15.397618689088517
-30.735013723104633
16.326083920710147
-30.230851335391463
17.253164580936925
-29.708953930244057
18.17787914046133
-29.170564876603105
19.099294737735306
-28.616893515824323
20.016527176543065
-28.049115169005717
20.928740922377642
-27.468371147575375
21.83514909765762
-26.875768767814304
22.73501347463818
-26.272381371973076
23.62764446514052
-25.659248359781717
24.512401105256913
-25.037375236551387
25.38869103144262
-24.40773369069188
26.255970443093332
-23.7712617217373
27.113744039430173
-23.128863864641108
27.961564909630084
-22.481411605911667
28.799034328790697
-21.82974421557006
29.62580134999169
-21.17467057705851
30.44156190690103
-20.516973761914016
31.24605657087872
-19.85742475260185
32.03906382152181
-19.196837334290095
32.82037313064262
-18.5364523344826
33.58959654821962
-17.87276473971908
34.34870525041907
-35.153809880962314
3.7367147758298813
-17.01610522070793
35.02955262571123
-16.821804287729936
34.95679659295189
-16.626339987402435
34.87863480989424
-16.42988119948384
34.795603812209066
-16.232670816062683
34.70820330970827
-16.03496751807896
34.61692473655194
-15.837031219952298
34.522258388600676
-15.6391182183382
34.42469580242701
-15.441479251997055
34.3247307063113
-15.244358620854248
34.22285945299498
-15.047993745921957
34.119581235065766
-14.852614933526098
34.015398201318305
-14.658445241284962
33.91081552195149
-14.465700399578244
33.806341428202074
-14.274588763999889
33.70248723558262
-14.08531128749876
33.59976735865729
-13.898061505243854
33.49869931897709
-13.713025529912144
33.399803749236185
-13.53038205621797
33.30360439270959
-13.350302377011936
33.21062809905396
-13.172950415138452
33.12140481333461
-12.998482782157051
33.03646755668083
-12.827048884415348
32.95635238867658
-12.658791123996572
32.881598337463004
-12.493845303159489
32.81274725781114
-12.332341516513523
32.750343517262365
-12.174406384434409
32.69493321179644
-12.020169754999486
32.64706180957796
-11.869791515232876
32.60726472611714
-11.72364927417761
32.57600134750655
-11.579801747795166
32.554546735004834
-17.20955548684772
35.096129693822945
-11.602790441122302
32.40914312604633
-11.769507525149358
32.28649089389708
-11.940143861166696
32.17548965409114
-12.115028231483947
32.07658784927281
-12.294541016984368
31.99021452594161
-12.479085654410213
31.916789368035097
-12.669081499963497
31.856725206276792
-12.864961449208423
31.810428854650127
-13.067170984054684
31.778301446573636
-13.276167737606357
31.760738587791508
-13.492421274637145
31.758130434281753
-13.716412970940425
31.770861736186106
-13.948635940712393
31.799311864363062
-14.18959498832723
31.84385482886657
-14.439806572256323
31.904859294822728
-14.699798772713443
31.982688597001697
-14.970111257845886
32.07770075701623
-15.251295242454042
32.19024850548911
-15.543913431712504
32.32067931326719
-15.848539938435536
32.46933543870642
-16.165760153305087
32.636554001662745
-16.496170530946486
32.82266710658777
-16.840378217241316
33.028002057662434
-17.19900035818884
33.25288175771044
-17.57266271833518
33.49762550571492
-17.961996641961534
33.76255075167123
-18.367631456681323
34.04797748473911
-18.79017168256442
34.35424139528001
-19.230105870317622
34.68174652861461
-19.687168462771723
35.03133385674468
16.511723363436314
-30.7221247048482
16.511723363436314
-30.7221247048482
14.405457799131462
-31.76426829644177
12.178508998263492
-32.68286819405708
9.847093084002301
-33.45923957004831
7.431067956425366
-34.07734120846109
4.953326603255167
-34.524636281536374
2.438957554546608
-34.792778573405315
-0.08576485078240736
-34.878053259912065
-2.594474960456946
-34.78152748932189
-5.061799111464662
-34.50889949804352
-7.464335479205644
-34.0700697191063
-9.781454965821698
-33.47848702618586
-11.995873551822712
-32.75034309041011
-14.09397625480273
-31.903695524812633
-16.0659009397033
-30.957596512108836
-17.905412539490083
-29.931290593650715
-19.609612526112944
-28.8435270275084
-21.178534426745703
-27.71201245572108
-22.614675021539515
-26.55301166498913
-34.84642984235293
1.4873742141328137
-34.86911656322259
-0.7941441376029559
-34.73649320164712
-3.140381324427949
-34.43686890794734
-5.530643238154369
-33.96199112639212
-7.941606483687991
-33.3077034558261
-10.348084137155183
-32.474395075224336
-12.723978124357899
-31.467183458987815
-15.043348030584696
-30.295799635411253
-17.28150685738683
-28.974179203229948
-19.4160473400229
-27.51979664566986
-21.427709802773393
-25.9528088626158
-23.30102287350114
-24.29509139745596
-25.024677596327876
-22.569255294672377
-26.591627822583476
-20.797724557863493
-27.998939408951443
-19.001936853333337
-29.24743323153035
-17.20170777234443
-30.34118001208519
-15.414776027888497
-31.28690836150045
-13.656526916089053
-32.09338292235688
-11.939876325481404
-32.770799626238926
16.152765705463793
-37.42612005469087
3.589333037199404
3.6101444438725054
3.628895527172738
3.6457555287431638
3.6608734717997247
3.6743815478752593
3.589333037199404
3.6964997873966667
3.7051920992362644
3.7125617492920298
3.7186883534392
3.7236450912293653
3.727499619491357
3.7303148624343136
3.7321497002446735
3.733059573851019
3.733097020187008
3.7323121495923526
3.7307530748776934
3.728466299802549
3.725497073332743
3.7218897148801604
3.7176879147107575
3.7129350128741527
3.7076742593002217
3.7019490570104
3.695803189864807
3.6892810356784174
3.682427765027712
3.6752895256518947
3.6679136114979265
3.686397697111018
3.652479247933575
3.6445215733192278
3.6365288248463457
3.628555948999004
3.620659648483433
3.612898392873726
3.6053323947583067
3.598023547815715
3.59103532323998
3.5844326212258797
3.5782815745183334
3.5726493016730947
3.567603608413452
3.5632126365864036
3.559544461387791
3.5566666390763806
3.5546457090507477
3.5535459089267767
3.5533868271856264
3.55412090597116
3.5556928756939077
3.558045630316829
3.5611206719940047
3.5648587780470598
3.6603486167386934
3.5739514896850255
3.579182326014529
3.5848326465728078
3.5908436156327563
3.597157304407864
3.6037168634827177
3.6104666564300656
3.6173523573124275
3.6243210143780202
3.6313210825564557
3.6383024272408035
3.645216301936367
3.6520153022244184
3.6586532983206
3.6650853483083754
3.6712675938620234
3.6771571399976977
3.6827119201160374
3.687890547166851
3.692652151591256
3.696956206158941
3.7007623375846688
3.704030124346252
3.706718879681882
3.708787418372745
3.7101938052958254
3.7108950832956795
3.71084697713738
3.710003569679898
3.7083169454293508
3.7057367956607785
3.7022099778993
3.6976800211525997
3.692086566181493
3.6853647278263115
3.677444363293754
3.668249226488834
3.657695983513331
3.6456930580714495
3.632139266859663
3.616922192740335
3.5999162138916976
3.581032222570896
3.581032222570896
3.5810322225708964
3.581032222570896
3.581032222570896
3.5810322225708964
3.581032222570896
3.581032222570896
3.5810322225708955
3.5810322225708955
3.581032222570896
3.581032222570896
3.581032222570896
3.581032222570896
3.5810322225708964
3.5810322225708955
3.581032222570896
3.5810322225708955
3.581032222570896
3.581032222570896
3.581032222570896
3.581032222570896
3.581032222570896
3.5810322225708955
3.5810322225708955
3.581032222570896
3.581032222570897
3.5810322225708955
3.5810322225708955
3.5810322225708955
3.581032222570896
3.5810322225708955
3.5810322225708955
3.581032222570896
3.5810322225708955
3.5810322225708964
3.581032222570897
3.5810322225708964
3.581032222570897
3.5810322225708955
3.589333037199404
3.609302993132643
3.627548715440272
3.6442403046965177
3.6595272086533837
3.673540948307679
3.589333037199404
3.69594680066902
3.7041315066372342
3.7110391130112683
3.716749401393892
3.721335701044185
3.724865802284383
3.727402746451232
3.729005514364131
3.729729630980292
3.7296277005663216
3.728749884026033
3.727144327910352
3.7248575528585683
3.7219348078373846
3.718420395380644
3.71435797201566
3.7097908272294258
3.7047621436200595
3.6993152401810785
3.6934938001395325
3.687342084181265
3.6809051293857915
3.6742289337861807
3.6673606252746342
3.6863976971110177
3.6358900964832745
3.6122219766227923
3.589501709647647
3.5678894183772476
3.5475460864722113
3.5286314655282682
3.5113017539488607
3.49570712767549
3.4819892254273794
3.470278708142184
3.4606930202694186
3.4533344772850882
3.4482887878803914
3.4456240917040692
3.445390556593891
3.4476205374976603
3.4523292576421496
3.459515189133275
3.469119747850874
3.481007087310148
3.495025939626766
3.51101788098368
3.528819954005803
3.5482697998958836
3.6603486167386934
3.5739563583349265
3.5791918423692146
3.5848465863924392
3.5908617538150884
3.597179415411982
3.6037427214616478
3.6104960352898856
3.61738503074654
3.624356755891266
3.631359665484434
3.6383436247666534
3.6452598871060893
3.6520610479612734
3.658700977438906
3.665134733526893
3.671318457817067
3.6772092552560633
3.6827650591878314
3.6879444825182848
3.692706655657475
3.697011051356938
3.700817296326345
3.704084969051691
3.706773382792885
3.7088413523667034
3.7102469426999996
3.7109471967019645
3.7108978392176555
3.7100529532020787
3.7083646232743073
3.7057825408403406
3.7022535635756877
3.697721220659813
3.6921251530495978
3.685400475810301
3.6774770464103335
3.668278619068273
3.657721860283421
3.6457151943198896
3.632157438827138
3.616936178913066
3.599925802248598
3.599925802248598
3.565825474205623
3.565825474205623
3.565825474205623
3.5658254742056226
3.565825474205623
3.565825474205623
3.565825474205623
3.565825474205623
3.565825474205623
3.565825474205623
3.565825474205623
3.565825474205623
3.565825474205623
3.565825474205623
3.565825474205623
3.5658254742056235
3.565825474205623
3.565825474205623
3.565825474205623
3.5658254742056226
3.565825474205623
3.565825474205623
3.5658254742056226
3.565825474205623
3.565825474205623
3.565825474205623
3.565825474205623
3.565825474205623
3.565825474205623
3.5658254742056226
3.5658254742056235
3.565825474205623
3.5658254742056226
3.565825474205623
3.5658254742056235
3.565825474205623
3.565825474205623
3.565825474205623
3.565825474205623
3.5243252685265665
3.520930737009597
3.519160526810921
3.5189542986593643
3.52024412214597
3.5229555110351867
3.52700850486989
3.5323187648642045
3.538798654682336
3.5463582803019764
3.5549064675926307
3.564351660800424
3.57460273005477
3.585569680402221
3.5971642590335744
3.609300460899681
3.6218949357903827
3.6348673022341393
3.64814037519618
3.661640315634699
3.675296710716059
3.689042595156491
3.702814380425919
3.5293959135936572
3.7298292859197444
3.7429918005297367
3.7559885496656418
3.7687713090227972
3.7812943616282957
3.793514294278541
3.8053897814683606
3.8168813631925858
3.827951219119129
3.838562940538103
3.8486813008674376
3.858272024908012
3.8673015567256788
3.8757368255304123
3.883545008618824
3.8906932900371523
3.8971486133111375
3.902877426073835
3.90784541413761
3.9120172218093243
3.91535615435112
3.9178238551513673
3.9193799227269372
3.9199952789685444
3.716551889519205
3.9181207047175546
3.915679715828448
3.91240864026107
3.9083421974460095
3.903513769741343
3.897955669033833
3.891699387224144
3.8847758334979683
3.8772155610242374
3.8690489852826992
3.8603065959286624
3.8510191637964133
3.8412179442346153
3.8309348778280587
3.820202789128912
3.8090555837995628
3.7975284442263324
3.785658023330201
3.773482635936137
3.761042446665395
3.7483796529090774
3.7355386610143757
3.722566254270541
3.7095117228904226
3.919695266074381
3.683318150607588
3.670295192186075
3.6574188007056057
3.6447525341105234
3.632362901487692
3.6203192990040227
3.608693889030204
3.597561416384123
3.586998955502456
3.5770855830852484
3.567901971817878
3.5595299024080003
3.552051693245703
3.545549549548741
3.540104836828041
3.5357972867640464
3.5327041471738476
3.5308992913241504
3.5304523051608645
3.5314275741197925
3.5338833933266955
3.5378711261376896
3.543434434024814
3.5506085783680112
3.5361846604852762
3.5594681603277216
3.559468160327722
3.559468160327722
3.5594681603277225
3.5594681603277216
3.5594681603277225
3.5594681603277225
3.5594681603277225
3.5594681603277216
3.5594681603277225
3.559468160327722
3.5594681603277216
3.5594681603277216
3.5594681603277216
3.5594681603277216
3.5594681603277225
3.5594681603277216
3.5594681603277225
3.5594681603277216
3.5594681603277225
3.5594681603277225
3.5594681603277225
3.5594681603277225
3.5594681603277216
3.5594681603277216
3.5594681603277225
3.5594681603277225
3.559468160327722
3.559468160327721
3.5594681603277225
3.5594681603277225
3.5594681603277225
3.5594681603277225
3.5594681603277216
3.5594681603277225
3.559468160327722
3.5594681603277216
3.559468160327722
3.696427077481337
3.6964270774813377
3.518667466243954
3.5100505981961847
3.503507946733454
3.4989926763326995
3.4964493125303338
3.495814663169184
3.4970187936040027
3.499986025600762
3.504635932375663
3.5108843056940753
3.5186440751679853
3.5278261641781907
3.5383402714503043
3.550095571346068
3.563001329708704
3.576967435228121
3.5919048487448966
3.6077259746980843
3.624344959756389
3.641677922614963
3.6596431092077264
3.6781608665472003
3.6971566884116975
3.5293959135936572
3.7260220956586134
3.7356638919545544
3.7454341232258765
3.755291670492498
3.765197342587243
3.7751136423109566
3.785004513612955
3.794835084150803
3.8045714077218986
3.8141802088377394
3.823628630759792
3.8328839875776315
3.8419135204884824
3.8506841578353357
3.859162278063814
3.867313474255893
3.8751023184950495
3.8824921237093517
3.8894447002578953
3.8959201036595568
3.9018763687266436
3.907269221020667
3.912051719477464
3.916187946313935
3.716551889519205
3.9179076265296175
3.9152712074125096
3.911822394759419
3.907595931800058
3.902625219580856
3.896942585866056
3.890579536191869
3.883566991323878
3.8759355140274208
3.867715527426305
3.858937526881957
3.8496322870037725
3.839831064987929
3.829565801340712
3.818869318610157
3.8077755185279893
3.7963195776201712
3.784538141009372
3.77246951376339
3.7601538487308477
3.747633329337687
3.7349523450507713
3.7221576542445822
3.709298612447748
3.919695266074382
3.683332485034356
3.6703227340016933
3.657458408554711
3.6448030634000266
3.632423206272656
3.620388232555241
3.608770304072077
3.597644165223036
3.5870868901119914
3.5771775551726153
3.567996832882109
3.5596265037953208
3.5521488862056394
3.545646185294217
3.540199766603601
3.5358893619287186
3.5327922193103087
3.5309822123971584
3.530528927774361
3.5314967519907374
3.533943982299069
3.537921986808963
3.543474440768385
3.550636672265877
3.5361846604852767
3.5361846604852767
3.5361846604852767
3.5361846604852767
3.5361846604852762
3.5361846604852762
3.5361846604852767
3.5361846604852767
3.5361846604852767
3.5361846604852762
3.5361846604852762
3.5361846604852762
3.5361846604852767
3.5361846604852767
3.5361846604852767
3.5361846604852767
3.5361846604852767
3.536184660485277
3.5361846604852767
3.536184660485277
3.5361846604852767
3.5361846604852767
3.5361846604852767
3.5361846604852767
3.5361846604852767
3.5361846604852762
3.5361846604852767
3.5361846604852767
3.5361846604852762
3.5361846604852762
3.5361846604852762
3.5361846604852767
3.5361846604852767
3.5361846604852767
3.5361846604852767
3.5361846604852762
3.5361846604852767
3.5361846604852762
3.5361846604852762
3.5361846604852762
3.559468160327722
3.5777490292945457
3.5892864341125437
3.6000065609780334
3.6099496643394593
3.619153019848254
3.627651234004336
3.6354765167272163
3.6426589221196837
3.6492265619806634
3.6552057957593873
3.660621400166969
3.665496721135433
3.6698538103933656
3.6737135486397046
3.6770957569940186
3.68001929814156
3.682502168453977
3.6845615821376323
3.686214048344194
3.687475442078618
3.6883610695874123
3.6888857288577936
3.6890637657679846
3.6889091263463127
3.68843540559008
3.687655893155569
3.6865836162708643
3.6852313801266683
3.6836118059718572
3.681737367074885
3.6796204226051943
3.677273249050028
3.6747080667835434
3.671937039090825
3.66897290400711
3.5653507600010754
3.6614486527374313
3.656958967973977
3.6523709486701987
3.647697522735921
3.642951734378878
3.638146774708859
3.633296002495233
3.6284129616986207
3.6235113970300037
3.6186052678612293
3.6137087604603635
3.6088362985497398
3.6040025520327497
3.5992224438429163
3.5945111547160797
3.5898841258030076
3.585357058930247
3.5809459144018283
3.576666906144791
3.572536494089099
3.5685713735841005
3.564788461763827
3.5612048806493983
3.5578379369260302
3.5547050982223696
3.5518239657402617
3.549212243011992
3.546887699950204
3.54486812849728
3.5431712563125926
3.5418155806005727
3.6658270911189645
3.5391872381112157
3.5378997546730453
3.5369724063398067
3.5364222129036347
3.5362658250889645
3.5365194592544067
3.537198832561298
3.538319097937742
3.539894779241246
3.5419397070907164
3.5444669560342774
3.547488783690712
3.551016572479281
3.555060774611645
3.5596308610075464
3.564735274689215
3.570381389268868
3.5765754730335635
3.5833226590886227
3.5906269219643883
3.5984910609704013
3.6069166905480325
3.61590423775161
3.625452946881242
3.6355608911931787
3.6462249914874962
3.6574410411603453
3.669203736611931
3.6815067091441978
3.694342526641975
3.5518608082921475
3.707776050964259
3.707776050964259
3.707776050964259
3.707776050964259
3.7077760509642586
3.7077760509642586
3.7077760509642586
3.7077760509642594
3.707776050964259
3.7077760509642594
3.707776050964259
3.707776050964259
3.707776050964259
3.7077760509642586
3.707776050964259
3.7077760509642586
3.7077760509642586
3.7077760509642586
3.707776050964259
3.707776050964259
3.7077760509642586
3.707776050964259
3.707776050964259
3.707776050964259
3.707776050964259
3.7077760509642586
3.707776050964259
3.7077760509642586
3.707776050964259
3.707776050964259
3.707776050964259
3.7077760509642586
3.7077760509642586
3.707776050964259
3.707776050964259
3.707776050964259
3.707776050964259
3.707776050964259
3.5408175435405576
3.5408175435405576
3.565142020145438
3.56448615991931
3.5634671517801224
3.562166503078131
3.560663291024777
3.5590341120542672
3.5573529495856837
3.5556909690383374
3.5541162508014525
3.552693473281973
3.551483559848524
3.550543304910199
3.549924995517824
3.549676045623711
3.5498386601951153
3.55044954570219
3.5515396821221015
3.5531341693173943
3.5552521577455964
3.557906869995911
3.5611057157637225
3.5648504989609457
3.569137711838265
3.5739589075539184
3.5793011398384653
3.5851474562200507
3.5914774300921346
3.5982677164353625
3.605492616438596
3.613124637509973
3.6211350375250033
3.629494347238994
3.638172884623222
3.6471414536061157
3.656366558137083
3.565350760001075
3.662118867651395
3.658257718734051
3.654256109714229
3.6501266857392674
3.6458822497517125
3.6415357758625913
3.637100425981514
3.632589566117013
3.6280167815589164
3.6233958907096855
3.618740957352255
3.6140663012805034
3.609386507107547
3.6047164311909112
3.600071206468126
3.5954662451162744
3.5909172388412918
3.5864401566887913
3.582051240179225
3.577766995658721
3.573604183669584
3.569579805256572
3.565711085005037
3.5620154507651853
3.5585105099291092
3.555214022209638
3.5521438690002816
3.5493180195886684
3.546754496064273
3.5444713531541105
3.54248621590514
3.665827091118965
3.5387394503997256
3.5370324978703023
3.5357141683188584
3.5348015854605324
3.534311487771915
3.5342601701677654
3.5346634208762686
3.5355364569426166
3.536893859584212
3.5387495100920145
3.5411165270191254
3.5440072053232243
3.547432958090033
3.551404261517442
3.555930603825117
3.5610204386464157
3.566681143518398
3.572918983975616
3.579739083710662
3.587145401209048
3.5951407131472592
3.603726604813921
3.6129034677018055
3.6226705043317713
3.63302574032274
3.6439660437370316
3.655487151976449
3.6675837076413775
3.6802493120745545
3.6934766778084134
3.551860808292147
3.551860808292147
3.5518608082921475
3.551860808292147
3.551860808292147
3.551860808292147
3.5518608082921475
3.5518608082921466
3.551860808292147
3.551860808292147
3.551860808292147
3.551860808292147
3.551860808292147
3.551860808292147
3.551860808292147
3.551860808292147
3.551860808292147
3.5518608082921475
3.5518608082921475
3.551860808292147
3.551860808292147
3.5518608082921475
3.551860808292147
3.5518608082921475
3.551860808292147
3.551860808292147
3.551860808292147
3.551860808292147
3.551860808292147
3.5518608082921475
3.551860808292147
3.551860808292147
3.551860808292147
3.551860808292147
3.551860808292147
3.5518608082921475
3.551860808292147
3.551860808292147
3.551860808292147
3.551860808292147
3.7077760509642586
19.963549052314907
0.0
0.0
0.0
0.0
0.0
19.963549052314907
0.0
0.0
0.0
0.0
0.0
0.0
0.0
0.0
0.0
0.0
0.0
0.0
0.0
0.0
0.0
0.0
0.0
0.0
0.0
0.0
0.0
0.0
0.0
0.0
0.0
0.0
0.0
0.0
0.0
0.0
0.0
0.0
0.0
0.0
0.0
0.0
0.0
0.0
0.0
0.0
0.0
0.0
0.0
0.0
0.0
0.0
0.0
0.0
0.0
0.0
0.0
0.0
0.0
0.0
0.0
0.0
0.0
0.0
0.0
0.0
0.0
0.0
0.0
0.0
0.0
0.0
0.0
0.0
0.0
0.0
0.0
0.0
0.0
0.0
0.0
0.0
0.0
0.0
0.0
0.0
0.0
0.0
0.0
0.0
0.0
0.0
0.0
0.0
0.0
0.0
0.0
0.0
0.0
0.0
0.0
0.0
0.0
0.0
0.0
0.0
0.0
0.0
0.0
0.0
0.0
0.0
0.0
0.0
0.0
0.0
0.0
0.0
28.579669779818694
31.80418274098622
35.18992135021217
38.74494688989937
42.4777237065711
46.397139364076075
54.83368156685595
64.13496934542074
74.38963912128845
0.0
0.0
0.0
0.0
0.0
0.0
0.0
0.0
0.0
0.0
0.0
28.81789167082462
39.85592652540346
40.58980137224244
49.42448196764131
38.063457548052256
46.59477992931657
28.81789167082462
43.46321388694377
39.79968510774612
48.375170741145325
48.65219711411693
44.5808245134063
40.633518143151925
49.1732764484852
49.25215299165981
44.95660777363376
44.95202556152994
44.91258324406468
49.160570803892796
49.04828007779638
48.9051337534063
48.73356260462704
57.71673064688496
48.314822377153554
52.508114877305566
47.81133800108988
51.919756540846734
47.24229878821376
46.93917887769219
46.626847491025515
46.30769718354602
47.197704832361346
40.92979239795604
39.97243527775226
39.074490278705156
41.92309994055912
37.469010638341985
36.76695895624306
36.13528731406416
35.57614217446928
35.09144425398301
31.500587671585304
31.200075479448497
30.97133102803095
30.815452898235435
27.77648176576294
24.954494648806513
25.010204788524074
25.128248543026114
25.30946875374352
22.807907451727182
20.434313579080435
20.722796579051092
21.056858355419482
21.43507057794389
19.16038422820903
41.94321747287382
19.65892403225786
19.762117914406737
17.211231270114265
19.99409100050308
20.120806753539803
17.539549221933548
17.65840016940352
17.780468790266262
17.90486244696335
18.030688640469155
18.157054990854178
18.283069217888247
18.407839121714648
18.5304725634591
21.535651252601866
18.765761693909873
21.797260164437127
21.91869849958123
22.032519226376913
22.13769212463923
22.233186887597654
22.31797309952713
22.391020213542667
22.451297528840534
25.66298781565562
25.699084826114262
25.717087015427516
25.71581771603362
25.694099957073625
25.650756438524457
25.584609506073708
25.494481124841702
25.379192854265412
25.2375658219831
25.068420698119795
24.870577669245105
27.834219057527694
27.541925471964845
27.21321607368948
26.846755747066336
29.624436392158806
29.124775330230165
29.124775330230165
0.0
0.0
0.0
0.0
0.0
0.0
0.0
0.0
0.0
0.0
0.0
0.0
0.0
0.0
0.0
0.0
84.4021222666018
78.69875276556809
73.26697228839313
68.09384802441693
45.696927209257815
54.00614756685507
49.750205432476
38.1602194019133
38.16021940191334
41.83666223476427
41.836662234764276
45.696927209257844
45.696927209257815
49.750205432476015
49.75020543247604
49.75020543247606
49.750205432476044
54.00614756685509
58.47488680795324
63.16706301110626
68.09384802441697
73.26697228839305
78.69875276556805
1.0450433038494822
0.0
0.0
0.0
0.0
0.0
1.0
0.0
0.0
0.0
0.0
0.0
0.0
0.0
0.0
0.0
0.0
0.0
0.0
0.0
0.0
0.0
0.0
0.0
0.0
0.0
0.0
0.0
0.0
0.0
0.0
0.0
0.0
0.0
0.0
0.0
0.0
0.0
0.0
0.0
0.0
0.0
0.0
0.0
0.0
0.0
0.0
0.0
0.0
0.0
0.0
0.0
0.0
0.0
0.0
0.0
0.0
0.0
0.0
0.0
0.0
0.0
0.0
0.0
0.0
0.0
0.0
0.0
0.0
0.0
0.0
0.0
0.0
0.0
0.0
0.0
0.0
0.0
0.0
0.0
0.0
0.0
0.0
0.0
0.0
0.0
0.0
0.0
0.0
0.0
0.0
0.0
0.0
0.0
0.0
0.0
0.0
0.0
0.0
0.0
0.0
0.0
0.0
0.0
0.0
0.0
0.0
0.0
0.0
0.0
0.0
0.0
0.0
0.0
0.0
0.0
0.0
0.0
0.0
1.8314292091832123
1.835028405976524
1.838627602769836
1.84266191270059
1.8466962226313441
1.8507305325620984
1.8547648424928522
1.8587991524236065
1.8668677722851146
0.0
0.0
0.0
0.0
0.0
0.0
0.0
0.0
0.0
0.0
0.0
1.0487969125036058
1.8321611130015616
1.8321611130015616
1.83646467420665
1.8321611130015616
1.83646467420665
1.0037536086541234
1.83646467420665
1.83646467420665
1.8407682354117378
1.8407682354117378
1.8407682354117378
1.8407682354117378
1.8450717966168262
1.8450717966168262
1.8450717966168262
1.8450717966168262
1.8450717966168262
1.8493753578219143
1.8493753578219143
1.8493753578219143
1.8493753578219143
1.8536789190270024
1.7126557150039217
1.8536789190270024
1.7090565182106097
1.7126557150039217
1.705457321417298
1.705457321417298
1.705457321417298
1.705457321417298
1.83646467420665
1.6982589278306741
1.6946597310373623
1.6910605342440506
1.6874613374507388
1.1655630524923446
1.0143967871732473
1.0287935743464947
1.0503887551063658
0.9280160641337631
0.9280160641337631
0.9280160641337631
0.9280160641337631
0.9280160641337631
1.158364658905721
1.1727614460789684
1.1871582332522157
1.201555020425463
1.2087534140120868
1.2231502011853341
1.2375469883585815
1.2519437755318288
1.2663405627050761
1.2735389562916999
1.2879357434649472
1.7018581246239861
1.3095309242248183
1.3167293178114419
1.3239277113980656
1.3311261049846892
1.338324498571313
1.3527212857445603
1.3594701484802245
1.365769480364929
1.3783681441343383
1.3846674760190427
1.397266139788452
1.4035654716731565
1.4161641354425658
1.4224634673272702
1.428762799211975
1.441361462981384
1.4476607948660887
1.4539601267507933
1.4665587905202024
1.4859063170252758
1.4859063170252758
1.5003031041985229
1.5146998913717704
1.521898284958394
1.5290966785450177
1.5362950721316415
1.5506918593048888
1.5578902528915126
1.2843365466716354
1.2843365466716354
1.2843365466716354
0.9280160641337631
1.6082790079978784
0.9280160641337631
0.9280160641337631
0.9280160641337631
1.6442709759309966
1.6514693695176204
1.658667763104244
1.6658661566908677
1.680262943864115
1.6730645502774912
1.6730645502774912
0.0
0.0
0.0
0.0
0.0
0.0
0.0
0.0
0.0
0.0
0.0
0.0
0.0
0.0
0.0
0.0
1.7177310369707022
1.7149072801802978
1.7120835233898934
1.709259766599489
1.8278575517964735
1.825033795006069
0.9294060802398902
1.6979647394378716
1.6640796579530188
1.635842090048975
1.6019570085641224
1.5737194406600783
1.5281491014992086
1.3937722478510064
1.2654331382980126
1.5147114161343884
1.1468353531010282
1.101655244454558
1.0451801086464703
1.0
1.709259766599489
1.7120835233898934
1.7149072801802978
