19.963549052314907
0.0
0.0
0.0
0.0
0.0
19.963549052314907
0.0
0.0
0.0
0.0
0.0
0.0
0.0
0.0
0.0
0.0
0.0
0.0
0.0
0.0
0.0
0.0
0.0
0.0
0.0
0.0
0.0
0.0
0.0
0.0
0.0
0.0
0.0
0.0
0.0
0.0
0.0
0.0
0.0
0.0
0.0
0.0
0.0
0.0
0.0
0.0
0.0
0.0
0.0
0.0
0.0
0.0
0.0
0.0
0.0
0.0
0.0
0.0
0.0
0.0
0.0
0.0
0.0
0.0
0.0
0.0
0.0
0.0
0.0
0.0
0.0
0.0
0.0
0.0
0.0
0.0
0.0
0.0
0.0
0.0
0.0
0.0
0.0
0.0
0.0
0.0
0.0
0.0
0.0
0.0
0.0
0.0
0.0
0.0
0.0
0.0
0.0
0.0
0.0
0.0
0.0
0.0
0.0
0.0
0.0
0.0
0.0
0.0
0.0
0.0
0.0
0.0
0.0
0.0
0.0
0.0
0.0
0.0
28.579669779818694
31.80418274098622
35.18992135021217
38.74494688989937
42.4777237065711
46.397139364076075
54.83368156685595
64.13496934542074
74.38963912128845
0.0
0.0
0.0
0.0
0.0
0.0
0.0
0.0
0.0
0.0
0.0
28.81789167082462
39.85592652540346
40.58980137224244
49.42448196764131
38.063457548052256
46.59477992931657
28.81789167082462
43.46321388694377
39.79968510774612
48.375170741145325
48.65219711411693
44.5808245134063
40.633518143151925
49.1732764484852
49.25215299165981
44.95660777363376
44.95202556152994
44.91258324406468
49.160570803892796
49.04828007779638
48.9051337534063
48.73356260462704
57.71673064688496
48.314822377153554
52.508114877305566
47.81133800108988
51.919756540846734
47.24229878821376
46.93917887769219
46.626847491025515
46.30769718354602
47.197704832361346
40.92979239795604
39.97243527775226
39.074490278705156
41.92309994055912
37.469010638341985
36.76695895624306
36.13528731406416
35.57614217446928
35.09144425398301
31.500587671585304
31.200075479448497
30.97133102803095
30.815452898235435
27.77648176576294
24.954494648806513
25.010204788524074
25.128248543026114
25.30946875374352
22.807907451727182
20.434313579080435
20.722796579051092
21.056858355419482
21.43507057794389
19.16038422820903
41.94321747287382
19.65892403225786
19.762117914406737
17.211231270114265
19.99409100050308
20.120806753539803
17.539549221933548
17.65840016940352
17.780468790266262
17.90486244696335
18.030688640469155
18.157054990854178
18.283069217888247
18.407839121714648
18.5304725634591
21.535651252601866
18.765761693909873
21.797260164437127
21.91869849958123
22.032519226376913
22.13769212463923
22.233186887597654
22.31797309952713
22.391020213542667
22.451297528840534
25.66298781565562
25.699084826114262
25.717087015427516
25.71581771603362
25.694099957073625
25.650756438524457
25.584609506073708
25.494481124841702
25.379192854265412
25.2375658219831
25.068420698119795
24.870577669245105
27.834219057527694
27.541925471964845
27.21321607368948
26.846755747066336
29.624436392158806
29.124775330230165
29.124775330230165
0.0
0.0
0.0
0.0
0.0
0.0
0.0
0.0
0.0
0.0
0.0
0.0
0.0
0.0
0.0
0.0
84.4021222666018
78.69875276556809
73.26697228839313
68.09384802441693
45.696927209257815
54.00614756685507
49.750205432476
38.1602194019133
38.16021940191334
41.83666223476427
41.836662234764276
45.696927209257844
45.696927209257815
49.750205432476015
49.75020543247604
49.75020543247606
49.750205432476044
54.00614756685509
58.47488680795324
63.16706301110626
68.09384802441697
73.26697228839305
78.69875276556805
