1.0450433038494822
0.0
0.0
0.0
0.0
0.0
1.0
0.0
0.0
0.0
0.0
0.0
0.0
0.0
0.0
0.0
0.0
0.0
0.0
0.0
0.0
0.0
0.0
0.0
0.0
0.0
0.0
0.0
0.0
0.0
0.0
0.0
0.0
0.0
0.0
0.0
0.0
0.0
0.0
0.0
0.0
0.0
0.0
0.0
0.0
0.0
0.0
0.0
0.0
0.0
0.0
0.0
0.0
0.0
0.0
0.0
0.0
0.0
0.0
0.0
0.0
0.0
0.0
0.0
0.0
0.0
0.0
0.0
0.0
0.0
0.0
0.0
0.0
0.0
0.0
0.0
0.0
0.0
0.0
0.0
0.0
0.0
0.0
0.0
0.0
0.0
0.0
0.0
0.0
0.0
0.0
0.0
0.0
0.0
0.0
0.0
0.0
0.0
0.0
0.0
0.0
0.0
0.0
0.0
0.0
0.0
0.0
0.0
0.0
0.0
0.0
0.0
0.0
0.0
0.0
0.0
0.0
0.0
0.0
1.8314292091832123
1.835028405976524
1.838627602769836
1.84266191270059
1.8466962226313441
1.8507305325620984
1.8547648424928522
1.8587991524236065
1.8668677722851146
0.0
0.0
0.0
0.0
0.0
0.0
0.0
0.0
0.0
0.0
0.0
1.0487969125036058
1.8321611130015616
1.8321611130015616
1.83646467420665
1.8321611130015616
1.83646467420665
1.0037536086541234
1.83646467420665
1.83646467420665
1.8407682354117378
1.8407682354117378
1.8407682354117378
1.8407682354117378
1.8450717966168262
1.8450717966168262
1.8450717966168262
1.8450717966168262
1.8450717966168262
1.8493753578219143
1.8493753578219143
1.8493753578219143
1.8493753578219143
1.8536789190270024
1.7126557150039217
1.8536789190270024
1.7090565182106097
1.7126557150039217
1.705457321417298
1.705457321417298
1.705457321417298
1.705457321417298
1.83646467420665
1.6982589278306741
1.6946597310373623
1.6910605342440506
1.6874613374507388
1.1655630524923446
1.0143967871732473
1.0287935743464947
1.0503887551063658
0.9280160641337631
0.9280160641337631
0.9280160641337631
0.9280160641337631
0.9280160641337631
1.158364658905721
1.1727614460789684
1.1871582332522157
1.201555020425463
1.2087534140120868
1.2231502011853341
1.2375469883585815
1.2519437755318288
1.2663405627050761
1.2735389562916999
1.2879357434649472
1.7018581246239861
1.3095309242248183
1.3167293178114419
1.3239277113980656
1.3311261049846892
1.338324498571313
1.3527212857445603
1.3594701484802245
1.365769480364929
1.3783681441343383
1.3846674760190427
1.397266139788452
1.4035654716731565
1.4161641354425658
1.4224634673272702
1.428762799211975
1.441361462981384
1.4476607948660887
1.4539601267507933
1.4665587905202024
1.4859063170252758
1.4859063170252758
1.5003031041985229
1.5146998913717704
1.521898284958394
1.5290966785450177
1.5362950721316415
1.5506918593048888
1.5578902528915126
1.2843365466716354
1.2843365466716354
1.2843365466716354
0.9280160641337631
1.6082790079978784
0.9280160641337631
0.9280160641337631
0.9280160641337631
1.6442709759309966
1.6514693695176204
1.658667763104244
1.6658661566908677
1.680262943864115
1.6730645502774912
1.6730645502774912
0.0
0.0
0.0
0.0
0.0
0.0
0.0
0.0
0.0
0.0
0.0
0.0
0.0
0.0
0.0
0.0
1.7177310369707022
1.7149072801802978
1.7120835233898934
1.709259766599489
1.8278575517964735
1.825033795006069
0.9294060802398902
1.6979647394378716
1.6640796579530188
1.635842090048975
1.6019570085641224
1.5737194406600783
1.5281491014992086
1.3937722478510064
1.2654331382980126
1.5147114161343884
1.1468353531010282
1.101655244454558
1.0451801086464703
1.0
1.709259766599489
1.7120835233898934
1.7149072801802978
