200.646586569 15.127401435
202.754123136 215.329389795
204.859678259 215.503067447
206.963214793 215.648849121
209.06469559 215.767149544
211.164083505 215.858383444
213.261341391 215.92296555
215.356432102 215.961310589
217.449318491 215.97383329
219.539963412 215.960948382
221.628329719 215.923070592
223.714380265 215.860614648
225.798077904 215.773995279
227.87938549 215.663627213
229.958265877 215.529925178
232.034681917 215.373303902
234.108596465 215.194178114
236.179972374 214.992962541
238.248772498 214.770071913
240.314959691 214.525920956
242.378496806 214.2609244
244.439346696 213.975496972
246.497472217 213.6700534
248.55283622 213.345008414
250.605401561 213.00077674
252.655131092 212.637773108
254.701987667 212.256412245
256.745934139 211.85710888
258.786933364 211.44027774
260.824948193 211.006333554
262.859941481 210.555691051
264.891876082 210.088764958
266.920714848 209.605970003
268.946420634 209.107720916
270.968956294 208.594432423
272.988284681 208.066519253
275.004368648 207.524396135
277.017171049 206.968477796
279.026654739 206.399178964
281.03278257 205.816914369
283.035517397 205.222098738
285.034822072 204.615146799
287.03065945 203.99647328
289.022992384 203.36649291
291.011783728 202.725620417
292.996996336 202.07427053
294.978593061 201.412857975
296.956536756 200.741797481
298.930790277 200.061503777
300.901348064 199.372373744
302.868318819 198.674739703
304.831837075 197.968919383
306.792037367 197.255230513
308.749054226 196.533990819
310.703022186 195.80551803
312.65407578 195.070129873
314.602349542 194.328144077
316.547978005 193.57987837
318.491095701 192.82565048
320.431837163 192.065778134
322.370336926 191.300579061
324.306729522 190.530370988
326.241149484 189.755471644
328.173731346 188.976198756
330.10460964 188.192870052
332.0339189 187.405803261
333.96179366 186.61531611
335.888368451 185.821726328
337.813777807 185.025351641
339.738156262 184.226509779
341.661638348 183.425518469
343.584358599 182.622695439
345.506451548 181.818358417
347.428051728 181.012825132
349.349293672 180.20641331
351.270311913 179.39944068
353.191240985 178.59222497
355.11221542 177.785083908
357.033369753 176.978335222
358.954838515 176.172296639
360.87675624 175.367285888
362.799257462 174.563620697
364.722476713 173.761618794
366.646548527 172.961597906
368.571607436 172.163875762
370.497787974 171.368770089
372.425224675 170.576598616
374.35405207 169.787679071
376.284404694 169.002329181
378.216417079 168.220866674
380.150223759 167.443609278
382.085959267 166.670874722
384.023758136 165.902980733
385.963754899 165.14024504
387.90608409 164.382985369
389.850880241 163.63151945
391.798277885 162.886165009
393.748411556 162.147239776
395.701415787 161.415061478
397.657425112 160.689947843
399.61657406 159.972216599
