134.842615125 7.2000834299
137.213563668 57.4492515558
139.58938833 57.7447152444
141.969942077 58.084262434
144.355077875 58.4656810628
146.744648689 58.8867590689
149.138507484 59.3452843906
151.536507228 59.8390449661
153.938500884 60.3658287336
156.34434142 60.9234236313
158.753881799 61.5096175974
161.166974989 62.1221985701
163.583473955 62.7589544876
166.003231663 63.4176732881
168.426101077 64.0961429098
170.851935164 64.7921512909
173.28058689 65.5034863697
175.71190922 66.2279360843
178.145755119 66.9632883729
180.581977554 67.7073311737
183.02042949 68.457852425
185.460963893 69.2126400649
187.903433728 69.9694820317
190.347691961 70.7261662635
192.793591557 71.4804806986
195.240985483 72.2302132751
197.689726704 72.9731519313
200.139668186 73.7070846053
202.590662894 74.4297992355
205.042563794 75.1390837599
207.495223851 75.8327261168
209.948496032 76.5085142443
212.402233302 77.1642360808
214.856288626 77.7976795643
217.310514971 78.4066326332
219.764765301 78.9888832255
222.218892583 79.5422192796
224.672749782 80.0644287335
227.126189864 80.5532995256
229.579065795 81.0066195939
232.031230539 81.4221768768
234.482537064 81.7977593125
236.932838334 82.131154839
239.381987315 82.4201513947
241.829836972 82.6625369177
244.276240273 82.8560993463
246.721050181 82.9986266186
249.164119663 83.0879066729
251.605301684 83.1217274473
254.044449211 83.0978768801
256.481416727 83.0141856966
258.91612206 82.870269326
261.348567904 82.6681343456
263.778762894 82.4099546711
266.206715665 82.0979042184
268.632434849 81.7341569033
271.055929082 81.3208866418
273.477206997 80.8602673496
275.896277229 80.3544729426
278.313148411 79.8056773367
280.727829178 79.2160544478
283.140328164 78.5877781916
285.550654003 77.923022484
287.958815329 77.2239612409
290.364820777 76.4927683781
292.76867898 75.7316178115
295.170398572 74.942683457
297.569988189 74.1281392304
299.967456463 73.2901590475
302.362812029 72.4309168242
304.756063521 71.5525864764
307.147219573 70.6573419199
309.53628882 69.7473570706
311.923279895 68.8248058442
314.308201433 67.8918621568
316.691062067 66.9506999241
319.071870433 66.0034930619
321.450635163 65.0524154862
323.827364893 64.0996411128
326.202068255 63.1473438576
328.574753885 62.1976976363
330.945430417 61.2528763649
333.314106484 60.3150539591
335.680790721 59.386404335
338.045491762 58.4691014082
340.408218241 57.5653190948
342.768978792 56.6772313104
345.12778205 55.807011971
347.484636648 54.9568349924
349.83955122 54.1288742906
352.192534401 53.3253037812
354.543594825 52.5482973803
356.892741126 51.8000290036
359.239981938 51.0826725669
361.585325895 50.3984019863
363.928781631 49.7493911774
366.270357781 49.1378140562
368.610062979 48.5658445385
370.947905858 48.0356565402
373.283895053 47.5494239771
375.61803919 47.109320765
