-19.9148062426 41.094076475
-19.2721019451 142.197481583
-18.6156571054 143.279614168
-17.9456720132 144.340778379
-17.2623469579 145.381278369
-16.5658822294 146.401418288
-15.8564781171 147.401502288
-15.1343349107 148.38183452
-14.3996528999 149.342719134
-13.6526323742 150.284460283
-12.8934736233 151.207362116
-12.1223769368 152.111728786
-11.3395426044 152.997864443
-10.5451709156 153.866073238
-9.73946216005 154.716659322
-8.92261662743 155.549926848
-8.09483460734 156.366179964
-7.2563163894 157.165722824
-6.40726226323 157.948859577
-5.54787251847 158.715894376
-4.67834744474 159.46713137
-3.79888733165 160.202874712
-2.90969246884 160.923428552
-2.01096314592 161.629097041
-1.10289965253 162.320184331
-0.185702278279 162.996994572
0.740428687198 163.659831916
1.67529295428 164.309000514
2.61869023334 164.944804517
3.57042023476 165.567548076
4.53028266892 166.177535342
5.49807724618 166.775070466
6.47360367692 167.3604576
7.45666167153 167.934000894
8.44705094037 168.496004499
9.44457119382 169.046772567
10.4490221423 169.586609249
11.4602034961 170.115818696
12.4779149656 170.634705059
13.5019562613 171.143572488
14.5321270934 171.642725136
15.5682271724 172.132467153
16.6100562087 172.613102691
17.6574139125 173.0849359
18.7100999944 173.548270932
19.7679141646 174.003411937
20.8306561336 174.450663067
21.8981256117 174.890328473
22.9701223093 175.322712306
24.0464459367 175.748118717
25.1268962045 176.166851858
26.2112728228 176.579215879
27.2993755021 176.985514931
28.3910039528 177.386053165
29.4859578853 177.781134734
30.5840370099 178.171063787
31.685041037 178.556144475
32.7887696769 178.936680951
33.8950226402 179.312977365
35.003599637 179.685337868
36.1143003779 180.054066611
37.2269245731 180.419467746
38.3412719331 180.781845423
39.4571421682 181.141503794
40.5743349888 181.498747009
41.6926501054 181.85387922
42.8118872281 182.207204579
43.9318460675 182.559027235
45.052326334 182.90965134
46.1731277378 183.259381045
47.2940499893 183.608520502
48.4148927991 183.957373861
49.5354558773 184.306245274
50.6555389344 184.655438891
51.7749416808 185.005258864
52.8934638268 185.356009344
54.0109050828 185.707994481
55.1270651593 186.061518428
56.2417437665 186.416885335
57.3547406148 186.774399353
58.4658554147 187.134364634
59.5748878764 187.497085328
60.6816377105 187.862865586
61.7859046272 188.232009561
62.8874883369 188.604821402
63.98618855 188.98160526
65.0818049768 189.362665288
66.1741373279 189.748305636
67.2629853134 190.138830455
68.3481486439 190.534543897
69.4294270296 190.935750112
70.506620181 191.342753251
71.5795278084 191.755857466
72.6479496222 192.175366908
73.7116853328 192.601585728
74.7705346506 193.034818076
75.8242972859 193.475368105
76.8727729491 193.923539964
77.9157613506 194.379637806
78.9530622007 194.843965781
79.984475209 195.316828041
