20.75857553084196 -29.158393283675167
20.906552239126942 -29.562678751985658
21.037725687698657 -29.947661650795425
21.152614634596322 -30.313666810430234
21.25173176860816 -30.661022926576493
21.335583846014668 -30.99006246129055
21.404671724653895 -31.301121619428486
21.459490374006638 -31.59454034028292
21.500528879143143 -31.870662295448042
21.52827044142517 -32.129834887639845
21.54319237824778 -32.37240925067361
21.545766122278486 -32.5987402501401
21.53645721987866 -32.80918648389215
21.51572532923994 -33.004110283052256
21.48402421817236 -33.18387771356785
21.441801760862095 -33.34885857754939
21.389499934144837 -33.49942641568042
21.32755481240234 -33.63595851005576
21.25639656056765 -33.75883588773263
21.17644942491082 -33.8684433262045
21.08813171979725 -33.965169360663566
20.991855808626156 -34.04940629462112
20.888028075514455 -34.1215502157998
20.777048881480088 -34.18200102009331
20.659312495224615 -34.231162450823405
20.535206977295807 -34.26944216283579
20.405113978058633 -34.29725183519943
20.26940836268805 -34.31500738018951
20.128457461464308 -34.32312936108181
19.98261942071461 -34.32204391102459
19.832239080835308 -34.31218503047765
19.677635610182666 -34.29400147814232
19.519053042276084 -34.267984336059754
19.356314035828557 -34.23485996197712
19.193477440440653 -34.19299441967033
20.593269770418217 -28.73448497233818
18.691034823985728 -34.13548086580727
18.352392171811516 -34.12090839755271
18.013020965013034 -34.100837271748645
17.673398888684645 -34.07564902853221
17.333914746830317 -34.04577244118889
16.994920927659127 -34.01165427817966
16.656746519386562 -33.97375199384234
16.31970168167676 -33.932531292234955
15.984079393446343 -33.88846515247198
15.650156247004926 -33.84203338660083
15.318192844006365 -33.79372241805669
14.988434008036567 -33.74402516333626
14.661108904499734 -33.69344096383034
14.336431111472347 -33.64247554636813
14.014598661553833 -33.59164099827785
13.695794066419154 -33.54145575268416
13.380184328953181 -33.492444579189566
13.067920946028451 -33.4451385797
12.75913990150352 -33.40007518725679
12.45396164793656 -33.35779816953706
12.152491071037595 -33.31885763667299
11.854817426415451 -33.283810058237776
11.561014224592029 -33.2532182931954
11.27113901505728 -33.22765164876455
10.985232951541882 -33.20768599882285
10.703319833209804 -33.19390404528315
10.425403705979008 -33.18689597424148
10.151461663562081 -33.18726142357232
9.881415049563373 -33.19561735634491
9.614927867784473 -33.21265317634851
9.354131446237588 -33.23838579046637
19.028015094634895 -34.14442503687647
9.154846005633296 -33.199816425686635
9.214920628420224 -33.137202225499834
9.278025985581394 -33.08647934013953
9.344452881572764 -33.04813856927683
9.414453774197845 -33.022681024721294
9.488273432370718 -33.010609748023484
9.566156601983536 -33.01242761488069
9.648350562557965 -33.02863663546154
9.73510615201294 -33.059737674752796
9.826678234499362 -33.1062303237652
9.923325937266128 -33.16861283442509
10.025312782008456 -33.247382083717014
10.132906764524847 -33.34303355096898
10.246380408800931 -33.45606130190123
10.366010809617144 -33.58695797641596
10.492079671787444 -33.73621477578891
10.6248733533388 -33.9043214485759
10.764682919755899 -34.09176627227282
10.911804219184617 -34.299036027371415
11.066537994416976 -34.52661595887412
11.229190058646779 -34.77498971482345
11.400071586198194 -35.04463924494274
11.579499619620293 -35.33604462389229
11.767798010039968 -35.649683722987874
11.96529929689693 -35.98603155364816
12.172348842882258 -36.345558823399045
12.389315171341337 -36.728728326768845
12.61662097759148 -37.13598411479023
12.85486717671968 -37.56770817771442
13.105701238176664 -38.023917215961205
18.485072875144105 -29.576815846394027
21.83227600842919 -34.42350979455043
24.702059929511975 -32.425831331247934
27.51198699810068 -30.07851182655287
30.194110143422506 -27.38506919711199
32.67915590227476 -24.36594081496878
34.90191561466527 -21.059026300152766
36.806784120788095 -17.51818897516071
38.35253819827763 -13.80974713864805
39.515537210492326 -10.007428303512256
40.29084675228491 -6.186596016197882
40.691231296959515 -2.4186768740541424
40.74438612095338 1.233410681972373
40.4890564373236 4.718327150480974
39.97076900431439 7.99774515019584
39.237803225395126 11.046316142900906
38.337828022975415 13.850532291738887
37.315407932571944 16.4069080910904
36.21039521195935 18.719871283677463
-17.814719852602323 36.66417950612066
-14.961652767275865 37.91800691960495
-11.833067293611464 39.00775334095266
-8.446556100884777 39.87833988919735
-4.834197393464379 40.47538557993937
-1.0430014515628727 40.74970491004541
2.8663364329892147 40.662149693992575
6.8225432001279245 40.188048056183675
10.748518189802994 39.32042292508075
14.567110188488456 38.07132258065349
18.207029315323425 36.470952630753914
21.607954519933614 34.56475956444979
24.724098624801357 32.40903036924797
27.525865238095747 30.065811899530217
29.999642590548873 27.597966351219924
32.14610369703284 25.06500188277178
33.97755172906153 22.52004175801389
35.51486277434928 20.00801900246202
36.784480494540674 17.56497358467979
37.815768766031496 15.218210634558147
9.09725836903987 -33.273900125203255
-11.439915218320891 32.542908277729225
-35.047552590499066 4.571739941223711
-34.90258036767578 5.4225514076374
-34.72061177926449 6.287548783488091
-34.503332520852936 7.165169201546604
-34.252394429703116 8.053896615563644
-33.9694153437966 8.95226312783555
-33.655979068225946 9.858849320929579
-33.313635363729574 10.772284367667169
-32.94389994374235 11.69124607500234
-32.54825447314834 12.614460903424884
-32.12814656862738 13.54070397631213
-31.684989799942937 14.468799084647145
-31.220163691241478 15.397618689088517
-30.735013723104633 16.326083920710147
-30.230851335391463 17.253164580936925
-29.708953930244057 18.17787914046133
-29.170564876603105 19.099294737735306
-28.616893515824323 20.016527176543065
-28.049115169005717 20.928740922377642
-27.468371147575375 21.83514909765762
-26.875768767814304 22.73501347463818
-26.272381371973076 23.62764446514052
-25.659248359781717 24.512401105256913
-25.037375236551387 25.38869103144262
-24.40773369069188 26.255970443093332
-23.7712617217373 27.113744039430173
-23.128863864641108 27.961564909630084
-22.481411605911667 28.799034328790697
-21.82974421557006 29.62580134999169
-21.17467057705851 30.44156190690103
-20.516973761914016 31.24605657087872
-19.85742475260185 32.03906382152181
-19.196837334290095 32.82037313064262
-18.5364523344826 33.58959654821962
-17.87276473971908 34.34870525041907
-35.153809880962314 3.7367147758298813
-17.01610522070793 35.02955262571123
-16.821804287729936 34.95679659295189
-16.626339987402435 34.87863480989424
-16.42988119948384 34.795603812209066
-16.232670816062683 34.70820330970827
-16.03496751807896 34.61692473655194
-15.837031219952298 34.522258388600676
-15.6391182183382 34.42469580242701
-15.441479251997055 34.3247307063113
-15.244358620854248 34.22285945299498
-15.047993745921957 34.119581235065766
-14.852614933526098 34.015398201318305
-14.658445241284962 33.91081552195149
-14.465700399578244 33.806341428202074
-14.274588763999889 33.70248723558262
-14.08531128749876 33.59976735865729
-13.898061505243854 33.49869931897709
-13.713025529912144 33.399803749236185
-13.53038205621797 33.30360439270959
-13.350302377011936 33.21062809905396
-13.172950415138452 33.12140481333461
-12.998482782157051 33.03646755668083
-12.827048884415348 32.95635238867658
-12.658791123996572 32.881598337463004
-12.493845303159489 32.81274725781114
-12.332341516513523 32.750343517262365
-12.174406384434409 32.69493321179644
-12.020169754999486 32.64706180957796
-11.869791515232876 32.60726472611714
-11.72364927417761 32.57600134750655
-11.579801747795166 32.554546735004834
-17.20955548684772 35.096129693822945
-11.602790441122302 32.40914312604633
-11.769507525149358 32.28649089389708
-11.940143861166696 32.17548965409114
-12.115028231483947 32.07658784927281
-12.294541016984368 31.99021452594161
-12.479085654410213 31.916789368035097
-12.669081499963497 31.856725206276792
-12.864961449208423 31.810428854650127
-13.067170984054684 31.778301446573636
-13.276167737606357 31.760738587791508
-13.492421274637145 31.758130434281753
-13.716412970940425 31.770861736186106
-13.948635940712393 31.799311864363062
-14.18959498832723 31.84385482886657
-14.439806572256323 31.904859294822728
-14.699798772713443 31.982688597001697
-14.970111257845886 32.07770075701623
-15.251295242454042 32.19024850548911
-15.543913431712504 32.32067931326719
-15.848539938435536 32.46933543870642
-16.165760153305087 32.636554001662745
-16.496170530946486 32.82266710658777
-16.840378217241316 33.028002057662434
-17.19900035818884 33.25288175771044
-17.57266271833518 33.49762550571492
-17.961996641961534 33.76255075167123
-18.367631456681323 34.04797748473911
-18.79017168256442 34.35424139528001
-19.230105870317622 34.68174652861461
-19.687168462771723 35.03133385674468
16.511723363436314 -30.7221247048482
16.511723363436314 -30.7221247048482
14.405457799131462 -31.76426829644177
12.178508998263492 -32.68286819405708
9.847093084002301 -33.45923957004831
7.431067956425366 -34.07734120846109
4.953326603255167 -34.524636281536374
2.438957554546608 -34.792778573405315
-0.08576485078240736 -34.878053259912065
-2.594474960456946 -34.78152748932189
-5.061799111464662 -34.50889949804352
-7.464335479205644 -34.0700697191063
-9.781454965821698 -33.47848702618586
-11.995873551822712 -32.75034309041011
-14.09397625480273 -31.903695524812633
-16.0659009397033 -30.957596512108836
-17.905412539490083 -29.931290593650715
-19.609612526112944 -28.8435270275084
-21.178534426745703 -27.71201245572108
-22.614675021539515 -26.55301166498913
-34.84642984235293 1.4873742141328137
-34.86911656322259 -0.7941441376029559
-34.73649320164712 -3.140381324427949
-34.43686890794734 -5.530643238154369
-33.96199112639212 -7.941606483687991
-33.3077034558261 -10.348084137155183
-32.474395075224336 -12.723978124357899
-31.467183458987815 -15.043348030584696
-30.295799635411253 -17.28150685738683
-28.974179203229948 -19.4160473400229
-27.51979664566986 -21.427709802773393
-25.9528088626158 -23.30102287350114
-24.29509139745596 -25.024677596327876
-22.569255294672377 -26.591627822583476
-20.797724557863493 -27.998939408951443
-19.001936853333337 -29.24743323153035
-17.20170777234443 -30.34118001208519
-15.414776027888497 -31.28690836150045
-13.656526916089053 -32.09338292235688
-11.939876325481404 -32.770799626238926
16.152765705463793 -37.42612005469087
