0.27222046518866705 -33.92977966153316
0.26515356742118 -33.81484795649172
0.25854879931759456 -33.75508907358494
0.2523602662301698 -33.74817497702165
0.246542734593163 -33.791777629452525
0.24105238522909644 -33.88356898560852
0.2358470065193785 -34.02122099094194
0.23088606515707966 -34.20240558098271
0.22613074307705006 -34.42479468118822
0.22154396633220585 -34.68606020628377
0.21709043710757214 -34.98387406101622
0.21273667749468927 -35.31590813917475
0.20845109641268778 -35.67983432372969
0.20420409927652372 -36.073324486312515
0.19996827872330414 -36.49405048639059
0.19571876799395227 -36.93968417012718
0.19143394707305106 -37.4078973676059
0.1870969956849251 -37.89636188694857
0.1826997753096009 -38.40274949961338
0.1782544747338477 -38.92473189609231
0.1738401916357759 -39.45998051010494
0.16992900254118126 -40.00616528296024
0.16302740598507626 -40.560971170255044
0.27979080176933735 -34.102212265574565
0.3871445169380081 -41.67019518129263
0.6255345370615828 -42.21949376565766
0.870349550146841 -42.767630419136054
1.121411626621068 -43.31228189853229
1.3785621588908157 -43.851128456890365
1.6416113142267932 -44.38185403439846
1.9103254021277962 -44.902146305132305
2.184422668720913 -45.40969669252527
2.463571621404128 -45.902200374279346
2.7473902766437277 -46.377356282913695
3.035445797051864 -46.83286710506195
3.327254315049629 -47.26643927718425
3.622280861215245 -47.675782980013395
3.919939367319728 -48.05861212807022
4.219592744968338 -48.412644352344984
4.5205530718060345 -48.73560096913738
4.822081971443083 -49.02520692397687
5.123391398013268 -49.27919067618927
5.423645382007294 -49.4952839484848
5.721964410793248 -49.67122109788281
6.017438585028231 -49.804737229919084
6.309180259445668 -49.89356065574276
6.596692544511882 -49.935360089983334
6.875000011217367 -49.929101974819986
0.15573059502060005 -41.12206006551261
7.118193068818584 -49.799663569371035
7.0845910252973 -49.68057108110807
7.045457298316705 -49.5206063107525
7.001011376787801 -49.321895498899266
6.951549899910674 -49.0865538203677
6.897389626905181 -48.81669355609097
6.838853180987087 -48.51442613583012
6.776264299302568 -48.18186281841267
6.709945935661835 -47.821114964222346
6.640219401701984 -47.43429415800014
6.567403942579972 -47.02351226930182
6.491816516208473 -46.590881485237674
6.413771678348439 -46.13851432597539
6.333581532079506 -45.66852365292678
6.251555726528466 -45.1830226691271
6.168001509726025 -44.684124912359806
6.083223865226103 -44.173944236878356
5.9975258137042715 -43.654594772786
5.911209098613028 -43.12819083349953
5.824575918783694 -42.59684668166193
5.737934143134908 -42.06267582506524
5.651618186864141 -41.52778819613667
5.5661351703230935 -40.99427040892701
5.480187503547654 -40.46445287584541
7.146520311046515 -49.87568926615364
5.401475803966662 -39.409725854309585
5.407333746058896 -38.889365337353325
5.412990943960494 -38.381340689408205
5.418772593040217 -37.88776085688073
5.4250519883015045 -37.4107278615098
5.432227942532052 -36.95233985015162
5.440719146313768 -36.51469185650737
5.4509622948690435 -36.0998760539899
5.463411347488204 -35.709981854513984
5.478537202703251 -35.347095951776794
5.49682755196045 -35.01330233983958
5.51878682365799 -34.710682318809376
5.544936184694677 -34.441314491612644
5.575813592633153 -34.20727475249916
5.611973910026393 -34.01063626514568
5.653989114864146 -33.853469422333376
5.702448682670365 -33.73784177374594
5.757960306231951 -33.66581789168299
5.821151342283429 -33.63945909979927
5.892672000440882 -33.66082287700496
5.973203320382652 -33.73196136515335
6.063481108327608 -33.85491689295358
6.164391687696082 -34.03170406967132
6.27764216100303 -34.26418444076292
-2.140944066023337 -34.26885420942156
12.61764127717396 -32.80138830141365
14.67610016890768 -31.933493854129864
16.70652588255308 -30.919701467432475
18.689561858804154 -29.76300091431466
20.606272599429474 -28.469588607100775
22.438821791385806 -27.048756394961885
24.17110912480075 -25.512613146765972
25.78931851311006 -23.875656986330682
27.282338908421877 -22.154230512152083
28.64203199648648 -20.365901625310073
29.863336633082156 -18.52881731354634
30.944215504128977 -16.661076577868073
31.885462926507444 -14.780162376032251
32.69040236841482 -12.90246251266396
33.364507429207606 -11.042897713277569
33.91498079568299 -9.214663505957049
34.35032285052455 -7.429082444305692
34.67991627846493 -5.6955555320114115
28.5129018972969 20.5462982382395
29.70954020030058 18.774428539539798
30.821146608731738 16.88765429604203
31.831793475302334 14.89539761286224
32.726791874092385 12.809880543135563
33.493297553232594 10.645889578150985
34.12085915279192 8.42038696111382
34.60186400757675 6.151987735742608
34.93184439914734 3.860335836856848
35.10961969946442 1.5654234119053854
35.13726566970615 -0.7130968770430286
35.01991881927273 -2.9565574222582427
34.765438672753305 -5.14783641839864
34.38396196596585 -7.271802075316401
33.887388969865924 -9.315622078238903
33.28884309221968 -11.268933910585247
32.60214129331371 -13.1238839140847
31.84130594279776 -14.875052327864722
31.0201400577331 -16.519287414963827
30.15187883627698 -18.055474198758503
5.395298125775071 -39.940285011682164
32.29942656061769 24.105656027904786
-5.423446999718323 33.30069074424398
-4.659845803558056 33.1237932268011
-3.907701702089412 33.00127179569722
-3.163147198909286 32.93054134344746
-2.4225210199550418 32.90903421728572
-1.682367398552941 32.934200349139275
-0.9394358925356414 33.00350728682895
-0.19068131786920617 33.11444020231406
0.5667362851331177 33.26450189245054
1.3354516772349996 33.45121277508338
2.1178944475716435 33.672110882816696
2.916289050274173 33.92475185030102
3.732654859985047 34.20670889500795
4.568806262450664 34.51557278417246
5.4263528117531905 34.848951776870024
6.306699521403175 35.204471516748924
7.211047445685864 35.5797748170053
8.140394957931306 35.97252118757268
9.095540945474056 36.38038565317342
10.077094393674571 36.80105520741452
11.085512721287898 37.23221463071832
12.121370124864455 37.671447211584734
13.181764625743597 38.117564012863056
-6.202583990419413 33.534565990047525
15.108981882289555 38.666537691221066
15.968026280985555 38.75513008839309
16.84447837402928 38.83130852083315
17.737266212128816 38.89303981591158
18.645231950846892 38.93836558343719
19.567090250333365 38.965417605438574
20.501417876494543 38.97242168185741
21.446650236664766 38.95769891130084
22.40107999585507 38.91966620089684
23.362856450349852 38.85683649485807
24.329985218723152 38.76781888551065
25.30032808031899 38.65131866628056
26.271602891644932 38.50613735408888
27.24138354880847 38.331172688455894
28.20709998553923 38.125418608067974
29.166038209236888 37.88796519452927
30.115340396830447 37.61799855917454
31.052005105047556 37.31480060669239
31.97288775100816 36.977748512101556
32.874701825073885 36.60631340605764
33.754022542164364 36.200056427594575
34.60730145948219 35.75861293089409
35.430968814302446 35.28158192668067
36.22052005087272 34.77047032563101
14.268622442691395 38.56753154711586
37.05300844332959 34.009873505997604
37.098247044031154 33.764092534607755
37.11227679814857 33.491432616570165
37.09632040572484 33.19375469178706
37.05164583437892 32.8728679904203
36.979550480655746 32.530547143797946
36.88135721038532 32.16853646199229
36.758413038653316 31.788551359182264
36.61208860263412 31.392278923904627
36.4437779219802 30.981378177268226
36.254898279507415 30.55748020096692
36.04689015893024 30.122188205561656
35.821217209671715 29.677077566176308
35.57936622947449 29.223695841176806
35.3228471575797 28.763562777348938
35.053193078459344 28.298170302539177
34.77196023955213 27.828982500309735
34.480728094743654 27.357435550589713
34.18109940631433 26.884937592305533
33.874700505021906 26.412868374172064
33.56318207567898 25.94257820218195
33.2482223032539 25.47538372297211
32.93154890622429 25.01253840203492
32.6146409129081 24.555632115457485
36.97549443498974 34.226743105620784
31.84032488093095 23.844108448344087
31.390324998267886 23.587166246983173
30.951066226964315 23.336201577589776
30.52420791564282 23.09255925558864
30.11140561397525 22.857588693249028
29.714307668674223 22.632648460222384
29.33455437404075 22.41910742224914
28.973777690602276 22.218345118899634
28.633601134026037 22.031751911741082
28.315639727734663 21.860729048773237
28.021499982764 21.706688692208616
27.752779891906584 21.571053927219594
27.511068933531476 21.45525875782178
27.29794808499514 21.36074809078451
27.11498984906757 21.288977704312998
26.963758299883978 21.2414141913778
26.84580916534452 21.219534858228542
26.76268998221451 21.224827535042863
26.71594040570767 21.25879019516708
26.707092892119874 21.32293011781948
26.737674404391953 21.418761793808216
26.809211529698814 21.54780064388433
26.92325094801282 21.711537892229472
27.081502710458267 21.911264683848913
-4.688619369065975 -34.01403914169046
-4.688619369065975 -34.01403914169046
-7.335792984005991 -33.54287035446191
-10.049397645565335 -32.832112592426
-12.789594181135698 -31.864781358143517
-15.51135407089069 -30.632269018273746
-18.166815266166054 -29.135971468365824
-20.708205086084433 -27.38810421393015
-23.090986339003223 -25.41150055019179
-25.276807744850686 -23.238351932748742
-27.23585628116433 -20.908040150913052
-28.948316964401045 -18.46436988497038
-30.404813894055252 -15.952595474978239
-31.605886270574956 -13.416630104907597
-32.56069752707867 -10.896742030098949
-33.28525592913627 -8.427914810457594
-33.80043647881473 -6.038915810146847
-34.130051747315065 -3.752009867528102
-34.29914759790597 -1.5831880423666576
-34.332622059041114 0.45724487036574146
-8.610903864737708 33.23838661777489
-11.063802979555106 32.50431162092221
-13.573295523784225 31.53892291985335
-16.102502939921322 30.325688935129847
-18.609085289372928 28.855501295477012
-21.04719883084107 27.128461653685292
-23.370117918207967 25.155031282220392
-25.533259693631408 22.9562771314952
-27.497234604517928 20.563076117753695
-29.23050386646156 18.014318028535143
-30.71127723659967 15.354330360427497
-31.92842058083835 12.629883987334551
-32.88132416184655 9.887190282582736
-33.578858115442245 7.1692606301786554
-34.03766750868664 4.513889773635299
-34.28011387861352 1.9523838735555046
-34.33215621845022 -0.4909783216822632
-34.2214025436283 -2.7988601728884532
-33.97548008661562 -4.960318861163671
-33.6207909025309 -6.969966241577254
8.492192981655649 -34.10305857634884
