33.9698994794
0.44372428836
36.3507079682
8.62549184739
38.736651771
8.85577376967
41.127562413
9.13230177565
43.523271419
9.45280758583
45.923610314
9.81502292067
48.3284106229
10.2166795007
50.7375038707
10.6555090463
53.1507215824
11.129243278
55.5678952828
11.6356139163
57.988856497
12.1723526816
60.4134367498
12.7371912945
62.8414675663
13.3278614754
65.2727804714
13.9420949447
67.70720699
14.5776234231
70.1445786471
15.2321786308
72.5847269676
15.9034922885
75.0274834764
16.5892961166
77.4726796986
17.2873218355
79.9201471591
17.9953011658
82.3697173828
18.7109658279
84.8212218947
19.4320475423
87.2744922197
20.1562780295
89.7293598828
20.8813890099
92.1856564089
21.605112204
94.6432133229
22.3251793324
97.1018621499
23.0393221155
99.5614344147
23.7452722737
102.021761642
24.4407615275
104.482675358
25.1235215975
106.944007086
25.791284204
109.405588352
26.4417810677
111.86725068
27.0727439088
114.328825596
27.681904448
116.790144625
28.2669944057
119.251039291
28.8257455024
121.711341119
29.3558894585
124.170881635
29.8551579945
126.629492363
30.321282831
129.087004828
30.7519956883
131.543250555
31.145028287
133.99806107
31.4981123475
136.451267897
31.8089795904
138.902702561
32.075361736
141.352196586
32.2949905049
143.799581499
32.4655976176
146.244688824
32.5849147945
148.687350085
32.650673756
151.127396809
32.6606062228
153.564660519
32.6124439152
155.99897656
32.5039887182
158.430291709
32.3350896955
160.858679109
32.107917438
163.284218726
31.8247678429
165.706990524
31.4879368074
168.127074466
31.0997202287
170.544550517
30.662414004
172.959498642
30.1783140305
175.371998805
29.6497162054
177.78213097
29.0789164258
180.189975101
28.468210589
182.595611164
27.8198945922
184.999119122
27.1362643325
187.40057894
26.4196157071
189.800070582
25.6722446133
192.197674012
24.8964469482
194.593469195
24.094518609
196.987536095
23.2687554929
199.379954677
22.4214534971
201.770804905
21.5549085189
204.160166743
20.6714164553
206.548120155
19.7732732036
208.934745107
18.862774661
211.320121562
17.9422167247
213.704329485
17.0138952918
216.087448839
16.0801062596
218.469559591
15.1431455252
220.850741703
14.2053089859
223.23107514
13.2688925388
225.610639866
12.3361920812
227.989515847
11.4095035101
230.367783046
10.4911227229
232.745521427
9.58334561674
235.122810956
8.68846808874
237.499731596
7.80878603614
239.876363311
6.94659535612
242.252786067
6.10419194589
244.629079827
5.28387170264
247.005324556
4.48793052355
249.381600218
3.71866430583
251.757986777
2.97836894666
254.134564199
2.26934034324
256.511412447
1.59387439276
258.888611485
0.954266992412
261.266241278
0.352814039393
263.644381791
-0.208188569105
266.023112987
-0.726444935891
268.402514832
-1.19965916377
270.782667289
-1.62553535555
273.163650323
-2.00177761403
275.54554389
-2.32609004203
200.567563888
10.301981765
202.648490506
210.491734625
204.730784475
210.662893263
206.814309325
210.815536492
208.898928582
210.949743129
210.984505775
211.065591988
213.070904431
211.163161884
215.157988078
211.242531631
217.245620244
211.303780046
219.333664457
211.346985942
221.421984244
211.372228135
223.510443134
211.379585439
225.598904653
211.369136671
227.687232331
211.340960643
229.775289694
211.295136173
231.862940271
211.231742073
233.950047589
211.15085716
236.036475177
211.052560249
238.122086561
210.936930153
240.20674527
210.804045689
242.290314832
210.653985671
244.372658774
210.486828914
246.453640624
210.302654233
248.53312391
210.101540443
250.61097216
209.883566359
252.687048902
209.648810796
254.761217663
209.397352568
256.833341971
209.129270491
258.903285355
208.84464338
260.970911341
208.543550049
263.036083457
208.226069314
265.098665232
207.89227999
267.158520194
207.542260891
269.215511869
207.176090832
271.269503786
206.793848628
273.320359473
206.395613095
275.367942457
205.981463047
277.412116267
205.551477299
279.45274443
205.105734666
281.489690473
204.644313963
283.522817925
204.167294005
285.551990314
203.674753607
287.577071167
203.166771584
289.597924012
202.64342675
291.614412377
202.104797922
293.626399789
201.550963912
295.633749777
200.982003538
297.636325869
200.397995613
299.633991591
199.799018952
301.626641514
199.185196995
303.614373624
198.55694561
305.597367818
197.914798419
307.575804219
197.259289364
309.549862948
196.590952389
311.519724126
195.910321439
313.485567876
195.217930456
315.44757432
194.514313385
317.405923579
193.800004169
319.360795774
193.075536751
321.312371029
192.341445077
323.260829464
191.598263088
325.206351202
190.846524729
327.149116363
190.086763943
329.089305071
189.319514675
331.027097446
188.545310868
332.962673611
187.764686465
334.896213687
186.97817541
336.827897796
186.186311647
338.75790606
185.38962912
340.686418601
184.588661771
342.61361554
183.783943546
344.539677
182.976008388
346.464783101
182.165390239
348.389113967
181.352623045
350.312849718
180.538240748
352.236170476
179.722777292
354.159256364
178.906766622
356.082287502
178.09074268
358.005444014
177.27523941
359.92890602
176.460790756
361.852853642
175.647930662
363.777467002
174.837193071
365.702926223
174.029111928
367.629411425
173.224221175
369.55710273
172.423054756
371.486180261
171.626146615
373.416824139
170.834030696
375.349214486
170.047240943
377.283531424
169.266311298
379.219955074
168.491775707
381.158665558
167.724168111
383.099842999
166.964022456
385.043667517
166.211872685
386.990319235
165.468252741
388.939978274
164.733696568
390.892824756
164.00873811
392.849038804
163.29391131
394.808800538
162.589750113
396.772290081
161.896788461
398.739687554
161.215560299
400.71117307
160.54659957
-20.0036940036
40.137714318
-19.3432627948
141.208312827
-18.6705044898
142.262659994
-17.9855779008
143.300927331
-17.2886418405
144.323286349
-16.5798551212
145.329908563
-15.8593765553
146.320965485
-15.1273649553
147.296628627
-14.3839791336
148.257069502
-13.6293779027
149.202459622
-12.8637200749
150.132970501
-12.0871644626
151.04877365
-11.2998698784
151.950040583
-10.5019951347
152.836942812
-9.69369904381
153.70965185
-8.87514041823
154.568339209
-8.04647807039
155.413176403
-7.2078708127
156.244334943
-6.35947745761
157.061986342
-5.50145681754
157.866302114
-4.63396770491
158.657453769
-3.75716893216
159.435612823
-2.87121931172
160.200950786
-1.97627765602
160.953639171
-1.07250277747
161.693849492
-0.160053488522
162.421753261
0.760911398407
163.13752199
1.69023307088
163.841327192
2.62775271648
164.53334038
3.57331152277
165.213733066
4.52675067733
165.882676763
5.48791136771
166.540342984
6.4566347815
167.186903242
7.43276210627
167.822529048
8.41613452959
168.447391915
9.40659323902
169.061663357
10.4039794221
169.665514886
11.4081342665
170.259118014
12.4188989597
170.842644255
13.4361146894
171.41626512
14.4596226429
171.980152122
15.4892640081
172.534476775
16.5248799723
173.07941059
17.5663117233
173.61512508
18.6134004485
174.141791759
19.6659873355
174.659582138
20.7239135719
175.16866773
21.7870203453
175.669220049
22.8551488432
176.161410605
23.9281402533
176.645410913
25.005835763
177.121392485
26.08807656
177.589526833
27.1747038318
178.04998547
28.265558766
178.502939909
29.3604825502
178.948561663
30.459316372
179.387022243
31.5619014188
179.818493163
32.6680788783
180.243145935
33.7776899381
180.661152072
34.8905757857
181.072683087
36.0065776087
181.477910491
37.1255365946
181.877005799
38.2472939311
182.270140522
39.3716908057
182.657486174
40.498568406
183.039214266
41.6277679195
183.415496311
42.7591305339
183.786503822
43.8924974366
184.152408312
45.0277098153
184.513381294
46.1646088576
184.869594279
47.303035751
185.221218781
48.442831683
185.568426312
49.5838378413
185.911388385
50.7258954134
186.250276513
51.8688455869
186.585262208
53.0125295493
186.916516982
54.1567884883
187.244212349
55.3014635914
187.568519821
56.4463960461
187.88961091
57.5914270402
188.20765713
58.736397761
188.522829993
59.8811493962
188.835301012
61.0255231334
189.145241699
62.1693601601
189.452823567
63.3125016639
189.758218128
64.4547888324
190.061596895
65.5960628531
190.363131382
66.7361649136
190.6629931
67.8749362015
190.961353561
69.0122179044
191.25838428
70.1478512098
191.554256768
71.2816773053
191.849142538
72.4135373785
192.143213103
73.5432726169
192.436639975
74.6707242082
192.729594666
75.7957333398
193.022248691
76.9181411994
193.314773561
78.0377889745
193.607340788
79.1545178527
193.900121886
80.2681690215
194.193288367
81.378583668
194.487011744
2.1618945554498836
-36.20808556811396
2.256567576353355
-36.91656127213542
2.3498592583654414
-37.564691414236975
2.4413740262033983
-38.15441276961686
2.530934923726555
-38.68764868761632
2.618410448920372
-39.16631943076916
2.7036898162749807
-39.592343651421466
2.786676772567283
-39.96763876147514
2.867287535499848
-40.29412105526505
2.9454499691672495
-40.57370575868847
3.021103209259664
-40.808307051782464
3.0941974755912156
-40.999838079716014
3.1646939711065585
-41.1502109590196
3.2325648240667277
-41.26133678083601
3.297793053290434
-41.3351256130954
3.3603725463607788
-41.37348650211636
3.4203080453550854
-41.378327472656835
3.4776151373586828
-41.35155552938155
3.5323202477837867
-41.295076656560404
3.584460635710073
-41.2107958190478
3.634084390361295
-41.10061696159313
3.681250428601871
-40.96644300989212
3.7260284929082275
-40.810175870109155
3.768499149845155
-40.63371642927079
3.808753788804836
-40.43896455514378
3.846894621013803
-40.22781909659852
3.8830346786165393
-40.002177883068406
3.917297814005451
-39.763937725397085
3.9498186991053785
-39.51499441538964
3.980742824747537
-39.25724272586182
4.010226500064036
-38.99257641079223
4.0384368518552805
-38.722888205482
4.065551823860545
-38.45006982652891
4.091760175881021
-38.176011971823435
4.117261482670628
-37.90260432077861
4.142266132412061
-37.631735534716455
4.166995324407026
-37.36529325675308
4.191681065581378
-37.10516411244274
4.216566164726771
-36.85323371051393
4.241904222538011
-36.61138664435028
4.267959613105035
-36.38150649396978
4.295007447091024
-36.16547583107157
4.323333490672269
-35.965176229181935
4.353233963074871
-35.78248829025849
4.385014928964949
-35.6192917225166
4.418989868251941
-35.47746565402239
4.455462664284568
-35.358890825574015
4.494958332069444
-35.2654198465146
2.1618945554498836
-36.20808556811396
4.421576958679907
-35.17617744614776
4.309211770602957
-35.18251303684031
4.200144070228703
-35.216370100543344
4.093917062426556
-35.27605108689961
3.9900922134719963
-35.35985693406068
3.88825183628299
-35.46608673534259
3.787999737179547
-35.59303765569294
3.6889614321293607
-35.73900490387774
3.590784234149652
-35.902281721607785
3.4931372941895233
-36.08115937799904
3.39571162336793
-36.273927167208086
3.2982201075542434
-36.47887240686101
3.200397519815766
-36.69428043674073
3.1020005347406254
-36.91843461766126
3.002807749487829
-37.14961633089557
2.9026197199227965
-37.38610497507751
2.801259031198896
-37.62617796354445
2.6985704512715643
-37.86811071537688
2.59442131371776
-38.11017663629109
2.4887026648397637
-38.350647057669114
2.381333851380589
-38.58779099820236
2.2722946325227156
-38.81987348821577
2.1611942542578504
-39.04517805056039
4.537681803069233
-35.19894696533691
2.153766617652394
-39.44918459883461
2.2595874791868766
-39.62422424620493
2.365489897434969
-39.78535419042002
2.471256163639424
-39.93085429856277
2.5766588043578906
-40.059005476041115
2.6814556139614183
-40.1680899256191
2.785388416733497
-40.25639121128741
2.888182659545947
-40.32219427967614
2.9895472559420853
-40.36378546706487
3.0891745250009706
-40.3794525021739
3.186740174308568
-40.36748450514001
3.2819033104446476
-40.32617198531874
3.374306474123614
-40.25380683668804
3.4635757060754315
-40.1486823294908
3.549320660017031
-40.009093097003394
3.6311347961557487
-39.83333511289477
3.7085957237868
-39.61970565181986
3.7812658406043056
-39.366503215162474
3.848693614017236
-39.07202738292287
3.910416402391718
-38.734578487990255
3.9659675100976983
-38.352456800521324
4.014897354566813
-37.923960082640455
4.056858135454036
-37.44737380440044
4.092196518973537
-36.92090266225665
4.113932196724988
-36.34359742664034
2.048270051227547
-39.261954604511786
9.131756804582267
-34.065030856598725
11.443832545368366
-33.359466516607036
13.77991134143457
-32.46427810719439
16.112302469751683
-31.37210574255883
18.411055780403615
-30.080697043950373
20.645192674310238
-28.593553977070886
22.784139995917485
-26.92022054600392
24.799239324048017
-25.07614481031024
26.665181947000235
-23.082100886453798
28.36122191148519
-20.96321543290892
29.87204695565549
-18.74769639924259
31.188234447292928
-16.46539831463998
32.306276340477666
-14.146371217091449
33.2282116531739
-11.81952875248989
33.960946913690066
-9.511540060609736
34.515368615798536
-7.246008481543983
34.905356207061914
-5.042957233328639
35.14679289615174
-2.918605611259668
35.25665026868592
-0.8853933762059136
35.252197356619604
1.0478030010449206
17.9069033337787
30.383517284767468
19.946174556683502
29.085484870522084
21.957877490900387
27.598313819754814
23.913361707041133
25.922315511297946
25.78316513262223
24.06332697992929
27.538373156077682
22.03300509498597
29.152077239084804
19.84872041834161
30.60079237411759
17.533020723058705
31.865685289718044
15.112690383108722
32.93348306377709
12.617487978475234
33.79697247269502
10.07868847018072
34.455055750144595
7.527578817487432
34.91238667944799
4.994053057763857
35.17866035527385
2.5054271506754437
35.267662104293265
0.08555288689192553
35.19619266978964
-2.2457362156101137
34.982979621634286
-4.472856625399154
34.64766433802987
-6.584425982443101
34.20992646431887
-8.572994862062657
33.6887795891862
-10.43462694063808
-3.3598791634507066
36.11662305066403
-3.2265774130476714
36.8206725208757
-3.080270148163322
37.46449134613757
-2.922338236102199
38.04998402767604
-2.753915119072694
38.57907271697353
-2.576058725580239
39.053681222885984
-2.389776028948006
39.475732726593876
-2.196029186871094
39.84714921094522
-1.995737587863644
40.16985126987372
-1.7897786698467968
40.44575803214366
-1.5789882922891536
40.676787126927024
-1.3641609223284092
40.86485466628669
-1.1460497350850432
41.011875236041526
-0.9253666710623776
41.11976189022533
-0.7027824706894421
41.19042614797168
-0.4789266960063969
41.225777991793805
-0.25438774477514414
41.227725865476046
-0.029712860000685737
41.198176674083214
0.19459186348377955
41.139035782653714
0.41806147431746865
41.05220701645901
0.6402721611740105
40.93959265979436
0.8608412501938858
40.80309345663671
1.0794272030072563
40.644608609872336
1.2957296151913482
40.46603578145851
1.5094892150251553
40.26927109212063
1.7204878624809652
40.05620912156898
1.9285485483434854
39.828742907842866
2.1335353934993435
39.58876394805867
2.3353536482536867
39.33816219788493
2.53394969170715
39.07882607152789
2.7293110311516955
38.81264244183293
2.9214663014434166
38.54149664040522
3.110485264288428
38.267272457558065
3.296478807382286
37.99185214229668
3.479598943316006
37.717116402551355
3.6600388080760666
37.44494440558887
3.83803265877944
37.17721377795823
4.013855870230088
36.91580060624473
4.187824929249274
36.662579438006574
4.360297424862466
36.419423283619835
4.53167203006069
36.18820361895085
4.7023884655047254
35.97079039179518
4.87292741960718
35.76905203510173
5.043810348918527
35.58485550127443
5.215598879016568
35.42006636310856
5.388892408291667
35.27654921981483
5.564311333894892
35.15617053692904
5.742725276017524
35.06076000465703
-3.3598791634507066
36.11662305066403
6.720746809617708
34.54402553606061
7.521468402959442
34.12487667096228
8.328517688028597
33.73218124048326
9.143334335899368
33.36333636267028
9.967197763868484
33.0158209798704
10.801229685534679
32.68719542670331
11.646394748505145
32.375101321697876
12.503500747212769
32.07726153101102
13.373198708440896
31.791480153895304
14.255982930404258
31.515642515226848
15.152191002999672
31.24771516167535
16.062003819466327
30.985745858686286
16.985445584210368
30.727863587329967
17.92238381954806
30.472278540363455
18.87252937389991
30.21728211675985
19.835436433140956
29.961246910051337
20.810502542939986
29.702626688085505
21.796968654777373
29.439956346056853
22.793919241423623
29.171851791842474
23.800282640200493
28.89700959922866
24.814832428001665
28.614205625228163
25.836197040688347
28.322285325844092
26.862730269528498
28.02029412713407
5.924715823826034
34.9922015029265
27.584846218021312
28.156231525601992
27.264151496161958
28.59960865273763
26.92995355491621
29.03577242559539
26.58156850562662
29.46312249833306
26.2183929077147
29.88000181730097
25.839902281934314
30.284698119150615
25.44565074112751
30.675444303803403
25.035270871264345
31.05041855765957
24.608473688372015
31.40774440005116
24.165048626369497
31.74549070173927
23.70486354036848
32.06167168898917
23.227864723283318
32.35424693965017
22.734076936986014
32.62112137106173
22.223603464295763
32.860145217150794
21.696626195614613
33.06911398970012
21.153405775767027
33.2457684116532
20.594281863641328
33.38779429916978
20.01967361636838
33.49282234037954
19.43008066065272
33.558427651869664
18.826085232846424
33.58212880159171
18.208357532141747
33.56138536327599
17.577671785537973
33.49359057880106
16.934970512755285
33.37604200202085
16.281814395434992
33.20573600542394
15.614328327445548
32.982133146422356
27.892812479360032
27.707174189382005
27.892812479360032
27.707174189382005
-0.41092684070206076
-35.4933627860234
-3.0906226177444296
-35.360934865517436
-5.898438598089992
-35.00222971230893
-8.800103304134439
-34.38758270895531
-11.752635861386509
-33.493629439616306
-14.705896234001905
-32.306102808655965
-17.605187340992433
-30.822151797323297
-20.394707164413948
-29.051739748360724
-23.021441744913368
-27.017788264664453
-25.43895446334641
-24.754944123153823
-27.610515590465727
-22.307108543182572
-29.511140157164775
-19.72410376551636
-31.128324485688008
-17.057991600490276
-32.46152240284899
-14.359569144581352
-33.52060947738277
-11.67546157517879
-34.32370150570944
-9.046058681859197
-34.894712828806725
-6.504358486721912
-35.26098232788152
-4.075633447883555
-35.451195852589166
-1.7777444557766753
-35.49372760672286
0.3781048907908904
-5.794379703070874
35.019606316823726
-8.422913592287138
34.48191104543866
-11.143731806371878
33.701111319307195
-13.918456720930237
32.65308906116345
-16.701058686007727
31.321275540680112
-19.439812922200524
29.699180734130117
-22.080223486273006
27.792290181359974
-24.568647641164603
25.61892300259668
-26.85616557619135
23.20978313713583
-28.90213857655384
20.606165301442154
-30.676927221472305
17.857037799623185
-32.163399591516274
15.015438370062029
-33.357100385391725
12.134723590077321
-34.2652012218116
9.265184723330702
-34.904541336376305
6.451407352343965
-35.299158098117104
3.730562999443105
-35.477698076926245
1.1316368194539432
-35.4710198809891
-1.324541932577736
-35.310188331905714
-3.6246741500485307
0.2860001411508222
-34.18588136612519
0.3055198506091301
-33.93409717123336
0.32537168559514384
-33.744666886499886
0.3456182674210595
-33.61510881786245
0.36633701316267775
-33.542941204964876
0.387605046821875
-33.52568233859802
0.40949543212062167
-33.560850588644
0.4320759233557965
-33.645964414705645
0.455408474630417
-33.77854236901288
0.4795490292542013
-33.95610309787446
0.5045474325688701
-34.176165342236175
0.5304474123901741
-34.436247936888805
0.5572866110789789
-34.73386980919088
0.5850966765564465
-35.06654997704905
0.6139034453291572
-35.4318075438004
0.6437272984122728
-35.82716169068411
0.6745838845319554
-36.25013165929707
0.7064857198507184
-36.69823671548971
0.739446194236649
-37.16899605625201
0.7734915963449396
-37.65992853352407
0.8087092202007398
-38.16855154559096
0.8455841200960492
-38.692373281082865
0.880499882196375
-39.22899634465685
0.26687038130415885
-34.5025002822139
1.131934624906762
-40.31372871303304
1.3542847841665093
-40.856389837459005
1.5825989566038174
-41.40139163924724
1.8167031182498476
-41.94625764215155
2.0564462553264207
-42.48851390774297
2.3016480766256677
-43.02569023854025
2.552085945784654
-43.55532047906544
2.8074905307355493
-44.07494261488179
3.0675440707129837
-44.582098810976646
3.33187959869025
-45.07433542857001
3.6000805671790204
-45.54920303033825
3.8716806688882457
-46.00425638077894
4.146163769094073
-46.43705444110691
4.422963922853285
-46.845160357459065
4.7014654874075745
-47.226141439183124
4.981003386134148
-47.5775691167928
5.2608636756932015
-47.89701885608346
5.540284823794309
-48.18206997112716
5.818460927352021
-48.430305152388314
6.094551388774562
-48.63930905465742
6.367719642498116
-48.80666264472478
6.637404271148853
-48.929903637308456
6.8996763713211635
-49.00705806103434
0.9161115492560441
-39.7758788494788
7.111652857221486
-49.043527228534145
7.061574635553939
-49.005599791658
7.0054889347277935
-48.924114214461866
6.943722556186174
-48.80117065742934
6.876653612902771
-48.63886170583788
6.804669561052265
-48.439278493890896
6.728156709553218
-48.204512235627334
6.647496725312465
-47.9366547350738
6.563065238033175
-47.637798590235775
6.475231209517631
-47.31003728455295
6.384356623409019
-46.955465232860575
6.290796325211943
-46.57617780520161
6.194897941241663
-46.174271338445465
6.097001846094656
-45.75184314195394
5.997441167857744
-45.31099149790737
5.896541834246648
-44.85381565611465
5.79462267918268
-44.382415821338384
5.691995659375834
-43.89889312693376
5.58896630173723
-43.40534958045251
5.4858346990218365
-42.90388794187467
5.382898008639643
-42.39661141736832
5.28045795839904
-41.885622740929904
5.178850878924436
-41.37302049744707
5.078657944700922
-40.860873382382835
4.977859087593799
-40.35156865080094
7.155741897005214
-49.03574591707519
4.964645420622276
-39.318868547394715
5.048638887391576
-38.80039111600098
5.130518976493477
-38.293692410520435
5.210633868002219
-37.800861754286615
5.289408967956319
-37.323977410148586
5.367314475952753
-36.865110550676775
5.4448572824589405
-36.4263262490926
5.522578274874377
-36.009683808768074
5.601051268698768
-35.617236892311354
5.680882533553358
-35.25103357812483
5.762710572324124
-34.913116384814884
5.847206025163928
-34.60552227915244
5.93507164838212
-34.330282673426154
6.027042353099034
-34.08942341176257
6.123885311389813
-33.88496474366545
6.22640016199847
-33.71892127626023
6.335419389988488
-33.59330188756837
6.451809046257438
-33.51010956483162
6.57647019710123
-33.471341078570845
6.710342122147608
-33.478986266037936
6.8544103162517445
-33.53502623762819
7.009730501954209
-33.641427995286705
7.177524686878769
-33.80012290669856
7.359853575665738
-34.01285602102368
-2.193268945611891
-34.81812866605702
13.715321840754996
-32.32157578924435
15.722804882149774
-31.39407143607218
17.697561758684515
-30.324752636961506
19.620943684312863
-29.11722657864894
21.474825233487877
-27.778160412210667
23.242243919510372
-26.317150534990276
24.907994835303384
-24.7464362682762
26.459137012250608
-23.08047623560455
27.88537646238325
-21.33541877363831
29.17930324166656
-19.5285067792247
30.33647435028729
-17.67746131914072
31.355348654615113
-15.79988688069892
32.23709227695872
-13.912735037446964
32.985281646028284
-12.031853948064168
33.605536002125234
-10.17164021705554
34.10511173349124
-8.344798879627575
34.492488192131304
-6.562207937198991
34.776969632138616
-4.832876772758311
28.217803277126166
20.893776415688052
29.426593490276048
19.153848444983623
30.553001438189767
17.3005322985546
31.58149400284634
15.342866461112692
32.49771460214032
13.292586668259531
33.2890606049433
11.163904278332495
33.945206863129044
8.973140237103905
34.45853366745678
6.738232126018403
34.82442434968192
4.478145085706643
35.041409276814875
2.212227517708868
35.111147505024064
-0.040442252631436304
35.038252698971064
-2.261672500253809
34.829983798161265
-4.434697657696688
34.49583143212965
-6.544610645519896
34.04703710110567
-8.578670021121667
33.496083385556744
-10.526476738357616
32.856190472002254
-12.380026751298459
32.140848192659064
-14.133654592914098
31.363404930172123
-15.783888807306312
30.536726447822616
-17.32924269973182
4.878494680450501
-39.84699652216449
32.03243146839236
24.197234891766442
-5.326612005234438
33.648028554911434
-4.695055592745376
33.3785479010825
-4.079767278363846
33.17069045804183
-3.477254894118829
33.02189346863179
-2.8841792997147024
32.92960414261859
-2.297368783724181
32.891277122260334
-1.713822659113589
32.90437384621916
-1.1307124558116186
32.96636233741418
-0.5453823894676191
33.07471711495373
0.04465043686207082
33.22691915160368
0.6416959484508311
33.42045584855194
1.2478910785573873
33.652821015015604
1.865199796263795
33.92151484674068
2.4954131886835853
34.22404389688748
3.140149627367805
34.55792102773265
3.800855092634265
34.920665325740885
4.478803832841436
35.30980193132169
5.17509982313635
35.72286166829187
5.890680418583628
36.157380116046966
6.62632731967787
36.61089483032819
7.382710439652556
37.08093422379514
8.160694984005858
37.564939735982136
8.957234433808622
38.06130676178205
-5.977980877848552
33.98172288376011
10.63392129273447
38.71435770288414
11.515071268878273
38.85584409242654
12.417342877064073
38.98908147375661
13.340000899282302
39.111704907783206
14.28219890047643
39.22142869426452
15.242931546743876
39.31605845507528
16.22102268697347
39.393494154255166
17.21512138215047
39.45173110219059
18.22370031994251
39.48886035449135
19.245055098412593
39.50306889040323
20.27730387322049
39.49263969585084
21.31838717655421
39.455951801005824
22.36606782705121
39.39148028923074
23.417930897852784
39.29779628181885
24.47138373586074
39.17356689312254
25.523656047463703
39.01755513420281
26.571800105127863
38.82861971048197
27.612691230142616
38.60571457206447
28.643029019089454
38.347887781078754
29.659341044480584
38.05427811242464
30.65799767446663
37.724101449349035
31.635315838418308
37.35655554886216
32.58615762788645
36.952106198039814
9.7748507311683
38.566981886096215
33.74046379365774
36.25595793991846
33.942136490262556
35.968467423389626
34.1131011423883
35.649665560681825
34.25418215609483
35.30178438482926
34.366266226761354
34.92699149064495
34.450286275111864
34.52740477726604
34.50721743124393
34.10509613380995
34.5380756961257
33.662092667824226
34.54391740659645
33.200377196506764
34.525838991971966
32.72188846885018
34.48497685357222
32.22852127644441
34.42250730077541
31.72212651176727
34.33964651546063
31.204511198985216
34.23765053352213
30.677438509717604
34.11781523711062
30.142627767697576
33.981476356011
29.601754443023992
33.830009480222884
29.056450132981524
33.66483009056162
28.50830251962074
33.487393625772484
27.958855280004826
33.2991956344041
27.409607884263238
33.10177215811916
26.86201508683979
32.89670088665173
26.3174853978808
32.68560578005406
25.77737496373382
32.47018943050273
25.24294472525429
32.251794596941465
24.71594086156321
33.50743338116473
36.50973744013126
31.581763645079377
23.95077644814154
31.139619617264145
23.70825883450763
30.70760219309858
23.471081613477878
30.287346144244395
23.24060138087674
29.880483255313152
23.018178033960965
29.48863733222379
22.805181379572048
29.113422955528847
22.602992784069613
28.756445067326013
22.413005721494812
28.419298807808104
22.23662598954394
28.103569444461073
22.075271804375802
27.810832340599234
21.930373842912786
27.54265294414671
21.803375258691688
27.300586789852844
21.695731681152353
27.08617951277091
21.60891119976236
26.900966876969164
21.54439433051482
26.746474827333316
21.50367395459554
26.624219582223702
21.48825520710298
26.535707808073255
21.49965526887928
26.482436968528418
21.5394029480114
26.465896094232733
21.609037759469885
26.487567706180528
21.710107623302804
26.548933585164264
21.844161959847952
26.65149784923733
22.012724073220568
26.796948490332113
22.217097838772986
-4.784118517849635
-34.557556662487826
-4.784118517849635
-34.557556662487826
-7.4767183048749075
-34.07654906036461
-10.237354478224802
-33.35129811208341
-13.02535946723691
-32.36437120079967
-15.794726169829346
-31.106898554725717
-18.496519772514233
-29.580251330556308
-21.081876457379565
-27.79688827026638
-23.50523542349532
-25.78015554956852
-25.727372213481885
-23.56299708150152
-27.71781769642189
-21.1857285600899
-29.45635820468462
-18.69319324757538
-30.933486308330004
-16.13170596329627
-32.14985781581785
-13.546185990771875
-33.114959943908616
-10.97779305631218
-33.8452783344091
-8.462248338371182
-34.362262084080214
-6.028885215267593
-34.69034190253592
-3.700363652271136
-34.85518214693198
-1.4929132520286714
-34.88226709123029
0.5830566438694689
-8.454632931827916
33.84718148475497
-10.955622367844
33.12230141471278
-13.516813787715762
32.162217857326084
-16.100743306327786
30.949613526789477
-18.664261050383715
29.4746988435339
-21.16051443695713
27.737071605294176
-23.54162372971257
25.746931169413642
-25.761784422915497
23.52536877120349
-27.78040975614101
21.103586099400104
-29.56488074576768
18.521078234336784
-31.092522664259917
15.82300688385024
-32.35156600406691
13.057131750824567
-33.34103707826469
10.270723393202047
-34.069705407248165
7.507841629737101
-34.55434627501148
4.80725139559911
-34.81763429890361
2.201102973897264
-34.88597033130395
-0.2856335366683709
-34.787480645171115
-2.6350906693572824
-34.550341758147596
-4.835948393964799
-34.20150036709856
-6.8825783768327256
9.67560524960777
-33.75169592404386
21.093756088164213
-28.69150258568024
21.32877789877954
-29.167935681596745
21.54354833057122
-29.62113403509933
21.73864078084507
-30.0514874656008
21.91462305469756
-30.459389545841162
22.07205743436204
-30.84523755042366
22.211500696171314
-31.209432443436754
22.33350411567555
-31.55237887457521
22.438613468957858
-31.87448517756458
22.52736903316544
-32.17616337039641
22.60030558581634
-32.457829155210135
22.657952403944826
-32.719901918771384
22.700833263040444
-32.962804733324646
22.729466435487
-33.18696435740736
22.74436468861006
-33.39281123690593
22.746035282440143
-33.58077950675258
22.734979966443333
-33.75130699254933
22.71169497539608
-33.904835212943354
22.676671024257185
-34.04180938342621
22.630393300216923
-34.162678420208096
22.573341452519674
-34.267894947188296
22.50598957690285
-34.35791530478244
22.428806193008946
-34.43319956393286
22.342254209346667
-34.49421154718296
22.246790867455026
-34.54141886232969
22.14286764930228
-34.575292958778675
22.030930115009376
-34.59630922533947
21.911417601972836
-34.60494717208033
21.784762623806117
-34.60169079455221
21.65138954718457
-34.587029373106304
21.511711285715197
-34.56145947316176
21.366119380990558
-34.525490944127114
21.21494432750624
-34.479670914779916
21.058177849585547
-34.424751762215806
20.89920409778711
-34.35943446141178
20.837903419735795
-28.191449043263432
20.34112457659053
-34.2820148439767
19.943985026465256
-34.27072749052377
19.545672790645455
-34.25195108575966
19.146763947686964
-34.22611630197795
18.747755492783043
-34.193698139853524
18.349107420519456
-34.155190476163455
17.95125324527334
-34.11109970151011
17.554603506910347
-34.06194259891137
17.159547172855795
-34.008245496363344
16.76645227428505
-33.95054388126283
16.375666223356554
-33.88938220798747
15.987515983194086
-33.825313795205005
15.602308163163748
-33.75890076667466
15.220329074544257
-33.690714016889814
14.841844762906288
-33.621333190304966
14.46710102554827
-33.55134666834502
14.096323418705804
-33.481351562556114
13.729717255610236
-33.411953711524916
13.367467595029868
-33.34376768160078
13.00973921728751
-33.27741677169399
12.656676581360784
-33.21353302410401
12.308403749673367
-33.15275724442975
11.965024253512027
-33.095739037754356
11.626620841237454
-33.04313687849529
11.293254972160781
-32.9956182497086
10.964965701829257
-32.95385995190543
10.641766893390525
-32.91854887535982
10.323638849977982
-32.89038431761594
10.010494843129983
-32.87008725668997
9.701946807544026
-32.85846526080891
9.40047117487078
-32.85553544801627
20.73614169493431
-34.28560496861482
9.150526293706633
-32.742780418984154
9.19950811364189
-32.6353095978873
9.251590471244874
-32.54065048152461
9.307109869031372
-32.45937427814698
9.366358427421702
-32.3920642762844
9.4296195182108
-32.33930597328029
9.497176674393543
-32.30168460608573
9.569316562301829
-32.27978432839802
9.646330172533418
-32.27418787995214
9.728513364176877
-32.285476435621746
9.816167140413178
-32.31422952894033
9.909597800996309
-32.36102500855597
10.009117035281307
-32.42643901241635
10.115041985122346
-32.511045948785835
10.22769529426153
-32.61541848144526
10.347405153832696
-32.74012751487888
10.474505352208908
-32.88574217802346
10.609335336988082
-33.052829802093925
10.752240301275549
-33.24195589145722
10.9035713109662
-33.45368407786904
11.063685504887275
-33.688576049966855
11.232946425005949
-33.94719143579189
11.41172459199035
-34.230087598411046
11.600398571966139
-34.53781925656648
11.799357108211595
-34.8709377261676
12.00900380967282
-35.22998925290281
12.229768870534613
-35.61551084325984
12.462144227807428
-36.02801775872217
12.70682418985976
-36.467953492221824
12.96568983371614
-36.93533960365406
18.658331173927102
-28.979309475729664
21.275408038124368
-33.525175834569296
23.944822714544486
-31.67374097097641
26.54152480732833
-29.531811031994835
29.0128578675355
-27.107830608251533
31.307025582145158
-24.422337134811357
33.37662868678798
-21.507697678546577
35.18204343230913
-18.40663526706038
36.69416291820228
-15.169667420873282
37.89611650095701
-11.851782822570186
38.783765557490824
-8.508814906264263
39.364994440740716
-5.193997940693521
39.65801226790778
-1.9551124995643363
39.68900717591744
1.1675235832522333
39.48953163483675
4.142136307354434
39.09395619570519
6.945717450037847
38.53723874285846
9.563557497260376
37.8531499382069
11.988304370639895
37.072999185530975
14.218759907850483
-4.153117548808908
39.488378246684846
-1.196228178968596
39.688152389237246
1.9167265054403089
39.659886049140624
5.152436012057606
39.3704559926492
8.468574692282814
38.79257202878799
11.815197560488798
37.90753894061305
15.137128107238084
36.70759804989342
18.377162771330703
35.19744721430081
21.47973618538488
33.394630336833245
24.394570465499086
31.328666325448268
27.079812924828502
29.039010552767934
29.504260033586007
26.572147858199486
31.648443912869354
23.97824847276044
33.50456761601235
21.30784716463708
35.07545952612533
18.608937125978457
36.37283517122317
15.924737471446974
37.415193727084144
13.292241356981123
38.22564808612101
10.741518995165904
38.829916989534226
8.295658413493044
39.25462255309485
5.9711816369571125
9.104014703487707
-32.862572915324336
-11.275774920915097
32.18211742985832
-34.61452281880413
6.7559432904649555
-34.6398278303206
7.554228171890202
-34.62200272006189
8.365891957798226
-34.56288430248652
9.189321512249478
-34.464274857736854
10.022952455344807
-34.32794200958658
10.865269871867639
-34.155618695657694
11.714808488198997
-33.94900315793804
12.570152730983125
-33.709758939157545
13.429936750160238
-33.43951488237038
14.292844429371058
-33.13986513070108
15.15760939060678
-32.8123691280378
16.023014996404072
-32.45855162030877
16.887894350765578
-32.07990265689408
17.7511302991509
-31.67787759248374
18.6116554278683
-31.25389708980201
19.46845206313219
-30.809347122591895
20.320552269309445
-30.345578979797747
21.167037846566558
-29.863909271732247
22.007040327985663
-29.36561993734032
22.839740974697094
-28.851958255798174
23.664370769903144
-28.32413686218461
24.48021040939028
-27.783333771578395
25.28659028793254
-27.2306924157106
26.082890478048995
-26.66732170146708
26.86854069612707
-26.094296108489935
27.643020246364756
-25.512655859209886
28.405857922260594
-24.923407234692036
29.15663182406385
-24.327523206533527
29.89496899440087
-23.725944825418686
30.62054461533873
-23.119584693734748
31.33308000307241
-22.509337381779165
32.032336590914156
-21.89612109204754
32.71809186161451
-21.28116930935192
33.38997087615738
-20.66211087941148
34.049710614078464
-34.54421719439679
5.972694242592411
-19.749250399979577
34.65399332255282
-19.45480213278134
34.6039073835272
-19.158701389138532
34.546416669503515
-18.861281729073568
34.48208424849304
-18.56292495095437
34.41144370806103
-18.264016898208386
34.335024683418254
-17.964936411884644
34.25335923977238
-17.66605164830423
34.166983998654416
-17.36771860725382
34.07644098908804
-17.070280463384233
33.982278033569514
-16.77406723282668
33.885048940819104
-16.479395595021153
33.78531360976612
-16.1865687917526
33.68363808756456
-15.895876568596822
33.58059460443306
-15.607595140581186
33.47676159464123
-15.321987172826496
33.37272370852085
-15.03930177223126
33.269071819450915
-14.75977448796143
33.16640302614405
-14.483627321292975
33.065320650985086
-14.211068747336888
32.966434233585005
-13.942293754839362
32.870359517965795
-13.67748391614263
32.77771842872377
-13.416807512448244
32.68913902722193
-13.160419769403362
32.60525543005798
-12.908463329673637
32.52670764324938
-12.661069294955276
32.4541411976783
-12.41835983239405
32.388206236043715
-12.180455995390489
32.32955477236848
-11.947509009512416
32.27882973097249
-11.719919275140136
32.2365882133185
-11.49537784097474
32.20433808852533
-20.042070225500705
34.69590323845736
-11.075876713524153
32.13118209367238
-10.881440893392174
32.091674779669574
-10.692137682673199
32.06437601381441
-10.50790448059729
32.049971595646184
-10.32871272952707
32.04913428216696
-10.154534608471614
32.062535457545124
-9.985334704287332
32.09084805014828
-9.821067233454215
32.134747506171806
-9.661674927898034
32.194912178817845
-9.507088525468212
32.27202350616952
-9.3572265112686
32.36676610102214
-9.211994973137777
32.47982779931431
-9.071287512944693
32.611899689995084
-8.934985184644852
32.76367613356348
-8.802956444336864
32.93585477626249
-8.675057102117563
33.12913656167197
-8.551130267860216
33.3442257428965
-8.431006281409502
33.58182989561823
-8.314502615332813
33.842659937384326
-8.201423729077618
34.12743015339362
-8.091560839832127
34.4368582380566
-7.9846915433559005
34.77166536240162
-7.880579152924753
35.13257629175095
-7.7789714735274345
35.52031960322688
-7.679598351884337
35.9356281198921
-7.582166288214012
36.37923986627587
-7.486344966893114
36.85190045577488
-7.391726850074733
37.35437025314084
-7.297665553730496
37.887453023072396
-7.20214448265844
38.45219646915484
16.680213689884127
-30.161302543919703
16.680213689884127
-30.161302543919703
14.560471794743776
-31.23982011792843
12.31143213211412
-32.19258204528495
9.949899225134644
-32.99898794350699
7.496818520657445
-33.64121597021105
4.976623089256407
-34.10523306640104
2.4162975296626996
-34.38161145342377
-0.15576854456427824
-34.46606209079563
-2.7110352095228265
-34.359627296854995
-5.222058448309074
-34.068516337646685
-7.663615088546802
-33.603611467529106
-10.013614516370701
-32.979709280155646
-12.253737913061538
-32.21458686750543
-14.369783108785587
-31.327991210617313
-16.351728010429103
-30.34064420804218
-18.193552571086887
-29.273338462313333
-19.89287572638371
-28.146175499003576
-21.450469554941396
-26.97797352950343
-22.86970998588782
-25.785850093557855
-34.270322108713685
3.6713379647023316
-34.43904921663935
1.3731674843034511
-34.45175459008989
-1.0051395675602066
-34.29405797780963
-3.4425698686717396
-33.95508955951976
-5.914862034827735
-33.42832069916891
-8.395300776003836
-32.71217363778108
-10.855754040034043
-31.810331146932516
-13.267875949395602
-30.73169882019832
-15.604370782273676
-29.49001421946971
-17.840200705752423
-28.10314075774686
-19.953625721565544
-26.592121490683578
-21.926987356013598
-24.98009203549245
-23.74718302840111
-23.29115918699279
-25.405818302353822
-21.54934301911919
-26.899061606873843
-19.777659239306022
-28.2272544697487
-17.997390995452594
-29.394346688485143
-16.22757099756858
-30.407230051501344
-14.48467024745614
-31.275038412582546
-12.782471526533566
-32.00846952853905
15.914622157101235
-36.37726217741212
3.59106177562556
3.6105249874346788
3.628017296878113
3.643684387877935
3.6576556972264465
3.670046903826264
3.6809619767503285
3.690494877833265
3.6987309887607487
3.7057483165849625
3.711618519759985
3.7164077878525132
3.720177601304799
3.72298539232476
3.724885123914306
3.725927800803745
3.726161923475423
3.7256338945136998
3.7243883847204406
3.7224686652408723
3.7199169106904
3.716774477501599
3.713082160766283
3.7088804323134106
3.704209662085786
3.6991103244166754
3.6936231902788794
3.6877895062380945
3.6816511603161928
3.675250834700004
3.6686321448140653
3.6618397639354647
3.654919532194092
3.6479185484974623
3.6408852436273755
3.633869432484844
3.626922343218221
3.6200966208429946
3.6134463027955683
3.6070267638580122
3.6008946279153076
3.595107644230066
3.5897245261429522
3.5848047506153935
3.5804083175360293
3.5765954685984758
3.573426366831469
3.5709607236594065
3.59106177562556
3.56820731613634
3.5679943393750224
3.568573210008191
3.5698935807729946
3.5719037047734448
3.5745507993134087
3.5777813881914597
3.5815416186753084
3.5857775502083573
3.5904354127585614
3.5954618336206816
3.600804032164482
3.606409982699491
3.612228546171015
3.6182095718416436
3.624303970346518
3.6304637599127254
3.6366420874469148
3.6427932264699625
3.6488725536892677
3.654836506306299
3.660642523574495
3.666248918515437
3.5692574466064153
3.676501521212326
3.6810639651026213
3.685263268317742
3.689060743756334
3.692417869866796
3.695296120212767
3.6976567792514548
3.699460743482817
3.700668306485172
3.701238925973969
3.7011309703913935
3.700301442036936
3.6987056729768515
3.696296989159547
3.693026337206773
3.6888418671149483
3.6836884626635342
3.6775072094735273
3.6702347884403066
3.6618027793772003
3.652136855981849
3.641155848276666
3.6287706402481876
3.614882839096905
3.599383966453231
3.671614945030684
3.5629693986622937
3.5629693986622937
3.5629693986622937
3.5629693986622937
3.5629693986622937
3.562969398662294
3.5629693986622937
3.5629693986622937
3.5629693986622937
3.5629693986622937
3.5629693986622946
3.5629693986622937
3.5629693986622946
3.5629693986622932
3.5629693986622937
3.5629693986622937
3.5629693986622932
3.5629693986622937
3.5629693986622946
3.5629693986622932
3.5629693986622937
3.5629693986622932
3.562969398662294
3.562969398662294
3.562969398662294
3.5629693986622937
3.5629693986622932
3.562969398662294
3.562969398662294
3.562969398662294
3.5629693986622937
3.5629693986622937
3.5629693986622937
3.5629693986622937
3.5629693986622937
3.5629693986622932
3.5629693986622932
3.5629693986622937
3.5629693986622932
3.5629693986622937
3.5910617756255605
3.609884239601418
3.6267621460334176
3.641841320857118
3.6552513153952084
3.667107914623292
3.6775151878981656
3.686567192174938
3.6943493992701537
3.7009399014171804
3.7064104372944975
3.7108272717112847
3.714251955338348
3.7167419855641857
3.718351385489494
3.7191312148291575
3.7191300239055023
3.7183942599702795
3.7169686332948144
3.7148964492732848
3.7122199115298566
3.708980400248951
3.705218729003602
3.700975382822711
3.696290739560173
3.691205276167032
3.6857597609392143
3.679995432472683
3.673954165531645
3.667678623765397
3.661212398792278
3.6546001348288244
3.6478876377074574
3.6411219668218324
3.634351508247116
3.6276260270115985
3.620996696254588
3.614516100879061
3.608238213141465
3.602218337615829
3.596513022994129
3.591179938408932
3.586277712189343
3.581865731475339
3.5780039016432506
3.574752365506757
3.5721711847861544
3.570319930297096
3.5910617756255605
3.560811223862162
3.553745371021108
3.54803950089253
3.543666861785271
3.540597700433905
3.5387993650029865
3.5382363996271278
3.5388706315165623
3.5406612533020456
3.543564903967586
3.547535752070577
3.552525584824778
3.558483906289473
3.565358047287273
3.573093288850292
3.58163299993214
3.590918789259279
3.6008906699322445
3.6114872346134455
3.6226458379959414
3.6343027822164435
3.6463934944752983
3.658852876557891
3.5692574466064158
3.6741963024889306
3.676627939205526
3.6788732695928803
3.680895857808036
3.682659246598984
3.6841267782437437
3.6852614031115727
3.6860254744530025
3.686380527862492
3.6862870435617663
3.685704189039476
3.6845895390863306
3.682898769489409
3.6805853198339804
3.6776000199003547
3.673890672906574
3.6694015874160804
3.664073047897954
3.657840711775538
3.6506349181122633
3.6423798900278777
3.63299281067183
3.6223827589943944
3.6104496085497892
3.5970789000807177
3.671614945030684
3.671614945030684
3.569412730782948
3.569412730782948
3.569412730782948
3.569412730782948
3.5694127307829486
3.5694127307829486
3.569412730782948
3.569412730782948
3.569412730782948
3.569412730782948
3.569412730782948
3.569412730782948
3.5694127307829486
3.569412730782948
3.569412730782948
3.5694127307829486
3.569412730782948
3.569412730782948
3.569412730782948
3.569412730782948
3.569412730782948
3.569412730782948
3.569412730782948
3.569412730782948
3.5694127307829486
3.569412730782948
3.569412730782948
3.5694127307829486
3.569412730782948
3.569412730782948
3.569412730782948
3.5694127307829486
3.569412730782948
3.569412730782948
3.569412730782948
3.5694127307829486
3.569412730782948
3.5694127307829486
3.5694127307829486
3.531847727292955
3.5244608534791895
3.5188688701780455
3.515028486309376
3.512886080308073
3.512378611028517
3.513434660336082
3.515975570222976
3.5199166361027343
3.525168319298646
3.5316374445318695
3.539228352413055
3.5478439820751717
3.5573868645907627
3.5677600133550493
3.578867703045958
3.5906161334026234
3.602913978356163
3.615672824206993
3.628807503240649
3.6422363305260905
3.655881249986837
3.6696680044999903
3.541061706129422
3.6970861095365626
3.7106123058820364
3.724044565192421
3.737326229533304
3.750403691130904
3.7632261848440853
3.7757455609782444
3.7879160462619765
3.799693996913159
3.811037646384542
3.821906849464188
3.8322628238396925
3.842067889551693
3.8512852062622422
3.8598785077828226
3.867811832796747
3.8750492502493192
3.881554577459092
3.8872910883015384
3.8922212081311707
3.89630618953388
3.8995057440207064
3.9017782176932356
3.68352583193312
3.9031127155557654
3.902210271976966
3.900418543039586
3.897775846262735
3.8943186757461667
3.8900820089989145
3.8850995910830934
3.8794041997519577
3.8730278949941623
3.866002255902996
3.8583586074200857
3.850128239032537
3.841342617165279
3.83203359272684
3.822233604893818
3.811975881933964
3.801294639563898
3.7902252770060585
3.77880457058546
3.7670708643285686
3.755064256655482
3.7428267819261545
3.7304025854059493
3.7178380930971415
3.705182070821023
3.9030854024718455
3.6796132215170263
3.66682484212138
3.6541806683008713
3.641743294873421
3.629578168128389
3.617753530144189
3.6063403071568967
3.5954119374022993
3.5850441326947053
3.5753145685421095
3.5663024985188736
3.558088290130331
3.5507528813304465
3.5443771591811988
3.5390412649878056
3.534823833301855
3.5318011755137904
3.530046422205098
3.529628641589238
3.5306119543321013
3.5330546670648206
3.537008447631542
3.5425175609757034
3.5496181379367737
3.552118269695604
3.558519336147278
3.5585193361472776
3.5585193361472776
3.558519336147278
3.558519336147277
3.558519336147277
3.558519336147277
3.5585193361472776
3.558519336147277
3.558519336147278
3.558519336147277
3.558519336147277
3.5585193361472776
3.558519336147278
3.558519336147278
3.558519336147277
3.558519336147277
3.5585193361472784
3.558519336147277
3.5585193361472784
3.558519336147278
3.5585193361472776
3.558519336147277
3.5585193361472784
3.5585193361472776
3.5585193361472784
3.558519336147278
3.558519336147277
3.558519336147277
3.558519336147278
3.5585193361472776
3.5585193361472776
3.558519336147278
3.558519336147277
3.558519336147278
3.558519336147278
3.558519336147277
3.5585193361472784
3.6924860534063115
3.6924860534063115
3.5283300923475402
3.5177095611431484
3.5091736859510787
3.502684469982432
3.498193109862009
3.495640885181018
3.494960177028498
3.4960755826369088
3.4989050888799618
3.5033612681092055
3.509352462422773
3.5167839265694116
3.52555890476021
3.5355796221064044
3.546748176877854
3.5589673251354204
3.5721411538244894
3.586175642534698
3.600979116840051
3.6164625971704116
3.6325400395800895
3.6491283740876685
3.6661503052272955
3.5410617061294225
3.6925787897191853
3.701948861203645
3.71158683340936
3.7214458192026454
3.7314811596860022
3.7416501641118405
3.751911821952009
3.7622265063732914
3.7725556761099717
3.782861579783242
3.7931069653028695
3.803254796158469
3.81326797551794
3.8231090783544293
3.8327400911457152
3.842122157981857
3.8512153312564648
3.8599783244902315
3.8683682638806047
3.8763404339894905
3.883848008351841
3.890841717347926
3.897270662787858
3.68352583193312
3.902515866528548
3.901063625841235
3.8987693528019203
3.8956715204908234
3.8918067596008528
3.8872101689422545
3.8819156004207716
3.8759559243895025
3.869363279230234
3.862169308204077
3.8544053861612975
3.846102838204828
3.8372931520558313
3.8280081855824695
3.8182803705783113
3.808142913590294
3.7976299942910883
3.7867769615571905
3.775620527085232
3.7641989559875912
3.7525522533946876
3.740722345590506
3.7287532530736835
3.716691246384409
3.7045851772739082
3.903085402471846
3.679748932649393
3.6670855066348746
3.654555478989152
3.642221425016233
3.630148777450885
3.618405767342932
3.607063311569346
3.596194840393253
3.585876058932001
3.576184637224553
3.5671998245831604
3.559001985450131
3.5516720559157084
3.5452909223843183
3.539938726724572
3.5356941052992954
3.5326333726065826
3.5308296637232286
3.5303520529290715
3.5312646689316827
3.533625829389742
3.5374872191872773
3.5428931383770355
3.5498798545298347
3.552118269695605
3.552118269695605
3.5521182696956046
3.5521182696956046
3.552118269695605
3.552118269695605
3.552118269695605
3.5521182696956046
3.5521182696956046
3.5521182696956055
3.5521182696956046
3.552118269695605
3.552118269695605
3.552118269695605
3.5521182696956046
3.5521182696956046
3.552118269695605
3.552118269695605
3.552118269695605
3.5521182696956046
3.552118269695605
3.5521182696956046
3.5521182696956046
3.5521182696956055
3.5521182696956055
3.5521182696956046
3.5521182696956055
3.5521182696956046
3.5521182696956046
3.552118269695605
3.552118269695605
3.552118269695605
3.552118269695605
3.552118269695605
3.5521182696956055
3.552118269695605
3.5521182696956055
3.552118269695605
3.552118269695605
3.552118269695605
3.5585193361472776
3.5726567653665207
3.587241634491131
3.6007852735136954
3.6133445935418185
3.6249716870062905
3.635714377606214
3.6456166963501753
3.6547192954624776
3.663059809806164
3.670673173818766
3.6775919005049067
3.6838463280157248
3.6894648384065376
3.694474052424329
3.698899003594975
3.7027632943853
3.7060892367683356
3.7088979792216508
3.7112096218935497
3.7130433213671457
3.7144173863713177
3.715349365477913
3.7158561277928617
3.7159539374452906
3.7156585226100995
3.7149851397063025
3.71394863329811
3.712563492197072
3.7108439021887003
3.708803795671125
3.7064568985043302
3.703816773963583
3.7008968623841425
3.6977105018582432
3.694271360555885
3.5569682980113204
3.6854357128159654
3.680130002502422
3.674689194007435
3.6691273996660194
3.663458850716859
3.6576979360338857
3.651859231870904
3.6459575285356225
3.640007855207784
3.634025503078116
3.628026046847071
3.6220253645091085
3.6160396552402703
3.610085455290035
3.604179651666211
3.5983394933963857
3.592582600180102
3.586926968166044
3.5813909726179403
3.5759933672033273
3.570753279647963
3.565690203469075
3.560823985506223
3.5561748090120324
3.551763171959039
3.547609860293655
3.5437359156283894
3.5401625962007564
3.536911326038688
3.5340035875900355
3.531462034987187
3.6905922298033635
3.526283442990473
3.5236257156638744
3.5213553922917793
3.5194940727905797
3.5180630322683553
3.517083131128999
3.5165747240248133
3.5165575670688534
3.5170507237843984
3.5180724706856816
3.5196402034290686
3.5217703445293904
3.524478253783861
3.527778142419968
3.53168299212042
3.5362044799588364
3.5413529103059513
3.547137154614052
3.55356460003758
3.5606411075458966
3.5683709802466543
3.5767569423537506
3.5858001291551758
3.5955000881184755
3.605854791099805
3.6168606574319226
3.6285125872890402
3.6408040040008327
3.6537269004238087
3.6672718518158036
3.539985345094267
3.6815067389779004
3.6815067389779004
3.681506738977901
3.6815067389779004
3.681506738977901
3.6815067389779004
3.681506738977901
3.6815067389779004
3.6815067389779004
3.681506738977901
3.6815067389779004
3.681506738977901
3.6815067389779004
3.6815067389779004
3.6815067389779004
3.681506738977901
3.681506738977901
3.681506738977901
3.681506738977901
3.681506738977901
3.681506738977901
3.6815067389779004
3.681506738977901
3.6815067389779004
3.681506738977901
3.6815067389779004
3.6815067389779004
3.681506738977901
3.6815067389779004
3.6815067389779004
3.6815067389779004
3.6815067389779004
3.6815067389779004
3.681506738977901
3.6815067389779004
3.681506738977901
3.681506738977901
3.681506738977901
3.5293067504508873
3.5293067504508873
3.562966444082451
3.5682352539712783
3.57286267436121
3.5769312090923386
3.580518370233294
3.583697028650599
3.586535678355821
3.5890986288461173
3.5914461383229273
3.5936344995910496
3.595716089458656
3.597739391801396
3.5997490037338546
3.601785633648377
3.603886099176164
3.6060833323182186
3.608406398046965
3.610880531706064
3.613527199415938
3.616364184447135
3.61940570142918
3.6226625389149625
3.6261422297761294
3.6298492477624085
3.6337852276671443
3.6379492057793303
3.6423378766992474
3.646945862281043
3.651765988335165
3.6567895648334976
3.662006666204168
3.667406410712724
3.672977250613911
3.6787074074106925
3.6845815407737215
3.5569682980113204
3.686037688937462
3.681297168898398
3.6763842232085557
3.671312592809322
3.6660961846854003
3.660749093443534
3.6552856271144956
3.649720332791788
3.644068021260201
3.638343790227882
3.6325630460124803
3.6267415235341027
3.6208953044011363
3.6150408329748482
3.609194930193821
3.603374804937678
3.597598062742147
3.5918827115989154
3.5862471646041394
3.5807102391911028
3.5752911526928006
3.57000951395362
3.564885310720858
3.559938892603766
3.555190949315089
3.5506624840777468
3.5463747821412333
3.542349374895991
3.538608002820032
3.535172607146088
3.5320645016185392
3.690592229803363
3.525965865315495
3.5230108109182647
3.520463436047265
3.518345385243537
3.5166779784925066
3.515482118533411
3.514778199096457
3.514586011863367
3.514924652305427
3.5158124252050325
3.5172667507704967
3.5193040723275
3.5219397667247208
3.5251880584676947
3.5290619387327333
3.533573090293807
3.5387318194215034
3.544546995661091
3.5510260004466496
3.5581746852057305
3.56599733967028
3.574496670822796
3.5836737928229927
3.5935282280313037
3.604057919045272
3.615259251394563
3.6271270859039633
3.639654797973847
3.652834311786861
3.6666560282825205
3.539985345094267
3.539985345094267
3.539985345094267
3.539985345094267
3.539985345094267
3.5399853450942675
3.539985345094267
3.539985345094267
3.5399853450942675
3.5399853450942675
3.5399853450942675
3.5399853450942675
3.539985345094267
3.5399853450942675
3.5399853450942675
3.5399853450942675
3.5399853450942675
3.5399853450942675
3.5399853450942675
3.539985345094267
3.539985345094267
3.5399853450942675
3.539985345094267
3.539985345094267
3.539985345094267
3.539985345094267
3.539985345094267
3.5399853450942675
3.5399853450942675
3.539985345094267
3.539985345094267
3.5399853450942675
3.539985345094267
3.5399853450942675
3.5399853450942675
3.539985345094267
3.5399853450942675
3.5399853450942675
3.539985345094267
3.539985345094267
3.6815067389779004
19.998090654779418
0.0
0.0
0.0
0.0
0.0
0.0
0.0
0.0
0.0
0.0
0.0
0.0
0.0
0.0
0.0
0.0
0.0
0.0
0.0
0.0
0.0
0.0
0.0
0.0
0.0
0.0
0.0
0.0
0.0
0.0
0.0
0.0
0.0
0.0
0.0
0.0
0.0
0.0
0.0
0.0
0.0
0.0
0.0
0.0
0.0
0.0
0.0
19.998090654779418
0.0
0.0
0.0
0.0
0.0
0.0
0.0
0.0
0.0
0.0
0.0
0.0
0.0
0.0
0.0
0.0
0.0
0.0
0.0
0.0
0.0
0.0
0.0
0.0
0.0
0.0
0.0
0.0
0.0
0.0
0.0
0.0
0.0
0.0
0.0
0.0
0.0
0.0
0.0
0.0
0.0
0.0
0.0
0.0
0.0
0.0
0.0
0.0
0.0
0.0
0.0
0.0
0.0
0.0
0.0
0.0
0.0
0.0
0.0
0.0
0.0
0.0
0.0
0.0
0.0
0.0
0.0
0.0
0.0
0.0
53.85212198864443
58.3081163816746
58.30811638167464
58.30811638167456
62.98691049435626
67.8996443126716
73.05801482190274
78.47430385659591
0.0
0.0
0.0
0.0
0.0
0.0
0.0
0.0
0.0
0.0
0.0
0.0
17.31853544184232
39.87909937587244
40.55788722924243
41.17410102275489
41.72996422387269
42.227684489601245
42.66945436437204
43.05745187599973
43.39384111111764
43.680772787477075
48.15177517470513
48.364923967471796
53.00877884724535
53.14093677914799
57.94767824442282
53.26805445663618
53.26799101848796
57.95016277430159
57.867606337714335
53.042953695269105
52.90117205427941
52.73007539504544
52.53209478909789
52.30965520315449
52.06517622484938
51.80107279045954
51.519755912604964
46.896497867898084
50.915110640069905
55.084465439015204
50.27047777902173
54.36873440930454
49.60507866020273
58.22963260959453
53.27891313645825
52.92178906764352
57.0694590597494
52.23251635145174
61.008311907551786
56.0077877105085
65.13555495620027
55.392951040320646
59.68314276127704
54.87940498149486
63.941041861092415
63.733472894750136
73.73338157370063
58.738291105289804
17.31853544184232
62.851120313568146
72.38722412578626
66.89343952214853
57.193414710198525
66.39747959949268
61.48276558899474
61.44816266179486
61.48714740747979
61.59734626594883
61.77646336231991
62.0222559943111
62.33251009305653
62.70501587845548
63.13754392504692
63.62782184346553
64.17351175961316
64.77218876267676
60.56169348305014
66.11824770250594
61.89365934040345
62.61937185234403
63.381080178145105
64.1757092871598
68.32794571012329
65.1679774591488
60.33427492183005
60.46989750448568
60.59232697701715
60.699269069757946
65.81835039094602
60.85742375045192
60.90394093281287
60.925568924011
60.919873606019365
60.884376528011956
60.81654956924854
60.71380967546671
60.57351367982737
60.392953221118574
55.427717891961244
59.89984977124374
59.58151992439571
54.54520625752242
58.78621142449566
58.30292710549235
57.75819363027232
57.148615755933974
56.47070557303715
55.72067760828121
64.999972548151
64.999972548151
0.0
0.0
0.0
0.0
0.0
0.0
0.0
0.0
0.0
0.0
0.0
0.0
0.0
0.0
0.0
0.0
0.0
0.0
0.0
0.0
41.98701058436364
41.98701058436363
41.98701058436363
41.98701058436362
41.987010584363624
41.9870105843636
41.98701058436361
41.987010584363595
49.928992670258744
49.928992670258744
58.685027919958074
68.33855678275165
73.53027169554674
84.70543804533807
0.0
0.0
0.0
0.0
0.0
1.3603464307958582
0.0
0.0
0.0
0.0
0.0
0.0
0.0
0.0
0.0
0.0
0.0
0.0
0.0
0.0
0.0
0.0
0.0
0.0
0.0
0.0
0.0
0.0
0.0
0.0
0.0
0.0
0.0
0.0
0.0
0.0
0.0
0.0
0.0
0.0
0.0
0.0
0.0
0.0
0.0
0.0
0.0
0.0
0.0
0.0
0.0
0.0
0.0
1.0
0.0
0.0
0.0
0.0
0.0
0.0
0.0
0.0
0.0
0.0
0.0
0.0
0.0
0.0
0.0
0.0
0.0
0.0
0.0
0.0
0.0
0.0
0.0
0.0
0.0
0.0
0.0
0.0
0.0
0.0
0.0
0.0
0.0
0.0
0.0
0.0
0.0
0.0
0.0
0.0
0.0
0.0
0.0
0.0
0.0
0.0
0.0
0.0
0.0
0.0
0.0
0.0
0.0
0.0
0.0
0.0
0.0
0.0
0.0
0.0
0.0
0.0
0.0
0.0
0.0
0.0
0.0
0.0
0.0
0.0
1.3527212857445603
1.3594701484802245
1.3783681441343383
1.4161641354425658
1.4224634673272702
1.4350621310966796
1.4665587905202024
1.521898284958394
0.0
0.0
0.0
0.0
0.0
0.0
0.0
0.0
0.0
0.0
0.0
0.0
1.3641000394499818
1.0395325950656615
1.0564751358080877
1.0734176765505141
1.0903602172929405
1.1073027580353667
1.1298928123586018
1.1637778938434546
1.180720434585881
1.5147114161343884
1.2202530296515424
1.3131461356620853
1.3668968771213659
1.5012737307695683
1.5281491014992086
1.5567768999176521
1.5680719270792696
1.5793669542408872
1.5906619814025047
1.607604522144931
1.6188995493065486
1.6301945764681662
1.641489603629784
1.6527846307914014
1.6697271715338275
1.6753746851146365
1.686669712276254
1.6979647394378716
1.7036122530186804
1.8222100382156647
1.8222100382156647
1.825033795006069
1.825033795006069
1.8278575517964735
1.8278575517964735
1.8278575517964735
1.8321611130015616
1.8321611130015616
1.83646467420665
1.83646467420665
1.8407682354117378
1.83646467420665
1.8407682354117378
1.8407682354117378
1.705457321417298
1.705457321417298
1.705457321417298
1.7018581246239861
1.0037536086541234
1.6982589278306741
0.9280160641337631
0.9280160641337631
1.6910605342440506
1.6874613374507388
0.9280160641337631
1.1655630524923446
1.0071983935866238
1.0287935743464947
1.043190361519742
0.9280160641337631
1.0791823294528604
1.093579116626108
1.1079759037993553
1.1223726909726026
1.13676947814585
1.1511662653190973
1.1727614460789684
1.179959839665592
1.1943566268388395
1.2087534140120868
1.2159518075987104
1.2303485947719577
1.7018581246239861
1.2375469883585815
1.2519437755318288
1.2591421691184526
1.2591421691184526
1.2591421691184526
1.2807373498783234
1.2735389562916999
1.2663405627050761
1.2807373498783234
1.2735389562916999
1.2735389562916999
1.2807373498783234
1.2807373498783234
1.2807373498783234
1.2879357434649472
1.295134137051571
1.2879357434649472
1.3023325306381945
1.3023325306381945
1.3095309242248183
1.3095309242248183
1.3095309242248183
1.3095309242248183
1.3095309242248183
1.3095309242248183
1.2375469883585815
1.2375469883585815
0.0
0.0
0.0
0.0
0.0
0.0
0.0
0.0
0.0
0.0
0.0
0.0
0.0
0.0
0.0
0.0
0.0
0.0
0.0
0.0
1.1976629753283072
1.709259766599489
0.9294060802398902
0.9294060802398902
1.7205547937611065
0.9294060802398902
1.7290260641323199
1.7318498209227242
1.7346735777131286
1.7403210912939375
1.743144848084342
1.7459686048747463
1.7487923616651506
1.751616118455555
0.0
0.0
0.0
0.0
0.0
