19.998090654779418
0.0
0.0
0.0
0.0
0.0
0.0
0.0
0.0
0.0
0.0
0.0
0.0
0.0
0.0
0.0
0.0
0.0
0.0
0.0
0.0
0.0
0.0
0.0
0.0
0.0
0.0
0.0
0.0
0.0
0.0
0.0
0.0
0.0
0.0
0.0
0.0
0.0
0.0
0.0
0.0
0.0
0.0
0.0
0.0
0.0
0.0
0.0
19.998090654779418
0.0
0.0
0.0
0.0
0.0
0.0
0.0
0.0
0.0
0.0
0.0
0.0
0.0
0.0
0.0
0.0
0.0
0.0
0.0
0.0
0.0
0.0
0.0
0.0
0.0
0.0
0.0
0.0
0.0
0.0
0.0
0.0
0.0
0.0
0.0
0.0
0.0
0.0
0.0
0.0
0.0
0.0
0.0
0.0
0.0
0.0
0.0
0.0
0.0
0.0
0.0
0.0
0.0
0.0
0.0
0.0
0.0
0.0
0.0
0.0
0.0
0.0
0.0
0.0
0.0
0.0
0.0
0.0
0.0
0.0
53.85212198864443
58.3081163816746
58.30811638167464
58.30811638167456
62.98691049435626
67.8996443126716
73.05801482190274
78.47430385659591
0.0
0.0
0.0
0.0
0.0
0.0
0.0
0.0
0.0
0.0
0.0
0.0
17.31853544184232
39.87909937587244
40.55788722924243
41.17410102275489
41.72996422387269
42.227684489601245
42.66945436437204
43.05745187599973
43.39384111111764
43.680772787477075
48.15177517470513
48.364923967471796
53.00877884724535
53.14093677914799
57.94767824442282
53.26805445663618
53.26799101848796
57.95016277430159
57.867606337714335
53.042953695269105
52.90117205427941
52.73007539504544
52.53209478909789
52.30965520315449
52.06517622484938
51.80107279045954
51.519755912604964
46.896497867898084
50.915110640069905
55.084465439015204
50.27047777902173
54.36873440930454
49.60507866020273
58.22963260959453
53.27891313645825
52.92178906764352
57.0694590597494
52.23251635145174
61.008311907551786
56.0077877105085
65.13555495620027
55.392951040320646
59.68314276127704
54.87940498149486
63.941041861092415
63.733472894750136
73.73338157370063
58.738291105289804
17.31853544184232
62.851120313568146
72.38722412578626
66.89343952214853
57.193414710198525
66.39747959949268
61.48276558899474
61.44816266179486
61.48714740747979
61.59734626594883
61.77646336231991
62.0222559943111
62.33251009305653
62.70501587845548
63.13754392504692
63.62782184346553
64.17351175961316
64.77218876267676
60.56169348305014
66.11824770250594
61.89365934040345
62.61937185234403
63.381080178145105
64.1757092871598
68.32794571012329
65.1679774591488
60.33427492183005
60.46989750448568
60.59232697701715
60.699269069757946
65.81835039094602
60.85742375045192
60.90394093281287
60.925568924011
60.919873606019365
60.884376528011956
60.81654956924854
60.71380967546671
60.57351367982737
60.392953221118574
55.427717891961244
59.89984977124374
59.58151992439571
54.54520625752242
58.78621142449566
58.30292710549235
57.75819363027232
57.148615755933974
56.47070557303715
55.72067760828121
64.999972548151
64.999972548151
0.0
0.0
0.0
0.0
0.0
0.0
0.0
0.0
0.0
0.0
0.0
0.0
0.0
0.0
0.0
0.0
0.0
0.0
0.0
0.0
41.98701058436364
41.98701058436363
41.98701058436363
41.98701058436362
41.987010584363624
41.9870105843636
41.98701058436361
41.987010584363595
49.928992670258744
49.928992670258744
58.685027919958074
68.33855678275165
73.53027169554674
84.70543804533807
0.0
0.0
0.0
0.0
0.0
