1.3603464307958582
0.0
0.0
0.0
0.0
0.0
0.0
0.0
0.0
0.0
0.0
0.0
0.0
0.0
0.0
0.0
0.0
0.0
0.0
0.0
0.0
0.0
0.0
0.0
0.0
0.0
0.0
0.0
0.0
0.0
0.0
0.0
0.0
0.0
0.0
0.0
0.0
0.0
0.0
0.0
0.0
0.0
0.0
0.0
0.0
0.0
0.0
0.0
1.0
0.0
0.0
0.0
0.0
0.0
0.0
0.0
0.0
0.0
0.0
0.0
0.0
0.0
0.0
0.0
0.0
0.0
0.0
0.0
0.0
0.0
0.0
0.0
0.0
0.0
0.0
0.0
0.0
0.0
0.0
0.0
0.0
0.0
0.0
0.0
0.0
0.0
0.0
0.0
0.0
0.0
0.0
0.0
0.0
0.0
0.0
0.0
0.0
0.0
0.0
0.0
0.0
0.0
0.0
0.0
0.0
0.0
0.0
0.0
0.0
0.0
0.0
0.0
0.0
0.0
0.0
0.0
0.0
0.0
0.0
1.3527212857445603
1.3594701484802245
1.3783681441343383
1.4161641354425658
1.4224634673272702
1.4350621310966796
1.4665587905202024
1.521898284958394
0.0
0.0
0.0
0.0
0.0
0.0
0.0
0.0
0.0
0.0
0.0
0.0
1.3641000394499818
1.0395325950656615
1.0564751358080877
1.0734176765505141
1.0903602172929405
1.1073027580353667
1.1298928123586018
1.1637778938434546
1.180720434585881
1.5147114161343884
1.2202530296515424
1.3131461356620853
1.3668968771213659
1.5012737307695683
1.5281491014992086
1.5567768999176521
1.5680719270792696
1.5793669542408872
1.5906619814025047
1.607604522144931
1.6188995493065486
1.6301945764681662
1.641489603629784
1.6527846307914014
1.6697271715338275
1.6753746851146365
1.686669712276254
1.6979647394378716
1.7036122530186804
1.8222100382156647
1.8222100382156647
1.825033795006069
1.825033795006069
1.8278575517964735
1.8278575517964735
1.8278575517964735
1.8321611130015616
1.8321611130015616
1.83646467420665
1.83646467420665
1.8407682354117378
1.83646467420665
1.8407682354117378
1.8407682354117378
1.705457321417298
1.705457321417298
1.705457321417298
1.7018581246239861
1.0037536086541234
1.6982589278306741
0.9280160641337631
0.9280160641337631
1.6910605342440506
1.6874613374507388
0.9280160641337631
1.1655630524923446
1.0071983935866238
1.0287935743464947
1.043190361519742
0.9280160641337631
1.0791823294528604
1.093579116626108
1.1079759037993553
1.1223726909726026
1.13676947814585
1.1511662653190973
1.1727614460789684
1.179959839665592
1.1943566268388395
1.2087534140120868
1.2159518075987104
1.2303485947719577
1.7018581246239861
1.2375469883585815
1.2519437755318288
1.2591421691184526
1.2591421691184526
1.2591421691184526
1.2807373498783234
1.2735389562916999
1.2663405627050761
1.2807373498783234
1.2735389562916999
1.2735389562916999
1.2807373498783234
1.2807373498783234
1.2807373498783234
1.2879357434649472
1.295134137051571
1.2879357434649472
1.3023325306381945
1.3023325306381945
1.3095309242248183
1.3095309242248183
1.3095309242248183
1.3095309242248183
1.3095309242248183
1.3095309242248183
1.2375469883585815
1.2375469883585815
0.0
0.0
0.0
0.0
0.0
0.0
0.0
0.0
0.0
0.0
0.0
0.0
0.0
0.0
0.0
0.0
0.0
0.0
0.0
0.0
1.1976629753283072
1.709259766599489
0.9294060802398902
0.9294060802398902
1.7205547937611065
0.9294060802398902
1.7290260641323199
1.7318498209227242
1.7346735777131286
1.7403210912939375
1.743144848084342
1.7459686048747463
1.7487923616651506
1.751616118455555
0.0
0.0
0.0
0.0
0.0
