33.9698994794 0.44372428836
36.3507079682 8.62549184739
38.736651771 8.85577376967
41.127562413 9.13230177565
43.523271419 9.45280758583
45.923610314 9.81502292067
48.3284106229 10.2166795007
50.7375038707 10.6555090463
53.1507215824 11.129243278
55.5678952828 11.6356139163
57.988856497 12.1723526816
60.4134367498 12.7371912945
62.8414675663 13.3278614754
65.2727804714 13.9420949447
67.70720699 14.5776234231
70.1445786471 15.2321786308
72.5847269676 15.9034922885
75.0274834764 16.5892961166
77.4726796986 17.2873218355
79.9201471591 17.9953011658
82.3697173828 18.7109658279
84.8212218947 19.4320475423
87.2744922197 20.1562780295
89.7293598828 20.8813890099
92.1856564089 21.605112204
94.6432133229 22.3251793324
97.1018621499 23.0393221155
99.5614344147 23.7452722737
102.021761642 24.4407615275
104.482675358 25.1235215975
106.944007086 25.791284204
109.405588352 26.4417810677
111.86725068 27.0727439088
114.328825596 27.681904448
116.790144625 28.2669944057
119.251039291 28.8257455024
121.711341119 29.3558894585
124.170881635 29.8551579945
126.629492363 30.321282831
129.087004828 30.7519956883
131.543250555 31.145028287
133.99806107 31.4981123475
136.451267897 31.8089795904
138.902702561 32.075361736
141.352196586 32.2949905049
143.799581499 32.4655976176
146.244688824 32.5849147945
148.687350085 32.650673756
151.127396809 32.6606062228
153.564660519 32.6124439152
155.99897656 32.5039887182
158.430291709 32.3350896955
160.858679109 32.107917438
163.284218726 31.8247678429
165.706990524 31.4879368074
168.127074466 31.0997202287
170.544550517 30.662414004
172.959498642 30.1783140305
175.371998805 29.6497162054
177.78213097 29.0789164258
180.189975101 28.468210589
182.595611164 27.8198945922
184.999119122 27.1362643325
187.40057894 26.4196157071
189.800070582 25.6722446133
192.197674012 24.8964469482
194.593469195 24.094518609
196.987536095 23.2687554929
199.379954677 22.4214534971
201.770804905 21.5549085189
204.160166743 20.6714164553
206.548120155 19.7732732036
208.934745107 18.862774661
211.320121562 17.9422167247
213.704329485 17.0138952918
216.087448839 16.0801062596
218.469559591 15.1431455252
220.850741703 14.2053089859
223.23107514 13.2688925388
225.610639866 12.3361920812
227.989515847 11.4095035101
230.367783046 10.4911227229
232.745521427 9.58334561674
235.122810956 8.68846808874
237.499731596 7.80878603614
239.876363311 6.94659535612
242.252786067 6.10419194589
244.629079827 5.28387170264
247.005324556 4.48793052355
249.381600218 3.71866430583
251.757986777 2.97836894666
254.134564199 2.26934034324
256.511412447 1.59387439276
258.888611485 0.954266992412
261.266241278 0.352814039393
263.644381791 -0.208188569105
266.023112987 -0.726444935891
268.402514832 -1.19965916377
270.782667289 -1.62553535555
273.163650323 -2.00177761403
275.54554389 -2.32609004203
