200.567563888 10.301981765
202.648490506 210.491734625
204.730784475 210.662893263
206.814309325 210.815536492
208.898928582 210.949743129
210.984505775 211.065591988
213.070904431 211.163161884
215.157988078 211.242531631
217.245620244 211.303780046
219.333664457 211.346985942
221.421984244 211.372228135
223.510443134 211.379585439
225.598904653 211.369136671
227.687232331 211.340960643
229.775289694 211.295136173
231.862940271 211.231742073
233.950047589 211.15085716
236.036475177 211.052560249
238.122086561 210.936930153
240.20674527 210.804045689
242.290314832 210.653985671
244.372658774 210.486828914
246.453640624 210.302654233
248.53312391 210.101540443
250.61097216 209.883566359
252.687048902 209.648810796
254.761217663 209.397352568
256.833341971 209.129270491
258.903285355 208.84464338
260.970911341 208.543550049
263.036083457 208.226069314
265.098665232 207.89227999
267.158520194 207.542260891
269.215511869 207.176090832
271.269503786 206.793848628
273.320359473 206.395613095
275.367942457 205.981463047
277.412116267 205.551477299
279.45274443 205.105734666
281.489690473 204.644313963
283.522817925 204.167294005
285.551990314 203.674753607
287.577071167 203.166771584
289.597924012 202.64342675
291.614412377 202.104797922
293.626399789 201.550963912
295.633749777 200.982003538
297.636325869 200.397995613
299.633991591 199.799018952
301.626641514 199.185196995
303.614373624 198.55694561
305.597367818 197.914798419
307.575804219 197.259289364
309.549862948 196.590952389
311.519724126 195.910321439
313.485567876 195.217930456
315.44757432 194.514313385
317.405923579 193.800004169
319.360795774 193.075536751
321.312371029 192.341445077
323.260829464 191.598263088
325.206351202 190.846524729
327.149116363 190.086763943
329.089305071 189.319514675
331.027097446 188.545310868
332.962673611 187.764686465
334.896213687 186.97817541
336.827897796 186.186311647
338.75790606 185.38962912
340.686418601 184.588661771
342.61361554 183.783943546
344.539677 182.976008388
346.464783101 182.165390239
348.389113967 181.352623045
350.312849718 180.538240748
352.236170476 179.722777292
354.159256364 178.906766622
356.082287502 178.09074268
358.005444014 177.27523941
359.92890602 176.460790756
361.852853642 175.647930662
363.777467002 174.837193071
365.702926223 174.029111928
367.629411425 173.224221175
369.55710273 172.423054756
371.486180261 171.626146615
373.416824139 170.834030696
375.349214486 170.047240943
377.283531424 169.266311298
379.219955074 168.491775707
381.158665558 167.724168111
383.099842999 166.964022456
385.043667517 166.211872685
386.990319235 165.468252741
388.939978274 164.733696568
390.892824756 164.00873811
392.849038804 163.29391131
394.808800538 162.589750113
396.772290081 161.896788461
398.739687554 161.215560299
400.71117307 160.54659957
