-20.0036940036 40.137714318
-19.3432627948 141.208312827
-18.6705044898 142.262659994
-17.9855779008 143.300927331
-17.2886418405 144.323286349
-16.5798551212 145.329908563
-15.8593765553 146.320965485
-15.1273649553 147.296628627
-14.3839791336 148.257069502
-13.6293779027 149.202459622
-12.8637200749 150.132970501
-12.0871644626 151.04877365
-11.2998698784 151.950040583
-10.5019951347 152.836942812
-9.69369904381 153.70965185
-8.87514041823 154.568339209
-8.04647807039 155.413176403
-7.2078708127 156.244334943
-6.35947745761 157.061986342
-5.50145681754 157.866302114
-4.63396770491 158.657453769
-3.75716893216 159.435612823
-2.87121931172 160.200950786
-1.97627765602 160.953639171
-1.07250277747 161.693849492
-0.160053488522 162.421753261
0.760911398407 163.13752199
1.69023307088 163.841327192
2.62775271648 164.53334038
3.57331152277 165.213733066
4.52675067733 165.882676763
5.48791136771 166.540342984
6.4566347815 167.186903242
7.43276210627 167.822529048
8.41613452959 168.447391915
9.40659323902 169.061663357
10.4039794221 169.665514886
11.4081342665 170.259118014
12.4188989597 170.842644255
13.4361146894 171.41626512
14.4596226429 171.980152122
15.4892640081 172.534476775
16.5248799723 173.07941059
17.5663117233 173.61512508
18.6134004485 174.141791759
19.6659873355 174.659582138
20.7239135719 175.16866773
21.7870203453 175.669220049
22.8551488432 176.161410605
23.9281402533 176.645410913
25.005835763 177.121392485
26.08807656 177.589526833
27.1747038318 178.04998547
28.265558766 178.502939909
29.3604825502 178.948561663
30.459316372 179.387022243
31.5619014188 179.818493163
32.6680788783 180.243145935
33.7776899381 180.661152072
34.8905757857 181.072683087
36.0065776087 181.477910491
37.1255365946 181.877005799
38.2472939311 182.270140522
39.3716908057 182.657486174
40.498568406 183.039214266
41.6277679195 183.415496311
42.7591305339 183.786503822
43.8924974366 184.152408312
45.0277098153 184.513381294
46.1646088576 184.869594279
47.303035751 185.221218781
48.442831683 185.568426312
49.5838378413 185.911388385
50.7258954134 186.250276513
51.8688455869 186.585262208
53.0125295493 186.916516982
54.1567884883 187.244212349
55.3014635914 187.568519821
56.4463960461 187.88961091
57.5914270402 188.20765713
58.736397761 188.522829993
59.8811493962 188.835301012
61.0255231334 189.145241699
62.1693601601 189.452823567
63.3125016639 189.758218128
64.4547888324 190.061596895
65.5960628531 190.363131382
66.7361649136 190.6629931
67.8749362015 190.961353561
69.0122179044 191.25838428
70.1478512098 191.554256768
71.2816773053 191.849142538
72.4135373785 192.143213103
73.5432726169 192.436639975
74.6707242082 192.729594666
75.7957333398 193.022248691
76.9181411994 193.314773561
78.0377889745 193.607340788
79.1545178527 193.900121886
80.2681690215 194.193288367
81.378583668 194.487011744
