21.093756088164213 -28.69150258568024
21.32877789877954 -29.167935681596745
21.54354833057122 -29.62113403509933
21.73864078084507 -30.0514874656008
21.91462305469756 -30.459389545841162
22.07205743436204 -30.84523755042366
22.211500696171314 -31.209432443436754
22.33350411567555 -31.55237887457521
22.438613468957858 -31.87448517756458
22.52736903316544 -32.17616337039641
22.60030558581634 -32.457829155210135
22.657952403944826 -32.719901918771384
22.700833263040444 -32.962804733324646
22.729466435487 -33.18696435740736
22.74436468861006 -33.39281123690593
22.746035282440143 -33.58077950675258
22.734979966443333 -33.75130699254933
22.71169497539608 -33.904835212943354
22.676671024257185 -34.04180938342621
22.630393300216923 -34.162678420208096
22.573341452519674 -34.267894947188296
22.50598957690285 -34.35791530478244
22.428806193008946 -34.43319956393286
22.342254209346667 -34.49421154718296
22.246790867455026 -34.54141886232969
22.14286764930228 -34.575292958778675
22.030930115009376 -34.59630922533947
21.911417601972836 -34.60494717208033
21.784762623806117 -34.60169079455221
21.65138954718457 -34.587029373106304
21.511711285715197 -34.56145947316176
21.366119380990558 -34.525490944127114
21.21494432750624 -34.479670914779916
21.058177849585547 -34.424751762215806
20.89920409778711 -34.35943446141178
20.837903419735795 -28.191449043263432
20.34112457659053 -34.2820148439767
19.943985026465256 -34.27072749052377
19.545672790645455 -34.25195108575966
19.146763947686964 -34.22611630197795
18.747755492783043 -34.193698139853524
18.349107420519456 -34.155190476163455
17.95125324527334 -34.11109970151011
17.554603506910347 -34.06194259891137
17.159547172855795 -34.008245496363344
16.76645227428505 -33.95054388126283
16.375666223356554 -33.88938220798747
15.987515983194086 -33.825313795205005
15.602308163163748 -33.75890076667466
15.220329074544257 -33.690714016889814
14.841844762906288 -33.621333190304966
14.46710102554827 -33.55134666834502
14.096323418705804 -33.481351562556114
13.729717255610236 -33.411953711524916
13.367467595029868 -33.34376768160078
13.00973921728751 -33.27741677169399
12.656676581360784 -33.21353302410401
12.308403749673367 -33.15275724442975
11.965024253512027 -33.095739037754356
11.626620841237454 -33.04313687849529
11.293254972160781 -32.9956182497086
10.964965701829257 -32.95385995190543
10.641766893390525 -32.91854887535982
10.323638849977982 -32.89038431761594
10.010494843129983 -32.87008725668997
9.701946807544026 -32.85846526080891
9.40047117487078 -32.85553544801627
20.73614169493431 -34.28560496861482
9.150526293706633 -32.742780418984154
9.19950811364189 -32.6353095978873
9.251590471244874 -32.54065048152461
9.307109869031372 -32.45937427814698
9.366358427421702 -32.3920642762844
9.4296195182108 -32.33930597328029
9.497176674393543 -32.30168460608573
9.569316562301829 -32.27978432839802
9.646330172533418 -32.27418787995214
9.728513364176877 -32.285476435621746
9.816167140413178 -32.31422952894033
9.909597800996309 -32.36102500855597
10.009117035281307 -32.42643901241635
10.115041985122346 -32.511045948785835
10.22769529426153 -32.61541848144526
10.347405153832696 -32.74012751487888
10.474505352208908 -32.88574217802346
10.609335336988082 -33.052829802093925
10.752240301275549 -33.24195589145722
10.9035713109662 -33.45368407786904
11.063685504887275 -33.688576049966855
11.232946425005949 -33.94719143579189
11.41172459199035 -34.230087598411046
11.600398571966139 -34.53781925656648
11.799357108211595 -34.8709377261676
12.00900380967282 -35.22998925290281
12.229768870534613 -35.61551084325984
12.462144227807428 -36.02801775872217
12.70682418985976 -36.467953492221824
12.96568983371614 -36.93533960365406
18.658331173927102 -28.979309475729664
21.275408038124368 -33.525175834569296
23.944822714544486 -31.67374097097641
26.54152480732833 -29.531811031994835
29.0128578675355 -27.107830608251533
31.307025582145158 -24.422337134811357
33.37662868678798 -21.507697678546577
35.18204343230913 -18.40663526706038
36.69416291820228 -15.169667420873282
37.89611650095701 -11.851782822570186
38.783765557490824 -8.508814906264263
39.364994440740716 -5.193997940693521
39.65801226790778 -1.9551124995643363
39.68900717591744 1.1675235832522333
39.48953163483675 4.142136307354434
39.09395619570519 6.945717450037847
38.53723874285846 9.563557497260376
37.8531499382069 11.988304370639895
37.072999185530975 14.218759907850483
-4.153117548808908 39.488378246684846
-1.196228178968596 39.688152389237246
1.9167265054403089 39.659886049140624
5.152436012057606 39.3704559926492
8.468574692282814 38.79257202878799
11.815197560488798 37.90753894061305
15.137128107238084 36.70759804989342
18.377162771330703 35.19744721430081
21.47973618538488 33.394630336833245
24.394570465499086 31.328666325448268
27.079812924828502 29.039010552767934
29.504260033586007 26.572147858199486
31.648443912869354 23.97824847276044
33.50456761601235 21.30784716463708
35.07545952612533 18.608937125978457
36.37283517122317 15.924737471446974
37.415193727084144 13.292241356981123
38.22564808612101 10.741518995165904
38.829916989534226 8.295658413493044
39.25462255309485 5.9711816369571125
9.104014703487707 -32.862572915324336
-11.275774920915097 32.18211742985832
-34.61452281880413 6.7559432904649555
-34.6398278303206 7.554228171890202
-34.62200272006189 8.365891957798226
-34.56288430248652 9.189321512249478
-34.464274857736854 10.022952455344807
-34.32794200958658 10.865269871867639
-34.155618695657694 11.714808488198997
-33.94900315793804 12.570152730983125
-33.709758939157545 13.429936750160238
-33.43951488237038 14.292844429371058
-33.13986513070108 15.15760939060678
-32.8123691280378 16.023014996404072
-32.45855162030877 16.887894350765578
-32.07990265689408 17.7511302991509
-31.67787759248374 18.6116554278683
-31.25389708980201 19.46845206313219
-30.809347122591895 20.320552269309445
-30.345578979797747 21.167037846566558
-29.863909271732247 22.007040327985663
-29.36561993734032 22.839740974697094
-28.851958255798174 23.664370769903144
-28.32413686218461 24.48021040939028
-27.783333771578395 25.28659028793254
-27.2306924157106 26.082890478048995
-26.66732170146708 26.86854069612707
-26.094296108489935 27.643020246364756
-25.512655859209886 28.405857922260594
-24.923407234692036 29.15663182406385
-24.327523206533527 29.89496899440087
-23.725944825418686 30.62054461533873
-23.119584693734748 31.33308000307241
-22.509337381779165 32.032336590914156
-21.89612109204754 32.71809186161451
-21.28116930935192 33.38997087615738
-20.66211087941148 34.049710614078464
-34.54421719439679 5.972694242592411
-19.749250399979577 34.65399332255282
-19.45480213278134 34.6039073835272
-19.158701389138532 34.546416669503515
-18.861281729073568 34.48208424849304
-18.56292495095437 34.41144370806103
-18.264016898208386 34.335024683418254
-17.964936411884644 34.25335923977238
-17.66605164830423 34.166983998654416
-17.36771860725382 34.07644098908804
-17.070280463384233 33.982278033569514
-16.77406723282668 33.885048940819104
-16.479395595021153 33.78531360976612
-16.1865687917526 33.68363808756456
-15.895876568596822 33.58059460443306
-15.607595140581186 33.47676159464123
-15.321987172826496 33.37272370852085
-15.03930177223126 33.269071819450915
-14.75977448796143 33.16640302614405
-14.483627321292975 33.065320650985086
-14.211068747336888 32.966434233585005
-13.942293754839362 32.870359517965795
-13.67748391614263 32.77771842872377
-13.416807512448244 32.68913902722193
-13.160419769403362 32.60525543005798
-12.908463329673637 32.52670764324938
-12.661069294955276 32.4541411976783
-12.41835983239405 32.388206236043715
-12.180455995390489 32.32955477236848
-11.947509009512416 32.27882973097249
-11.719919275140136 32.2365882133185
-11.49537784097474 32.20433808852533
-20.042070225500705 34.69590323845736
-11.075876713524153 32.13118209367238
-10.881440893392174 32.091674779669574
-10.692137682673199 32.06437601381441
-10.50790448059729 32.049971595646184
-10.32871272952707 32.04913428216696
-10.154534608471614 32.062535457545124
-9.985334704287332 32.09084805014828
-9.821067233454215 32.134747506171806
-9.661674927898034 32.194912178817845
-9.507088525468212 32.27202350616952
-9.3572265112686 32.36676610102214
-9.211994973137777 32.47982779931431
-9.071287512944693 32.611899689995084
-8.934985184644852 32.76367613356348
-8.802956444336864 32.93585477626249
-8.675057102117563 33.12913656167197
-8.551130267860216 33.3442257428965
-8.431006281409502 33.58182989561823
-8.314502615332813 33.842659937384326
-8.201423729077618 34.12743015339362
-8.091560839832127 34.4368582380566
-7.9846915433559005 34.77166536240162
-7.880579152924753 35.13257629175095
-7.7789714735274345 35.52031960322688
-7.679598351884337 35.9356281198921
-7.582166288214012 36.37923986627587
-7.486344966893114 36.85190045577488
-7.391726850074733 37.35437025314084
-7.297665553730496 37.887453023072396
-7.20214448265844 38.45219646915484
16.680213689884127 -30.161302543919703
16.680213689884127 -30.161302543919703
14.560471794743776 -31.23982011792843
12.31143213211412 -32.19258204528495
9.949899225134644 -32.99898794350699
7.496818520657445 -33.64121597021105
4.976623089256407 -34.10523306640104
2.4162975296626996 -34.38161145342377
-0.15576854456427824 -34.46606209079563
-2.7110352095228265 -34.359627296854995
-5.222058448309074 -34.068516337646685
-7.663615088546802 -33.603611467529106
-10.013614516370701 -32.979709280155646
-12.253737913061538 -32.21458686750543
-14.369783108785587 -31.327991210617313
-16.351728010429103 -30.34064420804218
-18.193552571086887 -29.273338462313333
-19.89287572638371 -28.146175499003576
-21.450469554941396 -26.97797352950343
-22.86970998588782 -25.785850093557855
-34.270322108713685 3.6713379647023316
-34.43904921663935 1.3731674843034511
-34.45175459008989 -1.0051395675602066
-34.29405797780963 -3.4425698686717396
-33.95508955951976 -5.914862034827735
-33.42832069916891 -8.395300776003836
-32.71217363778108 -10.855754040034043
-31.810331146932516 -13.267875949395602
-30.73169882019832 -15.604370782273676
-29.49001421946971 -17.840200705752423
-28.10314075774686 -19.953625721565544
-26.592121490683578 -21.926987356013598
-24.98009203549245 -23.74718302840111
-23.29115918699279 -25.405818302353822
-21.54934301911919 -26.899061606873843
-19.777659239306022 -28.2272544697487
-17.997390995452594 -29.394346688485143
-16.22757099756858 -30.407230051501344
-14.48467024745614 -31.275038412582546
-12.782471526533566 -32.00846952853905
15.914622157101235 -36.37726217741212
