0.2860001411508222 -34.18588136612519
0.3055198506091301 -33.93409717123336
0.32537168559514384 -33.744666886499886
0.3456182674210595 -33.61510881786245
0.36633701316267775 -33.542941204964876
0.387605046821875 -33.52568233859802
0.40949543212062167 -33.560850588644
0.4320759233557965 -33.645964414705645
0.455408474630417 -33.77854236901288
0.4795490292542013 -33.95610309787446
0.5045474325688701 -34.176165342236175
0.5304474123901741 -34.436247936888805
0.5572866110789789 -34.73386980919088
0.5850966765564465 -35.06654997704905
0.6139034453291572 -35.4318075438004
0.6437272984122728 -35.82716169068411
0.6745838845319554 -36.25013165929707
0.7064857198507184 -36.69823671548971
0.739446194236649 -37.16899605625201
0.7734915963449396 -37.65992853352407
0.8087092202007398 -38.16855154559096
0.8455841200960492 -38.692373281082865
0.880499882196375 -39.22899634465685
0.26687038130415885 -34.5025002822139
1.131934624906762 -40.31372871303304
1.3542847841665093 -40.856389837459005
1.5825989566038174 -41.40139163924724
1.8167031182498476 -41.94625764215155
2.0564462553264207 -42.48851390774297
2.3016480766256677 -43.02569023854025
2.552085945784654 -43.55532047906544
2.8074905307355493 -44.07494261488179
3.0675440707129837 -44.582098810976646
3.33187959869025 -45.07433542857001
3.6000805671790204 -45.54920303033825
3.8716806688882457 -46.00425638077894
4.146163769094073 -46.43705444110691
4.422963922853285 -46.845160357459065
4.7014654874075745 -47.226141439183124
4.981003386134148 -47.5775691167928
5.2608636756932015 -47.89701885608346
5.540284823794309 -48.18206997112716
5.818460927352021 -48.430305152388314
6.094551388774562 -48.63930905465742
6.367719642498116 -48.80666264472478
6.637404271148853 -48.929903637308456
6.8996763713211635 -49.00705806103434
0.9161115492560441 -39.7758788494788
7.111652857221486 -49.043527228534145
7.061574635553939 -49.005599791658
7.0054889347277935 -48.924114214461866
6.943722556186174 -48.80117065742934
6.876653612902771 -48.63886170583788
6.804669561052265 -48.439278493890896
6.728156709553218 -48.204512235627334
6.647496725312465 -47.9366547350738
6.563065238033175 -47.637798590235775
6.475231209517631 -47.31003728455295
6.384356623409019 -46.955465232860575
6.290796325211943 -46.57617780520161
6.194897941241663 -46.174271338445465
6.097001846094656 -45.75184314195394
5.997441167857744 -45.31099149790737
5.896541834246648 -44.85381565611465
5.79462267918268 -44.382415821338384
5.691995659375834 -43.89889312693376
5.58896630173723 -43.40534958045251
5.4858346990218365 -42.90388794187467
5.382898008639643 -42.39661141736832
5.28045795839904 -41.885622740929904
5.178850878924436 -41.37302049744707
5.078657944700922 -40.860873382382835
4.977859087593799 -40.35156865080094
7.155741897005214 -49.03574591707519
4.964645420622276 -39.318868547394715
5.048638887391576 -38.80039111600098
5.130518976493477 -38.293692410520435
5.210633868002219 -37.800861754286615
5.289408967956319 -37.323977410148586
5.367314475952753 -36.865110550676775
5.4448572824589405 -36.4263262490926
5.522578274874377 -36.009683808768074
5.601051268698768 -35.617236892311354
5.680882533553358 -35.25103357812483
5.762710572324124 -34.913116384814884
5.847206025163928 -34.60552227915244
5.93507164838212 -34.330282673426154
6.027042353099034 -34.08942341176257
6.123885311389813 -33.88496474366545
6.22640016199847 -33.71892127626023
6.335419389988488 -33.59330188756837
6.451809046257438 -33.51010956483162
6.57647019710123 -33.471341078570845
6.710342122147608 -33.478986266037936
6.8544103162517445 -33.53502623762819
7.009730501954209 -33.641427995286705
7.177524686878769 -33.80012290669856
7.359853575665738 -34.01285602102368
-2.193268945611891 -34.81812866605702
13.715321840754996 -32.32157578924435
15.722804882149774 -31.39407143607218
17.697561758684515 -30.324752636961506
19.620943684312863 -29.11722657864894
21.474825233487877 -27.778160412210667
23.242243919510372 -26.317150534990276
24.907994835303384 -24.7464362682762
26.459137012250608 -23.08047623560455
27.88537646238325 -21.33541877363831
29.17930324166656 -19.5285067792247
30.33647435028729 -17.67746131914072
31.355348654615113 -15.79988688069892
32.23709227695872 -13.912735037446964
32.985281646028284 -12.031853948064168
33.605536002125234 -10.17164021705554
34.10511173349124 -8.344798879627575
34.492488192131304 -6.562207937198991
34.776969632138616 -4.832876772758311
28.217803277126166 20.893776415688052
29.426593490276048 19.153848444983623
30.553001438189767 17.3005322985546
31.58149400284634 15.342866461112692
32.49771460214032 13.292586668259531
33.2890606049433 11.163904278332495
33.945206863129044 8.973140237103905
34.45853366745678 6.738232126018403
34.82442434968192 4.478145085706643
35.041409276814875 2.212227517708868
35.111147505024064 -0.040442252631436304
35.038252698971064 -2.261672500253809
34.829983798161265 -4.434697657696688
34.49583143212965 -6.544610645519896
34.04703710110567 -8.578670021121667
33.496083385556744 -10.526476738357616
32.856190472002254 -12.380026751298459
32.140848192659064 -14.133654592914098
31.363404930172123 -15.783888807306312
30.536726447822616 -17.32924269973182
4.878494680450501 -39.84699652216449
32.03243146839236 24.197234891766442
-5.326612005234438 33.648028554911434
-4.695055592745376 33.3785479010825
-4.079767278363846 33.17069045804183
-3.477254894118829 33.02189346863179
-2.8841792997147024 32.92960414261859
-2.297368783724181 32.891277122260334
-1.713822659113589 32.90437384621916
-1.1307124558116186 32.96636233741418
-0.5453823894676191 33.07471711495373
0.04465043686207082 33.22691915160368
0.6416959484508311 33.42045584855194
1.2478910785573873 33.652821015015604
1.865199796263795 33.92151484674068
2.4954131886835853 34.22404389688748
3.140149627367805 34.55792102773265
3.800855092634265 34.920665325740885
4.478803832841436 35.30980193132169
5.17509982313635 35.72286166829187
5.890680418583628 36.157380116046966
6.62632731967787 36.61089483032819
7.382710439652556 37.08093422379514
8.160694984005858 37.564939735982136
8.957234433808622 38.06130676178205
-5.977980877848552 33.98172288376011
10.63392129273447 38.71435770288414
11.515071268878273 38.85584409242654
12.417342877064073 38.98908147375661
13.340000899282302 39.111704907783206
14.28219890047643 39.22142869426452
15.242931546743876 39.31605845507528
16.22102268697347 39.393494154255166
17.21512138215047 39.45173110219059
18.22370031994251 39.48886035449135
19.245055098412593 39.50306889040323
20.27730387322049 39.49263969585084
21.31838717655421 39.455951801005824
22.36606782705121 39.39148028923074
23.417930897852784 39.29779628181885
24.47138373586074 39.17356689312254
25.523656047463703 39.01755513420281
26.571800105127863 38.82861971048197
27.612691230142616 38.60571457206447
28.643029019089454 38.347887781078754
29.659341044480584 38.05427811242464
30.65799767446663 37.724101449349035
31.635315838418308 37.35655554886216
32.58615762788645 36.952106198039814
9.7748507311683 38.566981886096215
33.74046379365774 36.25595793991846
33.942136490262556 35.968467423389626
34.1131011423883 35.649665560681825
34.25418215609483 35.30178438482926
34.366266226761354 34.92699149064495
34.450286275111864 34.52740477726604
34.50721743124393 34.10509613380995
34.5380756961257 33.662092667824226
34.54391740659645 33.200377196506764
34.525838991971966 32.72188846885018
34.48497685357222 32.22852127644441
34.42250730077541 31.72212651176727
34.33964651546063 31.204511198985216
34.23765053352213 30.677438509717604
34.11781523711062 30.142627767697576
33.981476356011 29.601754443023992
33.830009480222884 29.056450132981524
33.66483009056162 28.50830251962074
33.487393625772484 27.958855280004826
33.2991956344041 27.409607884263238
33.10177215811916 26.86201508683979
32.89670088665173 26.3174853978808
32.68560578005406 25.77737496373382
32.47018943050273 25.24294472525429
32.251794596941465 24.71594086156321
33.50743338116473 36.50973744013126
31.581763645079377 23.95077644814154
31.139619617264145 23.70825883450763
30.70760219309858 23.471081613477878
30.287346144244395 23.24060138087674
29.880483255313152 23.018178033960965
29.48863733222379 22.805181379572048
29.113422955528847 22.602992784069613
28.756445067326013 22.413005721494812
28.419298807808104 22.23662598954394
28.103569444461073 22.075271804375802
27.810832340599234 21.930373842912786
27.54265294414671 21.803375258691688
27.300586789852844 21.695731681152353
27.08617951277091 21.60891119976236
26.900966876969164 21.54439433051482
26.746474827333316 21.50367395459554
26.624219582223702 21.48825520710298
26.535707808073255 21.49965526887928
26.482436968528418 21.5394029480114
26.465896094232733 21.609037759469885
26.487567706180528 21.710107623302804
26.548933585164264 21.844161959847952
26.65149784923733 22.012724073220568
26.796948490332113 22.217097838772986
-4.784118517849635 -34.557556662487826
-4.784118517849635 -34.557556662487826
-7.4767183048749075 -34.07654906036461
-10.237354478224802 -33.35129811208341
-13.02535946723691 -32.36437120079967
-15.794726169829346 -31.106898554725717
-18.496519772514233 -29.580251330556308
-21.081876457379565 -27.79688827026638
-23.50523542349532 -25.78015554956852
-25.727372213481885 -23.56299708150152
-27.71781769642189 -21.1857285600899
-29.45635820468462 -18.69319324757538
-30.933486308330004 -16.13170596329627
-32.14985781581785 -13.546185990771875
-33.114959943908616 -10.97779305631218
-33.8452783344091 -8.462248338371182
-34.362262084080214 -6.028885215267593
-34.69034190253592 -3.700363652271136
-34.85518214693198 -1.4929132520286714
-34.88226709123029 0.5830566438694689
-8.454632931827916 33.84718148475497
-10.955622367844 33.12230141471278
-13.516813787715762 32.162217857326084
-16.100743306327786 30.949613526789477
-18.664261050383715 29.4746988435339
-21.16051443695713 27.737071605294176
-23.54162372971257 25.746931169413642
-25.761784422915497 23.52536877120349
-27.78040975614101 21.103586099400104
-29.56488074576768 18.521078234336784
-31.092522664259917 15.82300688385024
-32.35156600406691 13.057131750824567
-33.34103707826469 10.270723393202047
-34.069705407248165 7.507841629737101
-34.55434627501148 4.80725139559911
-34.81763429890361 2.201102973897264
-34.88597033130395 -0.2856335366683709
-34.787480645171115 -2.6350906693572824
-34.550341758147596 -4.835948393964799
-34.20150036709856 -6.8825783768327256
9.67560524960777 -33.75169592404386
