2.1618945554498836 -36.20808556811396
2.256567576353355 -36.91656127213542
2.3498592583654414 -37.564691414236975
2.4413740262033983 -38.15441276961686
2.530934923726555 -38.68764868761632
2.618410448920372 -39.16631943076916
2.7036898162749807 -39.592343651421466
2.786676772567283 -39.96763876147514
2.867287535499848 -40.29412105526505
2.9454499691672495 -40.57370575868847
3.021103209259664 -40.808307051782464
3.0941974755912156 -40.999838079716014
3.1646939711065585 -41.1502109590196
3.2325648240667277 -41.26133678083601
3.297793053290434 -41.3351256130954
3.3603725463607788 -41.37348650211636
3.4203080453550854 -41.378327472656835
3.4776151373586828 -41.35155552938155
3.5323202477837867 -41.295076656560404
3.584460635710073 -41.2107958190478
3.634084390361295 -41.10061696159313
3.681250428601871 -40.96644300989212
3.7260284929082275 -40.810175870109155
3.768499149845155 -40.63371642927079
3.808753788804836 -40.43896455514378
3.846894621013803 -40.22781909659852
3.8830346786165393 -40.002177883068406
3.917297814005451 -39.763937725397085
3.9498186991053785 -39.51499441538964
3.980742824747537 -39.25724272586182
4.010226500064036 -38.99257641079223
4.0384368518552805 -38.722888205482
4.065551823860545 -38.45006982652891
4.091760175881021 -38.176011971823435
4.117261482670628 -37.90260432077861
4.142266132412061 -37.631735534716455
4.166995324407026 -37.36529325675308
4.191681065581378 -37.10516411244274
4.216566164726771 -36.85323371051393
4.241904222538011 -36.61138664435028
4.267959613105035 -36.38150649396978
4.295007447091024 -36.16547583107157
4.323333490672269 -35.965176229181935
4.353233963074871 -35.78248829025849
4.385014928964949 -35.6192917225166
4.418989868251941 -35.47746565402239
4.455462664284568 -35.358890825574015
4.494958332069444 -35.2654198465146
2.1618945554498836 -36.20808556811396
4.421576958679907 -35.17617744614776
4.309211770602957 -35.18251303684031
4.200144070228703 -35.216370100543344
4.093917062426556 -35.27605108689961
3.9900922134719963 -35.35985693406068
3.88825183628299 -35.46608673534259
3.787999737179547 -35.59303765569294
3.6889614321293607 -35.73900490387774
3.590784234149652 -35.902281721607785
3.4931372941895233 -36.08115937799904
3.39571162336793 -36.273927167208086
3.2982201075542434 -36.47887240686101
3.200397519815766 -36.69428043674073
3.1020005347406254 -36.91843461766126
3.002807749487829 -37.14961633089557
2.9026197199227965 -37.38610497507751
2.801259031198896 -37.62617796354445
2.6985704512715643 -37.86811071537688
2.59442131371776 -38.11017663629109
2.4887026648397637 -38.350647057669114
2.381333851380589 -38.58779099820236
2.2722946325227156 -38.81987348821577
2.1611942542578504 -39.04517805056039
4.537681803069233 -35.19894696533691
2.153766617652394 -39.44918459883461
2.2595874791868766 -39.62422424620493
2.365489897434969 -39.78535419042002
2.471256163639424 -39.93085429856277
2.5766588043578906 -40.059005476041115
2.6814556139614183 -40.1680899256191
2.785388416733497 -40.25639121128741
2.888182659545947 -40.32219427967614
2.9895472559420853 -40.36378546706487
3.0891745250009706 -40.3794525021739
3.186740174308568 -40.36748450514001
3.2819033104446476 -40.32617198531874
3.374306474123614 -40.25380683668804
3.4635757060754315 -40.1486823294908
3.549320660017031 -40.009093097003394
3.6311347961557487 -39.83333511289477
3.7085957237868 -39.61970565181986
3.7812658406043056 -39.366503215162474
3.848693614017236 -39.07202738292287
3.910416402391718 -38.734578487990255
3.9659675100976983 -38.352456800521324
4.014897354566813 -37.923960082640455
4.056858135454036 -37.44737380440044
4.092196518973537 -36.92090266225665
4.113932196724988 -36.34359742664034
2.048270051227547 -39.261954604511786
9.131756804582267 -34.065030856598725
11.443832545368366 -33.359466516607036
13.77991134143457 -32.46427810719439
16.112302469751683 -31.37210574255883
18.411055780403615 -30.080697043950373
20.645192674310238 -28.593553977070886
22.784139995917485 -26.92022054600392
24.799239324048017 -25.07614481031024
26.665181947000235 -23.082100886453798
28.36122191148519 -20.96321543290892
29.87204695565549 -18.74769639924259
31.188234447292928 -16.46539831463998
32.306276340477666 -14.146371217091449
33.2282116531739 -11.81952875248989
33.960946913690066 -9.511540060609736
34.515368615798536 -7.246008481543983
34.905356207061914 -5.042957233328639
35.14679289615174 -2.918605611259668
35.25665026868592 -0.8853933762059136
35.252197356619604 1.0478030010449206
17.9069033337787 30.383517284767468
19.946174556683502 29.085484870522084
21.957877490900387 27.598313819754814
23.913361707041133 25.922315511297946
25.78316513262223 24.06332697992929
27.538373156077682 22.03300509498597
29.152077239084804 19.84872041834161
30.60079237411759 17.533020723058705
31.865685289718044 15.112690383108722
32.93348306377709 12.617487978475234
33.79697247269502 10.07868847018072
34.455055750144595 7.527578817487432
34.91238667944799 4.994053057763857
35.17866035527385 2.5054271506754437
35.267662104293265 0.08555288689192553
35.19619266978964 -2.2457362156101137
34.982979621634286 -4.472856625399154
34.64766433802987 -6.584425982443101
34.20992646431887 -8.572994862062657
33.6887795891862 -10.43462694063808
-3.3598791634507066 36.11662305066403
-3.2265774130476714 36.8206725208757
-3.080270148163322 37.46449134613757
-2.922338236102199 38.04998402767604
-2.753915119072694 38.57907271697353
-2.576058725580239 39.053681222885984
-2.389776028948006 39.475732726593876
-2.196029186871094 39.84714921094522
-1.995737587863644 40.16985126987372
-1.7897786698467968 40.44575803214366
-1.5789882922891536 40.676787126927024
-1.3641609223284092 40.86485466628669
-1.1460497350850432 41.011875236041526
-0.9253666710623776 41.11976189022533
-0.7027824706894421 41.19042614797168
-0.4789266960063969 41.225777991793805
-0.25438774477514414 41.227725865476046
-0.029712860000685737 41.198176674083214
0.19459186348377955 41.139035782653714
0.41806147431746865 41.05220701645901
0.6402721611740105 40.93959265979436
0.8608412501938858 40.80309345663671
1.0794272030072563 40.644608609872336
1.2957296151913482 40.46603578145851
1.5094892150251553 40.26927109212063
1.7204878624809652 40.05620912156898
1.9285485483434854 39.828742907842866
2.1335353934993435 39.58876394805867
2.3353536482536867 39.33816219788493
2.53394969170715 39.07882607152789
2.7293110311516955 38.81264244183293
2.9214663014434166 38.54149664040522
3.110485264288428 38.267272457558065
3.296478807382286 37.99185214229668
3.479598943316006 37.717116402551355
3.6600388080760666 37.44494440558887
3.83803265877944 37.17721377795823
4.013855870230088 36.91580060624473
4.187824929249274 36.662579438006574
4.360297424862466 36.419423283619835
4.53167203006069 36.18820361895085
4.7023884655047254 35.97079039179518
4.87292741960718 35.76905203510173
5.043810348918527 35.58485550127443
5.215598879016568 35.42006636310856
5.388892408291667 35.27654921981483
5.564311333894892 35.15617053692904
5.742725276017524 35.06076000465703
-3.3598791634507066 36.11662305066403
6.720746809617708 34.54402553606061
7.521468402959442 34.12487667096228
8.328517688028597 33.73218124048326
9.143334335899368 33.36333636267028
9.967197763868484 33.0158209798704
10.801229685534679 32.68719542670331
11.646394748505145 32.375101321697876
12.503500747212769 32.07726153101102
13.373198708440896 31.791480153895304
14.255982930404258 31.515642515226848
15.152191002999672 31.24771516167535
16.062003819466327 30.985745858686286
16.985445584210368 30.727863587329967
17.92238381954806 30.472278540363455
18.87252937389991 30.21728211675985
19.835436433140956 29.961246910051337
20.810502542939986 29.702626688085505
21.796968654777373 29.439956346056853
22.793919241423623 29.171851791842474
23.800282640200493 28.89700959922866
24.814832428001665 28.614205625228163
25.836197040688347 28.322285325844092
26.862730269528498 28.02029412713407
5.924715823826034 34.9922015029265
27.584846218021312 28.156231525601992
27.264151496161958 28.59960865273763
26.92995355491621 29.03577242559539
26.58156850562662 29.46312249833306
26.2183929077147 29.88000181730097
25.839902281934314 30.284698119150615
25.44565074112751 30.675444303803403
25.035270871264345 31.05041855765957
24.608473688372015 31.40774440005116
24.165048626369497 31.74549070173927
23.70486354036848 32.06167168898917
23.227864723283318 32.35424693965017
22.734076936986014 32.62112137106173
22.223603464295763 32.860145217150794
21.696626195614613 33.06911398970012
21.153405775767027 33.2457684116532
20.594281863641328 33.38779429916978
20.01967361636838 33.49282234037954
19.43008066065272 33.558427651869664
18.826085232846424 33.58212880159171
18.208357532141747 33.56138536327599
17.577671785537973 33.49359057880106
16.934970512755285 33.37604200202085
16.281814395434992 33.20573600542394
15.614328327445548 32.982133146422356
27.892812479360032 27.707174189382005
27.892812479360032 27.707174189382005
-0.41092684070206076 -35.4933627860234
-3.0906226177444296 -35.360934865517436
-5.898438598089992 -35.00222971230893
-8.800103304134439 -34.38758270895531
-11.752635861386509 -33.493629439616306
-14.705896234001905 -32.306102808655965
-17.605187340992433 -30.822151797323297
-20.394707164413948 -29.051739748360724
-23.021441744913368 -27.017788264664453
-25.43895446334641 -24.754944123153823
-27.610515590465727 -22.307108543182572
-29.511140157164775 -19.72410376551636
-31.128324485688008 -17.057991600490276
-32.46152240284899 -14.359569144581352
-33.52060947738277 -11.67546157517879
-34.32370150570944 -9.046058681859197
-34.894712828806725 -6.504358486721912
-35.26098232788152 -4.075633447883555
-35.451195852589166 -1.7777444557766753
-35.49372760672286 0.3781048907908904
-5.794379703070874 35.019606316823726
-8.422913592287138 34.48191104543866
-11.143731806371878 33.701111319307195
-13.918456720930237 32.65308906116345
-16.701058686007727 31.321275540680112
-19.439812922200524 29.699180734130117
-22.080223486273006 27.792290181359974
-24.568647641164603 25.61892300259668
-26.85616557619135 23.20978313713583
-28.90213857655384 20.606165301442154
-30.676927221472305 17.857037799623185
-32.163399591516274 15.015438370062029
-33.357100385391725 12.134723590077321
-34.2652012218116 9.265184723330702
-34.904541336376305 6.451407352343965
-35.299158098117104 3.730562999443105
-35.477698076926245 1.1316368194539432
-35.4710198809891 -1.324541932577736
-35.310188331905714 -3.6246741500485307
