89.0251688446
3.6331542966
91.3677069683
33.9692853569
93.7164985668
34.3475158516
96.0713540397
34.765697207
98.4320837867
35.2216808498
100.798498207
35.7133182065
103.170407701
36.2384607036
105.547622668
36.7949597677
107.929953508
37.3806668254
110.31721062
37.9934333031
112.709204404
38.6311106275
115.10574526
39.291550225
117.506643587
39.9726035222
119.911709785
40.6721219457
122.320754253
41.3879569219
124.733587392
42.1179598776
127.150019601
42.8599822391
129.569861279
43.611875433
131.992922827
44.3714908859
134.419014643
45.1366800243
136.847947128
45.9052942748
139.279530681
46.6751850639
141.713575702
47.4442038181
144.14989259
48.210201964
146.588291745
48.9710309282
149.028583568
49.7245421371
151.470578456
50.4685870174
153.914086811
51.2010169956
156.358919032
51.9196834981
158.804885518
52.6224379516
161.251796669
53.3071317827
163.699462884
53.9716164178
166.147694565
54.6137432834
168.596302109
55.2313638062
171.045095917
55.8223294127
173.493886388
56.3844915294
175.942483922
56.9157015829
178.390698919
57.4138109997
180.838341778
57.8766712063
183.285222899
58.3021336294
185.731152681
58.6880496954
188.175941525
59.0322708309
190.61939983
59.3326484624
193.061337995
59.5870340165
195.501566421
59.7932789197
197.939895507
59.9492345986
200.376135652
60.0527524797
202.810097256
60.1016839895
205.241590719
60.0938805547
207.67042644
60.0271936017
210.096433515
59.8997961253
212.519599528
59.7125871952
214.939991911
59.4678392641
217.357678701
59.1678352621
219.772727941
58.8148581197
222.185207668
58.4111907671
224.595185924
57.9591161347
227.002730749
57.4609171529
229.407910181
56.9188767518
231.810792262
56.335277862
234.21144503
55.7124034136
236.609936526
55.052536337
239.006334789
54.3579595625
241.40070786
53.6309560205
243.793123779
52.8738086413
246.183650584
52.0888003552
248.572356317
51.2782140925
250.959309017
50.4443327835
253.344576723
49.5894393587
255.728227476
48.7158167482
258.110329316
47.8257478824
260.490950282
46.9215156917
262.870158415
46.0054031064
265.248021754
45.0796930568
267.624608339
44.1466684731
269.99998621
43.2086122858
272.374223406
42.2678074252
274.747387969
41.3265368216
277.119547937
40.3870834053
279.490771351
39.4517301066
281.86112625
38.5227598559
284.230680674
37.6024555834
286.599502663
36.6931002196
288.967660257
35.7969766947
291.335221497
34.9163679391
293.70225442
34.053556883
296.068827069
33.2108264569
298.435007482
32.390459591
300.800863699
31.5947392156
303.166463761
30.8259482611
305.531875707
30.0863696578
307.897167576
29.3782863361
310.26240741
28.7039812261
312.627663247
28.0657372584
314.993003128
27.4658373631
317.358495093
26.9065644707
319.724207181
26.3902015114
322.090207432
25.9190314156
324.456563886
25.4953371136
326.823344583
25.1214015357
329.19061756
24.7995076122
200.20686994
87.140794711
202.124176131
187.568115878
204.055185025
188.00922724
205.999406677
188.462837726
207.95635114
188.927656262
209.925528469
189.402391776
211.906448716
189.885753195
213.898621937
190.376449445
215.901558184
190.873189454
217.914767511
191.37468215
219.937759974
191.879636458
221.970045624
192.386761307
224.011134517
192.894765623
226.060536706
193.402358333
228.117762245
193.908248365
230.182321187
194.411144646
232.253723588
194.909756103
234.331479499
195.402791663
236.415098977
195.888960252
238.504092073
196.366970799
240.597968843
196.83553223
242.69623934
197.293353473
244.798413617
197.739143454
246.90400173
198.1716111
249.012513731
198.589465339
251.123459674
198.991415099
253.236349614
199.376169305
255.350693604
199.742436885
257.466001698
200.088926767
259.581783949
200.414347876
261.697550413
200.717409142
263.812811142
200.996819489
265.927076191
201.251287847
268.039855614
201.479523141
270.150659463
201.680234299
272.258997794
201.852130248
274.364380659
201.993919915
276.466318114
202.104312227
278.564320211
202.182016112
280.657897005
202.225740496
282.746558549
202.234194307
284.829814898
202.206086471
286.907176104
202.140125917
288.978152223
202.03502157
291.042253308
201.889482358
293.098989412
201.702217208
295.14787059
201.471935048
297.188406896
201.197344804
299.220108383
200.877155403
301.242490631
200.510095862
303.255392831
200.096071521
305.25915123
199.636794548
307.254144312
199.134130624
309.240750559
198.589945433
311.219348451
198.006104657
313.190316471
197.384473977
315.154033101
196.726919077
317.110876822
196.035305639
319.061226117
195.311499345
321.005459468
194.557365878
322.943955356
193.77477092
324.877092263
192.965580153
326.805248671
192.131659261
328.728803062
191.274873924
330.648133919
190.397089826
332.563619721
189.50017265
334.475638953
188.585988077
336.384570095
187.65640179
338.29079163
186.713279471
340.194682039
185.758486803
342.096619804
184.793889468
343.996983407
183.821353149
345.89615133
182.842743527
347.794502055
181.859926286
349.692414064
180.874767108
351.590265838
179.889131675
353.488435861
178.90488567
355.387302612
177.923894774
357.287244575
176.948024671
359.188640231
175.979141043
361.091868062
175.019109572
362.99730655
174.069795941
364.905334177
173.133065832
366.816329424
172.210784927
368.730670774
171.304818909
370.648736709
170.41703346
372.57090571
169.549294263
374.49755626
168.703467
376.42906684
167.881417353
378.365815931
167.085011006
380.308182017
166.316113639
382.256543578
165.576590937
384.211279098
164.86830858
386.172767057
164.193132252
388.141385937
163.552927635
390.117514221
162.949560411
392.10153039
162.384896263
394.093812926
161.860800873
396.094740311
161.379139923
398.104691028
160.941779097
400.12404355
160.550584076
-19.3681617317
40.137732063
-18.6945524239
141.163762696
-18.0097357548
142.17544782
-17.3138528339
143.172930516
-16.6070447705
144.156353864
-15.8894526741
145.125860946
-15.1612176542
146.081594843
-14.4224808203
147.023698635
-13.6733832817
147.952315402
-12.9140661479
148.867588227
-12.1446705285
149.76966019
-11.3653375328
150.658674371
-10.5762082703
151.534773852
-9.77742385042
152.398101713
-8.96912538267
153.248801035
-8.15145397646
154.0870149
-7.32455074127
154.912886387
-6.48855678654
155.726558579
-5.64361322172
156.528174554
-4.78986115627
157.317877396
-3.92744169964
158.095810183
-3.05649596129
158.862115998
-2.17716505066
159.616937921
-1.28959007721
160.360419033
-0.393912150388
161.092702414
0.509727620346
161.813931146
1.42118812554
162.52424831
2.34032825575
163.223796986
3.26700690151
163.912720254
4.20108295337
164.591161197
5.14241530188
165.259262895
6.09086283759
165.917168429
7.04628445105
166.565020879
8.00853903279
167.202963326
8.97748547337
167.831138852
9.95298266334
168.449690537
10.9348894932
169.058761462
11.9230648536
169.658494707
12.917367635
170.249033354
13.917656728
170.830520484
14.9237910231
171.403099177
15.9356294109
171.966912515
16.9530307818
172.522103577
17.9758540266
173.068815446
19.0039580356
173.607191201
20.0372016995
174.137373924
21.0754439088
174.659506695
22.1185435541
175.173732595
23.1663595259
175.680194706
24.2187507147
176.179036108
25.275576011
176.670399882
26.3366943056
177.154429108
27.4019644888
177.631266868
28.4712454512
178.101056243
29.5443960834
178.563940312
30.621275276
179.020062158
31.7017419194
179.469564861
32.7856549042
179.912591502
33.872873121
180.349285161
34.9632554603
180.77978892
36.0566608127
181.20424586
37.1529480687
181.62279906
38.2519761188
182.035591603
39.3536038537
182.442766569
40.4576901638
182.844467038
41.5640939396
183.240836093
42.6726740719
183.632016812
43.783289451
184.018152278
44.8957989675
184.399385572
46.0100615121
184.775859773
47.1259359751
185.147717963
48.2432812473
185.515103224
49.361956219
185.878158634
50.481819781
186.237027276
51.6027308236
186.591852231
52.7245482376
186.942776579
53.8471309133
187.2899434
54.9703377414
187.633495777
56.0940276124
187.973576789
57.2180594169
188.310329518
58.3422920453
188.643897045
59.4665843883
188.974422449
60.5907953364
189.302048813
61.7147837802
189.626919217
62.8384086101
189.949176741
63.9615287168
190.268964468
65.0840029907
190.586425477
66.2056903225
190.901702849
67.3264496027
191.214939666
68.4461397218
191.526279007
69.5646195703
191.835863955
70.6817480389
192.143837589
71.797384018
192.450342991
72.9113863983
192.755523242
74.0236140702
193.059521422
75.1339259243
193.362480612
76.2421808512
193.664543893
77.3482377414
193.965854347
78.4519554854
194.266555053
79.5531929738
194.566789092
80.651809097
194.866699546
2.472506323610318
-35.72126511281139
2.61788570945464
-36.553707352939114
2.7622836454314807
-37.310048100240905
2.9049169589556243
-37.99285309967016
3.045367179230695
-38.60466212665869
3.183296566339564
-39.14800864273341
3.3184075435912064
-39.62542260317495
3.4504325551557145
-40.039431159242234
3.5791306847519166
-40.39255889252183
3.7042863024654196
-40.687327907997975
3.8257084490839475
-40.926257877080566
3.943230527549389
-41.11186605888111
4.056710136049247
-41.24666731179564
4.166028971725666
-41.33317410021671
4.271092771724881
-41.37389649868992
4.371831274682052
-41.37134219470742
4.468198193153654
-41.32801649084011
4.560171190557014
-41.24642230675084
4.647751856116884
-41.12906018176318
4.730965666526174
-40.978428279252405
4.809861904547546
-40.79702239717397
4.88451342823376
-40.58733599762044
4.955015762563534
-40.35186032442971
5.021480763206483
-40.093085228702606
5.084121981954553
-39.81348805702047
2.472506323610318
-35.72126511281139
5.002855304761937
-39.22107904157951
4.862512007398493
-38.91291710113135
4.722442646035745
-38.59353275370941
4.583030351507659
-38.265388593029876
4.4446315443859135
-37.93094986858368
4.307576915295186
-37.59268435845338
4.172171670004303
-37.25306233701613
4.0386956112744485
-36.91455656470171
3.907403171661713
-36.579642283431404
3.7785234286006357
-36.25079721466985
3.652260112186468
-35.93050155863547
3.5287916096730214
-35.621237993747584
3.4082709684995507
-35.32549167598033
3.2908258989365606
-35.045750239001386
3.176558776962395
-34.78450379352791
3.0655466484605824
-34.544244927416415
2.957841236243752
-34.32746870467796
2.8534689537756037
-34.13667266526332
2.752430934802817
-33.97435682250758
2.654703107275708
-33.84302365827383
2.560236414896252
-33.74517810901683
2.4689577028239853
-33.68332750698202
2.3807759177725245
-33.659981174022064
2.295476806631143
-33.67733424556585
5.143055835644816
-39.51555953064122
2.2956069643466606
-33.81390245317998
2.381347835010928
-33.928385600344896
2.4700341007797704
-34.07573248984977
2.5617141795505916
-34.25357964805368
2.6564164412035893
-34.45956553160305
2.7541482513823325
-34.691330590162494
2.8548957360217173
-34.94651728160527
2.9586237073672237
-35.222770076319144
3.0652756403079024
-35.51773545837948
3.1747736696012794
-35.82906192495176
3.2870185997255703
-36.15439998495984
3.401889926465202
-36.49140215589725
3.519245874009755
-36.83772295922586
3.638923456405422
-37.19101891262276
3.7607385813142287
-37.54894851754452
3.8844862322907545
-37.90917223612314
4.00994080799893
-38.269352449632585
4.136856801052062
-38.62715337509764
4.264970291706334
-38.98024088055501
4.394002682688722
-39.32628202506418
4.523671904063292
-39.66294367739952
4.653737233556228
-39.98788699113181
4.784313040690563
-40.298728730094986
4.911662208043936
-40.5935598048884
2.212749737057379
-33.73464801202515
5.2292878386343205
-41.10603927141909
5.4203339196900515
-41.31872464951628
5.609977821025268
-41.50558366077586
5.7974965340999915
-41.66435495410928
5.982198798434013
-41.792775075220526
6.163376550220562
-41.88858445097797
6.34029278973793
-41.94952888460795
6.51217754419207
-41.97336005207848
6.678226262681676
-41.95783569854344
6.837599100529644
-41.900719724798996
6.989420581373054
-41.799782225557124
7.132779444931771
-41.65279950352968
7.266728605678509
-41.457554067624294
7.390285200671656
-41.211834614597514
7.5024307413762585
-40.91343599140349
7.6021114269603345
-40.5601591218491
7.688238759866977
-40.149810866445655
7.759690802148214
-39.680203740204
7.815314958486681
-39.14915528784403
7.853934949538598
-38.55448652055016
7.874371745306064
-37.89401722577854
7.875527309645463
-37.165547204445105
7.856970821280129
-36.36672493247221
10.243386891575767
-34.87972827039714
12.581527120218539
-34.106122537609764
14.937317804100985
-33.14210246871093
17.283219411050993
-31.981443776301255
19.589717033388354
-30.62295553631332
21.826519025155505
-29.0710420603007
23.963928975421197
-27.33592009221961
25.97427091817417
-25.433436053678253
27.833230037460453
-23.384476152119735
29.520975320641185
-21.21401506894299
31.0229570064692
-18.94989598393644
32.33031515054819
-16.621466285905182
33.43988703245674
-14.258203760775016
34.35385001412345
-11.8884569408464
35.079074058104936
-9.538395171790619
35.626279401340014
-7.2312263997820985
36.00909917583368
-4.986701893257969
36.24313697184425
-2.820893771020625
36.34509036850312
-0.7462072986698836
36.33198859362619
1.2284234041496411
19.184926827946413
30.878163835202226
21.23160851922586
29.508324569747845
23.24445607742655
27.950271570985432
25.19526788919751
26.205360047494498
27.055282677765376
24.280323277367156
28.79648464912441
22.187494024337045
30.392983646828498
19.944647509315967
31.82233981687233
17.57444473679755
33.066698123771914
15.103506030673412
34.113616226736156
12.561194495835618
34.956507220615435
9.978227405822498
35.594669079638095
7.385252354409101
36.032924965396774
4.8115213462412605
36.28094270500998
2.283772244123732
36.35233046891324
-0.174610154835257
36.26361616418541
-2.5441230166557993
36.03321184222102
-4.809372470590375
35.68044607627854
-6.9590363575014855
35.224722598293056
-8.985618348257915
34.68483789475948
-10.885055784951447
-7.671741225906416
34.97522630867135
-8.192618171824677
35.67893922951689
-8.710912794553508
36.303644495716256
-9.225519966065505
36.852404983331475
-9.73510673013702
37.328321250065095
-10.238378992316356
37.734473037486154
-10.73411961911242
38.073910913744776
-11.221197963595046
38.349654184347344
-11.698573041412601
38.56469019579189
-12.165294801742363
38.721974056152696
-12.620504705916659
38.82442850852602
-13.063436017397123
38.874943867260605
-13.49341395870077
38.87637798343944
-13.909855801920003
38.831556224870724
-14.3122709240466
38.743271463703664
-14.700260842895972
38.614284068129926
-15.07351924238057
38.44732189610405
-15.431831992833864
38.245080289514945
-15.77507717167859
38.010222066908064
-16.103225092883193
37.74537751088283
-16.416338367078396
37.45314434009974
-16.714572068513206
37.136087627133
-16.99817438884233
36.79673947336067
-17.267491194124858
36.43759674125652
-17.522904698569562
36.06115159665279
-7.671741225906416
34.97522630867135
-16.578304201645295
35.52297994409564
-15.40258195231192
35.3618542627125
-14.239799837653948
35.18856738905807
-13.09168980856009
35.005272566003015
-11.959720412739188
34.814154742303195
-10.845096090027823
34.61743092395548
-9.748756995987634
34.41735026156844
-8.671378943186852
34.216194079953965
-7.613373377471362
34.01627588951937
-6.574887367088593
33.819941391534925
-5.55580359708469
33.62956848090601
-4.555740365953767
33.44756724749941
-3.574051583235132
33.2763799765174
-2.609826767433759
33.11848114909907
-1.6618910434359861
32.976377441817334
-0.7288051387729979
32.85260772649262
0.19113462294544092
32.74974306844372
1.099896334767152
32.67038672442497
1.9997125342264042
32.617174135930796
2.8930802726566753
32.592772913763916
3.782761323103898
32.59988279222689
4.671783011672119
32.64123544281646
5.563444037414314
32.7195931750688
6.461174248496462
32.83745284644827
-17.764976165240512
35.66982043964684
8.134035788211065
32.622654264963735
8.913065623481003
32.28207582472993
9.706856261439356
31.969090703321065
10.516869291262083
31.680199381748118
11.344360435893634
31.412028612214684
12.19037865269999
31.161331617874488
13.055765909789159
30.924988141320796
13.941157112653201
30.700004459040485
14.846980076378571
30.483513385563214
15.773455514831483
30.272774272968867
16.72059703789762
30.065173007937247
17.688211153325767
29.858222005531807
18.67589727312813
29.64956019958612
19.68304772555385
29.43695302693265
20.708847776412796
29.218292401557882
21.75227566635641
28.991596668420826
22.81210268122362
28.75501051893405
23.886893292878852
28.506804821786474
24.97500546848005
28.245376249934786
26.074591444912926
27.969246349596453
27.18360005154898
27.677058746247518
28.299786001858536
27.367567968750294
29.420774935657903
27.0395612176115
30.54319023668853
26.69290861537992
7.368105603995161
32.994450407643626
31.37548091202399
26.898616004010094
31.062677700656934
27.460695962741347
30.725274638304995
28.010244068791273
30.362475027737617
28.544943286570494
29.97360815824419
29.06236840975872
29.558119241854058
29.55999816748583
29.115566900637475
30.03521824955751
28.645622333244603
30.4853223123544
28.14806898797832
30.90751237799286
27.62280242370292
31.298899011141877
27.06983025382783
31.656501399867985
26.48927213724744
31.977247388225003
25.88135980614743
32.2579734778616
25.246437134967266
32.495424800210415
24.58496027335036
32.68625505253202
23.897497890120974
32.82702637151998
23.184731636381457
32.914209088607535
22.447457081005723
32.94418123312217
21.686585776029972
32.913227430293475
20.90315042911334
32.81753613901123
20.098320431323316
32.65319135726132
19.27346398048968
32.4161394316907
18.430582967445787
32.101956705574594
18.430582967445787
32.101956705574594
-0.05721989093112256
-34.885159792225046
-2.664536770162087
-34.78329903337875
-5.38879957504507
-34.4664835308882
-8.197611768339442
-33.90835898625258
-11.05106181691525
-33.088543040812645
-13.903207378894862
-31.994975737206566
-16.70441618032683
-30.62580820026516
-19.404371486219574
-28.990481456329455
-21.955393556958114
-27.109746247504333
-24.31563375029819
-25.014547830539588
-26.451700305856875
-22.743904651007583
-28.340378606045448
-20.342089084236036
-29.969283667975574
-17.855522514712533
-31.336476758856477
-15.329803396868499
-32.44923903778097
-12.807206319644607
-33.322289305423624
-10.324857543358362
-33.97575291105007
-7.9136503569632985
-34.43314927030229
-5.597845940544836
-34.7195919029698
-3.3952298797322946
-34.86031286278176
-1.3176626859577638
-9.86429282041152
33.461520811197005
-12.33776716932104
32.630616744410716
-14.863025630568004
31.560546841746458
-17.40156822205239
30.23512975428168
-19.909362435251154
28.646028263387635
-22.338928466099787
26.794587565989332
-24.642116721239148
24.69298951811666
-26.773295377990536
22.36444281550211
-28.6925433979605
19.842268045794228
-30.36840216899062
17.167929331967763
-31.779798847240016
14.388260251814849
-32.9169044595282
11.55227460923976
-33.78088699372525
8.70800331661384
-34.382707801386985
5.8997501717815055
-34.74124148101862
3.1660366710675873
-34.88105251613356
0.5383523118986986
-34.83014114154402
-1.9593151622737395
-34.61789982719898
-4.310296903811839
-34.273429951371924
-6.504586628940803
0.37106731609299004
-34.150348041409416
0.37100861498731774
-33.84405911241484
0.37164882595280346
-33.60497890973937
0.372968956078239
-33.43046785967729
0.37495518758103685
-33.31788633405699
0.3775944573905292
-33.26459469734195
0.38087335710179104
-33.26795331936515
0.38477777252188616
-33.3253225782928
0.38929274763208355
-33.43406286266364
0.3944024338636325
-33.5915345715982
0.40009008065081275
-33.79509811504602
0.4063380541772972
-34.042113913399675
0.4131278855410585
-34.329942396642764
0.4204403616587342
-34.65594400374914
0.42825569091897364
-35.01747917961157
0.4365538151817816
-35.41190837176302
0.4453150367641001
-35.83659202198726
0.4545214000339115
-36.28889054787945
0.46416014721035026
-36.76616429822724
0.47423408737196837
-37.26577341743837
0.48480307429787217
-37.78507730392997
0.4962743542716055
-38.321430819722366
0.5055288469040704
-38.87223486317768
0.3718800704523062
-34.52648488246422
0.7247411053806161
-39.99145331911828
0.9412415604243165
-40.554141963185
1.163889870054959
-41.12024830585594
1.392562385790427
-41.68713380043707
1.6271449153255162
-42.252163065205536
1.867487641920718
-42.81270447238106
2.1133938594678625
-43.366130293382895
2.36461622464185
-43.90981674759098
2.620855267503657
-44.441144019192905
2.8817587285205946
-44.95749626391739
3.146921247611772
-45.45626160897311
3.415884228104801
-45.93483214907366
3.6881358088215848
-46.39060393703389
3.963110930400319
-46.82097696710457
4.240191523060503
-47.22335514437026
4.518706903897225
-47.595146227314444
4.797934606488354
-47.933761712739
5.077102232908942
-48.23661658216841
5.355392105801229
-48.501128666445084
5.631955244809205
-48.72471674192886
5.905967292357445
-48.904792910713155
6.177020022802765
-49.038709267799334
6.439863037198222
-49.12447420346865
0.5148372023067509
-39.434819966439534
6.7221092509712435
-49.15645313614087
6.741609021367196
-49.10373743827938
6.754718133537722
-49.003477570454805
6.7615667698708535
-48.85812142084606
6.762375225020833
-48.670104564154116
6.757393302885362
-48.441858518025214
6.746885167378764
-48.17581280609829
6.73112429463248
-47.87439564590312
6.71039145620864
-47.54003422334469
6.684973805636844
-47.17515481727099
6.655164426188151
-46.78218286077262
6.621262094060057
-46.363542973591535
6.583571152938077
-45.92165897846979
6.54240145435989
-45.45895390951213
6.49806834529727
-44.97785001268116
6.4508927023925935
-44.480768740749994
6.401201029581841
-43.970130737662146
6.349325667378707
-43.448355807399935
6.295605232623643
-42.9178628472161
6.240385603561151
-42.381069699124595
6.184022397986496
-41.84039277717372
6.12688842220183
-41.298245945871
6.069403483174995
-40.75703603245901
6.012243097871703
-40.219131409341315
5.953512573173782
-39.6872873846371
6.696602987331914
-49.159106672602206
5.919147630235557
-38.63473055304951
5.94272729952047
-38.11917189964356
5.966248151970376
-37.61941814124481
5.990152190630113
-37.13786766663631
6.014951817301039
-36.67690737571738
6.0411976365790565
-36.238917525933346
6.069470412530507
-35.8262729422469
6.100378394808445
-35.44134341958201
6.134556258027999
-35.08649388076702
6.172664631856037
-34.764084446620046
6.215389882412751
-34.476470466867625
6.263444017819552
-34.226002531662516
6.317564668369528
-34.01502647077808
6.378515126726313
-33.84588334174856
6.447084455932952
-33.720909403484285
6.524087698428275
-33.64243606936634
6.610366261489958
-33.61278982060736
6.706788648009706
-33.634292044289936
6.814251929593979
-33.7092587068131
6.933684997667001
-33.83999963433939
7.066056701168861
-34.028816712152974
7.212400270712806
-34.27799847970786
7.3739110311012155
-34.58979850961049
7.552630419234788
-34.966284053220434
-2.026977480881243
-34.9183163302273
14.622346373489734
-33.17111073595099
16.89532308173409
-32.07309867921799
19.13047661958285
-30.792214360624115
21.300875825586502
-29.332717057681123
23.38019372051741
-27.703829022611842
25.343875172264347
-25.919560030519733
27.17023038801176
-23.998212049763055
28.841353736277256
-21.961600933947324
30.343787309135678
-19.834065963915975
31.668880360717196
-17.64136099119378
32.81283309005744
-15.409529049489635
33.77644912725344
-13.163855258893278
34.564649505897194
-10.927973529319729
35.18581819630373
-8.723175957166774
35.65105459105047
-6.567945452649013
35.97340327146583
-4.477706778198353
36.167119049472944
-2.4647719132374846
36.24700924606577
-0.5384437191173106
22.343519993958807
28.546500927479627
24.174483125862537
27.01351451626425
25.951674104211975
25.310989947289812
27.650186038170375
23.443609213975577
29.245320730627554
21.42070998556673
30.713685831033388
19.256300361066508
32.034302794845416
16.96876676046878
33.18962455760493
14.580275122515957
34.16636494963751
12.11590306379233
34.95606040357262
9.602574758095557
35.55531564461086
7.067894335311166
35.96572304431061
4.538983016379262
36.19348298043036
2.0414187880810744
36.248783210116414
-0.4016425139556645
36.14501441749991
-2.770114380627035
35.89790519942369
-5.0473758742756445
35.52465409615735
-7.220426045006036
35.043122108209616
-9.27982725227912
34.47113050420876
-11.219481391082326
33.82588939222825
-13.036288112333693
5.8953629452572045
-39.163650293977526
35.42836799933474
17.702472977213972
-14.08445592192703
31.109774472225922
-13.874125088006622
30.865873293596422
-13.692688546963382
30.68270603096647
-13.538583521872653
30.558065961102244
-13.410268822084987
30.489737525681704
-13.306228143284187
30.47549482568715
-13.224970888631844
30.513101247578703
-13.165032436788096
30.600309339576143
-13.124974242792035
30.734860765608857
-13.10338387457719
30.914486287327804
-13.098875018388469
31.136905760371008
-13.110087462223731
31.399828139537817
-13.135687055888695
31.700951493183567
-13.174365636974642
32.037963031656375
-13.224840895765709
32.408539157476355
-13.285856122178416
32.810345562252195
-13.356179696806578
33.24103741985002
-13.43460396967319
33.69825981213154
-13.519942456407591
34.17964879527807
-13.611021424973927
34.68283459772539
-13.706646241510612
35.205454413152665
-13.805365789216893
35.74524195325216
-13.908611096618301
36.29883434579787
-14.325242283882318
31.416618001209144
-12.833810145329096
37.30778258515193
-11.615937750048033
37.75469518116233
-10.358911310605208
38.202611900181154
-9.06183403542937
38.6490339070792
-7.724123043312517
39.09150582113932
-6.345545941170428
39.52760180924801
-4.926229964270874
39.95492210572789
-3.466665017990522
40.37109185049562
-1.9677048872015348
40.77376061906611
-0.43056777607847607
41.16060220419374
1.143163436730788
41.52931449798501
2.7515410829285543
41.87761941650183
4.392252673945791
42.20326283715164
6.062620941042326
42.504014529620775
7.759603963184418
42.77766805679323
9.479795443335831
43.02204060596898
11.219425288746436
43.23497266267097
12.974360908512665
43.41432730180904
14.740110473975278
43.557988422314565
16.51183271513861
43.663855461103395
18.284376119348508
43.729822254095154
20.05255334136291
43.75362908392711
21.807426914923212
43.73486525072454
-14.013483134243444
36.86451374393337
24.346083174393357
42.84488851329158
25.122229864811402
41.976430999837675
25.87183753999608
41.06971265212766
26.593808973708008
40.12916698192333
27.28726427233738
39.15903260809867
27.951498386152593
38.16337616631853
28.585970485317205
37.14609803698136
29.190300417712535
36.11093425591844
29.76426729086677
35.06145727927776
30.30780882661196
34.001076332179935
30.821021037369007
32.933037583508536
31.30415805130184
31.860424240953705
31.757632011227315
30.7861566054614
32.182013013845676
29.71299210514826
32.57802907039894
28.643525316541314
32.94656608112598
27.580187979880236
33.288667816580016
26.525249010019593
33.60553590417754
25.4808145068329
33.89852981571943
24.448827766512267
34.16916685335178
23.43106929991464
34.419122126374134
22.42915687260134
34.65022849156912
21.44454561825927
34.86447632728118
20.478528486468093
35.06401196998678
19.532239367716016
35.251158807310844
18.606610878002385
23.545009430866685
43.67029644184507
34.47150578645335
18.04021454149614
33.53909651337591
18.369189417371956
32.63273730793833
18.691161789385575
31.75389947503743
19.008041955221103
30.90393018558558
19.321882949050973
30.084052722016963
19.634880056579732
29.295366543811156
19.94937069046125
28.53884731517377
20.267834345431595
27.815346921715673
20.592892575263818
27.125593487021376
20.92730897707122
26.470191391374783
21.273989175626838
25.84962129679792
21.63598080454318
25.264240182947617
22.01647348076216
24.7142814010042
22.41879876710422
24.199854757739786
22.846430113485496
23.720946655058867
23.302982761460584
23.27742033134524
23.792213577814664
22.869016308654807
24.318020748103464
22.49535328443369
24.884443165181494
22.155930091305606
25.495659086613443
21.85013059380418
26.155982780882653
21.577238374815067
26.869854468612317
21.336495478683844
27.641800093295444
21.12751360656472
28.476149723448287
-4.53571774125129
-34.6817634732941
-4.53571774125129
-34.6817634732941
-7.125252466407915
-34.24365971002172
-9.765625946548141
-33.58615790646385
-12.42200521325222
-32.69696070780512
-15.056058066977329
-31.570754956599075
-17.62781411078103
-30.210223811179674
-20.09784463127403
-28.6264579405659
-22.429525818790296
-26.838662868891902
-24.591119267281215
-24.873164379068612
-26.557425074107442
-22.761823882962148
-28.310832333846008
-20.54006391447402
-29.841691530576043
-18.244749919901977
-31.14803795670494
-15.91217095475929
-32.234780991261204
-13.576315681776208
-33.11252574449023
-11.26756814340564
-33.796207638281544
-9.011870078733807
-34.30370316589753
-6.83032957856426
-34.654542984231085
-4.739209174524547
-34.86880898819541
-2.7502023181140203
-16.663452027740163
30.752671746777054
-18.83429652698925
29.473152654225146
-20.992698557244353
27.97684864902567
-23.10395867575653
26.260322666615366
-25.131318547922803
24.32723332170451
-27.037817686439638
22.189048375283477
-28.788408149428193
19.86517075858532
-30.35210272163974
17.382385147638615
-31.703899651892982
14.773631913260772
-32.82624387964705
12.076223159570702
-33.709850751064465
9.32970607183185
-34.35381859907085
6.573629188503986
-34.76506637697216
3.845466532234667
-34.957225742610575
1.1789068775703981
-34.949174957988106
-1.397362802479904
-34.763418210523724
-3.860337726941111
-34.42449369649779
-6.192873871281563
-33.95754967911256
-8.383452322069928
-33.38717432317793
-10.425643565725125
-32.73651456569087
-12.317388811599898
10.066972281164055
-34.82515857843731
20.07068515145846
-30.099891016798907
20.183434230556898
-30.410788598365542
20.28395464117192
-30.705711246748095
20.372595409468865
-30.984954345628097
20.44970245293775
-31.24881519095733
20.515618522071733
-31.4975930302178
20.570683185443198
-31.731589072603498
20.615232824042213
-31.951106492268153
20.649600628756296
-32.15645043018189
20.67411659879261
-32.34792799534506
20.68910754001995
-32.52584826519926
20.694897063920596
-32.69052228693333
20.6918055858015
-32.842263077936735
20.68015032309991
-32.98138562699647
20.660245293255592
-33.108206895736004
20.63240131063926
-33.22304581989829
20.5969259829565
-33.32622331172709
20.554123706136608
-33.41806226274579
20.504295657256417
-33.498887547532775
20.447739784948357
-33.56902602972235
20.38475079485093
-33.62880656966293
20.315620128447804
-33.67856003673231
20.240635930192234
-33.718619327820846
20.160082995014548
-33.74931939679598
20.074242681451608
-33.770997304331615
19.983392758820155
-33.783992303438936
19.88780712467847
-33.78864600009251
19.787755238905945
-33.78530267266197
19.683500879867157
-33.774309976192455
19.57529903404658
-33.75602070124663
19.46338656613268
-33.73079805171264
19.347944899485544
-33.6990367552697
19.228838779359812
-33.661310834603086
19.109125303336718
-33.616388683175956
19.94535567526762
-29.772724759022253
18.640646050953272
-33.5833494719441
18.293034070100276
-33.59589640882018
17.94481646232671
-33.603578514897634
17.596386680447026
-33.60668891624954
17.248069574702797
-33.60555734818706
16.9001609733526
-33.60052776556148
16.552937577319828
-33.59195274547321
16.206660258123613
-33.580191622140205
15.86157537611071
-33.56560974030526
15.51791537941116
-33.548578116929804
15.175899102133258
-33.52947327122658
14.83573192441429
-33.50867713431654
14.497605862452481
-33.48657699742927
14.161699621012175
-33.46356548123239
13.828178624341994
-33.440040517411006
13.497195033359748
-33.4164053371299
13.168887753562654
-33.39306846467244
12.843382434952463
-33.37044371385389
12.520791464525466
-33.34895018796516
12.201213949164789
-33.329012282149534
11.884735685439658
-33.31105969040112
11.57142910752792
-33.29552741690952
11.26135319861718
-33.28285579816196
10.954553333439556
-33.27349054158546
10.651060984285351
-33.26788279849552
10.350893131766767
-33.266489311267776
10.054050966884475
-33.2697727367339
9.760516645563634
-33.278202457095546
9.470243550350055
-33.29225701107026
9.183117336725566
-33.312433822202024
8.898683253546544
-33.339317292707506
8.619829652734396
-33.37265894060266
18.986913280945362
-33.56583791441503
8.385638043154138
-33.34354276969401
8.42856816851603
-33.28258397878818
8.473562874188495
-33.23094969437852
8.520862515997422
-33.18902681724694
8.570652205581183
-33.15721596653637
8.623103239005324
-33.135921133691795
8.678383455758059
-33.125547095747095
8.736660693627556
-33.12649855188562
8.798104173234535
-33.139179778005314
8.862885130194137
-33.163994468495076
8.931177134705464
-33.20134565568347
9.003156268390292
-33.251635665862125
9.079001230954965
-33.31526609145399
9.158893412147599
-33.392637772880875
9.243016946917116
-33.484150783303505
9.33155876547972
-33.59020441451358
9.42470864715115
-33.7111971618605
9.52265928654576
-33.84752670407042
9.62560638459206
-33.99958987612533
9.733748782811304
-34.167782628363454
9.847288673476484
-34.3524999621697
9.96643194651071
-34.55413582459602
10.091388793140766
-34.77308292279386
10.2223748253205
-35.0097323825525
10.359613311772009
-35.264473063194316
10.50334009603921
-35.53769005277607
10.65381588974094
-35.829760905894574
10.811363150472005
-36.14104435705491
10.976513591729258
-36.47183517569843
11.151040748675157
-36.822048149756455
17.818823472989703
-30.670273525278503
19.42318051623991
-33.68387054098142
22.156661200511934
-31.952236861192773
24.834594054408853
-29.918322381790688
27.401101897629474
-27.587002207267176
29.800144980595704
-24.976277447280125
31.97946982494426
-22.117336767873212
33.89451147335532
-19.053219359746578
35.51167261874505
-15.836166954383543
36.81049110715918
-12.524009758771058
37.784415287123124
-9.176112324849385
38.4401732048685
-5.849458091801949
38.79596798888187
-2.5953696834345124
38.87889437304541
0.5428151781358679
38.72202338906021
3.5310027818044887
38.36155572527653
6.344613331365451
37.83433568173014
8.968061078638954
37.175889138583955
11.393697500976288
36.41903350288422
13.620465289549884
-6.381757646039489
38.35539395359214
-3.4731629299035376
38.72725416616029
-0.38618920696337966
38.880765603116174
2.84799702680408
38.77824117882801
6.187933071787185
38.387140558878826
9.583015329205395
37.683270733685674
12.975830694010185
36.65366139676118
16.305526379652775
35.298624413289616
19.511850252177197
33.632585028877116
22.539320587413002
31.683467352009586
25.34092927274699
29.49068292837029
27.88086956260362
27.102032920449346
30.135982265014547
24.57001524034459
32.0958679008466
21.94808282468975
33.761842476358765
19.28732922386027
35.14506632495481
16.633922838662073
36.26422946306164
14.027428040751062
37.14314623180867
11.499989738713452
37.808528432750336
9.076246676790305
38.28810416256337
6.773784438903704
8.344186908269222
-33.41352530220763
-13.631045657324222
31.62726233124428
-35.15060721139649
7.194501029504124
-35.02470869544669
7.934183783999487
-34.87200889528165
8.681140787947697
-34.69364125750602
9.434364675420255
-34.490717438735906
10.192884535577207
-34.264327865754744
10.955762860841986
-34.01554187604516
11.722094783756887
-33.74540776457179
12.491007822223992
-33.45495280320936
13.261661777442242
-33.14518325007088
14.033248687289955
-32.817084354101006
14.80499280250092
-32.47162035882217
15.576150573795019
-32.10973450435059
16.346010643810587
-31.73234902976845
17.11389384194993
-31.340365175559995
17.879153180594443
-30.934663185904512
18.641173851646244
-30.516102312168837
19.39937322345085
-30.085520817059994
20.153200837195442
-29.643735980212213
20.90213840243129
-29.191544106603782
21.645699791540125
-28.729720537762862
22.383431031371543
-28.259019669236878
23.11491029152839
-27.7801749770216
23.83974786621033
-27.293899059691746
24.55758614533363
-26.800883709125188
25.26809956716707
-26.301800032821944
25.97099453449377
-25.797298682429787
26.666009260444838
-25.28801030924264
27.35291345908152
-24.77454656737977
28.03150766613922
-24.25750262017533
28.701621539760055
-23.737464660159947
29.363108764115196
-23.215039988147602
30.015826663886514
-22.69106756494804
30.659493504945118
-22.1637950450808
31.295601725417924
-35.24854528976986
6.463157706916206
-21.37889979253854
31.93536646687059
-21.12107625532198
31.9424515442156
-20.86192431035037
31.944791686734078
-20.601684404623413
31.942757561701256
-20.340632941944765
31.93669433790683
-20.079050381459737
31.926943306202446
-19.817213262721054
31.913847284398457
-19.555391548117868
31.897752419127983
-19.293847559932846
31.87900890567758
-19.032835498267318
31.857971315745772
-18.772601200080647
31.834998760039497
-18.513382010787847
31.81045497634159
-18.25540671161303
31.784708378928173
-17.998895477301197
31.758132087670617
-17.744059851499127
31.73110394571853
-17.4911027329191
31.704006529677116
-17.240218369433304
31.6772271554228
-16.99159235814161
31.651157879653567
-16.745401652117117
31.62619549870763
-16.501814574641422
31.602741543101956
-16.260990845019062
31.58120226777686
-16.02308162158808
31.56198863322419
-15.788229576275647
31.54551627439824
-15.556569026078037
31.532205444130483
-15.328226178681945
31.52248090738749
-15.103319625051498
31.51677172947032
-14.881961423607681
31.515510808336956
-14.664259812419854
31.519133706430694
-14.45032734568461
31.528075143368568
-14.2403134420301
31.542754968762267
-14.03463222188168
31.56347996558162
-13.83088626181377
31.591769683550467
-21.635413743794224
31.92298894166649
-13.433813080831833
31.633789511887358
-13.241148438806867
31.648313999853144
-13.052715293885832
31.671440147828946
-12.86845914764821
31.703649929235155
-12.688365138872477
31.745407367875714
-12.512423427274229
31.797173456642042
-12.340620537718493
31.859409887958037
-12.172936472594749
31.93258029721963
-12.009343554483543
32.0171507614308
-11.849805896901515
32.11359002629163
-11.694279135756624
32.22236962032784
-11.54271028023797
32.34396391825888
-11.395037621109005
32.47885017781155
-11.251190667876713
32.62750856466329
-11.111090098305795
32.790422169939205
-10.974647710693795
32.968077025315864
-10.841766370826626
33.16096211877357
-10.712339944219167
33.36956941208172
-10.586253201974351
33.59439386493395
-10.463381680331295
33.8359334694718
-10.343591459852938
34.09468930379816
-10.226738800719772
34.37116562075107
-10.112669506350443
34.665870000359035
-10.001217744339286
34.97931363466054
-9.892203689252497
35.31201189393494
-9.785428338909284
35.664485573722516
-9.680660556357637
36.03726401113627
-9.577598197162146
36.43089443268758
-9.475712620598415
36.845979345915055
-9.373160270061334
37.2834382772472
15.749950339909754
-31.78230973933998
15.749950339909754
-31.78230973933998
13.544437154219882
-32.78298903779758
11.21573400251606
-33.6509057658449
8.781570779324076
-34.36655587522104
6.263567188356376
-34.913376722309664
3.6865471893621162
-35.278683619114446
1.0775956876548989
-35.45440643433359
-1.5350697562583058
-35.43754659849337
-4.123313545898643
-35.23030561149274
-6.660273048882367
-34.83987530102971
-9.12142154906169
-34.27792025489995
-11.485419446779478
-33.55981656994727
-13.734701072533984
-32.70373273076183
-15.855779321182172
-31.729645604622505
-17.839282499941216
-30.65837810394183
-19.679762539400553
-29.510728463895546
-21.37532867709022
-28.30673898603179
-22.92716587929284
-27.065129092992663
-24.338994340361953
-25.80289717409262
-35.22657388775623
4.155074031520826
-35.4243323626478
1.8146142117903707
-35.46558566683045
-0.606944301958066
-35.33604075141092
-3.0887492762597617
-35.024851077036274
-5.60677760468522
-34.52541562098952
-8.1346065839044
-33.8359656349452
-10.644415325783541
-32.9598654515233
-13.108143174929424
-31.90558319669999
-15.498706686540743
-30.68632576235444
-17.791165203089705
-29.319372807403294
-19.96373026910223
-27.82517922386752
-21.998535161156056
-26.22633820369664
-23.88211323359576
-24.546504572572662
-25.605570904505086
-22.809370785578476
-27.164475928001394
-21.03776927751336
-28.558508572806858
-19.252949782801632
-29.790939440338008
-17.474054016482395
-30.868002596637567
-15.717786948669325
-31.798228276323954
-13.998266382047571
-32.59178863416682
13.992305113841837
-36.27779587556543
3.5781359252024285
3.6013405932592915
3.6219958511079606
3.640312587164082
3.6564749083013077
3.670644689805958
3.6829652213155866
3.69356416773587
3.702555998556616
3.710044000044172
3.7161219573117696
3.7208755730499474
3.724383674802761
3.726719251423623
3.7279503508124314
3.7281408644846454
3.727351219443441
3.7256389938467143
3.7230594698092965
3.719666134153043
3.715511135881952
3.7106457074387547
3.7051205554336812
3.6989862256080426
3.6922934371343388
3.5781359252024285
3.6772840344699667
3.669073279808743
3.6605156461806723
3.651667217979759
3.6425859081785266
3.6333316615023517
3.623966631106619
3.614555324901693
3.6051647168609655
3.595864318071575
3.5867262017182804
3.577824975780387
3.569237697013758
3.56104371984649
3.5533244740716317
3.5461631659886503
3.539644398644405
3.533853708476962
3.5288770175541337
3.524800003219194
3.521707389836636
3.5196821705918695
3.5188047712634445
3.5191426102277417
3.685093427586765
3.523171226858278
3.526709091219437
3.5312057497205904
3.5365798125826284
3.5427491036412895
3.5496313211823654
3.5571446258042063
3.565208151385747
3.5737424378470024
3.582669786584248
3.5919145412964775
3.601403298253515
3.6110650510882194
3.620831275761355
3.6306359616771915
3.640415594896694
3.650109099299987
3.6596577411192297
3.6690050017789537
3.6780964234477773
3.6868794308026867
3.6953031307929285
3.7033180803147006
3.710876390493451
3.5206720328084558
3.7241820484155053
3.7298471310302537
3.734879913257411
3.73923446850254
3.7428644069374997
3.7457225365251388
3.7477604958046458
3.7489283564879954
3.7491741906653857
3.7484435956819695
3.7466791680422458
3.743819915772183
3.7398005962396192
3.7345509633855727
3.7279949046078795
3.720049442560496
3.7106235709377757
3.6996168851331834
3.6869179578137383
3.6724023950868805
3.65593048905319
3.637344352446078
3.616464344944252
3.5932698494425575
3.5932698494425575
3.5932698494425575
3.5932698494425575
3.593269849442558
3.5932698494425575
3.5932698494425575
3.593269849442558
3.5932698494425575
3.593269849442557
3.593269849442557
3.593269849442558
3.5932698494425575
3.593269849442558
3.593269849442558
3.593269849442558
3.593269849442558
3.593269849442557
3.593269849442557
3.593269849442557
3.593269849442558
3.593269849442558
3.593269849442558
3.5932698494425575
3.593269849442558
3.5932698494425583
3.5932698494425575
3.593269849442558
3.593269849442558
3.5932698494425575
3.593269849442557
3.593269849442558
3.593269849442558
3.593269849442557
3.593269849442558
3.593269849442557
3.593269849442558
3.593269849442558
3.593269849442557
3.593269849442558
3.5781359252024285
3.6002518841159428
3.6199069683908873
3.637312529360838
3.652653200439382
3.6660913502556207
3.6777707139443834
3.6878193497731786
3.6963520665492955
3.703472434691099
3.709274467532297
3.7138440394984014
3.7172600929870474
3.7195956745633865
3.720918832561889
3.721293401639965
3.7207796947513643
3.7194351190285766
3.7173147289117576
3.714471727332404
3.7109579237193917
3.706824155854254
3.702120681128446
3.696897540745396
3.691204926508471
3.5781359252024285
3.668703516927494
3.652493381051008
3.6365487873449625
3.620955792761644
3.6058006107273797
3.591169457486009
3.5771483804251876
3.563823073062402
3.5512786809871515
3.5395996023118186
3.52886928499934
3.519170021993077
3.5105827434567876
3.503186803765916
3.497059759198369
3.4922771309757676
3.4889121472393225
3.487035457247472
3.486714811242649
3.4880147006290754
3.4909959548876524
3.495715293954664
3.502224835206884
3.5105621076824507
3.6850934275867653
3.5151634641172405
3.511244683820881
3.508863193248583
3.5079637267605452
3.5084886894139555
3.510378526811687
3.5135720301613174
3.5180065797745566
3.52361833261829
3.5303423614423477
3.538112754308117
3.5468626838640698
3.5565244556778244
3.567029544218537
3.578308623977865
3.590291601670742
3.602907653842949
3.616085272333571
3.629752318234023
3.6438360832502648
3.65826335512273
3.672960478537819
3.6878533609214275
3.7028687410474173
3.5206720328084558
3.7215264075589407
3.724743118041615
3.7275382630282134
3.729869199479231
3.7316925506385403
3.732963842808292
3.733637122899287
3.733664548831864
3.732995946475043
3.7315783259518347
3.729355348641678
3.7262667343390596
3.7222475956080325
3.7172276833207913
3.7111305236511796
3.703872421815589
3.6953613016785485
3.685495342232975
3.674161361351267
3.6612328836391095
3.646567812590132
3.6300056150809517
3.611364029432796
3.611364029432796
3.5520628631082762
3.5520628631082762
3.5520628631082762
3.5520628631082762
3.5520628631082762
3.5520628631082767
3.5520628631082767
3.5520628631082762
3.5520628631082762
3.5520628631082762
3.5520628631082762
3.5520628631082767
3.5520628631082767
3.5520628631082762
3.5520628631082762
3.5520628631082767
3.5520628631082762
3.5520628631082762
3.5520628631082767
3.5520628631082762
3.552062863108276
3.5520628631082762
3.5520628631082767
3.5520628631082762
3.5520628631082762
3.5520628631082767
3.5520628631082762
3.5520628631082762
3.5520628631082762
3.5520628631082762
3.5520628631082762
3.5520628631082762
3.5520628631082762
3.5520628631082767
3.5520628631082767
3.5520628631082767
3.5520628631082762
3.5520628631082762
3.5520628631082767
3.5308318057095915
3.5218235600386563
3.5147353885696075
3.5095299260595194
3.5061577007282168
3.5045580302573627
3.50466010240501
3.5063841976485737
3.5096430085590695
3.5143430102185027
3.520385838306472
3.5276696356053403
3.5360903333493283
3.5455428403973537
3.5559221199961453
3.5671241408135623
3.5790466950005557
3.591590081628139
3.604657658414633
3.6181562681627835
3.6319965490075328
3.6460931393400737
3.6603647953823835
3.5417847096664827
3.6888299479897375
3.702907187979249
3.7169010729220773
3.7307501781255223
3.7443965229046237
3.757785337713745
3.770864809407444
3.783585813033729
3.7959016346101433
3.807767688070653
3.8191412284628825
3.829981062755858
3.8402472588565892
3.849900852831622
3.858903553707436
3.8672174446886403
3.8748046790835193
3.8816271686491843
3.88764626137759
3.8928224047295843
3.897114786890288
3.9004809215302303
3.9028770245129647
3.6747343959395575
3.9042719635684158
3.9032721370513648
3.9013022950722775
3.898406223251551
3.894625574349415
3.890000250889355
3.884568757693828
3.8783685302597535
3.871436243640369
3.8638081057553477
3.8555201383713436
3.846608448471621
3.8371094921846454
3.8270603330410444
3.816498895788355
3.8054642166448165
3.7939966903101072
3.782138313672811
3.769932925536921
3.7574264412072824
3.744667080137724
3.731705584127053
3.71859542271368
3.705392980000219
3.6921577744242007
3.9042554335680313
3.6657523408163484
3.6527242231813553
3.639940972314848
3.6274788482658287
3.6154173946110717
3.6038392653977045
3.592829967962952
3.5824775151185944
3.572871980361994
3.564104951612677
3.5562688813220236
3.549456334067314
3.543759136533269
3.5392674391239543
3.5360687031406535
3.5342466323860795
3.5338800726298687
3.535041906676059
3.5377979759922114
3.5422060619824354
3.5483149603903534
3.5561636805623946
3.5657807952431613
3.5771839314025926
3.5546935324704276
3.590467195384799
3.590467195384799
3.5904671953847993
3.5904671953847993
3.5904671953847993
3.5904671953847997
3.5904671953847984
3.5904671953847984
3.5904671953847997
3.5904671953847993
3.5904671953847997
3.5904671953847993
3.5904671953847993
3.590467195384799
3.5904671953847997
3.590467195384799
3.5904671953847997
3.5904671953848
3.5904671953847993
3.5904671953847993
3.5904671953847993
3.5904671953847993
3.5904671953847993
3.590467195384799
3.590467195384799
3.5904671953847984
3.590467195384799
3.590467195384799
3.5904671953847997
3.5904671953848
3.5904671953847993
3.5904671953847997
3.5904671953847993
3.5904671953847984
3.590467195384799
3.5904671953847993
3.5904671953847997
3.5904671953847993
3.6789524350480214
3.678952435048021
3.5307486375102606
3.5216644404346527
3.514507540294987
3.509240575248578
3.5058140762439387
3.504167363285745
3.5042296261150936
3.5059211468736553
3.5091546194856242
3.5138365200777457
3.519868485066133
3.5271486576600473
3.5355729692079234
3.545036328364713
3.5554336978452037
3.566661045439123
3.5786161620366626
3.5911993449853035
3.6043139496166634
3.6178668150820594
3.6317685721917328
3.645933831443226
3.660281626902613
3.541784709666482
3.675122333471738
3.676331761482226
3.6783782593547403
3.6812796949248128
3.685054833665763
3.6897216375931463
3.6952954691383226
3.7017872814327903
3.7092018687908603
3.717536251561373
3.7267782664390183
3.7369054252713396
3.7478840918265797
3.7596690079226165
3.772203179114849
3.78541810792085
3.7992343413922276
3.8135622816767176
3.828303194275798
3.843350338532906
3.8585901291039675
3.87390310474288
3.8891690303917543
3.6747343959395575
3.8974972848987246
3.890182297890217
3.8823758228706344
3.8741395633882862
3.8655319772137053
3.8566085168442443
3.847421830443347
3.8380219442307197
3.8284564364581426
3.8187706104935306
3.8090076731928386
3.799208923752801
3.7894139572186076
3.7796608858996814
3.7699865808365676
3.7604269345103276
3.7510171448082796
3.7417920192817697
3.732786297553483
3.7240349887520816
3.7155737198074394
3.707439089447044
3.699669021971435
3.6923031152803687
3.6853829336644885
3.9042554335680317
3.661167379656503
3.6438822642023445
3.6271791107254905
3.6111427674247545
3.5958607512097154
3.5814230173728707
3.56792164987042
3.555450465342009
3.54410452502147
3.533979550637142
3.525171242721211
3.5177745029405614
3.511882565761628
3.50758604899674
3.504971937360025
3.5041225179721924
3.5051142912221307
3.5080168846179114
3.5128920004643103
3.519792430505396
3.5287611719109204
3.539830680879672
3.5530223145265536
3.568346181372245
3.5546935324704276
3.5546935324704276
3.554693532470427
3.554693532470428
3.554693532470427
3.5546935324704276
3.5546935324704276
3.554693532470428
3.554693532470427
3.554693532470427
3.554693532470427
3.5546935324704276
3.554693532470427
3.554693532470427
3.554693532470427
3.5546935324704276
3.5546935324704276
3.5546935324704276
3.554693532470427
3.554693532470427
3.554693532470427
3.5546935324704276
3.554693532470428
3.5546935324704276
3.554693532470428
3.5546935324704276
3.554693532470427
3.5546935324704276
3.554693532470427
3.554693532470427
3.5546935324704276
3.5546935324704276
3.554693532470427
3.5546935324704276
3.554693532470427
3.554693532470427
3.5546935324704276
3.554693532470427
3.554693532470427
3.554693532470427
3.590467195384799
3.588446675307108
3.5972886460370734
3.605512435822476
3.61314451781966
3.6202097017026453
3.6267312882981546
3.632731208138942
3.638230145962185
3.6432476529356848
3.6478022481002257
3.651911510307077
3.655592161819167
3.6588601444910926
3.661730689420583
3.6642183807903534
3.6663372145294026
3.6681006523915163
3.6695216719180093
3.670612812728036
3.671386219540336
3.6718536822213586
3.6720266732040927
3.671916382510606
3.671533750618529
3.6708894993993106
3.6699941612521223
3.668858106663162
3.667491570250326
3.6659046754554727
3.6641074578594015
3.662109886989468
3.6599218853443953
3.657553332776115
3.6550144023549698
3.5789582139196203
3.6483134185601185
3.6442313311157783
3.6400788716728436
3.635866573213592
3.631605025464478
3.627304897456978
3.6229769521584805
3.6186320586978042
3.614281203217849
3.6099354986831376
3.605606193623401
3.601304679877639
3.5970424992387806
3.592831348967251
3.5886830861143437
3.584609730565412
3.580623466751668
3.5767366439184314
3.5729617749064215
3.569311533327064
3.5657987490896375
3.5624364021328434
3.559237614356428
3.556215639609492
3.5533838516757155
3.5507557301651684
3.5483448441281995
3.5461648331083566
3.544229384453375
3.542552201506521
3.541146913791863
3.540028328861843
3.652314577569591
3.537528453735643
3.5361138915174304
3.5349784253472136
3.534135656626162
3.533598987058793
3.5333815769784387
3.5334963041214853
3.5339557218873066
3.5347720171796984
3.5359569680191836
3.53752190123335
3.539477650591074
3.5418345156622038
3.5446022218288236
3.547789881745493
3.55140595864728
3.5554582318691796
3.5599537648747304
3.5648988761725517
3.570299113390882
3.5761592307956187
3.5824831705205993
3.5892740476504823
3.596534139410813
3.6042648784653526
3.612466850423431
3.6211397953809668
3.6302826128527617
3.6398933670053712
3.6499692661407024
3.568709224888455
3.660548997214933
3.6605489972149328
3.6605489972149328
3.660548997214933
3.6605489972149328
3.6605489972149328
3.660548997214933
3.6605489972149328
3.660548997214933
3.6605489972149328
3.660548997214933
3.660548997214933
3.6605489972149328
3.6605489972149328
3.6605489972149328
3.6605489972149328
3.660548997214933
3.6605489972149328
3.6605489972149328
3.6605489972149328
3.6605489972149328
3.660548997214933
3.660548997214933
3.6605489972149328
3.660548997214933
3.660548997214933
3.6605489972149328
3.6605489972149328
3.6605489972149328
3.6605489972149328
3.6605489972149328
3.6605489972149328
3.660548997214933
3.6605489972149328
3.6605489972149328
3.660548997214933
3.660548997214933
3.6605489972149328
3.5392083635278064
3.5392083635278064
3.580161251468582
3.581075280535188
3.581748527617439
3.5822271401824466
3.5825552343215676
3.5827749067349495
3.582926224337469
3.5830471965458686
3.583173734504582
3.5833396012827414
3.5835763569902244
3.583913302731927
3.5843774270759545
3.584993358614531
3.5857833278589424
3.5867671413668685
3.587962170631808
3.5893833577221566
3.5910432391621487
3.5929519889939163
3.595117481315685
3.5975453721056825
3.6002391995173437
3.603200501369354
3.606428948134468
3.609922489299141
3.6136775108396484
3.6176890012787095
3.621950723958848
3.6264553934590507
3.6311948559216733
3.636160282259571
3.6413424746788707
3.64672936885041
3.5789582139196203
3.648858747158662
3.645289692473163
3.641617510239826
3.6378524187898993
3.634004732690869
3.6300848705563835
3.626103366260745
3.622070880246166
3.6179982101868466
3.6138963008546643
3.609776253006062
3.605649331292052
3.601526971064327
3.5974207840329044
3.593342562709657
3.589304283544214
3.585318108699173
3.5813963863516016
3.5775516494773223
3.573796612999627
3.5701441692619316
3.5666073816802886
3.5631994765778003
3.5599338330703523
3.55682397097099
3.5538835366854156
3.5511262870765155
3.548566071500962
3.546216812617098
3.5440924894825963
3.542207154084449
3.540574099653953
3.652314577569591
3.5371278244369524
3.5353381749851143
3.533853193695539
3.532686539129282
3.5318516707814345
3.5313618035884287
3.5312298657237435
3.5314684565128
3.5320898041212976
3.5331057230859
3.5345275719542335
3.5363662113845793
3.5386319629801557
3.5413345692809246
3.5444831552086313
3.5480861913628217
3.552151459530599
3.5566860207070325
3.561696186003714
3.567187490713608
3.573164671814305
3.5796316491721365
3.5865915105749213
3.594046500821112
3.6019980148028274
3.6104465945229034
3.6193919293819192
3.6288328573053916
3.638767354689363
3.6491924088514973
3.568709224888455
3.568709224888455
3.568709224888455
3.568709224888455
3.568709224888455
3.5687092248884555
3.568709224888455
3.568709224888455
3.568709224888455
3.568709224888455
3.5687092248884555
3.568709224888455
3.568709224888455
3.5687092248884555
3.5687092248884555
3.5687092248884555
3.568709224888455
3.568709224888455
3.568709224888455
3.568709224888455
3.568709224888455
3.568709224888455
3.5687092248884555
3.568709224888455
3.5687092248884555
3.568709224888455
3.568709224888455
3.568709224888455
3.568709224888455
3.568709224888455
3.568709224888455
3.568709224888455
3.568709224888455
3.568709224888455
3.568709224888455
3.568709224888455
3.568709224888455
3.568709224888455
3.568709224888455
3.5687092248884555
3.6605489972149328
25.434931146732993
0.0
0.0
0.0
0.0
0.0
0.0
0.0
0.0
0.0
0.0
0.0
0.0
0.0
0.0
0.0
0.0
0.0
0.0
0.0
0.0
0.0
0.0
0.0
0.0
25.434931146732993
0.0
0.0
0.0
0.0
0.0
0.0
0.0
0.0
0.0
0.0
0.0
0.0
0.0
0.0
0.0
0.0
0.0
0.0
0.0
0.0
0.0
0.0
0.0
0.0
0.0
0.0
0.0
0.0
0.0
0.0
0.0
0.0
0.0
0.0
0.0
0.0
0.0
0.0
0.0
0.0
0.0
0.0
0.0
0.0
0.0
0.0
0.0
0.0
0.0
0.0
0.0
0.0
0.0
0.0
0.0
0.0
0.0
0.0
0.0
0.0
0.0
0.0
0.0
0.0
0.0
0.0
0.0
0.0
0.0
0.0
0.0
0.0
0.0
0.0
0.0
0.0
0.0
0.0
0.0
0.0
0.0
0.0
0.0
0.0
0.0
0.0
0.0
0.0
0.0
0.0
0.0
0.0
0.0
43.000743975844955
46.96841866546638
46.96841866546656
51.13447708956906
55.508838434876864
55.5088384348768
55.50883843487702
60.10191784744988
64.92465123065178
69.98852128301358
75.30558483799345
86.75056414008763
0.0
0.0
0.0
0.0
0.0
0.0
0.0
0.0
50.366438167635245
47.29750128942386
48.23633385572915
49.08326356739966
49.84203895048538
50.516344297829896
51.10980191277826
51.62597477265252
52.068369323255844
52.44043834360116
44.046354442211545
52.98716013630444
53.168476626634664
44.503320147596455
44.56224404582655
48.87377575521361
44.55604418408558
44.49617546680371
48.679709315919744
57.72329660531041
57.520824209585534
57.28353725737795
57.0147382279495
61.56970517472265
61.220208313696865
50.366438167635245
55.140950071393796
58.895565003049306
62.76017334391529
48.286951838279684
51.77926240383659
59.975812744063354
42.313066890503315
41.75297227287818
41.23247808543295
40.7537218874305
36.77570389479201
33.078962812502155
32.79612070521265
35.843237843793695
39.056422330938936
38.8700759511526
42.313988566872105
42.23465279562215
42.221112593859985
35.303525183661726
32.16000013935152
32.31213278481258
35.80877435498808
36.10856986566509
60.84720205128062
36.27510110694371
36.13322512743768
36.04727657590397
36.01486783611162
32.72751571241176
32.78942387529532
36.217417591214776
36.37838216529758
33.22643607451451
36.82991723827077
33.71154121659693
34.00780909879625
37.80693598886067
34.70060208568354
35.094208530750464
35.51727136261297
35.96819758456076
36.445309465123415
36.946828517936645
37.47086047848603
38.01538129990859
42.47554932694153
43.11286665364471
43.765107300838075
36.47547637695402
44.58932717780515
44.73298906943464
49.17994069413614
44.9628827377816
45.044940649607575
45.10224234582351
45.13261901250921
45.13385683364941
45.103690316423965
45.039795699219766
44.93978445787142
44.80119692872225
44.62149606619744
44.398061350360955
44.12818286346825
43.80905554866911
47.622668151201246
43.01132547341257
46.62369690785569
46.02480321524656
45.35477124757235
44.60978291961131
43.78588903384208
43.78588903384208
0.0
0.0
0.0
0.0
0.0
0.0
0.0
0.0
0.0
0.0
0.0
0.0
0.0
0.0
0.0
0.0
0.0
0.0
0.0
77.62307150745008
49.070202742590325
45.07232610155027
45.07232610155018
45.07232610155019
41.26482453865476
41.26482453865479
41.26482453865481
41.264824538654814
41.264824538654814
45.07232610155019
49.070202742590354
49.070202742590375
53.26797321568251
57.67563221242924
62.30367415901337
72.26553444903563
77.62307150745004
0.0
0.0
1.187680432706176
0.0
0.0
0.0
0.0
0.0
0.0
0.0
0.0
0.0
0.0
0.0
0.0
0.0
0.0
0.0
0.0
0.0
0.0
0.0
0.0
0.0
0.0
0.0
0.0
1.0
0.0
0.0
0.0
0.0
0.0
0.0
0.0
0.0
0.0
0.0
0.0
0.0
0.0
0.0
0.0
0.0
0.0
0.0
0.0
0.0
0.0
0.0
0.0
0.0
0.0
0.0
0.0
0.0
0.0
0.0
0.0
0.0
0.0
0.0
0.0
0.0
0.0
0.0
0.0
0.0
0.0
0.0
0.0
0.0
0.0
0.0
0.0
0.0
0.0
0.0
0.0
0.0
0.0
0.0
0.0
0.0
0.0
0.0
0.0
0.0
0.0
0.0
0.0
0.0
0.0
0.0
0.0
0.0
0.0
0.0
0.0
0.0
0.0
0.0
0.0
0.0
0.0
0.0
0.0
0.0
0.0
0.0
0.0
0.0
0.0
0.0
0.0
0.0
0.0
0.0
0.0
0.0
0.0
0.9280160641337631
1.5506918593048888
1.5794854336513835
1.5938822208246308
1.6082790079978784
1.6298741887577493
1.658667763104244
1.6658661566908677
1.680262943864115
1.8314292091832123
1.835028405976524
1.838627602769836
0.0
0.0
0.0
0.0
0.0
0.0
0.0
0.0
0.9294060802398902
0.9294060802398902
1.5906619814025047
0.9294060802398902
0.9294060802398902
1.1383640827298152
1.1383640827298152
1.1383640827298152
1.1383640827298152
1.1383640827298152
1.6471371172105926
1.1383640827298152
1.1383640827298152
1.6697271715338275
1.6753746851146365
1.686669712276254
1.692317225857063
1.6979647394378716
1.7036122530186804
0.9294060802398902
0.9294060802398902
0.9294060802398902
1.8222100382156647
0.9294060802398902
0.9294060802398902
0.9294060802398902
1.8278575517964735
1.8321611130015616
1.83646467420665
1.83646467420665
1.8407682354117378
1.8450717966168262
1.7198541085905452
1.7162549117972334
1.7126557150039217
1.7126557150039217
1.7090565182106097
1.705457321417298
1.7018581246239861
1.6982589278306741
1.6982589278306741
1.6946597310373623
1.6910605342440506
0.9280160641337631
1.1655630524923446
1.0071983935866238
1.021595180759871
1.0359919679331184
1.0503887551063658
1.064785542279613
0.9294060802398902
1.093579116626108
1.1079759037993553
1.1223726909726026
1.13676947814585
1.1511662653190973
1.338324498571313
1.1727614460789684
1.1871582332522157
1.201555020425463
1.2087534140120868
1.2231502011853341
1.2375469883585815
1.2447453819452052
1.2591421691184526
1.2735389562916999
1.2879357434649472
1.295134137051571
1.3095309242248183
1.3239277113980656
1.5075014977851469
1.3527212857445603
1.3594701484802245
1.3720688122496336
1.3909668079037474
1.0791823294528604
1.428762799211975
1.428762799211975
1.4098648035578611
1.4350621310966796
1.441361462981384
1.4476607948660887
1.4539601267507933
1.4602594586354978
1.472858122404907
1.4665587905202024
1.4791574542896115
1.4859063170252758
1.4859063170252758
1.4931047106118993
1.4931047106118993
1.5003031041985229
1.2843365466716354
1.991931380138492
1.5146998913717704
1.521898284958394
1.521898284958394
1.5146998913717704
1.521898284958394
1.521898284958394
0.0
0.0
0.0
0.0
0.0
0.0
0.0
0.0
0.0
0.0
0.0
0.0
0.0
0.0
0.0
0.0
0.0
0.0
0.0
1.7318498209227242
0.9294060802398902
1.4072099332158268
1.2710806518788214
0.9294060802398902
1.158130380262646
1.1242452987777931
1.0847127037121318
1.0451801086464703
1.0
1.709259766599489
1.7120835233898934
1.7177310369707022
1.7205547937611065
1.7233785505515111
1.7262023073419155
1.7290260641323199
1.7318498209227242
0.0
0.0
