25.434931146732993
0.0
0.0
0.0
0.0
0.0
0.0
0.0
0.0
0.0
0.0
0.0
0.0
0.0
0.0
0.0
0.0
0.0
0.0
0.0
0.0
0.0
0.0
0.0
0.0
25.434931146732993
0.0
0.0
0.0
0.0
0.0
0.0
0.0
0.0
0.0
0.0
0.0
0.0
0.0
0.0
0.0
0.0
0.0
0.0
0.0
0.0
0.0
0.0
0.0
0.0
0.0
0.0
0.0
0.0
0.0
0.0
0.0
0.0
0.0
0.0
0.0
0.0
0.0
0.0
0.0
0.0
0.0
0.0
0.0
0.0
0.0
0.0
0.0
0.0
0.0
0.0
0.0
0.0
0.0
0.0
0.0
0.0
0.0
0.0
0.0
0.0
0.0
0.0
0.0
0.0
0.0
0.0
0.0
0.0
0.0
0.0
0.0
0.0
0.0
0.0
0.0
0.0
0.0
0.0
0.0
0.0
0.0
0.0
0.0
0.0
0.0
0.0
0.0
0.0
0.0
0.0
0.0
0.0
0.0
43.000743975844955
46.96841866546638
46.96841866546656
51.13447708956906
55.508838434876864
55.5088384348768
55.50883843487702
60.10191784744988
64.92465123065178
69.98852128301358
75.30558483799345
86.75056414008763
0.0
0.0
0.0
0.0
0.0
0.0
0.0
0.0
50.366438167635245
47.29750128942386
48.23633385572915
49.08326356739966
49.84203895048538
50.516344297829896
51.10980191277826
51.62597477265252
52.068369323255844
52.44043834360116
44.046354442211545
52.98716013630444
53.168476626634664
44.503320147596455
44.56224404582655
48.87377575521361
44.55604418408558
44.49617546680371
48.679709315919744
57.72329660531041
57.520824209585534
57.28353725737795
57.0147382279495
61.56970517472265
61.220208313696865
50.366438167635245
55.140950071393796
58.895565003049306
62.76017334391529
48.286951838279684
51.77926240383659
59.975812744063354
42.313066890503315
41.75297227287818
41.23247808543295
40.7537218874305
36.77570389479201
33.078962812502155
32.79612070521265
35.843237843793695
39.056422330938936
38.8700759511526
42.313988566872105
42.23465279562215
42.221112593859985
35.303525183661726
32.16000013935152
32.31213278481258
35.80877435498808
36.10856986566509
60.84720205128062
36.27510110694371
36.13322512743768
36.04727657590397
36.01486783611162
32.72751571241176
32.78942387529532
36.217417591214776
36.37838216529758
33.22643607451451
36.82991723827077
33.71154121659693
34.00780909879625
37.80693598886067
34.70060208568354
35.094208530750464
35.51727136261297
35.96819758456076
36.445309465123415
36.946828517936645
37.47086047848603
38.01538129990859
42.47554932694153
43.11286665364471
43.765107300838075
36.47547637695402
44.58932717780515
44.73298906943464
49.17994069413614
44.9628827377816
45.044940649607575
45.10224234582351
45.13261901250921
45.13385683364941
45.103690316423965
45.039795699219766
44.93978445787142
44.80119692872225
44.62149606619744
44.398061350360955
44.12818286346825
43.80905554866911
47.622668151201246
43.01132547341257
46.62369690785569
46.02480321524656
45.35477124757235
44.60978291961131
43.78588903384208
43.78588903384208
0.0
0.0
0.0
0.0
0.0
0.0
0.0
0.0
0.0
0.0
0.0
0.0
0.0
0.0
0.0
0.0
0.0
0.0
0.0
77.62307150745008
49.070202742590325
45.07232610155027
45.07232610155018
45.07232610155019
41.26482453865476
41.26482453865479
41.26482453865481
41.264824538654814
41.264824538654814
45.07232610155019
49.070202742590354
49.070202742590375
53.26797321568251
57.67563221242924
62.30367415901337
72.26553444903563
77.62307150745004
0.0
0.0
