1.187680432706176
0.0
0.0
0.0
0.0
0.0
0.0
0.0
0.0
0.0
0.0
0.0
0.0
0.0
0.0
0.0
0.0
0.0
0.0
0.0
0.0
0.0
0.0
0.0
0.0
1.0
0.0
0.0
0.0
0.0
0.0
0.0
0.0
0.0
0.0
0.0
0.0
0.0
0.0
0.0
0.0
0.0
0.0
0.0
0.0
0.0
0.0
0.0
0.0
0.0
0.0
0.0
0.0
0.0
0.0
0.0
0.0
0.0
0.0
0.0
0.0
0.0
0.0
0.0
0.0
0.0
0.0
0.0
0.0
0.0
0.0
0.0
0.0
0.0
0.0
0.0
0.0
0.0
0.0
0.0
0.0
0.0
0.0
0.0
0.0
0.0
0.0
0.0
0.0
0.0
0.0
0.0
0.0
0.0
0.0
0.0
0.0
0.0
0.0
0.0
0.0
0.0
0.0
0.0
0.0
0.0
0.0
0.0
0.0
0.0
0.0
0.0
0.0
0.0
0.0
0.0
0.0
0.0
0.0
0.9280160641337631
1.5506918593048888
1.5794854336513835
1.5938822208246308
1.6082790079978784
1.6298741887577493
1.658667763104244
1.6658661566908677
1.680262943864115
1.8314292091832123
1.835028405976524
1.838627602769836
0.0
0.0
0.0
0.0
0.0
0.0
0.0
0.0
0.9294060802398902
0.9294060802398902
1.5906619814025047
0.9294060802398902
0.9294060802398902
1.1383640827298152
1.1383640827298152
1.1383640827298152
1.1383640827298152
1.1383640827298152
1.6471371172105926
1.1383640827298152
1.1383640827298152
1.6697271715338275
1.6753746851146365
1.686669712276254
1.692317225857063
1.6979647394378716
1.7036122530186804
0.9294060802398902
0.9294060802398902
0.9294060802398902
1.8222100382156647
0.9294060802398902
0.9294060802398902
0.9294060802398902
1.8278575517964735
1.8321611130015616
1.83646467420665
1.83646467420665
1.8407682354117378
1.8450717966168262
1.7198541085905452
1.7162549117972334
1.7126557150039217
1.7126557150039217
1.7090565182106097
1.705457321417298
1.7018581246239861
1.6982589278306741
1.6982589278306741
1.6946597310373623
1.6910605342440506
0.9280160641337631
1.1655630524923446
1.0071983935866238
1.021595180759871
1.0359919679331184
1.0503887551063658
1.064785542279613
0.9294060802398902
1.093579116626108
1.1079759037993553
1.1223726909726026
1.13676947814585
1.1511662653190973
1.338324498571313
1.1727614460789684
1.1871582332522157
1.201555020425463
1.2087534140120868
1.2231502011853341
1.2375469883585815
1.2447453819452052
1.2591421691184526
1.2735389562916999
1.2879357434649472
1.295134137051571
1.3095309242248183
1.3239277113980656
1.5075014977851469
1.3527212857445603
1.3594701484802245
1.3720688122496336
1.3909668079037474
1.0791823294528604
1.428762799211975
1.428762799211975
1.4098648035578611
1.4350621310966796
1.441361462981384
1.4476607948660887
1.4539601267507933
1.4602594586354978
1.472858122404907
1.4665587905202024
1.4791574542896115
1.4859063170252758
1.4859063170252758
1.4931047106118993
1.4931047106118993
1.5003031041985229
1.2843365466716354
1.991931380138492
1.5146998913717704
1.521898284958394
1.521898284958394
1.5146998913717704
1.521898284958394
1.521898284958394
0.0
0.0
0.0
0.0
0.0
0.0
0.0
0.0
0.0
0.0
0.0
0.0
0.0
0.0
0.0
0.0
0.0
0.0
0.0
1.7318498209227242
0.9294060802398902
1.4072099332158268
1.2710806518788214
0.9294060802398902
1.158130380262646
1.1242452987777931
1.0847127037121318
1.0451801086464703
1.0
1.709259766599489
1.7120835233898934
1.7177310369707022
1.7205547937611065
1.7233785505515111
1.7262023073419155
1.7290260641323199
1.7318498209227242
0.0
0.0
