89.0251688446 3.6331542966
91.3677069683 33.9692853569
93.7164985668 34.3475158516
96.0713540397 34.765697207
98.4320837867 35.2216808498
100.798498207 35.7133182065
103.170407701 36.2384607036
105.547622668 36.7949597677
107.929953508 37.3806668254
110.31721062 37.9934333031
112.709204404 38.6311106275
115.10574526 39.291550225
117.506643587 39.9726035222
119.911709785 40.6721219457
122.320754253 41.3879569219
124.733587392 42.1179598776
127.150019601 42.8599822391
129.569861279 43.611875433
131.992922827 44.3714908859
134.419014643 45.1366800243
136.847947128 45.9052942748
139.279530681 46.6751850639
141.713575702 47.4442038181
144.14989259 48.210201964
146.588291745 48.9710309282
149.028583568 49.7245421371
151.470578456 50.4685870174
153.914086811 51.2010169956
156.358919032 51.9196834981
158.804885518 52.6224379516
161.251796669 53.3071317827
163.699462884 53.9716164178
166.147694565 54.6137432834
168.596302109 55.2313638062
171.045095917 55.8223294127
173.493886388 56.3844915294
175.942483922 56.9157015829
178.390698919 57.4138109997
180.838341778 57.8766712063
183.285222899 58.3021336294
185.731152681 58.6880496954
188.175941525 59.0322708309
190.61939983 59.3326484624
193.061337995 59.5870340165
195.501566421 59.7932789197
197.939895507 59.9492345986
200.376135652 60.0527524797
202.810097256 60.1016839895
205.241590719 60.0938805547
207.67042644 60.0271936017
210.096433515 59.8997961253
212.519599528 59.7125871952
214.939991911 59.4678392641
217.357678701 59.1678352621
219.772727941 58.8148581197
222.185207668 58.4111907671
224.595185924 57.9591161347
227.002730749 57.4609171529
229.407910181 56.9188767518
231.810792262 56.335277862
234.21144503 55.7124034136
236.609936526 55.052536337
239.006334789 54.3579595625
241.40070786 53.6309560205
243.793123779 52.8738086413
246.183650584 52.0888003552
248.572356317 51.2782140925
250.959309017 50.4443327835
253.344576723 49.5894393587
255.728227476 48.7158167482
258.110329316 47.8257478824
260.490950282 46.9215156917
262.870158415 46.0054031064
265.248021754 45.0796930568
267.624608339 44.1466684731
269.99998621 43.2086122858
272.374223406 42.2678074252
274.747387969 41.3265368216
277.119547937 40.3870834053
279.490771351 39.4517301066
281.86112625 38.5227598559
284.230680674 37.6024555834
286.599502663 36.6931002196
288.967660257 35.7969766947
291.335221497 34.9163679391
293.70225442 34.053556883
296.068827069 33.2108264569
298.435007482 32.390459591
300.800863699 31.5947392156
303.166463761 30.8259482611
305.531875707 30.0863696578
307.897167576 29.3782863361
310.26240741 28.7039812261
312.627663247 28.0657372584
314.993003128 27.4658373631
317.358495093 26.9065644707
319.724207181 26.3902015114
322.090207432 25.9190314156
324.456563886 25.4953371136
326.823344583 25.1214015357
329.19061756 24.7995076122
