-19.3681617317 40.137732063
-18.6945524239 141.163762696
-18.0097357548 142.17544782
-17.3138528339 143.172930516
-16.6070447705 144.156353864
-15.8894526741 145.125860946
-15.1612176542 146.081594843
-14.4224808203 147.023698635
-13.6733832817 147.952315402
-12.9140661479 148.867588227
-12.1446705285 149.76966019
-11.3653375328 150.658674371
-10.5762082703 151.534773852
-9.77742385042 152.398101713
-8.96912538267 153.248801035
-8.15145397646 154.0870149
-7.32455074127 154.912886387
-6.48855678654 155.726558579
-5.64361322172 156.528174554
-4.78986115627 157.317877396
-3.92744169964 158.095810183
-3.05649596129 158.862115998
-2.17716505066 159.616937921
-1.28959007721 160.360419033
-0.393912150388 161.092702414
0.509727620346 161.813931146
1.42118812554 162.52424831
2.34032825575 163.223796986
3.26700690151 163.912720254
4.20108295337 164.591161197
5.14241530188 165.259262895
6.09086283759 165.917168429
7.04628445105 166.565020879
8.00853903279 167.202963326
8.97748547337 167.831138852
9.95298266334 168.449690537
10.9348894932 169.058761462
11.9230648536 169.658494707
12.917367635 170.249033354
13.917656728 170.830520484
14.9237910231 171.403099177
15.9356294109 171.966912515
16.9530307818 172.522103577
17.9758540266 173.068815446
19.0039580356 173.607191201
20.0372016995 174.137373924
21.0754439088 174.659506695
22.1185435541 175.173732595
23.1663595259 175.680194706
24.2187507147 176.179036108
25.275576011 176.670399882
26.3366943056 177.154429108
27.4019644888 177.631266868
28.4712454512 178.101056243
29.5443960834 178.563940312
30.621275276 179.020062158
31.7017419194 179.469564861
32.7856549042 179.912591502
33.872873121 180.349285161
34.9632554603 180.77978892
36.0566608127 181.20424586
37.1529480687 181.62279906
38.2519761188 182.035591603
39.3536038537 182.442766569
40.4576901638 182.844467038
41.5640939396 183.240836093
42.6726740719 183.632016812
43.783289451 184.018152278
44.8957989675 184.399385572
46.0100615121 184.775859773
47.1259359751 185.147717963
48.2432812473 185.515103224
49.361956219 185.878158634
50.481819781 186.237027276
51.6027308236 186.591852231
52.7245482376 186.942776579
53.8471309133 187.2899434
54.9703377414 187.633495777
56.0940276124 187.973576789
57.2180594169 188.310329518
58.3422920453 188.643897045
59.4665843883 188.974422449
60.5907953364 189.302048813
61.7147837802 189.626919217
62.8384086101 189.949176741
63.9615287168 190.268964468
65.0840029907 190.586425477
66.2056903225 190.901702849
67.3264496027 191.214939666
68.4461397218 191.526279007
69.5646195703 191.835863955
70.6817480389 192.143837589
71.797384018 192.450342991
72.9113863983 192.755523242
74.0236140702 193.059521422
75.1339259243 193.362480612
76.2421808512 193.664543893
77.3482377414 193.965854347
78.4519554854 194.266555053
79.5531929738 194.566789092
80.651809097 194.866699546
