0.37106731609299004 -34.150348041409416
0.37100861498731774 -33.84405911241484
0.37164882595280346 -33.60497890973937
0.372968956078239 -33.43046785967729
0.37495518758103685 -33.31788633405699
0.3775944573905292 -33.26459469734195
0.38087335710179104 -33.26795331936515
0.38477777252188616 -33.3253225782928
0.38929274763208355 -33.43406286266364
0.3944024338636325 -33.5915345715982
0.40009008065081275 -33.79509811504602
0.4063380541772972 -34.042113913399675
0.4131278855410585 -34.329942396642764
0.4204403616587342 -34.65594400374914
0.42825569091897364 -35.01747917961157
0.4365538151817816 -35.41190837176302
0.4453150367641001 -35.83659202198726
0.4545214000339115 -36.28889054787945
0.46416014721035026 -36.76616429822724
0.47423408737196837 -37.26577341743837
0.48480307429787217 -37.78507730392997
0.4962743542716055 -38.321430819722366
0.5055288469040704 -38.87223486317768
0.3718800704523062 -34.52648488246422
0.7247411053806161 -39.99145331911828
0.9412415604243165 -40.554141963185
1.163889870054959 -41.12024830585594
1.392562385790427 -41.68713380043707
1.6271449153255162 -42.252163065205536
1.867487641920718 -42.81270447238106
2.1133938594678625 -43.366130293382895
2.36461622464185 -43.90981674759098
2.620855267503657 -44.441144019192905
2.8817587285205946 -44.95749626391739
3.146921247611772 -45.45626160897311
3.415884228104801 -45.93483214907366
3.6881358088215848 -46.39060393703389
3.963110930400319 -46.82097696710457
4.240191523060503 -47.22335514437026
4.518706903897225 -47.595146227314444
4.797934606488354 -47.933761712739
5.077102232908942 -48.23661658216841
5.355392105801229 -48.501128666445084
5.631955244809205 -48.72471674192886
5.905967292357445 -48.904792910713155
6.177020022802765 -49.038709267799334
6.439863037198222 -49.12447420346865
0.5148372023067509 -39.434819966439534
6.7221092509712435 -49.15645313614087
6.741609021367196 -49.10373743827938
6.754718133537722 -49.003477570454805
6.7615667698708535 -48.85812142084606
6.762375225020833 -48.670104564154116
6.757393302885362 -48.441858518025214
6.746885167378764 -48.17581280609829
6.73112429463248 -47.87439564590312
6.71039145620864 -47.54003422334469
6.684973805636844 -47.17515481727099
6.655164426188151 -46.78218286077262
6.621262094060057 -46.363542973591535
6.583571152938077 -45.92165897846979
6.54240145435989 -45.45895390951213
6.49806834529727 -44.97785001268116
6.4508927023925935 -44.480768740749994
6.401201029581841 -43.970130737662146
6.349325667378707 -43.448355807399935
6.295605232623643 -42.9178628472161
6.240385603561151 -42.381069699124595
6.184022397986496 -41.84039277717372
6.12688842220183 -41.298245945871
6.069403483174995 -40.75703603245901
6.012243097871703 -40.219131409341315
5.953512573173782 -39.6872873846371
6.696602987331914 -49.159106672602206
5.919147630235557 -38.63473055304951
5.94272729952047 -38.11917189964356
5.966248151970376 -37.61941814124481
5.990152190630113 -37.13786766663631
6.014951817301039 -36.67690737571738
6.0411976365790565 -36.238917525933346
6.069470412530507 -35.8262729422469
6.100378394808445 -35.44134341958201
6.134556258027999 -35.08649388076702
6.172664631856037 -34.764084446620046
6.215389882412751 -34.476470466867625
6.263444017819552 -34.226002531662516
6.317564668369528 -34.01502647077808
6.378515126726313 -33.84588334174856
6.447084455932952 -33.720909403484285
6.524087698428275 -33.64243606936634
6.610366261489958 -33.61278982060736
6.706788648009706 -33.634292044289936
6.814251929593979 -33.7092587068131
6.933684997667001 -33.83999963433939
7.066056701168861 -34.028816712152974
7.212400270712806 -34.27799847970786
7.3739110311012155 -34.58979850961049
7.552630419234788 -34.966284053220434
-2.026977480881243 -34.9183163302273
14.622346373489734 -33.17111073595099
16.89532308173409 -32.07309867921799
19.13047661958285 -30.792214360624115
21.300875825586502 -29.332717057681123
23.38019372051741 -27.703829022611842
25.343875172264347 -25.919560030519733
27.17023038801176 -23.998212049763055
28.841353736277256 -21.961600933947324
30.343787309135678 -19.834065963915975
31.668880360717196 -17.64136099119378
32.81283309005744 -15.409529049489635
33.77644912725344 -13.163855258893278
34.564649505897194 -10.927973529319729
35.18581819630373 -8.723175957166774
35.65105459105047 -6.567945452649013
35.97340327146583 -4.477706778198353
36.167119049472944 -2.4647719132374846
36.24700924606577 -0.5384437191173106
22.343519993958807 28.546500927479627
24.174483125862537 27.01351451626425
25.951674104211975 25.310989947289812
27.650186038170375 23.443609213975577
29.245320730627554 21.42070998556673
30.713685831033388 19.256300361066508
32.034302794845416 16.96876676046878
33.18962455760493 14.580275122515957
34.16636494963751 12.11590306379233
34.95606040357262 9.602574758095557
35.55531564461086 7.067894335311166
35.96572304431061 4.538983016379262
36.19348298043036 2.0414187880810744
36.248783210116414 -0.4016425139556645
36.14501441749991 -2.770114380627035
35.89790519942369 -5.0473758742756445
35.52465409615735 -7.220426045006036
35.043122108209616 -9.27982725227912
34.47113050420876 -11.219481391082326
33.82588939222825 -13.036288112333693
5.8953629452572045 -39.163650293977526
35.42836799933474 17.702472977213972
-14.08445592192703 31.109774472225922
-13.874125088006622 30.865873293596422
-13.692688546963382 30.68270603096647
-13.538583521872653 30.558065961102244
-13.410268822084987 30.489737525681704
-13.306228143284187 30.47549482568715
-13.224970888631844 30.513101247578703
-13.165032436788096 30.600309339576143
-13.124974242792035 30.734860765608857
-13.10338387457719 30.914486287327804
-13.098875018388469 31.136905760371008
-13.110087462223731 31.399828139537817
-13.135687055888695 31.700951493183567
-13.174365636974642 32.037963031656375
-13.224840895765709 32.408539157476355
-13.285856122178416 32.810345562252195
-13.356179696806578 33.24103741985002
-13.43460396967319 33.69825981213154
-13.519942456407591 34.17964879527807
-13.611021424973927 34.68283459772539
-13.706646241510612 35.205454413152665
-13.805365789216893 35.74524195325216
-13.908611096618301 36.29883434579787
-14.325242283882318 31.416618001209144
-12.833810145329096 37.30778258515193
-11.615937750048033 37.75469518116233
-10.358911310605208 38.202611900181154
-9.06183403542937 38.6490339070792
-7.724123043312517 39.09150582113932
-6.345545941170428 39.52760180924801
-4.926229964270874 39.95492210572789
-3.466665017990522 40.37109185049562
-1.9677048872015348 40.77376061906611
-0.43056777607847607 41.16060220419374
1.143163436730788 41.52931449798501
2.7515410829285543 41.87761941650183
4.392252673945791 42.20326283715164
6.062620941042326 42.504014529620775
7.759603963184418 42.77766805679323
9.479795443335831 43.02204060596898
11.219425288746436 43.23497266267097
12.974360908512665 43.41432730180904
14.740110473975278 43.557988422314565
16.51183271513861 43.663855461103395
18.284376119348508 43.729822254095154
20.05255334136291 43.75362908392711
21.807426914923212 43.73486525072454
-14.013483134243444 36.86451374393337
24.346083174393357 42.84488851329158
25.122229864811402 41.976430999837675
25.87183753999608 41.06971265212766
26.593808973708008 40.12916698192333
27.28726427233738 39.15903260809867
27.951498386152593 38.16337616631853
28.585970485317205 37.14609803698136
29.190300417712535 36.11093425591844
29.76426729086677 35.06145727927776
30.30780882661196 34.001076332179935
30.821021037369007 32.933037583508536
31.30415805130184 31.860424240953705
31.757632011227315 30.7861566054614
32.182013013845676 29.71299210514826
32.57802907039894 28.643525316541314
32.94656608112598 27.580187979880236
33.288667816580016 26.525249010019593
33.60553590417754 25.4808145068329
33.89852981571943 24.448827766512267
34.16916685335178 23.43106929991464
34.419122126374134 22.42915687260134
34.65022849156912 21.44454561825927
34.86447632728118 20.478528486468093
35.06401196998678 19.532239367716016
35.251158807310844 18.606610878002385
23.545009430866685 43.67029644184507
34.47150578645335 18.04021454149614
33.53909651337591 18.369189417371956
32.63273730793833 18.691161789385575
31.75389947503743 19.008041955221103
30.90393018558558 19.321882949050973
30.084052722016963 19.634880056579732
29.295366543811156 19.94937069046125
28.53884731517377 20.267834345431595
27.815346921715673 20.592892575263818
27.125593487021376 20.92730897707122
26.470191391374783 21.273989175626838
25.84962129679792 21.63598080454318
25.264240182947617 22.01647348076216
24.7142814010042 22.41879876710422
24.199854757739786 22.846430113485496
23.720946655058867 23.302982761460584
23.27742033134524 23.792213577814664
22.869016308654807 24.318020748103464
22.49535328443369 24.884443165181494
22.155930091305606 25.495659086613443
21.85013059380418 26.155982780882653
21.577238374815067 26.869854468612317
21.336495478683844 27.641800093295444
21.12751360656472 28.476149723448287
-4.53571774125129 -34.6817634732941
-4.53571774125129 -34.6817634732941
-7.125252466407915 -34.24365971002172
-9.765625946548141 -33.58615790646385
-12.42200521325222 -32.69696070780512
-15.056058066977329 -31.570754956599075
-17.62781411078103 -30.210223811179674
-20.09784463127403 -28.6264579405659
-22.429525818790296 -26.838662868891902
-24.591119267281215 -24.873164379068612
-26.557425074107442 -22.761823882962148
-28.310832333846008 -20.54006391447402
-29.841691530576043 -18.244749919901977
-31.14803795670494 -15.91217095475929
-32.234780991261204 -13.576315681776208
-33.11252574449023 -11.26756814340564
-33.796207638281544 -9.011870078733807
-34.30370316589753 -6.83032957856426
-34.654542984231085 -4.739209174524547
-34.86880898819541 -2.7502023181140203
-16.663452027740163 30.752671746777054
-18.83429652698925 29.473152654225146
-20.992698557244353 27.97684864902567
-23.10395867575653 26.260322666615366
-25.131318547922803 24.32723332170451
-27.037817686439638 22.189048375283477
-28.788408149428193 19.86517075858532
-30.35210272163974 17.382385147638615
-31.703899651892982 14.773631913260772
-32.82624387964705 12.076223159570702
-33.709850751064465 9.32970607183185
-34.35381859907085 6.573629188503986
-34.76506637697216 3.845466532234667
-34.957225742610575 1.1789068775703981
-34.949174957988106 -1.397362802479904
-34.763418210523724 -3.860337726941111
-34.42449369649779 -6.192873871281563
-33.95754967911256 -8.383452322069928
-33.38717432317793 -10.425643565725125
-32.73651456569087 -12.317388811599898
10.066972281164055 -34.82515857843731
