2.472506323610318 -35.72126511281139
2.61788570945464 -36.553707352939114
2.7622836454314807 -37.310048100240905
2.9049169589556243 -37.99285309967016
3.045367179230695 -38.60466212665869
3.183296566339564 -39.14800864273341
3.3184075435912064 -39.62542260317495
3.4504325551557145 -40.039431159242234
3.5791306847519166 -40.39255889252183
3.7042863024654196 -40.687327907997975
3.8257084490839475 -40.926257877080566
3.943230527549389 -41.11186605888111
4.056710136049247 -41.24666731179564
4.166028971725666 -41.33317410021671
4.271092771724881 -41.37389649868992
4.371831274682052 -41.37134219470742
4.468198193153654 -41.32801649084011
4.560171190557014 -41.24642230675084
4.647751856116884 -41.12906018176318
4.730965666526174 -40.978428279252405
4.809861904547546 -40.79702239717397
4.88451342823376 -40.58733599762044
4.955015762563534 -40.35186032442971
5.021480763206483 -40.093085228702606
5.084121981954553 -39.81348805702047
2.472506323610318 -35.72126511281139
5.002855304761937 -39.22107904157951
4.862512007398493 -38.91291710113135
4.722442646035745 -38.59353275370941
4.583030351507659 -38.265388593029876
4.4446315443859135 -37.93094986858368
4.307576915295186 -37.59268435845338
4.172171670004303 -37.25306233701613
4.0386956112744485 -36.91455656470171
3.907403171661713 -36.579642283431404
3.7785234286006357 -36.25079721466985
3.652260112186468 -35.93050155863547
3.5287916096730214 -35.621237993747584
3.4082709684995507 -35.32549167598033
3.2908258989365606 -35.045750239001386
3.176558776962395 -34.78450379352791
3.0655466484605824 -34.544244927416415
2.957841236243752 -34.32746870467796
2.8534689537756037 -34.13667266526332
2.752430934802817 -33.97435682250758
2.654703107275708 -33.84302365827383
2.560236414896252 -33.74517810901683
2.4689577028239853 -33.68332750698202
2.3807759177725245 -33.659981174022064
2.295476806631143 -33.67733424556585
5.143055835644816 -39.51555953064122
2.2956069643466606 -33.81390245317998
2.381347835010928 -33.928385600344896
2.4700341007797704 -34.07573248984977
2.5617141795505916 -34.25357964805368
2.6564164412035893 -34.45956553160305
2.7541482513823325 -34.691330590162494
2.8548957360217173 -34.94651728160527
2.9586237073672237 -35.222770076319144
3.0652756403079024 -35.51773545837948
3.1747736696012794 -35.82906192495176
3.2870185997255703 -36.15439998495984
3.401889926465202 -36.49140215589725
3.519245874009755 -36.83772295922586
3.638923456405422 -37.19101891262276
3.7607385813142287 -37.54894851754452
3.8844862322907545 -37.90917223612314
4.00994080799893 -38.269352449632585
4.136856801052062 -38.62715337509764
4.264970291706334 -38.98024088055501
4.394002682688722 -39.32628202506418
4.523671904063292 -39.66294367739952
4.653737233556228 -39.98788699113181
4.784313040690563 -40.298728730094986
4.911662208043936 -40.5935598048884
2.212749737057379 -33.73464801202515
5.2292878386343205 -41.10603927141909
5.4203339196900515 -41.31872464951628
5.609977821025268 -41.50558366077586
5.7974965340999915 -41.66435495410928
5.982198798434013 -41.792775075220526
6.163376550220562 -41.88858445097797
6.34029278973793 -41.94952888460795
6.51217754419207 -41.97336005207848
6.678226262681676 -41.95783569854344
6.837599100529644 -41.900719724798996
6.989420581373054 -41.799782225557124
7.132779444931771 -41.65279950352968
7.266728605678509 -41.457554067624294
7.390285200671656 -41.211834614597514
7.5024307413762585 -40.91343599140349
7.6021114269603345 -40.5601591218491
7.688238759866977 -40.149810866445655
7.759690802148214 -39.680203740204
7.815314958486681 -39.14915528784403
7.853934949538598 -38.55448652055016
7.874371745306064 -37.89401722577854
7.875527309645463 -37.165547204445105
7.856970821280129 -36.36672493247221
10.243386891575767 -34.87972827039714
12.581527120218539 -34.106122537609764
14.937317804100985 -33.14210246871093
17.283219411050993 -31.981443776301255
19.589717033388354 -30.62295553631332
21.826519025155505 -29.0710420603007
23.963928975421197 -27.33592009221961
25.97427091817417 -25.433436053678253
27.833230037460453 -23.384476152119735
29.520975320641185 -21.21401506894299
31.0229570064692 -18.94989598393644
32.33031515054819 -16.621466285905182
33.43988703245674 -14.258203760775016
34.35385001412345 -11.8884569408464
35.079074058104936 -9.538395171790619
35.626279401340014 -7.2312263997820985
36.00909917583368 -4.986701893257969
36.24313697184425 -2.820893771020625
36.34509036850312 -0.7462072986698836
36.33198859362619 1.2284234041496411
19.184926827946413 30.878163835202226
21.23160851922586 29.508324569747845
23.24445607742655 27.950271570985432
25.19526788919751 26.205360047494498
27.055282677765376 24.280323277367156
28.79648464912441 22.187494024337045
30.392983646828498 19.944647509315967
31.82233981687233 17.57444473679755
33.066698123771914 15.103506030673412
34.113616226736156 12.561194495835618
34.956507220615435 9.978227405822498
35.594669079638095 7.385252354409101
36.032924965396774 4.8115213462412605
36.28094270500998 2.283772244123732
36.35233046891324 -0.174610154835257
36.26361616418541 -2.5441230166557993
36.03321184222102 -4.809372470590375
35.68044607627854 -6.9590363575014855
35.224722598293056 -8.985618348257915
34.68483789475948 -10.885055784951447
-7.671741225906416 34.97522630867135
-8.192618171824677 35.67893922951689
-8.710912794553508 36.303644495716256
-9.225519966065505 36.852404983331475
-9.73510673013702 37.328321250065095
-10.238378992316356 37.734473037486154
-10.73411961911242 38.073910913744776
-11.221197963595046 38.349654184347344
-11.698573041412601 38.56469019579189
-12.165294801742363 38.721974056152696
-12.620504705916659 38.82442850852602
-13.063436017397123 38.874943867260605
-13.49341395870077 38.87637798343944
-13.909855801920003 38.831556224870724
-14.3122709240466 38.743271463703664
-14.700260842895972 38.614284068129926
-15.07351924238057 38.44732189610405
-15.431831992833864 38.245080289514945
-15.77507717167859 38.010222066908064
-16.103225092883193 37.74537751088283
-16.416338367078396 37.45314434009974
-16.714572068513206 37.136087627133
-16.99817438884233 36.79673947336067
-17.267491194124858 36.43759674125652
-17.522904698569562 36.06115159665279
-7.671741225906416 34.97522630867135
-16.578304201645295 35.52297994409564
-15.40258195231192 35.3618542627125
-14.239799837653948 35.18856738905807
-13.09168980856009 35.005272566003015
-11.959720412739188 34.814154742303195
-10.845096090027823 34.61743092395548
-9.748756995987634 34.41735026156844
-8.671378943186852 34.216194079953965
-7.613373377471362 34.01627588951937
-6.574887367088593 33.819941391534925
-5.55580359708469 33.62956848090601
-4.555740365953767 33.44756724749941
-3.574051583235132 33.2763799765174
-2.609826767433759 33.11848114909907
-1.6618910434359861 32.976377441817334
-0.7288051387729979 32.85260772649262
0.19113462294544092 32.74974306844372
1.099896334767152 32.67038672442497
1.9997125342264042 32.617174135930796
2.8930802726566753 32.592772913763916
3.782761323103898 32.59988279222689
4.671783011672119 32.64123544281646
5.563444037414314 32.7195931750688
6.461174248496462 32.83745284644827
-17.764976165240512 35.66982043964684
8.134035788211065 32.622654264963735
8.913065623481003 32.28207582472993
9.706856261439356 31.969090703321065
10.516869291262083 31.680199381748118
11.344360435893634 31.412028612214684
12.19037865269999 31.161331617874488
13.055765909789159 30.924988141320796
13.941157112653201 30.700004459040485
14.846980076378571 30.483513385563214
15.773455514831483 30.272774272968867
16.72059703789762 30.065173007937247
17.688211153325767 29.858222005531807
18.67589727312813 29.64956019958612
19.68304772555385 29.43695302693265
20.708847776412796 29.218292401557882
21.75227566635641 28.991596668420826
22.81210268122362 28.75501051893405
23.886893292878852 28.506804821786474
24.97500546848005 28.245376249934786
26.074591444912926 27.969246349596453
27.18360005154898 27.677058746247518
28.299786001858536 27.367567968750294
29.420774935657903 27.0395612176115
30.54319023668853 26.69290861537992
7.368105603995161 32.994450407643626
31.37548091202399 26.898616004010094
31.062677700656934 27.460695962741347
30.725274638304995 28.010244068791273
30.362475027737617 28.544943286570494
29.97360815824419 29.06236840975872
29.558119241854058 29.55999816748583
29.115566900637475 30.03521824955751
28.645622333244603 30.4853223123544
28.14806898797832 30.90751237799286
27.62280242370292 31.298899011141877
27.06983025382783 31.656501399867985
26.48927213724744 31.977247388225003
25.88135980614743 32.2579734778616
25.246437134967266 32.495424800210415
24.58496027335036 32.68625505253202
23.897497890120974 32.82702637151998
23.184731636381457 32.914209088607535
22.447457081005723 32.94418123312217
21.686585776029972 32.913227430293475
20.90315042911334 32.81753613901123
20.098320431323316 32.65319135726132
19.27346398048968 32.4161394316907
18.430582967445787 32.101956705574594
18.430582967445787 32.101956705574594
-0.05721989093112256 -34.885159792225046
-2.664536770162087 -34.78329903337875
-5.38879957504507 -34.4664835308882
-8.197611768339442 -33.90835898625258
-11.05106181691525 -33.088543040812645
-13.903207378894862 -31.994975737206566
-16.70441618032683 -30.62580820026516
-19.404371486219574 -28.990481456329455
-21.955393556958114 -27.109746247504333
-24.31563375029819 -25.014547830539588
-26.451700305856875 -22.743904651007583
-28.340378606045448 -20.342089084236036
-29.969283667975574 -17.855522514712533
-31.336476758856477 -15.329803396868499
-32.44923903778097 -12.807206319644607
-33.322289305423624 -10.324857543358362
-33.97575291105007 -7.9136503569632985
-34.43314927030229 -5.597845940544836
-34.7195919029698 -3.3952298797322946
-34.86031286278176 -1.3176626859577638
-9.86429282041152 33.461520811197005
-12.33776716932104 32.630616744410716
-14.863025630568004 31.560546841746458
-17.40156822205239 30.23512975428168
-19.909362435251154 28.646028263387635
-22.338928466099787 26.794587565989332
-24.642116721239148 24.69298951811666
-26.773295377990536 22.36444281550211
-28.6925433979605 19.842268045794228
-30.36840216899062 17.167929331967763
-31.779798847240016 14.388260251814849
-32.9169044595282 11.55227460923976
-33.78088699372525 8.70800331661384
-34.382707801386985 5.8997501717815055
-34.74124148101862 3.1660366710675873
-34.88105251613356 0.5383523118986986
-34.83014114154402 -1.9593151622737395
-34.61789982719898 -4.310296903811839
-34.273429951371924 -6.504586628940803
