121.887665168
0.7226999192
124.220059785
51.2139413671
126.560142311
51.7303814309
128.907697082
52.2704451226
131.262508433
52.8325574545
133.624360701
53.4151434386
135.993038222
54.0166280871
138.368325333
54.6354364121
140.750006369
55.2699934257
143.137865668
55.9187241402
145.531687564
56.5800535676
147.931256395
57.25240672
150.336356496
57.9342086097
152.746772204
58.6238842486
155.162287855
59.319858649
157.582687785
60.0205568231
160.00775633
60.7244037828
162.437277827
61.4298245405
164.871036612
62.1352441081
167.308817021
62.8390874978
169.750403391
63.5397797219
172.195580057
64.2357457923
174.644131355
64.9254107213
177.095841623
65.6071995209
179.550495196
66.2795372034
182.00787641
66.9408487808
184.467769602
67.5895592653
186.929959107
68.224093669
189.394229263
68.8428770041
191.860364405
69.4443342826
194.32814887
70.0268905167
196.797366993
70.5889707186
199.267803111
71.1289999004
201.739241561
71.6454030742
204.211466677
72.1366052522
206.684262798
72.6010314465
209.157414258
73.0371066692
211.630705394
73.4432559324
214.103920543
73.8179042483
216.57684404
74.1594766291
219.049260222
74.4663980868
221.520953425
74.7370936337
223.991707985
74.9699882817
226.461308238
75.1635070432
228.929538521
75.3160749301
231.39618317
75.4261169547
233.861026521
75.492058129
236.32385291
75.5123234653
238.784446673
75.4853379756
241.242592148
75.409526672
243.698081314
75.2834249487
246.150826326
75.1073033813
248.6008349
74.8828123511
251.048117393
74.6116403738
253.492684161
74.2954759651
255.934545562
73.9360076409
258.373711951
73.5349239167
260.810193687
73.0939133085
263.244001125
72.6146643318
265.675144624
72.0988655026
268.103634538
71.5482053364
270.529481226
70.9643723492
272.952695044
70.3490550565
275.373286348
69.7039419742
277.791265496
69.030721618
280.206642845
68.3310825036
282.619428751
67.6067131468
285.029633571
66.8593020633
287.437267663
66.0905377689
289.842341381
65.3021087793
292.244865085
64.4957036103
294.64484913
63.6730107776
297.042303873
62.835718797
299.437239671
61.9855161842
301.829666881
61.1240914549
304.219595859
60.2531331249
306.607036963
59.3743297099
308.992000549
58.4893697257
311.374496974
57.599941688
313.754536596
56.7077341126
316.13212977
55.8144355153
318.507286853
54.9217344116
320.880018203
54.0313193175
323.250334176
53.1448787486
325.618245129
52.2641012208
327.983761418
51.3906752496
330.346893402
50.526289351
332.707651436
49.6726320405
335.066045877
48.8313918341
337.422087082
48.0042572473
339.775785407
47.1929167961
342.127151211
46.399058996
344.476194849
45.6243723629
346.822926679
44.8705454124
349.167357056
44.1392666605
351.509496339
43.4322246227
353.849354883
42.7511078148
356.186943046
42.0976047526
358.522271184
41.4734039519
360.855349654
40.8801939283
363.18618881
40.3196631976
200.290160099
10.153422935
202.351864423
210.270325876
204.416458771
210.376226772
206.483755446
210.470962974
208.553566746
210.554371833
210.625704971
210.6262907
212.699982422
210.686556923
214.776211399
210.735007855
216.854204202
210.771480845
218.933773131
210.795813244
221.014730486
210.807842402
223.096888567
210.807405669
225.180059674
210.794340396
227.264056107
210.768483934
229.348690166
210.729673633
231.433774152
210.677746843
233.519120365
210.612540914
235.604541103
210.533893198
237.689848669
210.441641043
239.774855361
210.335621802
241.85937348
210.215672824
243.943215326
210.08163146
246.026193198
209.93333506
248.108119398
209.770620974
250.188806225
209.593326553
252.268065979
209.401289147
254.34571096
209.194346107
256.421553468
208.972334784
258.495405804
208.735092526
260.567080267
208.482456686
262.636389158
208.214264613
264.703144777
207.930353658
266.767159423
207.630561171
268.828245396
207.314724503
270.886214998
206.982681004
272.940880528
206.634268024
274.992054285
206.269322914
277.039548571
205.887683024
279.083175685
205.489185704
281.122747927
205.073668306
283.158077597
204.640968179
285.188976996
204.190922675
287.215258423
203.723369142
289.236734178
203.238144932
291.253216562
202.735087395
293.264517875
202.214033882
295.270450417
201.674821743
297.270826487
201.117288328
299.265458387
200.541270988
301.25419013
199.946673675
303.237119437
199.333933131
305.214465761
198.703741744
307.186449325
198.056793516
309.153290351
197.393782448
311.115209061
196.715402542
313.072425679
196.022347801
315.025160426
195.315312225
316.973633526
194.594989818
318.9180652
193.862074579
320.858675671
193.117260513
322.795685161
192.361241619
324.729313893
191.594711901
326.65978209
190.818365359
328.587309973
190.032895997
330.512117765
189.238997815
332.43442569
188.437364815
334.354453968
187.628691
336.272422823
186.813670371
338.188552477
185.99299693
340.103063152
185.167364679
342.016175072
184.337467619
343.928108458
183.503999753
345.839083532
182.667655082
347.749320518
181.829127608
349.659039638
180.989111333
351.568461115
180.14830026
353.477805169
179.307388388
355.387292025
178.467069722
357.297141905
177.628038261
359.207575031
176.790988009
361.118811625
175.956612967
363.03107191
175.125607136
364.944576109
174.29866452
366.859544443
173.476479119
368.776197136
172.659744935
370.69475441
171.84915597
372.615436487
171.045406227
374.53846359
170.249189706
376.464055941
169.46120041
378.392433762
168.68213234
380.323817277
167.912679499
382.258426707
167.153535888
384.196482275
166.40539551
386.138204204
165.668952365
388.083812715
164.944900455
390.033528032
164.233933784
391.987570377
163.536746351
393.946159972
162.85403216
395.90951704
162.186485212
397.877861803
161.534799509
399.85141448
160.899669053
-20.2064057491
39.64187297
-19.5794166889
140.739753108
-18.9392980412
141.820506479
-18.2862205778
142.884320038
-17.6203550701
143.931380742
-16.9418722901
144.961875546
-16.2509430094
145.975991404
-15.5477379997
146.973915272
-14.8324280326
147.955834106
-14.1051838799
148.92193486
-13.3661763133
149.872404491
-12.6155761045
150.807429953
-11.8535540252
151.727198202
-11.080280847
152.631896192
-10.2959273417
153.52171088
-9.50066428093
154.396829221
-8.69466243645
155.25743817
-7.87809257993
156.103724682
-7.05112548306
156.935875713
-6.21393191755
157.754078218
-5.36668265509
158.558519152
-4.50954846739
159.349385471
-3.64270012613
160.126864129
-2.76630840301
160.891142083
-1.88054406974
161.642406288
-0.985577898012
162.380843699
-0.0815806595189
163.10664127
0.831276874039
163.819985959
1.75282393096
164.521064719
2.68288973956
165.210064507
3.62130352812
165.887172277
4.56789452496
166.552574985
5.52249195838
167.206459586
6.48492505668
167.849013035
7.45502304816
168.480422289
8.43261516113
169.100874301
9.41753062388
169.710556029
10.4095986647
170.309654425
11.408648512
170.898356448
12.4145093939
171.47684905
13.4270105388
172.045319188
14.445981175
172.603953818
15.4712505309
173.152939894
16.5026478346
173.692464371
17.5400023145
174.222714206
18.583143199
174.743876353
19.6318997162
175.256137768
20.6861010946
175.759685406
21.7455765624
176.254706222
22.8101553479
176.741387172
23.8796666795
177.219915211
24.9539397853
177.690477294
26.0328038938
178.153260377
27.1160882332
178.608451415
28.2036220319
179.056237364
29.295234518
179.496805177
30.3907549201
179.930341812
31.4900124662
180.357034224
32.5928363848
180.777069366
33.6990559042
181.190634196
34.8085002526
181.597915668
35.9209986583
181.999100738
37.0363803497
182.39437636
38.1544745551
182.783929491
39.2751105027
183.167947085
40.3981174208
183.546616098
41.5233245379
183.920123485
42.650561082
184.288656202
43.7796562817
184.652401204
44.9104393651
185.011545446
46.0427395606
185.366275883
47.1763860965
185.716779471
48.3112082011
186.063243165
49.4470351026
186.405853921
50.5836960294
186.744798694
51.7210202098
187.080264438
52.8588368721
187.41243811
53.9969752446
187.741506665
55.1352645556
188.067657058
56.2735340333
188.391076245
57.4116129062
188.71195118
58.5493304024
189.030468819
59.6865157504
189.346816117
60.8229981784
189.66118003
61.9586069146
189.973747514
63.0931711875
190.284705522
64.2265202253
190.594241011
65.3584832563
190.902540937
66.4888895089
191.209792253
67.6175682112
191.516181916
68.7443485917
191.821896881
69.8690598786
192.127124104
70.9915313002
192.432050539
72.1115920848
192.736863142
73.2290714608
193.041748868
74.3437986564
193.346894673
75.4556029
193.652487512
76.5643134198
193.95871434
77.6697594441
194.265762112
78.7717702013
194.573817784
79.870174919
194.883068312
1.9469478512434932
-35.65751152850584
2.1304879756446127
-36.47098234595979
2.316853342827528
-37.21334060242366
2.5047108126628075
-37.88696816756155
2.693299523639695
-38.49421485198355
2.881983332717226
-39.03742284191452
3.070186987808853
-39.51893017882097
3.2573804383922607
-39.94107160230914
3.4430744025614786
-40.306178750363564
3.626821826919553
-40.61657991339027
3.8082420733787785
-40.87459754833078
3.986689634486652
-41.08258168735915
1.9469478512434932
-35.65751152850584
4.121404108877471
-41.374584389201566
4.076301924671299
-41.463296557890885
4.027040128860591
-41.51123778356618
3.9739858088782682
-41.52067244421659
3.9175000299359795
-41.49386534220798
3.857933750668309
-41.43308211704994
3.7956268016666854
-41.34058934776352
3.7309075447226405
-41.218654588158955
3.6640927359069906
-41.069546379628044
3.5954874627878723
-40.89553425845501
3.5253851119402952
-40.69888875814629
3.454067350079015
-40.481881411767866
3.3818041109633157
-40.246784753256634
3.3088535836909045
-39.99587231791473
3.235462198776844
-39.7314186439939
3.161864606546686
-39.45569927407527
3.0882836370531948
-39.17099075781455
3.014930214279616
-38.87957065806233
2.9420031435674048
-38.58371756592122
2.8696884755279086
-38.2857111445478
2.798156963701871
-37.987832307373395
2.727546270176475
-37.692364459320686
2.658200418883638
-37.401576787429036
4.1620021610336835
-41.24283443932604
2.593731984896607
-36.83738398540784
2.597788720003223
-36.56863671380396
2.6024975418168594
-36.313799229692464
2.6080552037669236
-36.07515064512599
2.6146603017289465
-35.854969898441844
2.6225160345615564
-35.65553556179964
2.631830896354842
-35.47912579323616
2.642818909816583
-35.3280183198225
2.655699723215406
-35.20449043092125
2.6706986593860336
-35.11081897515536
2.688046747128169
-35.04928035724943
2.7079807484620915
-35.02215053647872
2.730729608143946
-35.031530794590694
2.756332144044194
-35.077034188877974
2.784679372971624
-35.15641792720575
2.815653431283323
-35.26739518418447
2.8491312002785207
-35.40767953865645
2.88498468117254
-35.57498494215968
2.9230818189902834
-35.767025648118654
2.963288561548268
-35.981516035876965
3.0054750355841406
-36.21617008305499
3.0495402502208435
-36.468699254156064
3.095585019654095
-36.736797721528
3.141590135160982
-37.018340801970474
2.59011311373024
-37.117763107155305
3.307408530134296
-37.601480520457216
3.4284766598460124
-37.89829660387151
3.5515641159328197
-38.199111674640974
3.676429405552142
-38.501648439821906
3.8028453673773015
-38.803629494132124
3.9305727795209577
-39.10277957575064
4.059353761681223
-39.396826130090545
4.188909576035144
-39.683499497728775
4.318939747767786
-39.9605329894489
4.4491216655414405
-40.225662920561156
4.57911038194635
-40.476628627822755
4.708538506332388
-40.71117247845191
4.837016143970914
-40.92703987556836
4.964130859933732
-41.12197926069879
5.08944765721867
-41.29374211613868
5.212508963272455
-41.440082965455254
5.332834622126143
-41.55875937435895
5.4499218902954
-41.647531950277916
5.563245435873455
-41.70416434255868
5.672257340355486
-41.7264232416881
5.77638710342228
-41.712078377857395
5.875041651417632
-41.65890251941441
5.967605350680799
-41.56467147046479
6.053440027739498
-41.42716406663006
6.13188500003389
-41.244162169596414
6.2022571229076675
-41.01345065817186
6.263850863244954
-40.73281741484728
6.315938418146004
-40.400053303754724
6.35776991366231
-40.01295213396806
6.388573753517846
-39.56931059514596
6.407557267675088
-39.066928137673614
6.413908010625562
-38.503606733687434
6.406796618469741
-37.87715034969493
6.385383952908455
-37.18536362895389
6.34884253447666
-36.42604793864685
6.296442276610151
-35.59698555755217
6.228150625567196
-34.695828990268964
8.338823274526305
-33.2497298064352
10.498723514015808
-32.63215148256361
12.676469242122892
-31.849452638283115
14.849153666083168
-30.89632892765378
16.992330682650618
-29.771483063095406
19.080929592278267
-28.47803770801714
21.090289782737557
-27.023696687997393
22.997231710884705
-25.42061839217541
24.781069726131193
-23.684997129688444
26.424475251241006
-21.836382793431678
27.914115652169016
-19.89680007343036
29.24102175323935
-17.889749932050748
30.400670027340254
-15.839184565295703
31.392797814152686
-13.768542087107676
32.22099607697817
-11.699911008725067
32.892140772841685
-9.653371493125796
33.41572990515448
-7.646535209524103
33.80318995045468
-5.694282657034655
34.06720520443099
-3.808678952591805
34.22110978125954
-1.9990375543517231
22.544825738029488
25.822690375842114
24.18776127427475
24.29058892541353
25.771515035122718
22.603307691556367
27.273273155467507
20.766537438677197
28.670672676196432
18.79023773397052
29.942803973176694
16.68858879679889
31.07120560497424
14.479664639008185
32.04076063018783
12.18483336134441
32.84040834039757
9.827923780772458
33.46360372782863
7.43422701775922
33.90848602910461
5.029421539177605
34.17775205233772
2.6385167146808612
34.27826332206763
0.2849024880885409
34.22044259799185
-2.0104263732534093
34.0175312711126
-4.229429278709276
33.68478339454413
-6.357347990111158
33.23866600801489
-8.382815029115406
32.696121969238504
-10.297772282265942
32.07393434157706
-12.097241076250917
31.388213846787778
-13.778988980075702
-12.600602747151598
33.4136730209276
-13.161402234117531
34.069397358095266
-13.707600553599306
34.654425889889175
-14.239047085554176
35.171344672791754
-14.755218263978875
35.62287664554103
-15.25558426786543
36.011743350855824
-15.739661328146255
36.34064521996127
-16.207024612936053
36.61225673820399
-16.65731194937868
36.82922511529202
-17.090222984026127
36.994170898176584
-17.505501854368674
37.10969657805419
-17.903176041968095
37.17826925240893
-12.600602747151598
33.4136730209276
-18.013769791262007
37.438410137371676
-17.724072336368323
37.63601477290781
-17.415927329679818
37.796979085106564
-17.091241241514552
37.92302127294351
-16.751844751275314
38.01588823637597
-16.399495690387482
38.077354130760106
-16.035879777962464
38.10922000460021
-15.66261086681132
38.1133136797374
-15.281231041767342
38.09148970205594
-14.89321066555567
38.04562932024689
-14.499948402084215
37.97764047366553
-14.102771230685818
37.889457786349425
-13.702934456267542
37.78304256288372
-13.301621718666468
37.660382784491006
-12.899945004848973
37.52349310575643
-12.498944668038263
37.374414849033826
-12.099589463839038
37.215215994635926
-11.702776628105141
37.04799116039166
-11.309332070188304
36.87486155117787
-10.920010951082503
36.69797480697967
-10.535499995668403
36.51950439879617
-10.156433674818544
36.341645395038114
-9.783176685887156
36.16667136187043
-18.283016836113944
37.20248580335031
-8.159026094269336
35.53102608661577
-6.921901249429709
35.07932915282413
-5.704165311170755
34.64371021493609
-4.504756191626683
34.22611405696787
-3.322321305101127
33.828436073158244
-2.155215058324984
33.45252292368379
-1.0014982217389843
33.100172698047615
0.14106228188902037
32.773134967778475
1.2749934644022005
32.47311080618202
2.4031163152546355
32.201752795450176
3.5285458280146713
31.960665025925977
4.654691022207572
31.751403091677005
5.785226193123691
31.57531704083803
6.923606176913893
31.431482868304116
8.07281052269019
31.317331381081388
9.235518804201632
31.23030148689618
10.414116637228858
31.167880424917584
11.610695896008082
31.127603624145905
12.827055187855592
31.107054390597824
14.064701038853002
31.10386312630159
15.324851449828998
31.115704986693956
16.608450118495057
31.14029050982883
17.916265992008505
31.175300022202606
19.24754975255064
31.21926886692583
-9.41632899766617
35.9968022500406
20.826871147803445
31.483398645976592
21.055308295914188
31.701917469850727
21.28707909414578
31.923259075960587
21.52089757013465
32.14552910852305
21.755485281298604
32.366828975447035
21.989556121165663
32.58526585950504
22.22181252112256
32.798955220824325
22.450944184538855
33.00602163094483
22.675627580506557
33.20459910625722
22.894525713977657
33.392831259685835
23.106288010823505
33.568871376292016
23.309550256017246
33.73088245387419
23.502934558624247
33.87703722637917
23.685049330551237
34.005518177284706
23.854489273972774
34.11451754856964
24.00983537295474
34.20223734558638
24.149654888664372
34.266889340622875
24.272501356184023
34.306695074295824
24.376914583531516
34.319885856635025
24.46142065178975
34.304702766645015
24.524531916633805
34.25939665059867
24.564747011969416
34.18222811937909
24.580550856006596
34.071467543979914
24.570414660476672
33.92539504785768
24.532795945528903
33.74230049582112
24.46613856262377
33.520483476165865
24.368872731194188
33.25825327275689
24.239415098133236
32.953928819225986
24.076168838251817
32.605838621868195
23.877523831476083
32.21232062366811
23.641856993459044
31.771721950383387
23.367532939327134
31.28239840194395
23.052905445499903
30.742713330472363
22.69632110801473
30.151034833749527
22.296130321990688
29.50572733248905
21.85073120564317
28.80511787368531
21.358877082364472
28.047260244304795
21.358877082364472
28.047260244304795
-0.5281852875261421
-34.80811810533725
-3.077162940173423
-34.67585808560027
-5.724988185081315
-34.33815044544108
-8.440959012665516
-33.77327755311241
-11.18838493762398
-32.96519540698364
-13.926001107311606
-31.905337467142104
-16.610010121606862
-30.5939802819637
-19.196575544545553
-29.040928929626574
-21.64448912610672
-27.265365506497695
-23.917680689968407
-25.294833783715173
-25.987254540534835
-23.163477009691743
-27.832817633470498
-20.909766338126314
-29.44299045047117
-18.57402430994773
-30.815127264222212
-16.19604882132846
-31.95438494999837
-13.813086121514772
-32.87234722717473
-11.458309365221574
-33.585429006157256
-9.159859398781023
-34.11326202515521
-6.940419276684203
-34.47721424672751
-4.817236087043632
-34.699138274725485
-2.802475463683301
-14.52287641373647
31.63811192856494
-16.80197117288948
30.488978835612983
-19.088650807587513
29.111981658400637
-21.34606183585025
27.499631085400466
-23.534159434830755
25.65204485862739
-25.611728980230183
23.578028000159463
-27.538805226496265
21.295498877231495
-29.279230460443827
18.831110678270804
-30.80303403028074
16.21903697086954
-32.0883194869394
13.499030270251694
-33.122417229814076
10.713988173746614
-33.90218362914749
7.907339053602676
-34.43346961907227
5.120569863354341
-34.72990637374828
2.3911647797139395
-34.81123564966272
-0.24887401776283724
-34.70143723546117
-2.77386364596655
-34.426881959593814
-5.164674653185834
-34.01468285289121
-7.40846921774633
-33.49134912623316
-9.498083987722339
0.7360720417149196
-34.39439292399172
0.7185563878596213
-34.10160673684385
0.7026481453302154
-33.87766432329235
0.688231643977872
-33.71981272193932
0.6751890202195909
-33.62529903399286
0.6634043990074474
-33.59137033162855
0.6527649438341427
-33.61527363581769
0.6431612125687138
-33.69425590855673
0.6344873076519377
-33.82556404939086
0.6266409553606707
-34.00644489411923
0.6195235613673447
-34.23414521377839
0.613040264700146
-34.505911713364725
0.6071000065485634
-34.81899103141063
0.6016156345031902
-35.17062973810491
0.5965040783944744
-35.558074332946035
0.5916866724054728
-35.97857124019498
0.5870897961343076
-36.42936680024897
0.582646282514844
-36.90770725027642
0.578298935657358
-37.41083867554616
0.5740110826430396
-37.93600686465325
0.5698087788942132
-38.48045672906042
0.5660762433115565
-39.04142824174201
0.5596106032620298
-39.616210677437635
0.7552793348638431
-34.75877654346667
0.7710457332079272
-40.77975566515482
0.9963010449035323
-41.3625185789314
1.228001828038316
-41.947555421098485
1.4659997963304932
-42.53211428394772
1.7101538798821707
-43.11344671827578
1.9602843551443243
-43.68880836340401
2.216161382965538
-44.25545910391003
2.477501195187074
-44.81066312086341
2.743964579053909
-45.35168891085948
3.015156201998991
-45.87580929301245
3.290624293876874
-46.38030140959057
3.569860505804229
-46.8624467218886
3.852299876830102
-47.31953100185606
4.137320892344121
-47.74884431541702
4.424245658549864
-48.14768099375968
4.71234027484212
-48.51333957784857
5.000815613141867
-48.843122707778434
5.288829058591205
-49.13433687940079
5.575488882247896
-49.38429183382766
5.859867378194565
-49.59029872908695
6.141053430385114
-49.74966282175913
6.418520507093092
-49.85963224413078
6.687180694216636
-49.91808645589833
0.5527125167856752
-40.20201763154455
6.956564059856021
-49.89087283157417
6.957869571893923
-49.80833549499289
6.952536923359503
-49.677216079799706
6.940752958654343
-49.49999272812565
6.922786840125582
-49.279132115442906
6.898933082737358
-49.01709737942102
6.869497314208047
-48.71635010202684
6.834791530286736
-48.37935097025078
6.795132199200566
-48.00856003932776
6.750839403512714
-47.60643685316202
6.702236415393713
-47.17544050218686
6.649649474725891
-46.71802965529065
6.593407671793273
-46.236662575129714
6.533842891949405
-45.73379712637055
6.4712898046670375
-45.21189077634165
6.406085896443244
-44.673400590613994
6.338571563261439
-44.120783218947935
6.2690903078068345
-43.55649486639442
6.1979891532537295
-42.98299123300458
6.125619569063076
-42.40272737849256
6.0523397988239935
-41.81815738218509
5.978521856300915
-41.23173332163219
5.904579522835149
-40.64590118430095
5.831164348613072
-40.06307224732848
5.756510267112333
-39.486010817543104
6.948914625930513
-49.92228297428227
5.6942418594094875
-38.34286894720151
5.7054693452056995
-37.78205834685389
5.716489559643833
-37.2369745257931
5.7277332093909195
-36.71005656397841
5.739697306115943
-36.2037330751501
5.752914931126497
-35.72042662166257
5.767947682017336
-35.26255481646956
5.785383161986999
-34.83253068983433
5.805833984360959
-34.432762833050134
5.829937332152724
-34.0656554620995
5.85835475417008
-33.733608445978064
5.891772078244287
-33.43901731635208
5.93089939571405
-33.184273266523206
5.976471103899371
-32.971763139662784
6.0292460152218155
-32.80386940428582
6.090007565672238
-32.68297010828539
6.159564198342537
-32.6114387976084
6.238750088701238
-32.59164436200524
6.328426605226298
-32.62595072546375
6.42948553078935
-32.71671616389685
6.542857123083763
-32.86629159889364
6.669534302108843
-33.07701547664067
6.81066940771251
-33.3511932849795
6.968251512605491
-33.69095416758066
-1.7371250356195844
-35.16313981512877
13.343096575303889
-32.18522913180982
15.386032288200965
-31.260153725012685
17.397199572697673
-30.18716030885838
19.35668013587616
-28.969745159430772
21.245060512747955
-27.614753381021956
23.04414999968793
-26.132247344552468
24.737650721443913
-24.535195888128357
26.311728562916073
-22.839004805735584
27.755443428388503
-21.060924969680485
29.06101208594066
-19.219385448702525
30.223894260744657
-17.333303672419504
31.24270986865662
-15.421422779624834
32.11900983102578
-13.501718703907898
32.85693305871018
-11.590908094727723
33.462787219724305
-9.704075018900227
33.94459105584252
-7.854421591473283
34.31161224892014
-6.0531368202562135
34.57392849022034
-4.30936993516633
27.098802490058972
21.899363097810863
28.394110845850378
20.191623752401625
29.610234293197436
18.361950484274303
30.730177645417484
16.418994560144938
31.73804421975848
14.37441301722069
32.61969349854746
12.24266296790887
33.36334819649517
10.040627351137374
33.960100708099674
7.7870893394588165
34.40427613494563
5.502089068290189
34.693622218649125
3.2062092624537115
34.82931363668541
0.9198435097266326
34.815776561503526
-1.3374987493253059
34.66035625689216
-3.5478027890941064
34.37286336384528
-5.6950385999928415
33.96504192348874
-7.765508844927041
33.45000374593292
-9.748048516603689
32.84167014549553
-11.634083657059335
32.15425472222131
-13.417566983007532
31.401811474969804
-15.09481489039996
30.59786270173697
-16.66427311858041
5.682654380560393
-38.91692587107883
32.54422644324063
22.08377244211289
-2.7322883973573937
34.23622735673533
-2.299498777435673
33.922778357083786
-1.87757527644996
33.67814425567656
-1.4639095263017339
33.49945773971842
-1.0560312015991542
33.383858010051654
-0.6516038880514827
33.32849115856746
-0.2484240453243558
33.33051026249268
0.15557934424143127
33.38707541440618
0.5623449235918656
33.49535373249168
0.9736790386044731
33.65251936354497
1.391255791973947
33.855753481307886
1.8166170949230889
34.10224428061966
2.251172732609433
34.38918696770719
2.696200462766143
34.71378374168964
3.1528461817879645
35.073243762419935
3.622124228723038
35.46478309009461
4.104917990099125
35.88562456460011
4.601981228052836
36.33299753944351
5.113941398570006
36.80413721613374
5.641309604481137
37.296282648382515
6.184520405309968
37.80666875741747
6.744210483566604
38.332470440814205
7.317494713351834
38.871549474977826
-3.17871944388105
34.621362427978084
8.808330519203679
39.61513301469873
9.734886766619923
39.80341049609024
10.685385730335724
39.98287632488879
11.659141787270073
40.15087417619455
12.655317654877592
40.304840366218855
13.672881122411468
40.44231252908486
14.71059423628077
40.56093178384273
15.767009698382822
40.65844345402971
16.84046942963903
40.73269735172579
17.92910392297091
40.78164790181904
19.03083192812022
40.803354196754015
20.1433602943265
40.79598001481952
21.264183900291755
40.757793813932494
22.390585644304394
40.687168698866145
23.519636495370833
40.582582351737784
24.648195632918828
40.44261689269078
25.772910758728926
40.265958595725806
26.890218807584006
40.05139725928353
27.996347742317823
39.79782462771044
29.087321957595464
39.50422965556646
30.158983909131848
39.16967955840161
31.207145543514343
38.793187170283915
32.22554082429082
38.37550437458202
7.906553847556069
39.420732096562176
33.51723027190104
37.52347426366353
33.78894826136974
37.09391489453728
34.02642907346376
36.6296744336413
34.23036804617129
36.13366806754266
34.40155767300814
35.60870944762394
34.540864159932255
35.05753122395129
34.64922156431078
34.48279017908757
34.72762984124307
33.887068939700896
34.777154061493434
33.27287666067548
34.79892405695898
32.64264933674113
34.79413424242085
31.998749956652404
34.76404352128958
31.343468586599897
34.7099752314798
30.679022415500896
34.633317115254385
30.007555780838146
34.53552130199938
29.331140180528223
34.41810430192828
28.651774275119863
34.282647008696074
27.971383877763174
34.13079471553846
27.291821926627478
33.9642571559628
26.614868422587534
33.784808599570056
25.942230285873194
33.59428809755116
25.27554099265228
33.394600225095814
24.61635948021396
33.187718056314566
23.966165761887368
32.97570399794074
23.326330224171926
32.760427300647564
22.698529922278425
33.21084101870002
37.91519208277097
31.945895273226256
21.93507730576664
31.362092867872548
21.78884123135944
30.794679787259042
21.646706790800664
30.245509783687055
21.510319631361227
29.71640730182702
21.38136163418713
29.209164266326184
21.26155564940467
28.72553928029123
21.152666677346787
28.2672573612449
21.05650226012986
27.836009837647794
20.9749126343371
27.43345430642313
20.909790796677356
27.061214616818575
20.863072531135714
26.720880868275856
20.83673641534159
26.414009419985064
20.832803813327274
26.14212291191228
20.853338854131096
25.90671030251974
20.900448391901563
25.709226932921695
20.97628193516394
25.551094641778718
21.08303152214586
25.433701978135616
21.222931487393055
25.3584046273387
21.39825799497288
25.326526347398044
21.61132801183797
25.33936130916726
21.864496742663874
25.398181113889677
22.160149935451926
25.504262861984557
22.50067310912314
25.6590856245528
22.88823615238951
-4.380057842602781
-34.93249344583242
-4.380057842602781
-34.93249344583242
-7.137921408270444
-34.47483260317625
-9.975970441577857
-33.76305701201292
-12.85142801473043
-32.77658925254232
-15.715122167844441
-31.503951185484567
-18.51408589180633
-29.944826408554917
-21.19490453234053
-28.111208207984248
-23.707409920193015
-26.02734561809183
-26.008208075226406
-23.72840318612691
-28.06353123437708
-21.2579919019839
-29.851030962968252
-18.66493920417585
-31.36033979201099
-15.999784160334258
-32.592459542950365
-13.311483237746842
-33.55822110246493
-10.644707674978577
-34.27616314477473
-8.037950305921157
-34.7701898906092
-5.522490381942561
-35.06731111889255
-3.122130032280211
-35.19567421683112
-0.8535346919488802
-35.18299914383849
1.2730185750137082
-5.700857907135287
34.741390648192606
-8.300778015323914
34.21346356901017
-10.989230333436495
33.44698524121944
-13.72862884037275
32.4189567261341
-16.474144706603198
31.11376803335733
-19.175623649773172
29.525573028985065
-21.780402394192038
27.660044768487722
-24.236764384511844
25.535137697246313
-26.49760414037914
23.180616468666955
-28.52378084802649
20.63632552518561
-30.286673002216645
17.949413458508133
-31.769594903442908
15.170921024077785
-32.967958507955814
12.35223529833263
-33.88829329100602
9.541885708308797
-34.54641038683886
6.783032834343516
-34.96508090163712
4.111827159504941
-35.17159166815762
1.5566452955169439
-35.1954699524301
-0.8619163969085264
-35.066566599927995
-3.1304811036778233
-34.81358562183155
-5.241971117726166
9.239905998429151
-33.593918164232946
20.8827941187755
-28.531771701727877
21.062384907484017
-28.99533164930091
21.222700295645897
-29.43816621971365
21.364340629642506
-29.86059549797632
21.48789853818572
-30.262944552842498
21.593959295811306
-30.645543168883265
21.68310091315249
-31.008725779665525
21.755894166439084
-31.352831445614385
21.81290260901876
-31.67820384574128
21.854682576118247
-31.98519127421733
21.881783186181604
-32.27414663821247
21.894746341711304
-32.54542745805975
21.894106728623072
-32.79939586699592
21.88039181543019
-33.036418611852866
21.8541218514921
-33.256867053391204
21.815809865297787
-33.4611171677702
21.76596166167831
-33.64954954771079
21.705075818417615
-33.82254940445087
21.633643681782818
-33.980506570412786
21.552149360067958
-34.12381550216986
21.461069715273187
-34.25287528546103
21.36087435109626
-34.368089641891316
21.252025595244973
-34.46986693818303
21.134978473438874
-34.55862020055879
21.0101806695248
-34.63476713709039
20.878072461246994
-34.69873017239129
20.73908661393761
-34.7509365062086
20.59364819449477
-34.79181821555301
20.442174226248287
-34.82181244441526
20.285072998481027
-34.841361782293035
20.12274254847926
-34.85091509816897
19.955566866202787
-34.85092962394597
19.783904509266968
-34.841877205477374
19.608043062919847
-34.82426930541499
19.42788036219128
-34.798832024858
19.247211045467807
-34.76415262306722
20.683317318231264
-28.047173154664193
18.71717838978868
-34.708902317182066
18.368876272680886
-34.689488648928204
18.01978195868604
-34.664097765990505
17.67039169079886
-34.633151607413
17.32111730545007
-34.59711593372151
16.972334499118602
-34.556473826393216
16.624394894634314
-34.51171906332007
16.277630062547086
-34.46335391052986
15.932353129042976
-34.41188823905506
15.58885950616595
-34.35783912385742
15.24742725606918
-34.30173064349134
14.908317286211759
-34.244093772702286
14.571773459373539
-34.18546632085173
14.238022658333591
-34.126392896149696
13.907274823886798
-34.06742488342843
13.579722976411038
-34.009120430498314
13.25554322620468
-33.9520444406692
12.934894774215522
-33.896768568832215
12.617919903289739
-33.84387122110252
12.304743957752002
-33.793937558960266
11.995475304906016
-33.74755950761866
11.690205267105128
-33.70533577319625
11.389007999467601
-33.667871874247254
11.091940260124325
-33.63578020188572
10.799040948339751
-33.609680141002144
10.510330086384478
-33.59019833805908
10.225806272640774
-33.577969372558414
9.945439038402803
-33.57363777048505
9.669138273794545
-33.57786606201657
9.396540204759944
-33.59139118369481
9.129897723934782
-33.61426277452287
19.063769789705642
-34.722146157196306
8.929108056177533
-33.57147939465051
8.993432239652641
-33.50761410579284
9.06088481287648
-33.4564843149372
9.131775945590093
-33.41861957289234
9.2063753496452
-33.394559896921265
9.284944860300584
-33.38484718446867
9.367746583572533
-33.39002306553496
9.455045614658772
-33.410628186536144
9.547111128095132
-33.447201922162634
9.644216877044023
-33.50028224357763
9.74664144751543
-33.570405650960794
9.854668401021847
-33.65810713485263
9.968586363969877
-33.763920152097455
10.088689091386371
-33.88837660713614
10.21527552107134
-34.03200683598621
10.3486498286547
-34.195339589042646
10.48912149328902
-34.37890200937315
10.637005386445566
-34.583219603710205
10.79262190167863
-34.8088161982723
10.956297157334646
-35.05621387040597
11.128363330404966
-35.32593283546626
11.309159237587664
-35.61849124930731
11.499031412076306
-35.93440484257624
11.698336255051203
-36.274186189744995
11.907444767059218
-36.63834310104224
12.126754375065644
-37.02737460336792
12.356724411815776
-37.44175888267202
12.598018031916652
-37.88190505484218
12.852495621530181
-38.347815560874636
18.569117942386164
-28.84224867812145
21.525055128126596
-34.89448230008708
24.332712188701763
-32.99806071274165
27.07083797836323
-30.791599900121895
29.68252000933792
-28.28251932122089
32.11131322622954
-25.491497722710506
34.30518223608833
-22.452335402107934
36.22032365798218
-19.210441102978223
37.82431232408739
-15.82005974925093
39.098113667633456
-12.340599697453627
40.03671301795977
-8.83258195419154
40.64837029562973
-5.353773021836702
40.95274169267233
-1.9559757445419166
40.97826031435919
1.3172224066547074
40.7592123795809
4.4316474878083625
40.33289714030347
7.3627645303703275
39.73715229325519
10.09512857187184
39.00840209249715
12.62130973592059
38.1802737041679
14.94053523588775
-6.140833970395846
40.53693441058428
-3.081182707221032
40.88348329563786
0.15757825209635712
40.9991227022536
3.5422411323003757
40.84611879996211
7.02934421159263
40.39234102172006
10.566463986533492
39.6144258077947
14.094657907013428
38.50056508344056
17.551899387807893
37.05244554871172
20.877128124881793
35.28595208460797
24.01438053040404
33.23044418904041
26.916422714082586
30.92667265544094
29.547400769800234
28.423652140581567
31.884222574461504
25.7749732120555
33.91662970138738
23.035084609329033
35.64613761933241
20.256005679392842
37.08416649175359
17.484778776749778
38.249735904203376
14.761795165855489
39.16706735645016
12.119972275350932
39.863358268920535
9.584652355910634
40.36689307086738
7.174039103959359
8.86733357917349
-33.647621198188375
-11.915916875102326
32.692551783651965
-34.73972257338983
4.326023431764128
-34.77262692695339
5.1062441837760275
-34.76664396248944
5.901546231189428
-34.723378105741865
6.71036208126381
-34.64440456950254
7.531167872965824
-34.531269049756574
8.362486340786745
-34.38548765003909
9.202887555369102
-34.20854685652651
10.050989170039884
-34.001903528872575
10.905456519216983
-33.76698489654427
11.76500266288403
-33.50518855668262
12.628388408254182
-33.21788247455462
13.494422321451651
-32.906404983627304
14.361960733578229
-32.57206478672467
15.229907744114428
-32.21614095693644
16.097215222315356
-31.83988293980604
16.96288280783415
-31.44451055539573
17.825957910187526
-31.031214001392208
18.685535707593516
-30.601153857257575
19.5407591450398
-30.155461089232976
20.39081893100405
-29.69523705806795
21.23495353320942
-29.221553529544426
22.07244917227942
-28.735452689313053
22.902639812126182
-28.237947165512352
23.724907145877097
-27.730020063703954
24.53868057432379
-27.212625021783495
25.343437170835955
-26.686686302030004
26.1387016235345
-26.1530989517299
26.924046133987673
-25.612729101364135
27.699090229320745
-25.066414560149553
28.463500385950397
-24.514966126960815
29.216989203015714
-23.959170866287096
29.95931333510063
-23.39980193635856
30.690267291387613
-22.83765790034541
31.409658631816228
-22.273837905180404
32.11713434275106
-21.706046103440244
32.81451257279818
-34.66629939514017
3.562474350906342
-20.824946150198276
33.49671839536097
-20.511612930700757
33.48632105696623
-20.197149015768744
33.469909238065185
-19.881875750520685
33.44799589329659
-19.566158614545056
33.421064139760375
-19.250365556649147
33.389593545694936
-18.9348565792996
33.354066702794654
-18.619980267146424
33.314971416456984
-18.306072399013406
33.27280158161571
-17.993455317720727
33.22805758070203
-17.682437615746583
33.181246482275725
-17.37331396699887
33.13288214779422
-17.066365031573095
33.08348529163757
-16.761857400496275
33.03358351725902
-16.460043562962277
32.983711338583504
-16.161161887855343
32.934410192774834
-15.865436615539968
32.88622844780144
-15.573077857650645
32.83972140513589
-15.284281605354359
32.79545129850891
-14.999229748647338
32.753987288808446
-14.718090111295616
32.715905451834686
-14.44101651306223
32.681788756577504
-14.168148881272593
32.65222702510988
-13.899613460347325
32.6278168567427
-13.635523232699565
32.609161474829904
-13.375978846441278
32.59687038867014
-13.121070936631973
32.59155854817081
-12.870887089819782
32.593843804899876
-12.625539705141112
32.60433675780709
-12.385361023388569
32.62356966799922
-12.148269927004755
32.65295621869086
-21.13716312346515
33.50037443743906
-11.758460258576292
32.68143918511066
-11.606042134259518
32.68183372032007
-11.458398101713883
32.694453304239886
-11.315503687798753
32.719927728782295
-11.1773665297003
32.75887440833074
-11.043996684808832
32.81190920120699
-10.915399205728889
32.87964911523491
-10.791571662731023
32.962713210780066
-10.672503149222358
33.061722962042325
-10.558173825795933
33.177302422590486
-10.448554687204876
33.31007830926592
-10.34360743031393
33.46068004847922
-10.243284370372706
33.629739805211045
-10.147528379180223
33.81789250220601
-10.056272830976958
34.025775835969824
-9.969441545382573
34.254030292051254
-9.886948717234297
34.50329916208187
-9.808698820757748
34.774228566913536
-9.73458646760129
35.067467488793795
-9.664496184736848
35.38366782206927
-9.598302047836938
35.723484456154864
-9.535867042416847
36.08757541933869
-9.47704187979842
36.47660214546883
-9.421662630934193
36.89123000653143
-9.369545522394333
37.33212948330356
-9.320473928059869
37.799979092096066
-9.274159345529327
38.29547416364761
-9.230085303689478
38.81936195903762
-9.186414717809555
39.372687478483556
16.63801763373116
-29.99773023394431
16.63801763373116
-29.99773023394431
14.573731324527834
-31.053080447023632
12.388087715105511
-31.987852893429675
10.096918347519544
-32.783222688630985
7.719732380608194
-33.42294394485074
5.2791231295644
-33.89422235354786
2.7999373961587857
-34.188416174874746
0.3082696574106265
-34.30149296732091
-2.169633299221843
-34.23419549683844
-4.60846050845986
-33.991904061273345
-6.984824204391895
-33.584217733968245
-9.278069542755635
-33.02430734366183
-11.470855849405616
-32.32811340073842
-13.549488631744232
-31.51347025935226
-15.504010094940888
-30.59923399277858
-17.328078587175774
-29.6044784187377
-19.01868194539656
-28.547805292678675
-20.575735812406975
-27.446794817371284
-22.001616874541234
-26.31760446687251
-34.276790941882616
1.337554744793465
-34.29073122679287
-0.9127989377175538
-34.150754453683746
-3.2269831442146995
-33.845261066478784
-5.584420588632383
-33.3660820770119
-7.961910373707468
-32.70913844658896
-10.334394614621687
-31.874891067709903
-12.675912960827446
-30.868522422726947
-14.96067422967458
-29.699818871599312
-17.164154769840508
-28.382756956933925
-19.264126180350473
-26.934831912613355
-21.241522539783034
-25.37619528021454
-23.081078030916643
-23.728686198560688
-24.77169556689816
-22.014845243410953
-26.30653984995959
-20.25699138074291
-27.682878285491796
-18.47642482942988
-28.901715788016332
-16.69279587186515
-29.967282425156398
-14.923656395467823
-30.886436015812166
-13.184190735431109
-31.66803695559007
-11.487107326506472
-32.32234235382961
15.910687516191743
-37.786279467844935
3.5754482621617063
3.59822024866752
3.6186016403073205
3.6367877154834436
3.6529496396623338
3.667238498051514
3.6797885235248944
3.690719728365058
3.7001400724207865
3.708147265623345
3.7148302777675304
3.7202706626174598
3.5754482621617063
3.7276036089512274
3.7296179469247055
3.730647728007068
3.7307508819406
3.7299826178095548
3.728395922322009
3.726042009556506
3.7229707299203585
3.719230944488773
3.714870869840219
3.7099383972594184
3.7044813894343376
3.6985479568354105
3.6921867152653225
3.6854470254306633
3.6783792146645173
3.6710347803791152
3.663466574222465
3.6557289653391978
3.6478779805634995
3.6399714188963292
3.6320689366120056
3.624232112478578
3.724543508048599
3.6089858810116033
3.6017078562521685
3.594759313123947
3.588210762864605
3.5821340419290824
3.5766020270558063
3.5716882895628705
3.567466688357053
3.564010902821811
3.5613939085663042
3.559687401061252
3.5589611745580076
3.559277492373523
3.560624487675792
3.5629343645342364
3.56613577077751
3.5701557237130426
3.574920225965967
3.580354831857077
3.586385157884337
3.592937333054892
3.599938386686314
3.6073165713823623
3.61500168096568
3.6165244275671538
3.6308969764868775
3.6389814885622425
3.6471158659508953
3.6552393379355372
3.663293097629145
3.6712202368365534
3.678965648850058
3.6864759037499426
3.693699099485774
3.7005846913814877
3.707083302115828
3.713146513690013
3.718726642324626
3.723776496603078
3.7282491186505613
3.73209750740717
3.7352743224874994
3.7377315663049893
3.739420241431083
3.74028997917658
3.7402886343954758
3.7393618403031574
3.7374525156206664
3.734500314593423
3.7304410083128814
3.7252057830165346
3.7187204377037526
3.710904459062377
3.701669946205238
3.6909203505511616
3.678548986826226
3.6644372588236322
3.6484525269728088
3.630445522461446
3.610247181722175
3.587664730318466
3.562476759769139
3.5345459699048325
3.5345459699048325
3.5345459699048325
3.5345459699048325
3.5345459699048325
3.5345459699048325
3.534545969904832
3.534545969904833
3.534545969904832
3.534545969904833
3.534545969904832
3.5345459699048325
3.534545969904832
3.534545969904832
3.5345459699048334
3.5345459699048334
3.5345459699048325
3.5345459699048325
3.534545969904832
3.5345459699048325
3.534545969904832
3.534545969904833
3.534545969904833
3.5345459699048325
3.5345459699048325
3.534545969904833
3.5345459699048325
3.5345459699048325
3.534545969904833
3.534545969904833
3.5345459699048325
3.534545969904832
3.5345459699048325
3.5345459699048334
3.5345459699048325
3.5345459699048325
3.534545969904833
3.534545969904832
3.5345459699048334
3.534545969904833
3.5754482621617063
3.597948502305613
3.6181075892995533
3.6361206998448163
3.6521590416278906
3.6663737465574653
3.6788990787161633
3.689855061144395
3.6993496425415073
3.7074805000256164
3.714336554923208
3.719999176579538
3.5754482621617063
3.7268187257338505
3.7281152916719247
3.7284947256057377
3.7280152365740773
3.726732283678214
3.724699074805564
3.7219670162658915
3.718586121547137
3.7146053854526606
3.710073128761085
3.7050373172890483
3.699545858486967
3.6936468777578706
3.6873889759887
3.680821469146287
3.6739946100682457
3.666959792030361
3.659769733070669
3.6524786394897477
3.6451423464266797
3.6378184332228782
3.6305663131637504
3.623447215063387
3.724543508048599
3.59609987862923
3.5767104667490894
3.55849088154737
3.54157633942832
3.5261013337498017
3.5121982723813034
3.499996020941737
3.4896183869234556
3.481182587219784
3.474797746010449
3.4705634716834304
3.468568560357516
3.468884895644795
3.471500608216602
3.4763382769723856
3.4833075432949294
3.4923075072693326
3.503228018759677
3.5159510900680297
3.5303523831297774
3.546302721733308
3.5636695744206706
3.582318392809459
3.6021158785417113
3.6165244275671538
3.6309505469222825
3.639085840118107
3.6472681971176737
3.6554368424991615
3.6635329660666947
3.67149965683631
3.6792818056120264
3.686825980213016
3.694080276525487
3.700994147994385
3.7075182155971267
3.7136040598076967
3.719203995491525
3.7242708300478213
3.7287576045878863
3.732617317207923
3.735802626848544
3.7382655354191936
3.7399570451575213
3.740826787211097
3.740822616441747
3.739890166244426
3.737972355692368
3.735008839557001
3.730935389631205
3.7256831930315846
3.719178049817573
3.711339447923006
3.7020794879005985
3.691301622816448
3.678899169275812
3.6647535332312495
3.648732077656799
3.6306855369305278
3.6104448520966486
3.5878172578202094
3.5625813802013004
3.5625813802013004
3.549965753359121
3.549965753359121
3.549965753359121
3.549965753359121
3.549965753359121
3.549965753359121
3.549965753359121
3.549965753359121
3.549965753359121
3.549965753359121
3.549965753359121
3.549965753359121
3.549965753359121
3.549965753359121
3.549965753359121
3.549965753359121
3.549965753359121
3.549965753359121
3.549965753359121
3.549965753359121
3.549965753359121
3.549965753359121
3.549965753359121
3.549965753359121
3.549965753359121
3.549965753359121
3.549965753359121
3.549965753359121
3.549965753359121
3.549965753359121
3.549965753359121
3.549965753359121
3.549965753359121
3.549965753359121
3.549965753359121
3.549965753359121
3.549965753359121
3.549965753359121
3.549965753359121
3.538122502204721
3.5295664467005263
3.522970970809369
3.518293826093121
3.5154802894846218
3.514464177046106
3.515169043609429
3.5175095206815015
3.5213927427756504
3.526719812981407
3.533387261743514
3.541288458085774
3.5503149392068356
3.560357631691687
3.571307945279967
3.58305872734567
3.5955050728634554
3.6085449902556066
3.622079928109654
3.636015171298293
3.6502601176188323
3.6647284498023627
3.679338154173531
3.5486681252046477
3.7083644895875993
3.722665131283602
3.7368484779113746
3.750853092057951
3.7646210294184237
3.7780975809380033
3.7912309951457894
3.8039721888429567
3.816274450447368
3.828093138831777
3.839385379471526
3.850109758900187
3.8602260177682495
3.8696947420870416
3.8784770517081624
3.8865342844198114
3.893827673536344
3.900318016214297
3.905965328970005
3.9107284858384856
3.914564831210339
3.917429733667532
3.9192768795641313
3.6940116842167776
3.9194659275184622
3.9178454196999355
3.9152453132410887
3.9117075722945165
3.907272073329848
3.901976977929459
3.89585907784829
3.88895411786418
3.881297100971511
3.872922579837931
3.863864937723628
3.8541586617175114
3.84383861049818
3.8329402785569884
3.821500058263321
3.809555500842945
3.7971455768000557
3.7843109359213045
3.7710941664548328
3.757540052485155
3.7436958279131205
3.7296114247426058
3.7153397125178635
3.7009367243087152
3.6864618878766784
3.9200623765146623
3.6574761064588523
3.6431082932835763
3.628949151806349
3.615077038367704
3.6015741776934007
3.588526536304085
3.576023606278793
3.564158090098104
3.5530254773007677
3.542723505395139
3.5333514998140796
3.5250095910751957
3.5177978115763784
3.511815079363779
3.50715808188677
3.5039200787150415
3.5021896483723864
3.502049410019064
3.5035747556749484
3.5068326321597514
3.5118804136090374
3.5187649044976226
3.5275215075737605
3.5381735572928856
3.5612171555782903
3.550808001584898
3.550808001584898
3.550808001584898
3.5508080015848975
3.550808001584898
3.550808001584898
3.5508080015848975
3.550808001584898
3.5508080015848975
3.5508080015848984
3.5508080015848975
3.5508080015848975
3.550808001584898
3.550808001584898
3.5508080015848984
3.550808001584898
3.5508080015848984
3.5508080015848975
3.550808001584898
3.5508080015848984
3.550808001584898
3.5508080015848975
3.5508080015848984
3.550808001584898
3.5508080015848975
3.5508080015848975
3.5508080015848984
3.5508080015848984
3.550808001584898
3.5508080015848975
3.550808001584898
3.5508080015848975
3.5508080015848984
3.5508080015848975
3.550808001584898
3.5508080015848975
3.5508080015848975
3.5508080015848984
3.6719781413673314
3.671978141367332
3.536458837711281
3.526378943866534
3.5184007407045432
3.512483164412411
3.5085725628759814
3.5066037049617123
3.506500977069181
3.5081797185165784
3.5115476457665973
3.5165063162714394
3.5229525859020145
3.530780019197752
3.5398802183647713
3.5501440442634764
3.561462710316983
3.5737287374714515
3.586836764928471
3.600684216903987
3.615171829995006
3.630204048206483
3.6456892893986423
3.661540031881788
3.6776745517277702
3.5486681252046473
3.703338804495143
3.71300050501189
3.722944665286308
3.733121868525201
3.7434852182615677
3.753990001671921
3.764593326926346
3.7752537541652558
3.7859309278769206
3.7965852154180144
3.8071773548604373
3.8176681142007136
3.8280179629728375
3.838186756298752
3.8481334305768162
3.857815709032873
3.867189814544242
3.8762101861833242
3.8848291947775797
3.892996850970096
3.9006604926117863
3.907764381692375
3.9142509975821134
3.6940116842167776
3.9182670240412785
3.915540910062301
3.911929181546979
3.907474391051536
3.902216943912851
3.8961954757423554
3.8894471980102328
3.882008220569935
3.8739138563421207
3.865198912261242
3.855897969746858
3.8460456575790873
3.835676919397488
3.8248272777662953
3.8135330961888636
3.8018318401431648
3.789762337668493
3.777365039639379
3.7646822793142176
3.7517585301659335
3.7386406603657263
3.7253781814857487
3.7120234875923965
3.6986320740511265
3.685262924288939
3.9200623765146627
3.657172490987479
3.6425251452074052
3.6281105866722196
3.6140072215602155
3.600297322947147
3.5870669015165
3.5744054886276997
3.562405820912973
3.5511634168252586
3.5407760374936363
3.531343026646969
3.5229645277572588
3.5157405808289037
3.5097701061704565
3.505149788165136
3.5019728780200814
3.5003279406592682
3.500297576514784
3.5019571539620604
3.505373591714262
3.5106042324507736
3.51769584913359
3.5266838259940796
3.537591582340822
3.5612171555782908
3.5612171555782908
3.5612171555782903
3.5612171555782903
3.5612171555782908
3.5612171555782903
3.5612171555782903
3.5612171555782903
3.5612171555782903
3.5612171555782903
3.5612171555782908
3.5612171555782903
3.5612171555782908
3.5612171555782908
3.5612171555782903
3.5612171555782908
3.5612171555782903
3.5612171555782908
3.5612171555782908
3.56121715557829
3.5612171555782908
3.5612171555782908
3.5612171555782908
3.5612171555782903
3.5612171555782903
3.5612171555782903
3.5612171555782908
3.5612171555782908
3.5612171555782908
3.5612171555782903
3.5612171555782908
3.5612171555782908
3.5612171555782903
3.5612171555782908
3.5612171555782903
3.5612171555782908
3.56121715557829
3.5612171555782903
3.56121715557829
3.561217155578291
3.550808001584898
3.56551064605747
3.5790053070947203
3.5915591303666936
3.6032221067949295
3.6140402095413044
3.6240558363108293
3.6333081946493575
3.6418336390021278
3.649665966771974
3.6568366793586327
3.66337521316235
3.669309144817074
3.6746643741164835
3.6794652876726714
3.6837349058087416
3.68749501489542
3.690766286937564
3.6935683880298327
3.6959200770417917
3.697839295693782
3.6993432510858746
3.700448491537475
3.7011709765045993
3.7015261412718985
3.7015289570009466
3.7011939866170995
3.7005354370206835
3.6995672079882183
3.6983029381074113
3.696756048002792
3.6949397811039186
3.692867241989273
3.6905514319956962
3.6880052795696434
3.6852416417405514
3.682273963311492
3.551020628417009
3.6746284883218117
3.670020809612647
3.665304894203266
3.660494378432836
3.6556030250510485
3.6506447554192323
3.645633672482522
3.6405840805288707
3.6355105029005728
3.630427697904169
3.6253506729168024
3.6202946966201277
3.6152753092234358
3.610308330584593
3.605409866032287
3.600596309745021
3.595884345531798
3.5912909448048596
3.5868333615797967
3.5825291243412742
3.5783960245492774
3.5744521016592725
3.5707156244666898
3.5672050686277017
3.5639390901955172
3.5609364950026507
3.5582162036247245
3.5557972110448244
3.553698537114356
3.551939132146969
3.550538758862554
3.679114324231809
3.5478526495352027
3.5465536307437815
3.5456363836440237
3.5451190222565327
3.545019241598494
3.5453542441995936
3.546140667195809
3.547394509405421
3.549131058765542
3.5513648208303943
3.5541094490340175
3.5573776774650048
3.561181256952467
3.565530895168719
3.5704362015311992
3.5759056375766276
3.5819464734428017
3.5885647510693914
3.5957652545663676
3.603551488206686
3.6119256623296216
3.6208886873497828
3.6304401759711
3.6405784535504657
3.651300576395868
3.662602357545522
3.6744783988146925
3.6869221245054824
3.699925779847797
3.5352292619831442
3.7135580549850724
3.713558054985072
3.7135580549850724
3.713558054985072
3.713558054985072
3.7135580549850724
3.713558054985072
3.713558054985072
3.713558054985072
3.713558054985072
3.7135580549850724
3.713558054985072
3.713558054985072
3.713558054985072
3.7135580549850724
3.7135580549850724
3.7135580549850724
3.713558054985072
3.7135580549850724
3.713558054985072
3.7135580549850724
3.713558054985072
3.7135580549850724
3.7135580549850724
3.713558054985072
3.713558054985072
3.7135580549850724
3.713558054985072
3.713558054985072
3.713558054985072
3.713558054985072
3.7135580549850724
3.7135580549850724
3.713558054985072
3.7135580549850724
3.713558054985072
3.713558054985072
3.713558054985072
3.549514992023896
3.549514992023896
3.5555777243315254
3.5594978594823745
3.5628618432885713
3.565746105639903
3.568223011071998
3.570361099311996
3.572225255155973
3.573876817861535
3.5753736402239844
3.576770107023072
3.5781171221261734
3.5794620732893065
3.5808487832303566
3.5823174552955965
3.583904621483872
3.5856431000792743
3.587561969307206
3.589686562608342
3.5920384900504785
3.5946356892346545
3.597492507882437
3.6006198189612078
3.6040251679886004
3.607712951017776
3.611684620726652
3.615938917122751
3.6204721187510525
3.625278309753234
3.6303496579103736
3.635676698766116
3.6412486212873243
3.647053551269035
3.653078831358984
3.6593113089448615
3.665737762879378
3.672341656224143
3.551020628417009
3.67484318209713
3.670437219922619
3.665909724532548
3.6612741772194957
3.6565442195806157
3.6517336672294025
3.6468565282545384
3.641927021562776
3.636959594095128
3.6319689365683434
3.6269699975416145
3.6219779956632485
3.6170084299261656
3.6120770878254826
3.6072000512140114
3.6023936997071613
3.5976747114801744
3.593060061247215
3.5885670152577265
3.5842131231493224
3.580016206434587
3.5759943435001826
3.572165850938891
3.5685492610884824
3.5651632956678374
3.562026835473532
3.559158886270476
3.5565785414542863
3.5543049448728374
3.5523572837550006
3.5507539639395325
3.679114324231809
3.5476722415238586
3.5462047520546607
3.5451309776204143
3.5444690497832423
3.544236681717269
3.544451093157032
3.5451289370944057
3.546286226718443
3.547938262794325
3.550099562132967
3.552783787837365
3.5560036820668675
3.559771002115818
3.564096460510661
3.5689896699073014
3.5744590934611606
3.5805120013048315
3.5871544337440247
3.594391171619481
3.6022257142897116
3.610660265517794
3.619695727450898
3.6293317027782486
3.639566504980569
3.650397176373632
3.661819513246021
3.6738280959754572
3.686416315016431
3.69957631548774
3.535229261983144
3.535229261983144
3.535229261983144
3.535229261983144
3.5352292619831442
3.535229261983144
3.535229261983144
3.535229261983144
3.5352292619831442
3.535229261983144
3.535229261983144
3.5352292619831442
3.5352292619831442
3.535229261983144
3.535229261983144
3.535229261983144
3.535229261983144
3.535229261983144
3.5352292619831442
3.535229261983144
3.535229261983144
3.5352292619831442
3.5352292619831442
3.535229261983144
3.535229261983144
3.535229261983144
3.535229261983144
3.535229261983144
3.535229261983144
3.535229261983144
3.535229261983144
3.535229261983144
3.5352292619831442
3.535229261983144
3.535229261983144
3.535229261983144
3.535229261983144
3.5352292619831442
3.535229261983144
3.5352292619831442
3.7135580549850724
34.99396982452798
0.0
0.0
0.0
0.0
0.0
0.0
0.0
0.0
0.0
0.0
0.0
34.99396982452798
0.0
0.0
0.0
0.0
0.0
0.0
0.0
0.0
0.0
0.0
0.0
0.0
0.0
0.0
0.0
0.0
0.0
0.0
0.0
0.0
0.0
0.0
0.0
0.0
0.0
0.0
0.0
0.0
0.0
0.0
0.0
0.0
0.0
0.0
0.0
0.0
0.0
0.0
0.0
0.0
0.0
0.0
0.0
0.0
0.0
0.0
0.0
0.0
0.0
0.0
0.0
0.0
0.0
0.0
0.0
0.0
0.0
0.0
0.0
0.0
0.0
0.0
0.0
0.0
0.0
0.0
0.0
0.0
0.0
0.0
0.0
0.0
0.0
0.0
0.0
0.0
0.0
0.0
0.0
0.0
0.0
0.0
0.0
0.0
0.0
0.0
0.0
0.0
0.0
0.0
0.0
0.0
0.0
0.0
0.0
0.0
0.0
0.0
0.0
0.0
0.0
0.0
0.0
0.0
0.0
0.0
36.98506164476194
40.54828709098715
40.54828709098719
44.289673809523705
48.21812986398704
52.34300872117363
61.22181046126761
71.01068937972126
81.80292838731633
0.0
0.0
0.0
0.0
0.0
0.0
0.0
0.0
0.0
0.0
0.0
17.050232283630276
47.188682459049225
40.20839124111425
37.18287082724905
49.81741515228981
50.53061194111227
51.16750496167072
51.73117740131011
47.8129828522655
48.20332817230839
48.53494834054732
48.810563004420246
17.050232283630276
49.14456662068083
44.88409110353812
44.901124882183666
44.87960044607142
40.70943067135433
44.731018927223765
40.515900824956134
48.74163970041164
44.28178892582675
52.78772654466741
48.08570238223292
47.82236544237795
47.54109265722629
47.244514116931306
42.810765058926165
46.61592299475009
42.221430078702355
45.95751123941106
37.796107957834714
41.31024236243127
41.00879496767942
36.97691529259957
40.42366322735071
49.0328791384191
35.724165779884885
38.5778620002213
37.881353670284284
37.245996454291536
36.67405128887405
36.1676977913272
32.45074868036336
32.115728054335214
31.845945719868244
31.643262153033483
31.50955916779894
31.44676304851099
31.45671234290742
31.539101767401807
28.6428505716725
25.91886129292471
26.15318297249938
26.44035428251466
23.90143827765772
24.24814038212983
24.638007421798875
25.069629174590737
22.613042271807306
23.06518452581781
36.46131812840134
23.739942939294632
23.93386206050039
24.130500851556842
24.32842162765773
24.526187021645406
24.722359956398797
24.915503601195383
25.104181324603612
25.286956646242903
25.462393188340833
25.62905462693484
25.78550464299475
25.93030687375256
26.06202486350944
29.569551035112482
29.683901542499477
29.77860470963662
29.852037081887985
29.90257482381222
33.531663878911296
29.92846883884537
33.50027212285829
33.436086515075125
33.33714481326133
33.20162382955765
33.02769951593903
32.813546902457425
32.55734003521426
32.257251914351485
31.911454431920802
35.074162930672024
34.58150925203636
34.03187784235173
33.42322869719933
36.24032125735653
35.429498056081556
34.546590903549564
34.546590903549564
0.0
0.0
0.0
0.0
0.0
0.0
0.0
0.0
0.0
0.0
0.0
0.0
0.0
0.0
0.0
0.0
0.0
0.0
77.46045797623928
72.11414448837866
41.17837834807367
41.17837834807367
44.977903528919164
44.97790352891917
44.97790352891914
44.977903528919136
44.97790352891915
44.97790352891919
44.97790352891922
44.97790352891914
48.9674049688069
53.15638148068897
57.55480681816522
62.17315342251521
67.02241735708277
72.11414448837861
77.46045797623934
0.0
0.0
1.0900866076989646
0.0
0.0
0.0
0.0
0.0
0.0
0.0
0.0
0.0
0.0
0.0
1.0
0.0
0.0
0.0
0.0
0.0
0.0
0.0
0.0
0.0
0.0
0.0
0.0
0.0
0.0
0.0
0.0
0.0
0.0
0.0
0.0
0.0
0.0
0.0
0.0
0.0
0.0
0.0
0.0
0.0
0.0
0.0
0.0
0.0
0.0
0.0
0.0
0.0
0.0
0.0
0.0
0.0
0.0
0.0
0.0
0.0
0.0
0.0
0.0
0.0
0.0
0.0
0.0
0.0
0.0
0.0
0.0
0.0
0.0
0.0
0.0
0.0
0.0
0.0
0.0
0.0
0.0
0.0
0.0
0.0
0.0
0.0
0.0
0.0
0.0
0.0
0.0
0.0
0.0
0.0
0.0
0.0
0.0
0.0
0.0
0.0
0.0
0.0
0.0
0.0
0.0
0.0
0.0
0.0
0.0
0.0
0.0
0.0
0.0
0.0
0.0
0.0
0.0
0.0
0.0
0.0
0.0
1.6730645502774912
1.680262943864115
1.8314292091832123
1.835028405976524
1.838627602769836
1.84266191270059
1.8466962226313441
1.8507305325620984
1.8547648424928522
0.0
0.0
0.0
0.0
0.0
0.0
0.0
0.0
0.0
0.0
0.0
1.093840216353088
1.686669712276254
1.6979647394378716
1.7036122530186804
0.9294060802398902
0.9294060802398902
0.9294060802398902
0.9294060802398902
0.9294060802398902
0.9294060802398902
1.825033795006069
0.9294060802398902
1.0037536086541234
1.8278575517964735
1.8321611130015616
1.8321611130015616
1.83646467420665
1.83646467420665
1.8407682354117378
1.8407682354117378
1.8450717966168262
1.8450717966168262
1.8493753578219143
1.8493753578219143
1.8493753578219143
1.7126557150039217
1.7126557150039217
1.7090565182106097
1.7090565182106097
1.705457321417298
1.705457321417298
1.7018581246239861
1.6982589278306741
1.6982589278306741
1.6946597310373623
1.6946597310373623
0.9294060802398902
1.6874613374507388
1.1655630524923446
1.0071983935866238
1.021595180759871
0.9280160641337631
0.9280160641337631
0.9280160641337631
0.9280160641337631
0.9280160641337631
0.9280160641337631
0.9280160641337631
0.9280160641337631
1.1727614460789684
1.179959839665592
1.1943566268388395
1.2087534140120868
1.2231502011853341
1.2303485947719577
1.2447453819452052
1.2591421691184526
1.2735389562916999
1.2807373498783234
1.295134137051571
1.3095309242248183
1.6910605342440506
1.3311261049846892
1.5075014977851469
1.3455228921579367
1.3527212857445603
1.365769480364929
1.3720688122496336
1.3846674760190427
1.3909668079037474
1.4035654716731565
1.4098648035578611
1.428762799211975
1.4350621310966796
1.4476607948660887
1.4539601267507933
1.4602594586354978
1.4665587905202024
1.4791574542896115
1.4931047106118993
1.991931380138492
1.5146998913717704
1.5290966785450177
1.5362950721316415
1.543493465718265
1.2843365466716354
1.2843365466716354
1.2843365466716354
0.9280160641337631
0.9280160641337631
0.9280160641337631
0.9280160641337631
1.2843365466716354
1.2843365466716354
0.9280160641337631
0.9280160641337631
1.6514693695176204
1.6514693695176204
1.658667763104244
1.658667763104244
0.0
0.0
0.0
0.0
0.0
0.0
0.0
0.0
0.0
0.0
0.0
0.0
0.0
0.0
0.0
0.0
0.0
0.0
1.7205547937611065
1.7177310369707022
1.6471371172105926
1.6245470628873573
1.6019570085641224
1.5737194406600783
1.9913928775898238
1.420647618580647
1.2767281654596303
1.2146055160707336
1.1694254074242634
1.1185977851969844
1.0790651901313228
1.0225900543232351
1.709259766599489
1.7120835233898934
1.7149072801802978
1.7177310369707022
1.7205547937611065
0.0
0.0
