34.99396982452798
0.0
0.0
0.0
0.0
0.0
0.0
0.0
0.0
0.0
0.0
0.0
34.99396982452798
0.0
0.0
0.0
0.0
0.0
0.0
0.0
0.0
0.0
0.0
0.0
0.0
0.0
0.0
0.0
0.0
0.0
0.0
0.0
0.0
0.0
0.0
0.0
0.0
0.0
0.0
0.0
0.0
0.0
0.0
0.0
0.0
0.0
0.0
0.0
0.0
0.0
0.0
0.0
0.0
0.0
0.0
0.0
0.0
0.0
0.0
0.0
0.0
0.0
0.0
0.0
0.0
0.0
0.0
0.0
0.0
0.0
0.0
0.0
0.0
0.0
0.0
0.0
0.0
0.0
0.0
0.0
0.0
0.0
0.0
0.0
0.0
0.0
0.0
0.0
0.0
0.0
0.0
0.0
0.0
0.0
0.0
0.0
0.0
0.0
0.0
0.0
0.0
0.0
0.0
0.0
0.0
0.0
0.0
0.0
0.0
0.0
0.0
0.0
0.0
0.0
0.0
0.0
0.0
0.0
0.0
36.98506164476194
40.54828709098715
40.54828709098719
44.289673809523705
48.21812986398704
52.34300872117363
61.22181046126761
71.01068937972126
81.80292838731633
0.0
0.0
0.0
0.0
0.0
0.0
0.0
0.0
0.0
0.0
0.0
17.050232283630276
47.188682459049225
40.20839124111425
37.18287082724905
49.81741515228981
50.53061194111227
51.16750496167072
51.73117740131011
47.8129828522655
48.20332817230839
48.53494834054732
48.810563004420246
17.050232283630276
49.14456662068083
44.88409110353812
44.901124882183666
44.87960044607142
40.70943067135433
44.731018927223765
40.515900824956134
48.74163970041164
44.28178892582675
52.78772654466741
48.08570238223292
47.82236544237795
47.54109265722629
47.244514116931306
42.810765058926165
46.61592299475009
42.221430078702355
45.95751123941106
37.796107957834714
41.31024236243127
41.00879496767942
36.97691529259957
40.42366322735071
49.0328791384191
35.724165779884885
38.5778620002213
37.881353670284284
37.245996454291536
36.67405128887405
36.1676977913272
32.45074868036336
32.115728054335214
31.845945719868244
31.643262153033483
31.50955916779894
31.44676304851099
31.45671234290742
31.539101767401807
28.6428505716725
25.91886129292471
26.15318297249938
26.44035428251466
23.90143827765772
24.24814038212983
24.638007421798875
25.069629174590737
22.613042271807306
23.06518452581781
36.46131812840134
23.739942939294632
23.93386206050039
24.130500851556842
24.32842162765773
24.526187021645406
24.722359956398797
24.915503601195383
25.104181324603612
25.286956646242903
25.462393188340833
25.62905462693484
25.78550464299475
25.93030687375256
26.06202486350944
29.569551035112482
29.683901542499477
29.77860470963662
29.852037081887985
29.90257482381222
33.531663878911296
29.92846883884537
33.50027212285829
33.436086515075125
33.33714481326133
33.20162382955765
33.02769951593903
32.813546902457425
32.55734003521426
32.257251914351485
31.911454431920802
35.074162930672024
34.58150925203636
34.03187784235173
33.42322869719933
36.24032125735653
35.429498056081556
34.546590903549564
34.546590903549564
0.0
0.0
0.0
0.0
0.0
0.0
0.0
0.0
0.0
0.0
0.0
0.0
0.0
0.0
0.0
0.0
0.0
0.0
77.46045797623928
72.11414448837866
41.17837834807367
41.17837834807367
44.977903528919164
44.97790352891917
44.97790352891914
44.977903528919136
44.97790352891915
44.97790352891919
44.97790352891922
44.97790352891914
48.9674049688069
53.15638148068897
57.55480681816522
62.17315342251521
67.02241735708277
72.11414448837861
77.46045797623934
0.0
0.0
