1.0900866076989646
0.0
0.0
0.0
0.0
0.0
0.0
0.0
0.0
0.0
0.0
0.0
1.0
0.0
0.0
0.0
0.0
0.0
0.0
0.0
0.0
0.0
0.0
0.0
0.0
0.0
0.0
0.0
0.0
0.0
0.0
0.0
0.0
0.0
0.0
0.0
0.0
0.0
0.0
0.0
0.0
0.0
0.0
0.0
0.0
0.0
0.0
0.0
0.0
0.0
0.0
0.0
0.0
0.0
0.0
0.0
0.0
0.0
0.0
0.0
0.0
0.0
0.0
0.0
0.0
0.0
0.0
0.0
0.0
0.0
0.0
0.0
0.0
0.0
0.0
0.0
0.0
0.0
0.0
0.0
0.0
0.0
0.0
0.0
0.0
0.0
0.0
0.0
0.0
0.0
0.0
0.0
0.0
0.0
0.0
0.0
0.0
0.0
0.0
0.0
0.0
0.0
0.0
0.0
0.0
0.0
0.0
0.0
0.0
0.0
0.0
0.0
0.0
0.0
0.0
0.0
0.0
0.0
0.0
1.6730645502774912
1.680262943864115
1.8314292091832123
1.835028405976524
1.838627602769836
1.84266191270059
1.8466962226313441
1.8507305325620984
1.8547648424928522
0.0
0.0
0.0
0.0
0.0
0.0
0.0
0.0
0.0
0.0
0.0
1.093840216353088
1.686669712276254
1.6979647394378716
1.7036122530186804
0.9294060802398902
0.9294060802398902
0.9294060802398902
0.9294060802398902
0.9294060802398902
0.9294060802398902
1.825033795006069
0.9294060802398902
1.0037536086541234
1.8278575517964735
1.8321611130015616
1.8321611130015616
1.83646467420665
1.83646467420665
1.8407682354117378
1.8407682354117378
1.8450717966168262
1.8450717966168262
1.8493753578219143
1.8493753578219143
1.8493753578219143
1.7126557150039217
1.7126557150039217
1.7090565182106097
1.7090565182106097
1.705457321417298
1.705457321417298
1.7018581246239861
1.6982589278306741
1.6982589278306741
1.6946597310373623
1.6946597310373623
0.9294060802398902
1.6874613374507388
1.1655630524923446
1.0071983935866238
1.021595180759871
0.9280160641337631
0.9280160641337631
0.9280160641337631
0.9280160641337631
0.9280160641337631
0.9280160641337631
0.9280160641337631
0.9280160641337631
1.1727614460789684
1.179959839665592
1.1943566268388395
1.2087534140120868
1.2231502011853341
1.2303485947719577
1.2447453819452052
1.2591421691184526
1.2735389562916999
1.2807373498783234
1.295134137051571
1.3095309242248183
1.6910605342440506
1.3311261049846892
1.5075014977851469
1.3455228921579367
1.3527212857445603
1.365769480364929
1.3720688122496336
1.3846674760190427
1.3909668079037474
1.4035654716731565
1.4098648035578611
1.428762799211975
1.4350621310966796
1.4476607948660887
1.4539601267507933
1.4602594586354978
1.4665587905202024
1.4791574542896115
1.4931047106118993
1.991931380138492
1.5146998913717704
1.5290966785450177
1.5362950721316415
1.543493465718265
1.2843365466716354
1.2843365466716354
1.2843365466716354
0.9280160641337631
0.9280160641337631
0.9280160641337631
0.9280160641337631
1.2843365466716354
1.2843365466716354
0.9280160641337631
0.9280160641337631
1.6514693695176204
1.6514693695176204
1.658667763104244
1.658667763104244
0.0
0.0
0.0
0.0
0.0
0.0
0.0
0.0
0.0
0.0
0.0
0.0
0.0
0.0
0.0
0.0
0.0
0.0
1.7205547937611065
1.7177310369707022
1.6471371172105926
1.6245470628873573
1.6019570085641224
1.5737194406600783
1.9913928775898238
1.420647618580647
1.2767281654596303
1.2146055160707336
1.1694254074242634
1.1185977851969844
1.0790651901313228
1.0225900543232351
1.709259766599489
1.7120835233898934
1.7149072801802978
1.7177310369707022
1.7205547937611065
0.0
0.0
