-20.2064057491 39.64187297
-19.5794166889 140.739753108
-18.9392980412 141.820506479
-18.2862205778 142.884320038
-17.6203550701 143.931380742
-16.9418722901 144.961875546
-16.2509430094 145.975991404
-15.5477379997 146.973915272
-14.8324280326 147.955834106
-14.1051838799 148.92193486
-13.3661763133 149.872404491
-12.6155761045 150.807429953
-11.8535540252 151.727198202
-11.080280847 152.631896192
-10.2959273417 153.52171088
-9.50066428093 154.396829221
-8.69466243645 155.25743817
-7.87809257993 156.103724682
-7.05112548306 156.935875713
-6.21393191755 157.754078218
-5.36668265509 158.558519152
-4.50954846739 159.349385471
-3.64270012613 160.126864129
-2.76630840301 160.891142083
-1.88054406974 161.642406288
-0.985577898012 162.380843699
-0.0815806595189 163.10664127
0.831276874039 163.819985959
1.75282393096 164.521064719
2.68288973956 165.210064507
3.62130352812 165.887172277
4.56789452496 166.552574985
5.52249195838 167.206459586
6.48492505668 167.849013035
7.45502304816 168.480422289
8.43261516113 169.100874301
9.41753062388 169.710556029
10.4095986647 170.309654425
11.408648512 170.898356448
12.4145093939 171.47684905
13.4270105388 172.045319188
14.445981175 172.603953818
15.4712505309 173.152939894
16.5026478346 173.692464371
17.5400023145 174.222714206
18.583143199 174.743876353
19.6318997162 175.256137768
20.6861010946 175.759685406
21.7455765624 176.254706222
22.8101553479 176.741387172
23.8796666795 177.219915211
24.9539397853 177.690477294
26.0328038938 178.153260377
27.1160882332 178.608451415
28.2036220319 179.056237364
29.295234518 179.496805177
30.3907549201 179.930341812
31.4900124662 180.357034224
32.5928363848 180.777069366
33.6990559042 181.190634196
34.8085002526 181.597915668
35.9209986583 181.999100738
37.0363803497 182.39437636
38.1544745551 182.783929491
39.2751105027 183.167947085
40.3981174208 183.546616098
41.5233245379 183.920123485
42.650561082 184.288656202
43.7796562817 184.652401204
44.9104393651 185.011545446
46.0427395606 185.366275883
47.1763860965 185.716779471
48.3112082011 186.063243165
49.4470351026 186.405853921
50.5836960294 186.744798694
51.7210202098 187.080264438
52.8588368721 187.41243811
53.9969752446 187.741506665
55.1352645556 188.067657058
56.2735340333 188.391076245
57.4116129062 188.71195118
58.5493304024 189.030468819
59.6865157504 189.346816117
60.8229981784 189.66118003
61.9586069146 189.973747514
63.0931711875 190.284705522
64.2265202253 190.594241011
65.3584832563 190.902540937
66.4888895089 191.209792253
67.6175682112 191.516181916
68.7443485917 191.821896881
69.8690598786 192.127124104
70.9915313002 192.432050539
72.1115920848 192.736863142
73.2290714608 193.041748868
74.3437986564 193.346894673
75.4556029 193.652487512
76.5643134198 193.95871434
77.6697594441 194.265762112
78.7717702013 194.573817784
79.870174919 194.883068312
