200.290160099 10.153422935
202.351864423 210.270325876
204.416458771 210.376226772
206.483755446 210.470962974
208.553566746 210.554371833
210.625704971 210.6262907
212.699982422 210.686556923
214.776211399 210.735007855
216.854204202 210.771480845
218.933773131 210.795813244
221.014730486 210.807842402
223.096888567 210.807405669
225.180059674 210.794340396
227.264056107 210.768483934
229.348690166 210.729673633
231.433774152 210.677746843
233.519120365 210.612540914
235.604541103 210.533893198
237.689848669 210.441641043
239.774855361 210.335621802
241.85937348 210.215672824
243.943215326 210.08163146
246.026193198 209.93333506
248.108119398 209.770620974
250.188806225 209.593326553
252.268065979 209.401289147
254.34571096 209.194346107
256.421553468 208.972334784
258.495405804 208.735092526
260.567080267 208.482456686
262.636389158 208.214264613
264.703144777 207.930353658
266.767159423 207.630561171
268.828245396 207.314724503
270.886214998 206.982681004
272.940880528 206.634268024
274.992054285 206.269322914
277.039548571 205.887683024
279.083175685 205.489185704
281.122747927 205.073668306
283.158077597 204.640968179
285.188976996 204.190922675
287.215258423 203.723369142
289.236734178 203.238144932
291.253216562 202.735087395
293.264517875 202.214033882
295.270450417 201.674821743
297.270826487 201.117288328
299.265458387 200.541270988
301.25419013 199.946673675
303.237119437 199.333933131
305.214465761 198.703741744
307.186449325 198.056793516
309.153290351 197.393782448
311.115209061 196.715402542
313.072425679 196.022347801
315.025160426 195.315312225
316.973633526 194.594989818
318.9180652 193.862074579
320.858675671 193.117260513
322.795685161 192.361241619
324.729313893 191.594711901
326.65978209 190.818365359
328.587309973 190.032895997
330.512117765 189.238997815
332.43442569 188.437364815
334.354453968 187.628691
336.272422823 186.813670371
338.188552477 185.99299693
340.103063152 185.167364679
342.016175072 184.337467619
343.928108458 183.503999753
345.839083532 182.667655082
347.749320518 181.829127608
349.659039638 180.989111333
351.568461115 180.14830026
353.477805169 179.307388388
355.387292025 178.467069722
357.297141905 177.628038261
359.207575031 176.790988009
361.118811625 175.956612967
363.03107191 175.125607136
364.944576109 174.29866452
366.859544443 173.476479119
368.776197136 172.659744935
370.69475441 171.84915597
372.615436487 171.045406227
374.53846359 170.249189706
376.464055941 169.46120041
378.392433762 168.68213234
380.323817277 167.912679499
382.258426707 167.153535888
384.196482275 166.40539551
386.138204204 165.668952365
388.083812715 164.944900455
390.033528032 164.233933784
391.987570377 163.536746351
393.946159972 162.85403216
395.90951704 162.186485212
397.877861803 161.534799509
399.85141448 160.899669053
