121.887665168 0.7226999192
124.220059785 51.2139413671
126.560142311 51.7303814309
128.907697082 52.2704451226
131.262508433 52.8325574545
133.624360701 53.4151434386
135.993038222 54.0166280871
138.368325333 54.6354364121
140.750006369 55.2699934257
143.137865668 55.9187241402
145.531687564 56.5800535676
147.931256395 57.25240672
150.336356496 57.9342086097
152.746772204 58.6238842486
155.162287855 59.319858649
157.582687785 60.0205568231
160.00775633 60.7244037828
162.437277827 61.4298245405
164.871036612 62.1352441081
167.308817021 62.8390874978
169.750403391 63.5397797219
172.195580057 64.2357457923
174.644131355 64.9254107213
177.095841623 65.6071995209
179.550495196 66.2795372034
182.00787641 66.9408487808
184.467769602 67.5895592653
186.929959107 68.224093669
189.394229263 68.8428770041
191.860364405 69.4443342826
194.32814887 70.0268905167
196.797366993 70.5889707186
199.267803111 71.1289999004
201.739241561 71.6454030742
204.211466677 72.1366052522
206.684262798 72.6010314465
209.157414258 73.0371066692
211.630705394 73.4432559324
214.103920543 73.8179042483
216.57684404 74.1594766291
219.049260222 74.4663980868
221.520953425 74.7370936337
223.991707985 74.9699882817
226.461308238 75.1635070432
228.929538521 75.3160749301
231.39618317 75.4261169547
233.861026521 75.492058129
236.32385291 75.5123234653
238.784446673 75.4853379756
241.242592148 75.409526672
243.698081314 75.2834249487
246.150826326 75.1073033813
248.6008349 74.8828123511
251.048117393 74.6116403738
253.492684161 74.2954759651
255.934545562 73.9360076409
258.373711951 73.5349239167
260.810193687 73.0939133085
263.244001125 72.6146643318
265.675144624 72.0988655026
268.103634538 71.5482053364
270.529481226 70.9643723492
272.952695044 70.3490550565
275.373286348 69.7039419742
277.791265496 69.030721618
280.206642845 68.3310825036
282.619428751 67.6067131468
285.029633571 66.8593020633
287.437267663 66.0905377689
289.842341381 65.3021087793
292.244865085 64.4957036103
294.64484913 63.6730107776
297.042303873 62.835718797
299.437239671 61.9855161842
301.829666881 61.1240914549
304.219595859 60.2531331249
306.607036963 59.3743297099
308.992000549 58.4893697257
311.374496974 57.599941688
313.754536596 56.7077341126
316.13212977 55.8144355153
318.507286853 54.9217344116
320.880018203 54.0313193175
323.250334176 53.1448787486
325.618245129 52.2641012208
327.983761418 51.3906752496
330.346893402 50.526289351
332.707651436 49.6726320405
335.066045877 48.8313918341
337.422087082 48.0042572473
339.775785407 47.1929167961
342.127151211 46.399058996
344.476194849 45.6243723629
346.822926679 44.8705454124
349.167357056 44.1392666605
351.509496339 43.4322246227
353.849354883 42.7511078148
356.186943046 42.0976047526
358.522271184 41.4734039519
360.855349654 40.8801939283
363.18618881 40.3196631976
