1.9469478512434932 -35.65751152850584
2.1304879756446127 -36.47098234595979
2.316853342827528 -37.21334060242366
2.5047108126628075 -37.88696816756155
2.693299523639695 -38.49421485198355
2.881983332717226 -39.03742284191452
3.070186987808853 -39.51893017882097
3.2573804383922607 -39.94107160230914
3.4430744025614786 -40.306178750363564
3.626821826919553 -40.61657991339027
3.8082420733787785 -40.87459754833078
3.986689634486652 -41.08258168735915
1.9469478512434932 -35.65751152850584
4.121404108877471 -41.374584389201566
4.076301924671299 -41.463296557890885
4.027040128860591 -41.51123778356618
3.9739858088782682 -41.52067244421659
3.9175000299359795 -41.49386534220798
3.857933750668309 -41.43308211704994
3.7956268016666854 -41.34058934776352
3.7309075447226405 -41.218654588158955
3.6640927359069906 -41.069546379628044
3.5954874627878723 -40.89553425845501
3.5253851119402952 -40.69888875814629
3.454067350079015 -40.481881411767866
3.3818041109633157 -40.246784753256634
3.3088535836909045 -39.99587231791473
3.235462198776844 -39.7314186439939
3.161864606546686 -39.45569927407527
3.0882836370531948 -39.17099075781455
3.014930214279616 -38.87957065806233
2.9420031435674048 -38.58371756592122
2.8696884755279086 -38.2857111445478
2.798156963701871 -37.987832307373395
2.727546270176475 -37.692364459320686
2.658200418883638 -37.401576787429036
4.1620021610336835 -41.24283443932604
2.593731984896607 -36.83738398540784
2.597788720003223 -36.56863671380396
2.6024975418168594 -36.313799229692464
2.6080552037669236 -36.07515064512599
2.6146603017289465 -35.854969898441844
2.6225160345615564 -35.65553556179964
2.631830896354842 -35.47912579323616
2.642818909816583 -35.3280183198225
2.655699723215406 -35.20449043092125
2.6706986593860336 -35.11081897515536
2.688046747128169 -35.04928035724943
2.7079807484620915 -35.02215053647872
2.730729608143946 -35.031530794590694
2.756332144044194 -35.077034188877974
2.784679372971624 -35.15641792720575
2.815653431283323 -35.26739518418447
2.8491312002785207 -35.40767953865645
2.88498468117254 -35.57498494215968
2.9230818189902834 -35.767025648118654
2.963288561548268 -35.981516035876965
3.0054750355841406 -36.21617008305499
3.0495402502208435 -36.468699254156064
3.095585019654095 -36.736797721528
3.141590135160982 -37.018340801970474
2.59011311373024 -37.117763107155305
3.307408530134296 -37.601480520457216
3.4284766598460124 -37.89829660387151
3.5515641159328197 -38.199111674640974
3.676429405552142 -38.501648439821906
3.8028453673773015 -38.803629494132124
3.9305727795209577 -39.10277957575064
4.059353761681223 -39.396826130090545
4.188909576035144 -39.683499497728775
4.318939747767786 -39.9605329894489
4.4491216655414405 -40.225662920561156
4.57911038194635 -40.476628627822755
4.708538506332388 -40.71117247845191
4.837016143970914 -40.92703987556836
4.964130859933732 -41.12197926069879
5.08944765721867 -41.29374211613868
5.212508963272455 -41.440082965455254
5.332834622126143 -41.55875937435895
5.4499218902954 -41.647531950277916
5.563245435873455 -41.70416434255868
5.672257340355486 -41.7264232416881
5.77638710342228 -41.712078377857395
5.875041651417632 -41.65890251941441
5.967605350680799 -41.56467147046479
6.053440027739498 -41.42716406663006
6.13188500003389 -41.244162169596414
6.2022571229076675 -41.01345065817186
6.263850863244954 -40.73281741484728
6.315938418146004 -40.400053303754724
6.35776991366231 -40.01295213396806
6.388573753517846 -39.56931059514596
6.407557267675088 -39.066928137673614
6.413908010625562 -38.503606733687434
6.406796618469741 -37.87715034969493
6.385383952908455 -37.18536362895389
6.34884253447666 -36.42604793864685
6.296442276610151 -35.59698555755217
6.228150625567196 -34.695828990268964
8.338823274526305 -33.2497298064352
10.498723514015808 -32.63215148256361
12.676469242122892 -31.849452638283115
14.849153666083168 -30.89632892765378
16.992330682650618 -29.771483063095406
19.080929592278267 -28.47803770801714
21.090289782737557 -27.023696687997393
22.997231710884705 -25.42061839217541
24.781069726131193 -23.684997129688444
26.424475251241006 -21.836382793431678
27.914115652169016 -19.89680007343036
29.24102175323935 -17.889749932050748
30.400670027340254 -15.839184565295703
31.392797814152686 -13.768542087107676
32.22099607697817 -11.699911008725067
32.892140772841685 -9.653371493125796
33.41572990515448 -7.646535209524103
33.80318995045468 -5.694282657034655
34.06720520443099 -3.808678952591805
34.22110978125954 -1.9990375543517231
22.544825738029488 25.822690375842114
24.18776127427475 24.29058892541353
25.771515035122718 22.603307691556367
27.273273155467507 20.766537438677197
28.670672676196432 18.79023773397052
29.942803973176694 16.68858879679889
31.07120560497424 14.479664639008185
32.04076063018783 12.18483336134441
32.84040834039757 9.827923780772458
33.46360372782863 7.43422701775922
33.90848602910461 5.029421539177605
34.17775205233772 2.6385167146808612
34.27826332206763 0.2849024880885409
34.22044259799185 -2.0104263732534093
34.0175312711126 -4.229429278709276
33.68478339454413 -6.357347990111158
33.23866600801489 -8.382815029115406
32.696121969238504 -10.297772282265942
32.07393434157706 -12.097241076250917
31.388213846787778 -13.778988980075702
-12.600602747151598 33.4136730209276
-13.161402234117531 34.069397358095266
-13.707600553599306 34.654425889889175
-14.239047085554176 35.171344672791754
-14.755218263978875 35.62287664554103
-15.25558426786543 36.011743350855824
-15.739661328146255 36.34064521996127
-16.207024612936053 36.61225673820399
-16.65731194937868 36.82922511529202
-17.090222984026127 36.994170898176584
-17.505501854368674 37.10969657805419
-17.903176041968095 37.17826925240893
-12.600602747151598 33.4136730209276
-18.013769791262007 37.438410137371676
-17.724072336368323 37.63601477290781
-17.415927329679818 37.796979085106564
-17.091241241514552 37.92302127294351
-16.751844751275314 38.01588823637597
-16.399495690387482 38.077354130760106
-16.035879777962464 38.10922000460021
-15.66261086681132 38.1133136797374
-15.281231041767342 38.09148970205594
-14.89321066555567 38.04562932024689
-14.499948402084215 37.97764047366553
-14.102771230685818 37.889457786349425
-13.702934456267542 37.78304256288372
-13.301621718666468 37.660382784491006
-12.899945004848973 37.52349310575643
-12.498944668038263 37.374414849033826
-12.099589463839038 37.215215994635926
-11.702776628105141 37.04799116039166
-11.309332070188304 36.87486155117787
-10.920010951082503 36.69797480697967
-10.535499995668403 36.51950439879617
-10.156433674818544 36.341645395038114
-9.783176685887156 36.16667136187043
-18.283016836113944 37.20248580335031
-8.159026094269336 35.53102608661577
-6.921901249429709 35.07932915282413
-5.704165311170755 34.64371021493609
-4.504756191626683 34.22611405696787
-3.322321305101127 33.828436073158244
-2.155215058324984 33.45252292368379
-1.0014982217389843 33.100172698047615
0.14106228188902037 32.773134967778475
1.2749934644022005 32.47311080618202
2.4031163152546355 32.201752795450176
3.5285458280146713 31.960665025925977
4.654691022207572 31.751403091677005
5.785226193123691 31.57531704083803
6.923606176913893 31.431482868304116
8.07281052269019 31.317331381081388
9.235518804201632 31.23030148689618
10.414116637228858 31.167880424917584
11.610695896008082 31.127603624145905
12.827055187855592 31.107054390597824
14.064701038853002 31.10386312630159
15.324851449828998 31.115704986693956
16.608450118495057 31.14029050982883
17.916265992008505 31.175300022202606
19.24754975255064 31.21926886692583
-9.41632899766617 35.9968022500406
20.826871147803445 31.483398645976592
21.055308295914188 31.701917469850727
21.28707909414578 31.923259075960587
21.52089757013465 32.14552910852305
21.755485281298604 32.366828975447035
21.989556121165663 32.58526585950504
22.22181252112256 32.798955220824325
22.450944184538855 33.00602163094483
22.675627580506557 33.20459910625722
22.894525713977657 33.392831259685835
23.106288010823505 33.568871376292016
23.309550256017246 33.73088245387419
23.502934558624247 33.87703722637917
23.685049330551237 34.005518177284706
23.854489273972774 34.11451754856964
24.00983537295474 34.20223734558638
24.149654888664372 34.266889340622875
24.272501356184023 34.306695074295824
24.376914583531516 34.319885856635025
24.46142065178975 34.304702766645015
24.524531916633805 34.25939665059867
24.564747011969416 34.18222811937909
24.580550856006596 34.071467543979914
24.570414660476672 33.92539504785768
24.532795945528903 33.74230049582112
24.46613856262377 33.520483476165865
24.368872731194188 33.25825327275689
24.239415098133236 32.953928819225986
24.076168838251817 32.605838621868195
23.877523831476083 32.21232062366811
23.641856993459044 31.771721950383387
23.367532939327134 31.28239840194395
23.052905445499903 30.742713330472363
22.69632110801473 30.151034833749527
22.296130321990688 29.50572733248905
21.85073120564317 28.80511787368531
21.358877082364472 28.047260244304795
21.358877082364472 28.047260244304795
-0.5281852875261421 -34.80811810533725
-3.077162940173423 -34.67585808560027
-5.724988185081315 -34.33815044544108
-8.440959012665516 -33.77327755311241
-11.18838493762398 -32.96519540698364
-13.926001107311606 -31.905337467142104
-16.610010121606862 -30.5939802819637
-19.196575544545553 -29.040928929626574
-21.64448912610672 -27.265365506497695
-23.917680689968407 -25.294833783715173
-25.987254540534835 -23.163477009691743
-27.832817633470498 -20.909766338126314
-29.44299045047117 -18.57402430994773
-30.815127264222212 -16.19604882132846
-31.95438494999837 -13.813086121514772
-32.87234722717473 -11.458309365221574
-33.585429006157256 -9.159859398781023
-34.11326202515521 -6.940419276684203
-34.47721424672751 -4.817236087043632
-34.699138274725485 -2.802475463683301
-14.52287641373647 31.63811192856494
-16.80197117288948 30.488978835612983
-19.088650807587513 29.111981658400637
-21.34606183585025 27.499631085400466
-23.534159434830755 25.65204485862739
-25.611728980230183 23.578028000159463
-27.538805226496265 21.295498877231495
-29.279230460443827 18.831110678270804
-30.80303403028074 16.21903697086954
-32.0883194869394 13.499030270251694
-33.122417229814076 10.713988173746614
-33.90218362914749 7.907339053602676
-34.43346961907227 5.120569863354341
-34.72990637374828 2.3911647797139395
-34.81123564966272 -0.24887401776283724
-34.70143723546117 -2.77386364596655
-34.426881959593814 -5.164674653185834
-34.01468285289121 -7.40846921774633
-33.49134912623316 -9.498083987722339
