0.7360720417149196 -34.39439292399172
0.7185563878596213 -34.10160673684385
0.7026481453302154 -33.87766432329235
0.688231643977872 -33.71981272193932
0.6751890202195909 -33.62529903399286
0.6634043990074474 -33.59137033162855
0.6527649438341427 -33.61527363581769
0.6431612125687138 -33.69425590855673
0.6344873076519377 -33.82556404939086
0.6266409553606707 -34.00644489411923
0.6195235613673447 -34.23414521377839
0.613040264700146 -34.505911713364725
0.6071000065485634 -34.81899103141063
0.6016156345031902 -35.17062973810491
0.5965040783944744 -35.558074332946035
0.5916866724054728 -35.97857124019498
0.5870897961343076 -36.42936680024897
0.582646282514844 -36.90770725027642
0.578298935657358 -37.41083867554616
0.5740110826430396 -37.93600686465325
0.5698087788942132 -38.48045672906042
0.5660762433115565 -39.04142824174201
0.5596106032620298 -39.616210677437635
0.7552793348638431 -34.75877654346667
0.7710457332079272 -40.77975566515482
0.9963010449035323 -41.3625185789314
1.228001828038316 -41.947555421098485
1.4659997963304932 -42.53211428394772
1.7101538798821707 -43.11344671827578
1.9602843551443243 -43.68880836340401
2.216161382965538 -44.25545910391003
2.477501195187074 -44.81066312086341
2.743964579053909 -45.35168891085948
3.015156201998991 -45.87580929301245
3.290624293876874 -46.38030140959057
3.569860505804229 -46.8624467218886
3.852299876830102 -47.31953100185606
4.137320892344121 -47.74884431541702
4.424245658549864 -48.14768099375968
4.71234027484212 -48.51333957784857
5.000815613141867 -48.843122707778434
5.288829058591205 -49.13433687940079
5.575488882247896 -49.38429183382766
5.859867378194565 -49.59029872908695
6.141053430385114 -49.74966282175913
6.418520507093092 -49.85963224413078
6.687180694216636 -49.91808645589833
0.5527125167856752 -40.20201763154455
6.956564059856021 -49.89087283157417
6.957869571893923 -49.80833549499289
6.952536923359503 -49.677216079799706
6.940752958654343 -49.49999272812565
6.922786840125582 -49.279132115442906
6.898933082737358 -49.01709737942102
6.869497314208047 -48.71635010202684
6.834791530286736 -48.37935097025078
6.795132199200566 -48.00856003932776
6.750839403512714 -47.60643685316202
6.702236415393713 -47.17544050218686
6.649649474725891 -46.71802965529065
6.593407671793273 -46.236662575129714
6.533842891949405 -45.73379712637055
6.4712898046670375 -45.21189077634165
6.406085896443244 -44.673400590613994
6.338571563261439 -44.120783218947935
6.2690903078068345 -43.55649486639442
6.1979891532537295 -42.98299123300458
6.125619569063076 -42.40272737849256
6.0523397988239935 -41.81815738218509
5.978521856300915 -41.23173332163219
5.904579522835149 -40.64590118430095
5.831164348613072 -40.06307224732848
5.756510267112333 -39.486010817543104
6.948914625930513 -49.92228297428227
5.6942418594094875 -38.34286894720151
5.7054693452056995 -37.78205834685389
5.716489559643833 -37.2369745257931
5.7277332093909195 -36.71005656397841
5.739697306115943 -36.2037330751501
5.752914931126497 -35.72042662166257
5.767947682017336 -35.26255481646956
5.785383161986999 -34.83253068983433
5.805833984360959 -34.432762833050134
5.829937332152724 -34.0656554620995
5.85835475417008 -33.733608445978064
5.891772078244287 -33.43901731635208
5.93089939571405 -33.184273266523206
5.976471103899371 -32.971763139662784
6.0292460152218155 -32.80386940428582
6.090007565672238 -32.68297010828539
6.159564198342537 -32.6114387976084
6.238750088701238 -32.59164436200524
6.328426605226298 -32.62595072546375
6.42948553078935 -32.71671616389685
6.542857123083763 -32.86629159889364
6.669534302108843 -33.07701547664067
6.81066940771251 -33.3511932849795
6.968251512605491 -33.69095416758066
-1.7371250356195844 -35.16313981512877
13.343096575303889 -32.18522913180982
15.386032288200965 -31.260153725012685
17.397199572697673 -30.18716030885838
19.35668013587616 -28.969745159430772
21.245060512747955 -27.614753381021956
23.04414999968793 -26.132247344552468
24.737650721443913 -24.535195888128357
26.311728562916073 -22.839004805735584
27.755443428388503 -21.060924969680485
29.06101208594066 -19.219385448702525
30.223894260744657 -17.333303672419504
31.24270986865662 -15.421422779624834
32.11900983102578 -13.501718703907898
32.85693305871018 -11.590908094727723
33.462787219724305 -9.704075018900227
33.94459105584252 -7.854421591473283
34.31161224892014 -6.0531368202562135
34.57392849022034 -4.30936993516633
27.098802490058972 21.899363097810863
28.394110845850378 20.191623752401625
29.610234293197436 18.361950484274303
30.730177645417484 16.418994560144938
31.73804421975848 14.37441301722069
32.61969349854746 12.24266296790887
33.36334819649517 10.040627351137374
33.960100708099674 7.7870893394588165
34.40427613494563 5.502089068290189
34.693622218649125 3.2062092624537115
34.82931363668541 0.9198435097266326
34.815776561503526 -1.3374987493253059
34.66035625689216 -3.5478027890941064
34.37286336384528 -5.6950385999928415
33.96504192348874 -7.765508844927041
33.45000374593292 -9.748048516603689
32.84167014549553 -11.634083657059335
32.15425472222131 -13.417566983007532
31.401811474969804 -15.09481489039996
30.59786270173697 -16.66427311858041
5.682654380560393 -38.91692587107883
32.54422644324063 22.08377244211289
-2.7322883973573937 34.23622735673533
-2.299498777435673 33.922778357083786
-1.87757527644996 33.67814425567656
-1.4639095263017339 33.49945773971842
-1.0560312015991542 33.383858010051654
-0.6516038880514827 33.32849115856746
-0.2484240453243558 33.33051026249268
0.15557934424143127 33.38707541440618
0.5623449235918656 33.49535373249168
0.9736790386044731 33.65251936354497
1.391255791973947 33.855753481307886
1.8166170949230889 34.10224428061966
2.251172732609433 34.38918696770719
2.696200462766143 34.71378374168964
3.1528461817879645 35.073243762419935
3.622124228723038 35.46478309009461
4.104917990099125 35.88562456460011
4.601981228052836 36.33299753944351
5.113941398570006 36.80413721613374
5.641309604481137 37.296282648382515
6.184520405309968 37.80666875741747
6.744210483566604 38.332470440814205
7.317494713351834 38.871549474977826
-3.17871944388105 34.621362427978084
8.808330519203679 39.61513301469873
9.734886766619923 39.80341049609024
10.685385730335724 39.98287632488879
11.659141787270073 40.15087417619455
12.655317654877592 40.304840366218855
13.672881122411468 40.44231252908486
14.71059423628077 40.56093178384273
15.767009698382822 40.65844345402971
16.84046942963903 40.73269735172579
17.92910392297091 40.78164790181904
19.03083192812022 40.803354196754015
20.1433602943265 40.79598001481952
21.264183900291755 40.757793813932494
22.390585644304394 40.687168698866145
23.519636495370833 40.582582351737784
24.648195632918828 40.44261689269078
25.772910758728926 40.265958595725806
26.890218807584006 40.05139725928353
27.996347742317823 39.79782462771044
29.087321957595464 39.50422965556646
30.158983909131848 39.16967955840161
31.207145543514343 38.793187170283915
32.22554082429082 38.37550437458202
7.906553847556069 39.420732096562176
33.51723027190104 37.52347426366353
33.78894826136974 37.09391489453728
34.02642907346376 36.6296744336413
34.23036804617129 36.13366806754266
34.40155767300814 35.60870944762394
34.540864159932255 35.05753122395129
34.64922156431078 34.48279017908757
34.72762984124307 33.887068939700896
34.777154061493434 33.27287666067548
34.79892405695898 32.64264933674113
34.79413424242085 31.998749956652404
34.76404352128958 31.343468586599897
34.7099752314798 30.679022415500896
34.633317115254385 30.007555780838146
34.53552130199938 29.331140180528223
34.41810430192828 28.651774275119863
34.282647008696074 27.971383877763174
34.13079471553846 27.291821926627478
33.9642571559628 26.614868422587534
33.784808599570056 25.942230285873194
33.59428809755116 25.27554099265228
33.394600225095814 24.61635948021396
33.187718056314566 23.966165761887368
32.97570399794074 23.326330224171926
32.760427300647564 22.698529922278425
33.21084101870002 37.91519208277097
31.945895273226256 21.93507730576664
31.362092867872548 21.78884123135944
30.794679787259042 21.646706790800664
30.245509783687055 21.510319631361227
29.71640730182702 21.38136163418713
29.209164266326184 21.26155564940467
28.72553928029123 21.152666677346787
28.2672573612449 21.05650226012986
27.836009837647794 20.9749126343371
27.43345430642313 20.909790796677356
27.061214616818575 20.863072531135714
26.720880868275856 20.83673641534159
26.414009419985064 20.832803813327274
26.14212291191228 20.853338854131096
25.90671030251974 20.900448391901563
25.709226932921695 20.97628193516394
25.551094641778718 21.08303152214586
25.433701978135616 21.222931487393055
25.3584046273387 21.39825799497288
25.326526347398044 21.61132801183797
25.33936130916726 21.864496742663874
25.398181113889677 22.160149935451926
25.504262861984557 22.50067310912314
25.6590856245528 22.88823615238951
-4.380057842602781 -34.93249344583242
-4.380057842602781 -34.93249344583242
-7.137921408270444 -34.47483260317625
-9.975970441577857 -33.76305701201292
-12.85142801473043 -32.77658925254232
-15.715122167844441 -31.503951185484567
-18.51408589180633 -29.944826408554917
-21.19490453234053 -28.111208207984248
-23.707409920193015 -26.02734561809183
-26.008208075226406 -23.72840318612691
-28.06353123437708 -21.2579919019839
-29.851030962968252 -18.66493920417585
-31.36033979201099 -15.999784160334258
-32.592459542950365 -13.311483237746842
-33.55822110246493 -10.644707674978577
-34.27616314477473 -8.037950305921157
-34.7701898906092 -5.522490381942561
-35.06731111889255 -3.122130032280211
-35.19567421683112 -0.8535346919488802
-35.18299914383849 1.2730185750137082
-5.700857907135287 34.741390648192606
-8.300778015323914 34.21346356901017
-10.989230333436495 33.44698524121944
-13.72862884037275 32.4189567261341
-16.474144706603198 31.11376803335733
-19.175623649773172 29.525573028985065
-21.780402394192038 27.660044768487722
-24.236764384511844 25.535137697246313
-26.49760414037914 23.180616468666955
-28.52378084802649 20.63632552518561
-30.286673002216645 17.949413458508133
-31.769594903442908 15.170921024077785
-32.967958507955814 12.35223529833263
-33.88829329100602 9.541885708308797
-34.54641038683886 6.783032834343516
-34.96508090163712 4.111827159504941
-35.17159166815762 1.5566452955169439
-35.1954699524301 -0.8619163969085264
-35.066566599927995 -3.1304811036778233
-34.81358562183155 -5.241971117726166
9.239905998429151 -33.593918164232946
