20.8827941187755 -28.531771701727877
21.062384907484017 -28.99533164930091
21.222700295645897 -29.43816621971365
21.364340629642506 -29.86059549797632
21.48789853818572 -30.262944552842498
21.593959295811306 -30.645543168883265
21.68310091315249 -31.008725779665525
21.755894166439084 -31.352831445614385
21.81290260901876 -31.67820384574128
21.854682576118247 -31.98519127421733
21.881783186181604 -32.27414663821247
21.894746341711304 -32.54542745805975
21.894106728623072 -32.79939586699592
21.88039181543019 -33.036418611852866
21.8541218514921 -33.256867053391204
21.815809865297787 -33.4611171677702
21.76596166167831 -33.64954954771079
21.705075818417615 -33.82254940445087
21.633643681782818 -33.980506570412786
21.552149360067958 -34.12381550216986
21.461069715273187 -34.25287528546103
21.36087435109626 -34.368089641891316
21.252025595244973 -34.46986693818303
21.134978473438874 -34.55862020055879
21.0101806695248 -34.63476713709039
20.878072461246994 -34.69873017239129
20.73908661393761 -34.7509365062086
20.59364819449477 -34.79181821555301
20.442174226248287 -34.82181244441526
20.285072998481027 -34.841361782293035
20.12274254847926 -34.85091509816897
19.955566866202787 -34.85092962394597
19.783904509266968 -34.841877205477374
19.608043062919847 -34.82426930541499
19.42788036219128 -34.798832024858
19.247211045467807 -34.76415262306722
20.683317318231264 -28.047173154664193
18.71717838978868 -34.708902317182066
18.368876272680886 -34.689488648928204
18.01978195868604 -34.664097765990505
17.67039169079886 -34.633151607413
17.32111730545007 -34.59711593372151
16.972334499118602 -34.556473826393216
16.624394894634314 -34.51171906332007
16.277630062547086 -34.46335391052986
15.932353129042976 -34.41188823905506
15.58885950616595 -34.35783912385742
15.24742725606918 -34.30173064349134
14.908317286211759 -34.244093772702286
14.571773459373539 -34.18546632085173
14.238022658333591 -34.126392896149696
13.907274823886798 -34.06742488342843
13.579722976411038 -34.009120430498314
13.25554322620468 -33.9520444406692
12.934894774215522 -33.896768568832215
12.617919903289739 -33.84387122110252
12.304743957752002 -33.793937558960266
11.995475304906016 -33.74755950761866
11.690205267105128 -33.70533577319625
11.389007999467601 -33.667871874247254
11.091940260124325 -33.63578020188572
10.799040948339751 -33.609680141002144
10.510330086384478 -33.59019833805908
10.225806272640774 -33.577969372558414
9.945439038402803 -33.57363777048505
9.669138273794545 -33.57786606201657
9.396540204759944 -33.59139118369481
9.129897723934782 -33.61426277452287
19.063769789705642 -34.722146157196306
8.929108056177533 -33.57147939465051
8.993432239652641 -33.50761410579284
9.06088481287648 -33.4564843149372
9.131775945590093 -33.41861957289234
9.2063753496452 -33.394559896921265
9.284944860300584 -33.38484718446867
9.367746583572533 -33.39002306553496
9.455045614658772 -33.410628186536144
9.547111128095132 -33.447201922162634
9.644216877044023 -33.50028224357763
9.74664144751543 -33.570405650960794
9.854668401021847 -33.65810713485263
9.968586363969877 -33.763920152097455
10.088689091386371 -33.88837660713614
10.21527552107134 -34.03200683598621
10.3486498286547 -34.195339589042646
10.48912149328902 -34.37890200937315
10.637005386445566 -34.583219603710205
10.79262190167863 -34.8088161982723
10.956297157334646 -35.05621387040597
11.128363330404966 -35.32593283546626
11.309159237587664 -35.61849124930731
11.499031412076306 -35.93440484257624
11.698336255051203 -36.274186189744995
11.907444767059218 -36.63834310104224
12.126754375065644 -37.02737460336792
12.356724411815776 -37.44175888267202
12.598018031916652 -37.88190505484218
12.852495621530181 -38.347815560874636
18.569117942386164 -28.84224867812145
21.525055128126596 -34.89448230008708
24.332712188701763 -32.99806071274165
27.07083797836323 -30.791599900121895
29.68252000933792 -28.28251932122089
32.11131322622954 -25.491497722710506
34.30518223608833 -22.452335402107934
36.22032365798218 -19.210441102978223
37.82431232408739 -15.82005974925093
39.098113667633456 -12.340599697453627
40.03671301795977 -8.83258195419154
40.64837029562973 -5.353773021836702
40.95274169267233 -1.9559757445419166
40.97826031435919 1.3172224066547074
40.7592123795809 4.4316474878083625
40.33289714030347 7.3627645303703275
39.73715229325519 10.09512857187184
39.00840209249715 12.62130973592059
38.1802737041679 14.94053523588775
-6.140833970395846 40.53693441058428
-3.081182707221032 40.88348329563786
0.15757825209635712 40.9991227022536
3.5422411323003757 40.84611879996211
7.02934421159263 40.39234102172006
10.566463986533492 39.6144258077947
14.094657907013428 38.50056508344056
17.551899387807893 37.05244554871172
20.877128124881793 35.28595208460797
24.01438053040404 33.23044418904041
26.916422714082586 30.92667265544094
29.547400769800234 28.423652140581567
31.884222574461504 25.7749732120555
33.91662970138738 23.035084609329033
35.64613761933241 20.256005679392842
37.08416649175359 17.484778776749778
38.249735904203376 14.761795165855489
39.16706735645016 12.119972275350932
39.863358268920535 9.584652355910634
40.36689307086738 7.174039103959359
8.86733357917349 -33.647621198188375
-11.915916875102326 32.692551783651965
-34.73972257338983 4.326023431764128
-34.77262692695339 5.1062441837760275
-34.76664396248944 5.901546231189428
-34.723378105741865 6.71036208126381
-34.64440456950254 7.531167872965824
-34.531269049756574 8.362486340786745
-34.38548765003909 9.202887555369102
-34.20854685652651 10.050989170039884
-34.001903528872575 10.905456519216983
-33.76698489654427 11.76500266288403
-33.50518855668262 12.628388408254182
-33.21788247455462 13.494422321451651
-32.906404983627304 14.361960733578229
-32.57206478672467 15.229907744114428
-32.21614095693644 16.097215222315356
-31.83988293980604 16.96288280783415
-31.44451055539573 17.825957910187526
-31.031214001392208 18.685535707593516
-30.601153857257575 19.5407591450398
-30.155461089232976 20.39081893100405
-29.69523705806795 21.23495353320942
-29.221553529544426 22.07244917227942
-28.735452689313053 22.902639812126182
-28.237947165512352 23.724907145877097
-27.730020063703954 24.53868057432379
-27.212625021783495 25.343437170835955
-26.686686302030004 26.1387016235345
-26.1530989517299 26.924046133987673
-25.612729101364135 27.699090229320745
-25.066414560149553 28.463500385950397
-24.514966126960815 29.216989203015714
-23.959170866287096 29.95931333510063
-23.39980193635856 30.690267291387613
-22.83765790034541 31.409658631816228
-22.273837905180404 32.11713434275106
-21.706046103440244 32.81451257279818
-34.66629939514017 3.562474350906342
-20.824946150198276 33.49671839536097
-20.511612930700757 33.48632105696623
-20.197149015768744 33.469909238065185
-19.881875750520685 33.44799589329659
-19.566158614545056 33.421064139760375
-19.250365556649147 33.389593545694936
-18.9348565792996 33.354066702794654
-18.619980267146424 33.314971416456984
-18.306072399013406 33.27280158161571
-17.993455317720727 33.22805758070203
-17.682437615746583 33.181246482275725
-17.37331396699887 33.13288214779422
-17.066365031573095 33.08348529163757
-16.761857400496275 33.03358351725902
-16.460043562962277 32.983711338583504
-16.161161887855343 32.934410192774834
-15.865436615539968 32.88622844780144
-15.573077857650645 32.83972140513589
-15.284281605354359 32.79545129850891
-14.999229748647338 32.753987288808446
-14.718090111295616 32.715905451834686
-14.44101651306223 32.681788756577504
-14.168148881272593 32.65222702510988
-13.899613460347325 32.6278168567427
-13.635523232699565 32.609161474829904
-13.375978846441278 32.59687038867014
-13.121070936631973 32.59155854817081
-12.870887089819782 32.593843804899876
-12.625539705141112 32.60433675780709
-12.385361023388569 32.62356966799922
-12.148269927004755 32.65295621869086
-21.13716312346515 33.50037443743906
-11.758460258576292 32.68143918511066
-11.606042134259518 32.68183372032007
-11.458398101713883 32.694453304239886
-11.315503687798753 32.719927728782295
-11.1773665297003 32.75887440833074
-11.043996684808832 32.81190920120699
-10.915399205728889 32.87964911523491
-10.791571662731023 32.962713210780066
-10.672503149222358 33.061722962042325
-10.558173825795933 33.177302422590486
-10.448554687204876 33.31007830926592
-10.34360743031393 33.46068004847922
-10.243284370372706 33.629739805211045
-10.147528379180223 33.81789250220601
-10.056272830976958 34.025775835969824
-9.969441545382573 34.254030292051254
-9.886948717234297 34.50329916208187
-9.808698820757748 34.774228566913536
-9.73458646760129 35.067467488793795
-9.664496184736848 35.38366782206927
-9.598302047836938 35.723484456154864
-9.535867042416847 36.08757541933869
-9.47704187979842 36.47660214546883
-9.421662630934193 36.89123000653143
-9.369545522394333 37.33212948330356
-9.320473928059869 37.799979092096066
-9.274159345529327 38.29547416364761
-9.230085303689478 38.81936195903762
-9.186414717809555 39.372687478483556
16.63801763373116 -29.99773023394431
16.63801763373116 -29.99773023394431
14.573731324527834 -31.053080447023632
12.388087715105511 -31.987852893429675
10.096918347519544 -32.783222688630985
7.719732380608194 -33.42294394485074
5.2791231295644 -33.89422235354786
2.7999373961587857 -34.188416174874746
0.3082696574106265 -34.30149296732091
-2.169633299221843 -34.23419549683844
-4.60846050845986 -33.991904061273345
-6.984824204391895 -33.584217733968245
-9.278069542755635 -33.02430734366183
-11.470855849405616 -32.32811340073842
-13.549488631744232 -31.51347025935226
-15.504010094940888 -30.59923399277858
-17.328078587175774 -29.6044784187377
-19.01868194539656 -28.547805292678675
-20.575735812406975 -27.446794817371284
-22.001616874541234 -26.31760446687251
-34.276790941882616 1.337554744793465
-34.29073122679287 -0.9127989377175538
-34.150754453683746 -3.2269831442146995
-33.845261066478784 -5.584420588632383
-33.3660820770119 -7.961910373707468
-32.70913844658896 -10.334394614621687
-31.874891067709903 -12.675912960827446
-30.868522422726947 -14.96067422967458
-29.699818871599312 -17.164154769840508
-28.382756956933925 -19.264126180350473
-26.934831912613355 -21.241522539783034
-25.37619528021454 -23.081078030916643
-23.728686198560688 -24.77169556689816
-22.014845243410953 -26.30653984995959
-20.25699138074291 -27.682878285491796
-18.47642482942988 -28.901715788016332
-16.69279587186515 -29.967282425156398
-14.923656395467823 -30.886436015812166
-13.184190735431109 -31.66803695559007
-11.487107326506472 -32.32234235382961
15.910687516191743 -37.786279467844935
