71.77582397
7.4912337687
74.1412813635
27.6650116307
76.5113415364
27.8867076131
78.8858549865
28.1540930591
81.2646722112
28.4649393117
83.6476437083
28.817017714
86.0346199752
29.2080996089
88.4254515096
29.6359563396
90.8199888091
30.0983592492
93.2180823713
30.5930796806
95.6195826939
31.1178889769
98.0243402743
31.6705584811
100.43220561
32.2488595364
102.843029199
32.8505634857
105.256661539
33.4734416722
107.672953127
34.1152654388
110.091754461
34.7738061286
112.512916039
35.4468350846
114.936288357
36.13212365
117.361721915
36.8274431678
119.789067209
37.5305649809
122.218174736
38.2392604325
124.648894995
38.9513008657
127.081078484
39.6644576234
129.514575699
40.3765020487
131.949237138
41.0852054846
134.3849133
41.7883392743
136.821454681
42.4836747608
139.258711779
43.1689832871
141.696535092
43.8420361962
144.134775117
44.5006048312
146.573282352
45.1424605352
149.011907295
45.7653746513
151.450500443
46.3671185224
153.888912294
46.9454634916
156.326993345
47.4981809019
158.764594094
48.0230420965
161.201565039
48.5178184184
163.637756677
48.9802812106
166.073019505
49.4082018161
168.507204023
49.7993515781
170.940160726
50.1515018395
173.371740112
50.4624239435
175.80179268
50.729889233
178.230168927
50.9516690511
180.65671935
51.125534741
183.081294447
51.2492576455
185.503744716
51.3206091078
187.923920654
51.3373604709
190.341672759
51.2972830779
192.756853581
51.1981989016
195.169390525
51.0397763033
197.579305472
50.8240139687
199.986626344
50.5530596474
202.391381065
50.2290610887
204.793597559
49.8541660423
207.193303748
49.4305222576
209.590527556
48.9602774841
211.985296906
48.4455794713
214.377639722
47.8885759688
216.767583926
47.291414726
219.155157442
46.6562434924
221.540388193
45.9852100176
223.923304103
45.280462051
226.303933094
44.5441473422
228.68230309
43.7784136407
231.058442015
42.9854086959
233.432377791
42.1672802573
235.804138342
41.3261760745
238.173751591
40.464243897
240.541245462
39.5836314743
242.906647877
38.6864865559
245.26998676
37.7749568912
247.631290034
36.8511902298
249.990585623
35.9173343212
252.347901449
34.9755369149
254.703265437
34.0279457604
257.056705508
33.0767086073
259.408249588
32.1239732049
261.757925598
31.1718873028
264.105761462
30.2225986505
266.451785103
29.2782549976
268.796024446
28.3410040934
271.138507412
27.4129936876
273.479261925
26.4963715297
275.818315909
25.593285369
278.155697287
24.7058829552
280.491433981
23.8363120378
282.825553916
22.9867203661
285.158085015
22.1592556899
287.4890552
21.3560657585
289.818492396
20.5792983214
292.146424525
19.8311011282
294.47287951
19.1136219284
296.797885276
18.4290084714
299.121469744
17.7794085068
301.44366084
17.1669697841
303.764486485
16.5938400527
306.083974603
16.0621670623
308.402153117
15.5740985622
310.71904995
15.131782302
199.589959435
89.06061099
201.5274517
189.45174688
203.478818942
189.857238948
205.443546564
190.275759889
207.421119973
190.705982394
209.411024573
191.146579159
211.412745769
191.596222875
213.425768965
192.053586237
215.449579568
192.517341937
217.483662981
192.98616267
219.527504609
193.458721128
221.580589858
193.933690005
223.642404133
194.409741994
225.712432838
194.885549789
227.790161378
195.359786083
229.875075159
195.831123569
231.966659584
196.298234941
234.06440006
196.759792892
236.16778199
197.214470115
238.276290781
197.660939304
240.389411836
198.097873152
242.506630561
198.523944353
244.62743236
198.9378256
246.751302639
199.338189586
248.877726803
199.723709004
251.006190256
200.093056549
253.136178403
200.444904913
255.267176649
200.777926789
257.398670399
201.090794872
259.530145059
201.382181854
261.661086032
201.650760429
263.790978725
201.89520329
265.919308541
202.114183131
268.045560885
202.306372645
270.169221164
202.470444525
272.28977478
202.605071465
274.406707141
202.708926157
276.519503649
202.780681297
278.627649711
202.819009575
280.730630732
202.822583687
282.827932115
202.790076326
284.919039266
202.720160184
287.00343759
202.611507956
289.080612492
202.462792334
291.150049377
202.272686012
293.21123365
202.039861684
295.263650715
201.762992042
297.306785978
201.44074978
299.340124843
201.071807592
301.363241891
200.655148436
303.376301133
200.191806069
305.379705783
199.683646499
307.373859742
199.13253812
309.359166909
198.540349327
311.336031183
197.908948513
313.304856466
197.240204073
315.266046656
196.535984401
317.220005654
195.798157892
319.167137358
195.028592939
321.10784567
194.229157937
323.042534489
193.401721281
324.971607715
192.548151363
326.895469247
191.670316579
328.814522986
190.770085322
330.729172831
189.849325987
332.639822683
188.909906969
334.54687644
187.953696661
336.450738003
186.982563457
338.351811272
185.998375752
340.250500146
185.00300194
342.147208526
183.998310415
344.042340311
182.986169572
345.9362994
181.968447804
347.829489695
180.947013506
349.722315094
179.923735072
351.615179498
178.900480897
353.508486807
177.879119373
355.402640919
176.861518897
357.298045736
175.849547862
359.195105156
174.845074661
361.09422308
173.84996769
362.995803408
172.866095343
364.900250039
171.895326013
366.807966873
170.939528096
368.719357811
170.000569985
370.634826751
169.080320074
372.554777594
168.180646758
374.47961424
167.30341843
376.409740588
166.450503486
378.345560538
165.623770319
380.287477991
164.825087324
382.235896845
164.056322894
384.191221001
163.319345425
386.153854359
162.616023309
388.124200818
161.948224942
390.102664279
161.317818718
392.089648641
160.726673031
394.085557803
160.176656274
396.090795667
159.669636843
398.105766131
159.207483131
400.13087309
158.792063533
-19.8022984323
40.058731419
-19.15745039
141.117660207
-18.5003099904
142.161152761
-17.8310339104
143.189364346
-17.1497788268
144.202450225
-16.4567014166
145.200565663
-15.7519583565
146.183865925
-15.0357063234
147.152506274
-14.3081019942
148.106641974
-13.5693020457
149.046428291
-12.8194631548
149.972020488
-12.0587419983
150.88357383
-11.2872952531
151.781243581
-10.5052795961
152.665185006
-9.71285170399
153.535553367
-8.91016825374
154.392503931
-8.09738592219
155.23619196
-7.27466138618
156.066772721
-6.44215132257
156.884401475
-5.60001240822
157.689233489
-4.74840131997
158.481424026
-3.88747473468
159.261128351
-3.01738932921
160.028501727
-2.1383017804
160.783699419
-1.25036876511
161.526876692
-0.353746960191
162.25818881
0.5514069575
162.977791036
1.46493631111
163.685838636
2.38668442379
164.382486874
3.31649461869
165.067891013
4.25421021894
165.742206318
5.1996745477
166.405588054
6.15273092812
167.058191484
7.11322268333
167.700171874
8.0809931365
168.331684486
9.05588561075
168.952884587
10.0377434293
169.563927439
11.0264099151
170.164968307
12.0217283916
170.756162455
13.0235421817
171.337665149
14.0316946086
171.909631651
15.0460289955
172.472217227
16.0663886655
173.02557714
17.0926169418
173.569866655
18.1245571475
174.105241036
19.1620526058
174.631855547
20.2049466397
175.149865453
21.2530825726
175.659426018
22.3063037274
176.160692507
23.3644534274
176.653820183
24.4273749956
177.138964311
25.4949117553
177.616280155
26.5669070296
178.085922979
27.6432041417
178.548048048
28.7236464146
179.002810626
29.8080771715
179.450365977
30.8963397356
179.890869366
31.9882774301
180.324476057
33.083733578
180.751341314
34.1825515025
181.171620401
35.2845745268
181.585468583
36.389645974
181.993041124
37.4976091672
182.394493288
38.6083074296
182.78998034
39.7215840844
183.179657544
40.8372824547
183.563680163
41.9552458636
183.942203464
43.0753176343
184.315382709
44.19734109
184.683373162
45.3211595537
185.04633009
46.4466163487
185.404408754
47.573554798
185.757764421
48.7018182248
186.106552354
49.8312499524
186.450927817
50.9616933037
186.791046075
52.092991602
187.127062392
53.2249881704
187.459132032
54.357526332
187.787410259
55.4904494101
188.112052339
56.6236007277
188.433213535
57.756823608
188.751049111
58.8899613741
189.065714332
60.0228573492
189.377364461
61.1553548565
189.686154764
62.287297219
189.992240505
63.41852776
190.295776948
64.5488898026
190.596919356
65.6782266698
190.895822995
66.8063816849
191.192643129
67.9331981711
191.487535022
69.0585194514
191.780653938
70.182188849
192.072155142
71.3040496871
192.362193897
72.4239452888
192.650925469
73.5417189772
192.938505121
74.6572140755
193.225088118
75.7702739068
193.510829724
76.8807417944
193.795885203
77.9884610613
194.080409819
79.0932750306
194.364558838
80.195027025
194.648487523
2.3432505635047676
-35.43259652543512
2.4330460932169444
-36.202004816992066
2.5201731087254586
-36.90396921064532
2.6043713092444847
-37.54069255333567
2.685544085802647
-38.11436670326458
2.76362993442352
-38.627181034078205
2.838584086773764
-39.081323649580014
2.9103739179180934
-39.478981687427776
2.9789774155903928
-39.82234142046507
3.044382567838923
-40.11358829701793
3.106587084593585
-40.35490695920926
3.1655982583856286
-40.54848125287315
3.2214328890956665
-40.69649423153224
3.2741172408721724
-40.80112815995246
3.3236870160354073
-40.86456451577494
3.370187338508245
-40.88898399042008
3.413672742809524
-40.876566489928706
3.4542071663151717
-40.8294911353924
3.4918639434752095
-40.74993626366446
3.526725800998932
-40.6400794275201
3.558884853309081
-40.50209739572233
3.5884425975845886
-40.33816615405618
3.615509907148592
-40.150460905541316
3.6402070214381297
-39.94115607160408
3.6626635285655595
-39.712425293402966
3.6830183317046874
-39.46644143589898
3.701419575997022
-39.20537659450991
3.7180244670671527
-38.93140211381731
3.7329987275948042
-38.64668864241756
3.746514424958832
-38.35340635193554
3.758734767249763
-38.05372647235805
3.7700197156949287
-37.74980053274491
2.3432505635047676
-35.43259652543512
3.6833219404414876
-37.14650642053459
3.587467004989179
-36.85133564607458
3.493100075484392
-36.56046214616557
3.400405650407066
-36.27605468930288
3.3095494217978683
-36.00028359235597
3.220680607805207
-35.735320484805186
3.13393253679169
-35.48333824992219
3.0494228432442867
-35.246511005062764
2.967253547734231
-35.027014093695094
2.887511095441454
-34.827024081654635
2.8102663784990796
-34.64871875509968
2.7355747525472793
-34.49427711915781
2.663476053093717
-34.365879396767
2.59399461633285
-34.26570702746548
2.5271393105250866
-34.195942665245745
2.4629035889201987
-34.15877017593743
2.4012623515692155
-34.1563286167875
2.3420542380013956
-34.188985246857655
2.2849631321598736
-34.25481327754146
2.229678730276788
-34.3517323118498
2.1759105426289693
-34.47766050796119
2.123399964920054
-34.63051390446687
2.072004777577888
-34.808201696319706
2.020562896065968
-35.00868975698784
3.7804452543177263
-37.44380889707459
2.096800778455844
-35.45337685143818
2.2267914392587898
-35.69315800989987
2.3593881706894138
-35.94709497106004
2.494558168008382
-36.213082664178486
2.6322598773897994
-36.489017651325206
2.772429941059073
-36.77279885715817
2.9149799367676223
-37.062327750466686
3.059795294959116
-37.355508404459044
3.206734870754218
-37.65024752027922
3.355630756118387
-37.944454436156235
3.5062881952862597
-38.23604113142004
3.658485552345695
-38.5229222263437
3.8119743120658143
-38.803014979342336
3.96647910999215
-39.07423928138563
4.121697798405421
-39.334517645637234
4.277301567980743
-39.58177518958901
4.432935168877577
-39.8139396036991
4.588217327279182
-40.028941092224464
4.742741583250336
-40.2247122551893
4.896078137953282
-40.39918782781451
5.047778475489736
-40.550304029618594
5.197389232160788
-40.67599661002191
5.3445076786567824
-40.77419303282063
5.489170103471338
-40.84275776302005
5.626633830957189
-40.88022734186233
1.969531646995705
-35.229853089420125
5.87149801869748
-40.84600603124375
5.978732347362495
-40.77009317895894
6.0799156542368
-40.65443414121062
6.174265101165133
-40.497028513064095
6.2610600070343025
-40.295867705933254
6.33958086535273
-40.04894353243302
6.409094263315069
-39.754250321537285
6.4688481308588734
-39.40978557040122
6.518070339199653
-39.01355011073323
6.555969047981932
-38.56354799648871
6.5817350459115005
-38.05778603492086
6.594548513769894
-37.49427248619775
6.593599922329531
-36.87101307572903
6.578174112204863
-36.18599497501726
6.548239401372143
-35.437074591476346
8.812983014265399
-34.10986833271013
11.077977044096428
-33.44293964194871
13.363985447341122
-32.59686611083657
15.645515041507906
-31.565323479579632
17.895187796938785
-30.346565555213086
20.084814506459225
-28.943946060025684
22.186625859698836
-27.366136377762487
24.17455650387825
-25.626989778851318
26.02546208772452
-23.74504391246657
27.72015214432605
-21.742698829261467
29.244143377386138
-19.64514864813787
30.588074367159777
-17.479173143877677
31.74776642030963
-15.271906056743912
32.72395757950699
-13.049689177109945
33.52177022670401
-10.837098696266086
34.14999275585461
-8.656199053835886
34.62026149864403
-6.526046356719899
34.9462225266538
-4.462434134208058
35.142738011607946
-2.477852362840748
35.225182869466266
-0.58161765551964
20.75895377765255
28.464321972283763
22.618961834607944
27.009893609733084
24.43251092976965
25.381178005585944
26.173570992976465
23.58168714829732
27.816046186946664
21.61988348280815
29.334965311055782
19.509269527168506
30.707706511011565
17.26813678768292
31.915141014426922
14.918966496168462
32.942581303391364
12.487518742888838
33.780438546184314
10.001687803166838
34.42452934078176
7.490231435022945
34.87601608618371
4.981494679391634
35.14100980864839
2.502242376955028
35.22990073286269
0.07669183264194857
35.156504644297684
-2.274196227247712
34.9371202051438
-4.533146705753538
34.589585478374886
-6.686730420672674
34.132405018071836
-8.72529168376941
33.58399695082659
-10.64269402413789
32.962087046833176
-12.43594004494802
-2.8600576531388953
35.39462939427907
-3.255455901473198
36.08785124247585
-3.658124531249811
36.7108052989448
-4.066636235695398
37.266070129378896
-4.479489711287371
37.75621787266668
-4.895237849955876
38.18380388275226
-5.31250605203995
38.55136524876812
-5.729996804438969
38.861420425104996
-6.146491206666937
39.11646910820188
-6.560849581283904
39.31899218702145
-6.9720117514402915
39.47145172052022
-7.378997179893062
39.57629092709761
-7.780905043769778
39.635934177546325
-8.176914277667322
39.65278699223365
-8.566283599617663
39.62923603886005
-8.948351527504599
39.56764913087113
-9.3225363899937
39.47037522657937
-9.688336334113089
39.33974442831534
-10.045329330959618
39.17806798205477
-10.393173180207327
38.987638276545105
-10.731605514168805
38.77072884219863
-11.06044380235032
38.5295943505291
-11.379585356925261
38.26647061201348
-11.68900734107659
37.98357457332579
-11.98876678301582
37.6831043115671
-12.279000603325514
37.36723902423577
-12.559925673398965
37.0381390051257
-12.831838961110407
36.69794558619247
-13.095117966337654
36.34878096210865
-13.350222461539317
35.99274748832617
-13.597706674292198
35.63192276996227
-13.83805476113369
35.26842599254157
-2.8600576531388953
35.39462939427907
-12.71143434425619
34.562349659652035
-11.371825459485791
34.223457597197296
-10.053591669700126
33.889592885099184
-8.756811215979354
33.5627412109244
-7.48127406143314
33.244873227153505
-6.226480022269243
32.937945303839136
-4.991638299991536
32.64389971660107
-3.7756673246395565
32.36466470882708
-2.577194690978189
32.10215451596888
-1.3945571279475075
31.8582693757729
-0.22580048116202533
31.63489553222911
0.9313202998253303
31.433905235966385
2.07934117391099
31.257156741813255
3.2210890240953347
31.106494303148388
4.359681681076921
30.98374816084189
5.49852796322233
30.890734523816313
6.641318802421807
30.829213999036334
7.7916260836638
30.79933617259465
8.952469888899543
30.79918531555805
10.12656661246848
30.826720762139864
11.316355588388376
30.879913573481026
12.524007508877048
30.956742162912796
13.751483352936248
31.055161672565518
14.999737795890269
31.173517935676692
-14.072064883382069
34.9042630771575
16.8073983600967
31.169697185685123
17.358000102616103
31.039409668532116
17.921842153739675
30.916482127306942
18.49835589457757
30.798721784370727
19.086884155325066
30.684011631146618
19.686672110053365
30.57031515936304
20.296865001123535
30.455677542393268
20.91650738185851
30.338226028114214
21.544542814887052
30.216170094720077
22.1798137361842
30.087801519289485
22.82106138946031
29.951494410320336
23.466925793266796
29.805705221594557
24.115945726101017
29.64897275535926
24.766558723544563
29.479918157200636
25.417101085750147
29.29724490114465
26.06580789800026
29.099738760709187
26.710813072480846
28.88626775561538
27.350149429554023
28.655782050233746
27.981748863857888
28.407313749165404
28.60344271196317
28.139976445497396
29.21296267453232
27.852964090437073
29.807943584429438
27.545547599414608
30.385934484234326
27.21706127564935
30.94447617224688
26.86680776745015
31.480064862607435
26.49532822886841
16.270580737857017
31.309580100402478
31.395386291491832
26.604467662608357
30.772483135377115
27.081720119827676
30.121774593736347
27.530554872918344
29.443423092142496
27.948065950362935
28.737726252130585
28.33122162692937
28.0051047619001
28.67687933112311
27.24609944595238
28.981789308216523
26.461370460093576
29.24259573202251
25.65169728287981
29.45583695196114
24.817979331266827
29.617945212175872
23.961237636044586
29.72524564364768
23.08261922054413
29.773953515947316
22.183410368972034
29.7601658344916
21.265089814788325
29.67982759670199
20.32970120530905
29.528495422582054
20.32970120530905
29.528495422582054
-0.18137499865655116
-34.665561640931195
-2.802897413978073
-34.552537198562604
-5.55277418680528
-34.21842719357053
-8.397590754900854
-33.633532824913615
-11.295203934136275
-32.774264734050256
-14.196235611976647
-31.625953823095735
-17.046627728842736
-30.18520405505962
-19.79106498962547
-28.461338818610734
-22.376860092404854
-26.476597084524983
-24.75775497972532
-24.2649465100425
-26.89707535879502
-21.869645582739548
-28.769797779902348
-19.33992751989686
-30.36331208987295
-16.727323148200153
-31.676916183730917
-14.082153310492826
-32.72029108274144
-11.450616238089925
-33.51132487116308
-8.872720335427246
-34.07367425723633
-6.381127124817997
-34.434394226775126
-4.000819291891773
-34.62186591131791
-1.7494175002154648
-34.66414532403893
0.3620631509107959
-5.245483156329584
34.26687857433181
-7.8223428645711905
33.77195601205874
-10.493869253813287
33.0395636904486
-13.222666298883325
32.0452048943319
-15.963595904299169
30.77170236720063
-18.665666336565337
29.211760662160525
-21.274903614997875
27.369920294803347
-23.73794884929689
25.263488381446887
-26.005930422106715
22.922164898889502
-28.03805097529225
20.38631301334919
-29.804351792122844
17.704086393336464
-31.28727306525893
14.92784662673289
-32.48187078677797
12.110414153215313
-33.394804321549096
9.301672166701184
-34.042402203206514
6.545908111672372
-34.448207328918855
3.880086673665815
-34.64039560690897
1.3330615020245418
-34.64938254645406
-1.0744067762361738
-34.505819672445675
-3.329034320039149
0.23393977326975346
-34.459559148842345
0.24330003353290408
-34.193167048792134
0.2530120943212353
-33.993670168168364
0.2631035798044934
-33.85838077274752
0.2736102176399413
-33.78461109010814
0.2845675361892859
-33.76967336358996
0.29600879179602657
-33.810879865366616
0.3079642814190322
-33.90554290145275
0.32046107211030517
-34.0509748127032
0.33352288389389173
-34.24448797580081
0.3471700392568664
-34.48339480348335
0.361419447564316
-34.76500774469639
0.37628461365059707
-35.08663928391121
0.39177567062750995
-35.44560194085139
0.4078994463631602
-35.839208269362274
0.424659587544312
-36.26477085535936
0.4420567954137766
-36.71960231385529
0.4600893011042615
-37.20101528149101
0.4787539143855497
-37.70632240158412
0.498048648017118
-38.23283628523484
0.5179805931505257
-38.777869396627636
0.5385974234690707
-39.33873359201942
0.5602079281587464
-39.91273689392469
0.5804380040178785
-40.4972265530954
0.22496993097041695
-34.79553378887209
0.7537371595683737
-41.67906503935177
0.9111429880949231
-42.27080711451654
1.0728273227331897
-42.86203454788341
1.2386388658999863
-43.4500636264153
1.408436963070244
-44.0322119733203
1.5820573629355863
-44.6057990482978
1.7593036628421714
-45.168146272423996
1.9399444646346637
-45.71657706846537
2.123712247470735
-46.24841687679617
2.310302870711155
-46.76099316049746
2.499375348516139
-47.25163540579521
2.690551765082148
-47.717675119263674
2.883417286846452
-48.15644582013172
3.0775202761958553
-48.56528302522253
3.2723725623548034
-48.94152422133027
3.4674500242824706
-49.28250880825638
3.662193903456341
-49.58557797285252
3.856014110141075
-49.84807437526763
4.048299163162312
-50.06734120570488
4.238455970038672
-50.24071841200515
4.426188315818422
-50.36551629243661
4.607756089673217
-50.43937020248521
0.601011484994757
-41.089489865665456
4.811017512348542
-50.434167131173155
4.833112445028405
-50.35834467462797
4.850667207799461
-50.23480737234539
4.863743688500449
-50.066001985649564
4.872469927496411
-49.85436895963247
4.8769969264797055
-49.602346519008165
4.87748785213347
-49.31237169151481
4.874114439341781
-48.98688064923212
4.867055555052559
-48.628308844098655
4.856496549308986
-48.23909107016661
4.842628936000779
-47.82166149324448
4.825650228774975
-47.378453666064615
4.805763859108083
-46.91190053656368
4.783179145220572
-46.42443444936919
4.758111302141629
-45.91848714511406
4.73078149742804
-45.396489752916324
4.701416976205678
-44.86087277726472
4.6702513131335195
-44.31406606940308
4.6375249320054195
-43.75849877061634
4.603486261366697
-43.196599184340954
4.568394634916785
-42.6307944574672
4.532529003143736
-42.0635096208421
4.49622279190578
-41.497163753045015
4.460107929531489
-40.934143121383215
4.421810370262108
-40.377164886834834
4.784689021933048
-50.45979299549771
4.458696364881007
-39.271624569139675
4.532078913937369
-38.7283408512273
4.603865717909969
-38.20101954661712
4.6744369907657415
-37.69206586047159
4.744258954531006
-37.203874011745626
4.813846194447422
-36.73883137573799
4.883752253603973
-36.29931951883202
4.954566504986417
-35.887714541798516
5.026912909459043
-35.50638721511251
5.101449463406425
-35.157703038610435
5.178867938944904
-34.84402226705481
5.259893767548931
-34.56769992046455
5.345286007538846
-34.331085781730735
5.4358373768558295
-34.1365243857027
5.5323743565662085
-33.9863549954043
5.635757396726035
-33.88291155804319
5.746881299990605
-33.828522626809075
5.866675950787226
-33.82551121250853
5.996107787086316
-33.87619448606338
6.136183049555768
-33.98288312196706
6.287955915401483
-34.14787965616378
6.452552911679675
-34.37347355705273
6.631270584913068
-34.66192150861562
6.826259218589769
-35.0153093829864
-2.2018093392423452
-35.13547251237824
13.98614435368637
-33.31704943853981
16.28187587851869
-32.257379544048035
18.54317018113852
-31.012720886848882
20.742654689674907
-29.586826352232606
22.8534637595518
-27.988519277788015
24.85043943501927
-26.23153973861804
26.711263001139628
-24.334059383017234
28.417412278709264
-22.31790080975631
29.954859620139246
-20.207533305923533
31.314458203899164
-18.0289413047054
32.492003026233874
-15.808471036614094
33.48799052503858
-13.571754041655169
34.307130645669304
-11.342786431615252
34.957683449108856
-9.14321524651794
35.45069813089964
-6.991853774506808
35.799227210578806
-4.904421300990606
36.017575919668275
-2.8934826841004053
36.12063020874115
-0.9685507191851173
22.37412040378524
28.373169603151126
24.200987011830705
26.831888581042108
25.973591964511797
25.119923121564398
27.66672132102525
23.24199966691728
29.255364187768464
21.20758551587832
30.715836174767674
19.03090710547164
32.02691512719082
16.730652246938064
33.17088439316876
14.329356082786546
34.1343819791536
11.852509610774007
34.90897319893281
9.32746521668389
35.49139691775696
6.782238715828896
35.883475158210615
4.244317111425744
36.09171509015391
1.7395743799602883
36.12666425220385
-0.7086234407612153
36.002099527592975
-3.0800725279685537
35.73413636612037
-5.358126103384848
35.34033844177452
-7.5298403696952505
34.838892844435804
-9.585904367673322
34.24789629948975
-11.520400003109899
33.58477774749093
-13.330443384370113
4.383687412294023
-39.8284255018045
35.72417966150675
18.146712671828
-13.060806282792328
31.884927885327215
-12.85830515407585
31.67589652729663
-12.682320825321852
31.528334718161574
-12.531275951057893
31.439960914325127
-12.403616000399296
31.40848559923782
-12.297815774385782
31.431608589761424
-12.212381032465288
31.507018363309072
-12.145849031752903
31.63239183524803
-12.096788738493046
31.805394270260734
-12.063800919318936
32.02367924428589
-12.045518179858817
32.28488862761267
-12.040604975585296
32.58665257921001
-12.04775760278352
32.926589547879274
-12.065704169572882
33.30230628113728
-12.093204538228406
33.71139784326783
-12.129050218263586
34.15144764937173
-12.172064164066029
34.62002753112941
-12.22110036669639
35.11469786815218
-12.275042954066578
35.633007879317375
-12.33280393897681
36.172496350483726
-12.393316462094617
36.73069382025838
-12.45550776112836
37.305131321796836
-12.518109952205634
37.89340157790423
-12.582182868122914
38.49234308971526
-13.291378733692397
32.157721226478884
-11.401682927463298
39.53363543473429
-10.117280294038096
39.96589824721514
-8.79161466172485
40.39405126815018
-7.424318226535263
40.81555519315947
-6.015350245727291
41.22791872450048
-4.565026416308342
41.62868906649882
-3.074026215840604
42.01544954743679
-1.543395344086548
42.3858188232376
0.02545330756987596
42.737450555482326
1.6307392261351765
43.06803325842034
3.270314077936405
43.37529021361942
4.9416616265738185
43.656979410458234
6.641897727583853
43.910893488870556
8.367770397891604
44.13485966466746
10.115659995664487
44.3267396087013
11.881579614711995
44.484429215902594
13.66117597747973
44.60585810591718
15.449731687772953
44.688988383524844
17.24217200550663
44.731810925468324
19.033091962113815
44.732330536618804
20.81694618893175
44.68846205627912
22.5854792864626
44.59943668057511
-12.645311756684777
39.099916659782906
25.12421501448472
43.616292106077395
25.888421179008446
42.72771902620195
26.6251264458553
41.80177934088027
27.333319568436764
40.84283574816254
28.01218507410681
39.85506901319789
28.661073820880347
38.84249408340145
29.27949563536987
37.80896411802229
29.86711685805659
36.75817183259653
30.423759360120414
35.69365003701196
30.949400096406634
34.6187718816347
31.44417088065643
33.53675098037067
31.908358263820787
32.45064147766385
32.342403464477854
31.36333808809067
32.74690232543662
30.277576119867234
33.122605286955604
29.19593149163842
33.470417367332686
28.120820743689052
33.791398149679424
27.05450104878591
34.08676176959898
25.999070223030145
34.357876902832345
24.956466742761933
34.606266745587504
23.928469775620755
34.83360897484721
22.91669925508444
35.04173563501001
21.92261609861663
35.232632695081804
20.94752307752003
35.40843695832257
19.992570897740023
35.57147800152899
19.058675635257657
24.33392106935537
44.462841155007936
34.751374268824236
18.465410363720878
33.803337468558766
18.775069941568233
32.88167051383101
19.0774506664323
31.987849093355294
19.374458720145526
31.123226670982376
19.6681406362907
30.28903496635502
19.96068235881569
29.486384079726918
20.25440900366192
28.71626253864264
20.551784775499527
27.979537322861574
20.855412929790447
27.276953884240925
21.168035750155695
26.609136166608437
21.492534528992934
25.976586632128885
21.831929547502256
25.379686296352986
22.189380048728395
24.818694781664135
22.568184200016873
24.29375040031647
22.97177903489444
23.80487029048504
23.403740357836938
23.35195065339127
23.867782580534765
22.934767190709238
24.36775841911333
22.552975977638198
24.907658291407103
22.206115380654296
25.491608993123464
21.893610849417087
26.123870391826614
21.614789288445422
26.80882551206892
21.36893654055814
27.55094088245309
21.1556997617443
28.354488971339265
-4.739104174527881
-34.88395454442394
-4.739104174527881
-34.88395454442394
-7.359470918337223
-34.42655342663002
-10.032138302320789
-33.744712091193946
-12.721206292321796
-32.82560438899267
-15.387076343182343
-31.663658579569443
-17.988400389339517
-30.261639817882838
-20.4843756200614
-28.631097577471536
-22.83713351982277
-26.792064601897522
-25.013937140211567
-24.772007221458807
-26.98892284432077
-22.60414645010428
-28.744197929475376
-20.325365394639448
-30.270213967977753
-17.973968381170238
-31.565449381385065
-15.587552674672168
-32.63552733914091
-13.20120253350612
-33.49195001714847
-10.846136504916842
-34.150643939515106
-8.54885439991358
-34.63049077957129
-6.330758359034888
-34.95197666408606
-4.208173036799451
-35.136044340106
-2.1926653106590095
-15.659976771544763
31.529581674185607
-17.90098284290349
30.313432769855297
-20.13868366617791
28.875297630121167
-22.337518783206377
27.210010063290383
-24.459423917880287
25.319675642470003
-26.465740246700193
23.214521020875196
-28.319430694493263
20.91313554143079
-29.987368564579782
18.44199337399607
-31.442422686146983
15.834249229443486
-32.66507538333025
13.127918465461875
-33.64437649016776
10.363653970598847
-34.37814320189173
7.582391642792317
-34.87243484251124
4.82314017930949
-35.14043464467758
2.1211426207606507
-35.20093612572418
-0.4934459515981473
-35.07665170152325
-2.9963141431579743
-34.79254102672559
-5.369216138141553
-34.374309853929134
-7.5997509893767585
-33.84717295103337
-9.680820019879349
-33.234920192415984
-11.609886857252434
9.396562845178494
-34.89043742730763
20.939406849236548
-28.971920382236846
21.09794344184958
-29.40572751197334
21.238868915606403
-29.820219397296512
21.362721168354042
-30.21569145977638
21.47003177980893
-30.592443142045596
21.561326011689513
-30.950777907473636
21.637122807206712
-31.291003240299418
21.69793479058786
-31.613430646222824
21.74426826608408
-31.918375652493793
21.77662321720628
-32.20615780855846
21.795493305879617
-32.47710068686541
21.80136587081439
-32.73153188285528
21.794721926660767
-32.96978301656253
21.776036161810456
-33.192189732805645
21.74577693668817
-33.39909170292488
21.70440628083366
-33.59083262582382
21.65237988966447
-33.76776023009616
21.59014711994202
-33.93022627641322
21.518150983745304
-34.078586560848635
21.43682814011517
-34.21320091937403
21.346608883442723
-34.33443323449251
21.247917126434956
-34.44265144452231
21.14117037474786
-34.53822755747731
21.02677968818328
-34.621537672815265
20.905149618264893
-34.69296201530648
20.776678105178256
-34.752884992686774
20.64175629656854
-34.80169529471124
20.500768212314
-34.83978607877464
20.354090073589383
-34.86755533982375
20.202088827310536
-34.88540672438714
20.045118457571906
-34.89375156547024
19.88350892031099
-34.89301498693149
19.717521882816122
-34.88366032108928
19.547040901100427
-34.866360031062214
19.37573516333985
-34.83969866873741
20.76271491669783
-28.518506611137667
18.84698550753917
-34.80532571055883
18.49059462648347
-34.79864621120808
18.13311629872195
-34.78561125198246
17.775035167217204
-34.76658927915935
17.41675429064962
-34.741991194531465
17.058642047255123
-34.71224447940952
16.7010438602712
-34.67778672582105
16.344286105783098
-34.63906348023943
15.98867767555691
-34.59652738186645
15.634510686287499
-34.550637770174035
15.282060833906023
-34.501860489881636
14.931587583052846
-34.45066778540718
14.583334274424391
-34.39753824138825
14.237528187584996
-34.34295674712274
13.8943805783146
-34.2874144748923
13.554086700107437
-34.23140886640388
13.216825815203354
-34.1754436253172
12.882761196632448
-34.1200287122748
12.552040122736706
-34.065680344410424
12.224793861799412
-34.012920996818934
11.901137643785027
-33.96227940851847
11.581170611194182
-33.9142905935079
11.264975734298808
-33.86949586096014
10.952619660395655
-33.82844285166726
10.644152432201935
-33.791685607716516
10.3396069223584
-33.75978471087694
10.038997588609412
-33.73330759019356
9.74231735967642
-33.712829289615286
9.449528292006178
-33.69893477336413
9.160524194781566
-33.692228147067254
8.874869002685983
-33.69339720762753
8.595331958523502
-33.70234122427024
19.201394383630724
-34.805504891792
8.370207566682154
-33.62875896122918
8.422581429277457
-33.54805617021137
8.477365506532031
-33.47850144787145
8.534843430141919
-33.42057766276952
8.595247346205895
-33.37478024440654
8.658797703938951
-33.34160736546926
8.725713205269898
-33.32155748744168
8.796214123879295
-33.31512854126902
8.870523635952559
-33.32281759872063
8.948868428887245
-33.3451207218084
9.031479010379726
-33.38253288579858
9.118589881168283
-33.43554793651313
9.210439641472831
-33.50465856230423
9.307271065927942
-33.59035627499438
9.409331164960676
-33.69313139241024
9.516871245542987
-33.81347302112076
9.630146981908538
-33.95186903501195
9.749418509529406
-34.108806046753614
9.874950561418245
-34.284769365019855
10.007012680106484
-34.480242928620385
10.1458795657731
-34.6957091967966
10.291831682046208
-34.9316489595015
10.445156377668084
-35.18854098474216
10.606150127356429
-35.46686131439131
10.77512345923843
-35.767081714946215
10.95241327172711
-36.0896658063954
11.13841978156239
-36.43505744781692
11.333754313550457
-36.8036342804817
11.540273825671505
-37.1953825327131
18.622948205115375
-29.36312565426087
19.912886437810243
-34.0073122641177
22.653489867768812
-32.246546024733135
25.3341866562252
-30.186078251105727
27.900060463495876
-27.831761709378213
30.296343126649347
-25.20222067331892
32.47221347486931
-22.328808426713067
34.384512269281515
-19.254237188680463
36.00083452636582
-16.02997963565653
37.30154994917572
-12.712777238018674
38.280499362099164
-9.360753297820708
38.94436270527828
-6.029672229405804
39.31092086276004
-2.769807689381082
39.40658250458314
0.3762831697248714
39.26359462972843
3.3749771060997773
38.91731266273847
6.201863334917334
38.40380593144367
8.841268217532388
37.75795534636548
11.285262149201799
37.01209234053782
13.532381693177228
-5.066803674073043
39.08129775535528
-2.118966100426235
39.351369942856905
0.9964302122266275
39.39577973015
4.246686645283077
39.17889720565282
7.589348211330957
38.67068822042742
10.973509858283194
37.8497346768045
14.34222359571983
36.70587086618045
17.635844694640724
35.24198228847024
20.795946096365896
33.474601710421894
23.76928145956903
31.433128902642267
26.511241512663076
29.157750379128828
28.988342371796506
26.69637316659032
31.179480198904145
24.101044546668135
33.075923204316965
21.424370186693068
34.680222265291576
18.71637030367566
36.00435729598982
16.022065703804884
37.06748198836763
13.379914527244864
37.893597811004156
10.821071049216812
38.509408643083844
8.369335677000606
38.94251162732154
6.041615832727473
8.319630292878479
-33.720208228243564
-12.69454930464613
32.328271050555685
-34.909079568075185
6.105737588871165
-34.91449684880813
6.866792517147275
-34.88446294609885
7.63954028380914
-34.820416594760545
8.422641499411839
-34.723770566264896
9.214797494838564
-34.59591166789075
10.014750329230651
-34.438200742878784
10.8212827916565
-34.25197267121468
11.63321840147347
-34.0385363699029
12.44942140804065
-33.79917479389463
13.268796790385522
-33.535144937200606
14.090290256797346
-33.24767783319349
14.912888243918587
-32.93797855664549
15.735617916328323
-32.60722622437483
16.55754716528145
-32.256573997570555
17.377784607824367
-31.887149083553354
18.195479585148348
-31.50005273881056
19.00982216085538
-31.096360272569182
19.820043118481067
-30.677121051698045
20.625413958225693
-30.243358507369113
21.425246892408154
-29.79607014469774
22.21889483923772
-29.336227556390124
23.00575141361017
-28.864776443111275
23.78525091341379
-28.382636645131747
24.556868298732866
-27.890702192094388
25.32011915811603
-27.38984138686521
26.074559653385165
-26.88089695066257
26.819786421952017
-26.36468629381806
27.555436396829833
-25.842002056093243
28.281186445951278
-25.313613295411024
28.99675257911605
-24.78026845936172
29.701887965575253
-24.242704299260748
30.39637698697507
-23.701681526087263
31.08001144990186
-23.1582344007371
31.752424074149673
-22.610322836019535
32.41532201455044
-34.866746413990924
5.357755550976634
-21.760088491900547
33.0782055089835
-21.457848672420234
33.082152981406324
-21.153879643805972
33.07981176379042
-20.84849888415081
33.071632238450974
-20.54206439724346
33.05803595830224
-20.234936927306546
33.03944085496062
-19.927470513181866
33.01626754055803
-19.620009340129247
32.98894140794056
-19.312886481436532
32.957893471085725
-19.006423326479
32.92356074593053
-18.7009292960097
32.886386441429465
-18.396701689245557
32.84682006133255
-18.094025597811537
32.80531746242656
-17.793173855269618
32.76234088871294
-17.494407007304634
32.71835899214253
-17.197973294612382
32.67384684495312
-16.904108644957493
32.62928594730167
-16.61303667159316
32.58516422968012
-16.324968679176234
32.541976053179326
-16.040103677219143
32.50022220498579
-15.758628405288832
32.46040988975267
-15.480717376043394
32.423052713289195
-15.20653294936681
32.388670653966784
-14.936225463892214
32.35779001124851
-14.669933483215097
32.330943309943365
-14.407784288799718
32.30866910602731
-14.149894966576031
32.29151156088619
-13.896375123593224
32.28001937415337
-13.647335039821904
32.27474258311875
-13.402918276074132
32.27621975834711
-13.163529931630247
32.28488837225484
-12.926753546629485
32.3022954591772
-22.060586649680417
33.0673136755955
-12.479795175328043
32.31436311528003
-12.270179519586456
32.31016708565639
-12.065350547817154
32.31638224386404
-11.865236418856
32.33359680634183
-11.669802253915357
32.36238333863423
-11.479015421895149
32.403312385819646
-11.292836858545165
32.456955881335546
-11.111218169870625
32.52388828345411
-10.9341004701189
32.604687030636455
-10.761413849424478
32.69993274935507
-10.593077102351188
32.81020935887233
-10.42899757526066
32.93610412968283
-10.269071069993082
33.07820771759813
-10.113181774711677
33.237114187691105
-9.961202204284703
33.41342103163501
-9.812993139161534
33.607729184120046
-9.668403551486463
33.82064304010598
-9.527270505152416
34.052770477074176
-9.389419008709638
34.3047228856104
-9.254661785902314
34.57711521714492
-9.122798897174249
34.87056606073793
-8.993617081017653
35.18569777747234
-8.866888533195848
35.52313674789701
-8.742368467643985
35.8835138664991
-8.619789752357846
36.26746562815512
-8.498849501420494
36.67563684497284
-8.379168852668343
37.10868879452721
-8.26013208071214
37.56733181203796
-8.139760392231466
38.05255343651862
16.633260425237722
-30.534275751432915
16.633260425237722
-30.534275751432915
14.504342560871557
-31.601129646188497
12.24861968673091
-32.54195236626333
9.882848654383373
-33.336716252697656
7.4277741123961185
-33.968154494666635
4.907484173787536
-34.422724283855686
2.3484994321666512
-34.69138075164257
-0.22133492792785248
-34.77007849988266
-2.7740567489734858
-34.659947449351364
-5.282784044064382
-34.36712878292428
-7.722795436404493
-33.902297542877136
-10.072407301308868
-33.27993328110594
-12.313591589415779
-32.51742317908035
-14.432313224414152
-31.63409052005011
-16.41859865939263
-30.650235987674122
-18.266372677012654
-29.58626332037909
-19.973116280570906
-28.461939042888787
-21.539404399908385
-27.295812978102163
-22.968379773050977
-26.10480566177857
-34.63507565770766
3.069019749560084
-34.76239382617382
0.7637561864335396
-34.733147904384445
-1.6173387680005078
-34.53373001951112
-4.053250421308775
-34.154037300192755
-6.519899089354453
-33.5882500200474
-8.990929241691845
-32.83539159107964
-11.438724015325306
-31.899598062749277
-13.835569792146828
-30.79005522756097
-16.154870693449354
-29.52060060091985
-18.372302201936847
-28.109028217906157
-20.466799473373413
-26.576168599444685
-22.421298147346732
-24.94483818119469
-24.22317890270257
-23.238758917450838
-25.86440472956845
-21.481540269186937
-27.34137479538333
-19.695795976389746
-28.654545344408334
-17.902442144448173
-29.807883408638887
-16.120196564931064
-30.80822310270925
-14.365276043117355
-31.66458893217093
-12.65127130417239
-32.38753899922851
14.452855087167777
-36.66245100294938
3.569814196172107
3.591367837570059
3.610645455663103
3.62782612606323
3.643067464842234
3.6565091050115788
3.6682755217899006
3.6784783522754188
3.6872183173702577
3.6945868279768805
3.7006673386295033
3.7055364976816367
3.709265132511855
3.7119191003035397
3.713560028619029
3.7142459652656
3.714031953180929
3.7129705430683253
3.7111122541617294
3.70850599154371
3.7051994269013533
3.7012393483185146
3.696671983536359
3.691543300261172
3.6858992862096875
3.67978621092289
3.6732508706088702
3.6663408167820744
3.6591045687859403
3.6515918097922784
3.643853565639075
3.635942355648217
3.569814196172107
3.619761734368594
3.611608034553976
3.6035109233341007
3.5955319894864717
3.587734732801956
3.580184508957994
3.572948428354227
3.5660952050067896
3.5596949519462866
3.553818920173823
3.5485391791101724
3.543928237632884
3.540058606236759
3.5370023025638644
3.5348303044734277
3.5336119569879356
3.533412994419104
3.5342443781161497
3.536046923873568
3.5387545035753942
3.5422991198152745
3.5466114910228477
3.5516216008966572
3.557259112031337
3.627912357626933
3.569964370301524
3.5769013136948775
3.5841976247769525
3.591787451171584
3.5996065575868506
3.6075924531535457
3.6156844723791144
3.6238238142443615
3.631953543458905
3.640018557739324
3.6479655248428466
3.655742792727078
3.663300275934637
3.6705893208958953
3.677562552397129
3.684173703034361
3.6903774270043583
3.6961290990758906
3.7013845991213077
3.706100082015616
3.7102317321379723
3.7137355007429713
3.7165668219748995
3.7186802829425907
3.720029884476464
3.5634540805229817
3.720035375792003
3.718587205059726
3.7161674575007804
3.712717937203813
3.7081765595155844
3.7024766832017093
3.6955463422258523
3.6873073586069913
3.6776743106745444
3.6665533238222037
3.653840641970175
3.639420926138024
3.623165210461587
3.6049284221446904
3.584546313891297
3.5618975440941334
3.561897544094134
3.5618975440941334
3.5618975440941334
3.561897544094134
3.5618975440941334
3.561897544094134
3.561897544094134
3.561897544094134
3.561897544094134
3.561897544094133
3.5618975440941334
3.5618975440941334
3.5618975440941343
3.5618975440941334
3.561897544094134
3.5618975440941334
3.561897544094133
3.5618975440941325
3.561897544094134
3.5618975440941334
3.561897544094133
3.5618975440941343
3.561897544094133
3.561897544094133
3.561897544094134
3.561897544094133
3.561897544094134
3.561897544094133
3.5618975440941334
3.561897544094133
3.561897544094134
3.561897544094134
3.5618975440941343
3.561897544094134
3.5618975440941334
3.561897544094134
3.5618975440941334
3.561897544094133
3.5618975440941325
3.569814196172107
3.5900086609185107
3.608011417279528
3.6240021562454996
3.638139114284885
3.650562510276
3.661397364260188
3.670755814788312
3.6787390395055253
3.6854388603566086
3.6909390964028517
3.695316713316033
3.698642807991585
3.700983458829212
3.702400465898714
3.702952000487705
3.702693179758835
3.7016765792470063
3.6999526935766482
3.6975703538222056
3.694577108396334
3.6910195730635653
3.686943754510233
3.6823953510479774
3.6774200331386426
3.672063705767517
3.666372753917818
3.6603942718946434
3.654176276521542
3.647767903494383
3.6412195834992658
3.6345832654896846
3.569814196172107
3.6061975919960356
3.585276441767575
3.5652810713632554
3.5463447682927027
3.5286007655057174
3.5121809422607977
3.497214426873174
3.483826140643796
3.4721353300508175
3.4622541388748966
3.454286273060347
3.4483258083706834
3.444456184228128
3.4427494169578647
3.4432655528559852
3.4460523674065695
3.4511439556814545
3.4585103835831963
3.46804333073469
3.4796204579795935
3.4931117428628435
3.5083813604968666
3.52528946516757
3.543695096002391
3.627912357626933
3.567062275941847
3.5713129474000063
3.576142765187031
3.581489530136107
3.5872923631176343
3.593491820039181
3.6000299592346656
3.606850367788338
3.6138981513136588
3.6211198912694207
3.62846357368186
3.635878492742108
3.6433151324517308
3.65072502906165
3.6580606165827865
3.665275057198636
3.67232205791968
3.679155674288864
3.6857301014595545
3.691999452361263
3.697917522031451
3.7034375360182783
3.708511877199622
3.7130917543375244
3.7171277760360324
3.5634540805229817
3.7172668822464368
3.7133832395497546
3.708866098235399
3.7036617538151253
3.6977119267109955
3.690953054873832
3.683315500586282
3.6747226457498607
3.6650898487899237
3.6543232302017725
3.64231824532181
3.6289579919492523
3.614111187721565
3.5976297469344622
3.579346015261089
3.579346015261089
3.5457604216689713
3.545760421668971
3.5457604216689713
3.5457604216689713
3.545760421668971
3.545760421668971
3.5457604216689713
3.545760421668971
3.5457604216689713
3.545760421668971
3.545760421668971
3.5457604216689713
3.545760421668971
3.545760421668971
3.545760421668971
3.545760421668971
3.545760421668971
3.545760421668971
3.545760421668971
3.545760421668971
3.5457604216689713
3.5457604216689713
3.545760421668971
3.5457604216689713
3.5457604216689713
3.545760421668971
3.545760421668971
3.545760421668971
3.545760421668971
3.545760421668971
3.545760421668971
3.545760421668971
3.545760421668971
3.545760421668971
3.5457604216689713
3.5457604216689713
3.5457604216689713
3.545760421668971
3.545760421668971
3.539809481404099
3.5320511444404046
3.5262020335054785
3.522216745357042
3.5200381987243428
3.519598665499664
3.5208209623312547
3.523619757244018
3.5279029445766303
3.5335730430528374
3.540528575306906
3.5486653925375173
3.5578779143422214
3.568060260803209
3.57910726081087
3.590915327244374
3.603383195529242
3.6164125270092944
3.6299083826629537
3.6437795755815854
3.65793891276438
3.6723033378093373
3.686793985753077
3.701336195398082
3.5495099399421317
3.730162459728574
3.744328961550706
3.7582996054162163
3.772018480764255
3.785432763387333
3.7984924515234098
3.8111500901042894
3.823360488126597
3.8350804319273655
3.846268396006436
3.856884252328934
3.8668889783420064
3.8762443633096466
3.884912712035696
3.8928565445309404
3.9000382895956607
3.9064199697773514
3.9119628745605337
3.9166272177425294
3.9203717730453223
3.9231534686778984
3.9249273382831356
3.715859329296925
3.92519810809275
3.923748800853684
3.921348466832494
3.9180387817853637
3.9138594423065256
3.908848525239244
3.9030428202574297
3.8964781409379388
3.88918961858096
3.881211982415808
3.87257982915355
3.8633278844328354
3.8534912582339342
3.843105695836191
3.832207825618477
3.82083540442286
3.8090275609398048
3.7968250369598673
3.7842704259837863
3.771408408027626
3.7582859789731486
3.74495267202659
3.7314607680510306
3.7178654886924947
3.704225236767621
3.9256523389234093
3.6769061278303763
3.663372302055181
3.6500721242227843
3.6370811228978157
3.6244782419464823
3.61234569173976
3.60076871662451
3.5898352721138633
3.5796356048845546
3.570261730128183
3.561806803038641
3.5543643843957566
3.5480276037627214
3.542888228327825
3.539035650056874
3.536555808873224
3.535530074584004
3.536034114717881
3.538136779285483
3.5418990359720244
3.5473729902531543
3.554601023479178
3.563615075352616
3.5744360519295384
3.561170918934024
3.587223551165417
3.5872235511654167
3.5872235511654167
3.587223551165417
3.587223551165417
3.587223551165417
3.5872235511654176
3.5872235511654167
3.5872235511654167
3.587223551165418
3.5872235511654167
3.5872235511654167
3.5872235511654167
3.5872235511654167
3.5872235511654162
3.5872235511654167
3.5872235511654167
3.5872235511654167
3.587223551165417
3.5872235511654162
3.5872235511654167
3.5872235511654162
3.5872235511654167
3.5872235511654167
3.5872235511654167
3.587223551165417
3.5872235511654162
3.5872235511654167
3.5872235511654167
3.5872235511654176
3.5872235511654167
3.587223551165418
3.5872235511654167
3.587223551165418
3.587223551165417
3.587223551165417
3.587223551165417
3.587223551165417
3.6906015455080126
3.6906015455080126
3.539690455134497
3.5318229787423734
3.5258746275312576
3.5218000053111584
3.519542036499429
3.5190329978670647
3.5201957102692467
3.52294484531099
3.527188300301438
3.532828596332212
3.5397642578055786
3.5478911370889006
3.557103654348163
3.567295929631418
3.5783627911880074
3.590200650641302
3.602708241531578
3.6157872226583745
3.62934265173145
3.6432833376852507
3.657522081981283
3.6719758193266037
3.6865656586882305
3.7012171634642503
3.549509939942132
3.7171011369301765
3.719083630757885
3.7218236104233973
3.7253391275050785
3.7296480534118865
3.7347664270217735
3.7407067579708926
3.74747635919152
3.755075775383629
3.763497371906483
3.7727241433160725
3.7827287908988665
3.793473104382225
3.8049076655794756
3.8169718725064334
3.829594263194656
3.842693100938631
3.856177168258302
3.869946705463794
3.8838944157178856
3.8979063661152216
3.911865706052419
3.7158593292969244
3.9186996521683275
3.911195986709887
3.903202889270554
3.894778541405821
3.885978102547361
3.8768539387089875
3.8674558198282654
3.8578311016908446
3.8480249009007284
3.8380802694623153
3.828038374372749
3.8179386868350824
3.8078191848406684
3.797716571934271
3.7876665142234462
3.7777038966108996
3.7678630984543573
3.758178287744362
3.748683732068539
3.7394141235594733
3.730404914198866
3.7216926568628295
3.713315346946715
3.705312760905825
3.6977267053450307
3.925652338923409
3.6725627782234893
3.6549972197641263
3.637985370020887
3.6216106977878253
3.605959512622198
3.591120763912364
3.577185761322687
3.564247809105711
3.5524017476575085
3.5417433973392978
3.5323689018230557
3.524373971343029
3.5178530297168664
3.5128982734252094
3.5095986555803913
3.5080388125709288
3.508297956083596
3.5104487575901415
3.5145562562369514
3.5206768237756463
3.528857222025078
3.5391337906529574
3.551531817357252
3.566065306564089
3.5611709189340246
3.5611709189340246
3.561170918934024
3.561170918934024
3.561170918934024
3.5611709189340246
3.561170918934024
3.561170918934024
3.561170918934024
3.561170918934024
3.5611709189340237
3.561170918934024
3.561170918934024
3.561170918934024
3.561170918934024
3.5611709189340237
3.5611709189340237
3.561170918934024
3.561170918934024
3.561170918934024
3.561170918934024
3.561170918934024
3.561170918934024
3.5611709189340237
3.561170918934024
3.561170918934024
3.561170918934024
3.561170918934024
3.561170918934024
3.561170918934024
3.561170918934024
3.5611709189340237
3.5611709189340237
3.5611709189340246
3.561170918934024
3.561170918934024
3.561170918934024
3.561170918934024
3.561170918934024
3.561170918934024
3.587223551165417
3.5764596667051087
3.5888225117694343
3.6003374449201506
3.6110471384961476
3.6209910131982572
3.6302055800093402
3.638724740201307
3.6465800495772838
3.653800952040347
3.6604149868147395
3.666447972918715
3.6719241739125357
3.6768664455879647
3.681296368712855
3.6852343688082816
3.68869982450713
3.6917111659391852
3.694285964316481
3.696441013774093
3.698192406366593
3.69955560101796
3.70054548709736
3.7011764432289085
3.7014623918709497
3.7014168500957685
3.701052977022214
3.7003836181867857
3.699421347229299
3.698178505095221
3.6966672369735143
3.694899527037859
3.6928872306708413
3.6906421018441478
3.6881757935219444
3.6855004736715005
3.5632025945149604
3.6783377154186194
3.673922929063663
3.6693948951959503
3.664765850773643
3.660048107881733
3.655254084606748
3.6503963269397564
3.6454875278225796
3.6405405445551757
3.6355684147910985
3.630584371243585
3.625601854998527
3.6206345274165757
3.6156962805022594
3.610801245647718
3.6059638006259123
3.60119857473341
3.5965204518887903
3.591944571623239
3.5874863277443207
3.5831613645775806
3.5789855706026517
3.5749750693468463
3.571146207378427
3.56751553927745
3.5640998093635647
3.560915930060334
3.557980956454409
3.5553120560301434
3.5529264684800963
3.5508414105120782
3.5490752179703287
3.682626997421095
3.54543567835611
3.543541157808179
3.5419773104049783
3.540761243928902
3.5399098020993307
3.5394395031369603
3.5393664784315195
3.53970641030574
3.540474469114515
3.541685250125633
3.5433527107144083
3.5454901084837886
3.548109940855733
3.551223886841793
3.5548427515426213
3.5589764140544404
3.5636337793468997
3.5688227347130272
3.574550111288311
3.580821651160866
3.587641980441932
3.595014588694741
3.6029418149352535
3.611424840394721
3.620463688051824
3.630057228766422
3.6402031931001404
3.6508981847544604
3.662137661651612
3.5487774641891137
3.6739784581233526
3.673978458123352
3.6739784581233526
3.6739784581233526
3.673978458123352
3.673978458123352
3.6739784581233526
3.673978458123352
3.6739784581233526
3.673978458123352
3.6739784581233526
3.6739784581233526
3.673978458123352
3.6739784581233526
3.673978458123352
3.673978458123352
3.673978458123352
3.673978458123352
3.6739784581233526
3.6739784581233526
3.673978458123352
3.673978458123352
3.673978458123352
3.673978458123352
3.6739784581233526
3.6739784581233526
3.673978458123352
3.673978458123352
3.6739784581233526
3.673978458123352
3.6739784581233526
3.673978458123352
3.6739784581233526
3.673978458123352
3.6739784581233526
3.6739784581233526
3.673978458123352
3.673978458123352
3.5476435739002663
3.547643573900267
3.5678133651887918
3.571877884130352
3.5754637869095105
3.5786349393615837
3.581451682834594
3.583971021164383
3.586246758465479
3.588329595954793
3.590267195308935
3.5921042155903846
3.5938823302946727
3.5956402306660307
3.597413621155112
3.599235212323457
3.601134716239633
3.6031388487499063
3.605271342561556
3.607552974366838
3.6100016085944318
3.612632259634217
3.6154571736527195
3.618485930351867
3.621725564333942
3.6251807050782947
3.6288537339109803
3.6327449559365275
3.6368527844044776
3.641173934865706
3.6457036262386793
3.6504357860816072
3.655363257867499
3.6604780101156096
3.6657713579726816
3.6712343133212113
3.676854699106797
3.563202594514961
3.6786725825840207
3.67457300392743
3.67034013494819
3.665985990808049
3.661522698649841
3.656962510875328
3.6523178228300175
3.6476011905907457
3.6428253479891697
3.63800322252898
3.633147950129323
3.628272888517324
3.6233916292203023
3.618518008020681
3.613666113773653
3.6088502954585397
3.6040851673618075
3.599385612196833
3.594766782096799
3.5902440972623073
3.585833242169956
3.5815501591617895
3.577411039284864
3.5734323102356953
3.5696306213142948
3.566022825229464
3.562625956796325
3.5594572085678777
3.5565339041524835
3.5538734729709462
3.551493461027643
3.5494105998995007
3.682626997421095
3.545023147306654
3.5427432425032834
3.5408212016944303
3.539274201390387
3.538119153418382
3.537372639831381
3.5370508506311844
3.53716952119325
3.537743869210874
3.5387885314901677
3.5403175010898402
3.542344065402556
3.544880745717286
3.54793923896749
3.5515303622131507
3.555664000533513
3.5603490588939426
3.565593418586249
3.571403898737557
3.5777862234062807
3.5847449946281262
3.5922836717976696
3.6004045575722374
3.609108790425747
3.6183963436983047
3.628266030488122
3.6387155116920984
3.649741294240936
3.6613386057784547
3.548777464189114
3.548777464189114
3.548777464189114
3.548777464189114
3.548777464189114
3.548777464189114
3.548777464189114
3.548777464189114
3.548777464189114
3.548777464189114
3.548777464189114
3.548777464189114
3.548777464189114
3.548777464189114
3.548777464189114
3.548777464189114
3.548777464189114
3.548777464189114
3.548777464189114
3.548777464189114
3.548777464189114
3.548777464189114
3.5487774641891137
3.548777464189114
3.548777464189114
3.548777464189114
3.548777464189114
3.548777464189114
3.548777464189114
3.5487774641891137
3.5487774641891137
3.548777464189114
3.548777464189114
3.548777464189114
3.548777464189114
3.548777464189114
3.548777464189114
3.548777464189114
3.548777464189114
3.548777464189114
3.673978458123352
16.954440252509944
0.0
0.0
0.0
0.0
0.0
0.0
0.0
0.0
0.0
0.0
0.0
0.0
0.0
0.0
0.0
0.0
0.0
0.0
0.0
0.0
0.0
0.0
0.0
0.0
0.0
0.0
0.0
0.0
0.0
0.0
0.0
16.954440252509944
0.0
0.0
0.0
0.0
0.0
0.0
0.0
0.0
0.0
0.0
0.0
0.0
0.0
0.0
0.0
0.0
0.0
0.0
0.0
0.0
0.0
0.0
0.0
0.0
0.0
0.0
0.0
0.0
0.0
0.0
0.0
0.0
0.0
0.0
0.0
0.0
0.0
0.0
0.0
0.0
0.0
0.0
0.0
0.0
0.0
0.0
0.0
0.0
0.0
0.0
0.0
0.0
0.0
0.0
0.0
0.0
0.0
0.0
0.0
0.0
0.0
0.0
0.0
0.0
0.0
0.0
0.0
0.0
0.0
0.0
0.0
0.0
0.0
0.0
0.0
0.0
0.0
0.0
0.0
0.0
0.0
0.0
0.0
0.0
0.0
0.0
49.555173389378965
53.794431269239716
53.79443126923983
58.245652043093706
62.91943385564036
62.919433855640186
67.82690475881434
72.97974920714668
72.9797492071469
78.39023587789625
0.0
0.0
0.0
0.0
0.0
0.0
0.0
0.0
0.0
0.0
22.33204482957644
46.81549528903492
51.89386296958778
48.43427573223753
49.123851825597654
49.73794354346706
50.27977694145147
50.75252639741964
46.83761443590318
51.50322584531274
51.78728622805322
52.01448806660611
47.77919892528063
47.89116433210964
52.38425394957657
52.413153646406734
43.75742451662496
52.346347409057444
56.891264877907375
52.13184221117861
47.585337413925664
56.3853115880792
60.959893493306424
60.68325291609006
60.38208426720124
55.326545720037636
64.66012182920582
64.27470570289408
58.99476352959104
41.418847273040406
63.05399898586973
62.636938002120104
22.33204482957644
56.231100960525026
46.59447747049847
49.723128650237534
48.7904153584253
47.932313685860365
47.1516998762078
46.45125789695678
42.0993256930657
38.09499459016805
37.720424313716286
37.42106723659635
48.0190697313405
55.947498289806795
51.703285017523704
51.72997782693825
37.114210746865
37.30366292409353
41.04692673476727
41.44009597133633
41.92264108894165
42.492063868479676
39.50111614573994
43.88159782648543
40.92097074784104
52.93694436568119
41.88843790277209
42.06687085144977
42.2705376132937
38.76266929921285
42.74447430404705
39.23071327464125
43.292418491367556
39.75829464603845
40.03949224599359
40.329693665296155
40.62695227786706
40.929317461994614
41.23482862977328
41.54150927936995
41.84736108628736
42.15035805037487
46.53802059865843
42.73951047088873
47.166206365145975
47.46283673189868
47.744557906954356
48.00883727624197
48.253069631389764
48.47456959597166
53.16144200132769
41.73756857970961
53.168837602439204
52.96274928032727
52.7240485856979
52.450367261289124
52.139223189139244
51.788009104430145
51.393981990559126
50.95425293351776
50.46577743059638
49.925346182367356
49.329576415006514
48.67490380931306
47.95757523663339
51.357904875180175
50.42742298487085
50.42742298487085
0.0
0.0
0.0
0.0
0.0
0.0
0.0
0.0
0.0
0.0
0.0
0.0
0.0
0.0
0.0
0.0
0.0
0.0
0.0
82.72546659350604
44.78915368187627
41.005573214778124
41.005573214778096
37.40216324611315
37.40216324611316
41.005573214778124
37.402163246113155
41.005573214778074
41.00557321477807
44.78915368187625
44.78915368187622
44.78915368187621
48.761913172329336
57.3132779755296
61.91224368066536
66.74115767105789
77.1353950353779
0.0
0.0
1.2402309538639056
0.0
0.0
0.0
0.0
0.0
0.0
0.0
0.0
0.0
0.0
0.0
0.0
0.0
0.0
0.0
0.0
0.0
0.0
0.0
0.0
0.0
0.0
0.0
0.0
0.0
0.0
0.0
0.0
0.0
0.0
0.0
1.0
0.0
0.0
0.0
0.0
0.0
0.0
0.0
0.0
0.0
0.0
0.0
0.0
0.0
0.0
0.0
0.0
0.0
0.0
0.0
0.0
0.0
0.0
0.0
0.0
0.0
0.0
0.0
0.0
0.0
0.0
0.0
0.0
0.0
0.0
0.0
0.0
0.0
0.0
0.0
0.0
0.0
0.0
0.0
0.0
0.0
0.0
0.0
0.0
0.0
0.0
0.0
0.0
0.0
0.0
0.0
0.0
0.0
0.0
0.0
0.0
0.0
0.0
0.0
0.0
0.0
0.0
0.0
0.0
0.0
0.0
0.0
0.0
0.0
0.0
0.0
0.0
0.0
0.0
0.0
0.0
0.0
0.0
0.0
0.0
0.0
0.0
1.5003031041985229
1.5146998913717704
1.5506918593048888
1.5578902528915126
1.5722870400647597
1.615477401584502
1.6442709759309966
1.6514693695176204
1.6730645502774912
1.680262943864115
0.0
0.0
0.0
0.0
0.0
0.0
0.0
0.0
0.0
0.0
1.243984562518029
1.5567768999176521
1.5624244134984608
1.5737194406600783
1.5793669542408872
1.585014467821696
1.5963094949833136
1.6019570085641224
1.607604522144931
1.6132520357257398
1.6245470628873573
1.6301945764681662
1.635842090048975
1.641489603629784
0.9294060802398902
1.65843214437221
1.6640796579530188
1.6697271715338275
1.6810221986954452
1.686669712276254
1.692317225857063
0.9294060802398902
0.9294060802398902
0.9294060802398902
0.9294060802398902
1.8222100382156647
0.9294060802398902
0.9294060802398902
1.825033795006069
1.825033795006069
0.9294060802398902
1.8278575517964735
1.0037536086541234
1.8321611130015616
1.8321611130015616
1.83646467420665
1.7198541085905452
1.7162549117972334
1.7126557150039217
1.7126557150039217
1.7090565182106097
1.705457321417298
1.7018581246239861
1.6982589278306741
1.6982589278306741
1.6946597310373623
0.9280160641337631
0.9280160641337631
1.1727614460789684
1.0143967871732473
1.0287935743464947
1.0503887551063658
1.064785542279613
1.0791823294528604
1.1007775102127315
1.1151742973859788
1.13676947814585
1.8278575517964735
1.158364658905721
1.338324498571313
1.179959839665592
1.1943566268388395
1.201555020425463
1.2159518075987104
1.2231502011853341
1.2375469883585815
1.2447453819452052
1.2591421691184526
1.2663405627050761
1.2807373498783234
1.2879357434649472
1.3023325306381945
1.3095309242248183
1.3239277113980656
1.3311261049846892
1.3455228921579367
1.3527212857445603
1.3594701484802245
1.3783681441343383
1.3909668079037474
1.4161641354425658
1.428762799211975
1.4350621310966796
1.1511662653190973
1.4539601267507933
1.4539601267507933
1.4602594586354978
1.4602594586354978
1.4665587905202024
1.4665587905202024
1.4791574542896115
1.472858122404907
1.4859063170252758
1.4859063170252758
1.4859063170252758
1.4859063170252758
1.4859063170252758
1.5003031041985229
1.5003031041985229
1.5003031041985229
0.0
0.0
0.0
0.0
0.0
0.0
0.0
0.0
0.0
0.0
0.0
0.0
0.0
0.0
0.0
0.0
0.0
0.0
0.0
1.7403210912939375
1.3668968771213659
1.2484905975555862
1.1863679481666898
1.1468353531010282
1.1073027580353667
0.9294060802398902
1.0225900543232351
0.9294060802398902
1.7120835233898934
1.7149072801802978
1.7205547937611065
1.7233785505515111
1.7262023073419155
1.7290260641323199
1.7318498209227242
1.7346735777131286
1.7374973345035332
0.0
0.0
