16.954440252509944
0.0
0.0
0.0
0.0
0.0
0.0
0.0
0.0
0.0
0.0
0.0
0.0
0.0
0.0
0.0
0.0
0.0
0.0
0.0
0.0
0.0
0.0
0.0
0.0
0.0
0.0
0.0
0.0
0.0
0.0
0.0
16.954440252509944
0.0
0.0
0.0
0.0
0.0
0.0
0.0
0.0
0.0
0.0
0.0
0.0
0.0
0.0
0.0
0.0
0.0
0.0
0.0
0.0
0.0
0.0
0.0
0.0
0.0
0.0
0.0
0.0
0.0
0.0
0.0
0.0
0.0
0.0
0.0
0.0
0.0
0.0
0.0
0.0
0.0
0.0
0.0
0.0
0.0
0.0
0.0
0.0
0.0
0.0
0.0
0.0
0.0
0.0
0.0
0.0
0.0
0.0
0.0
0.0
0.0
0.0
0.0
0.0
0.0
0.0
0.0
0.0
0.0
0.0
0.0
0.0
0.0
0.0
0.0
0.0
0.0
0.0
0.0
0.0
0.0
0.0
0.0
0.0
0.0
0.0
49.555173389378965
53.794431269239716
53.79443126923983
58.245652043093706
62.91943385564036
62.919433855640186
67.82690475881434
72.97974920714668
72.9797492071469
78.39023587789625
0.0
0.0
0.0
0.0
0.0
0.0
0.0
0.0
0.0
0.0
22.33204482957644
46.81549528903492
51.89386296958778
48.43427573223753
49.123851825597654
49.73794354346706
50.27977694145147
50.75252639741964
46.83761443590318
51.50322584531274
51.78728622805322
52.01448806660611
47.77919892528063
47.89116433210964
52.38425394957657
52.413153646406734
43.75742451662496
52.346347409057444
56.891264877907375
52.13184221117861
47.585337413925664
56.3853115880792
60.959893493306424
60.68325291609006
60.38208426720124
55.326545720037636
64.66012182920582
64.27470570289408
58.99476352959104
41.418847273040406
63.05399898586973
62.636938002120104
22.33204482957644
56.231100960525026
46.59447747049847
49.723128650237534
48.7904153584253
47.932313685860365
47.1516998762078
46.45125789695678
42.0993256930657
38.09499459016805
37.720424313716286
37.42106723659635
48.0190697313405
55.947498289806795
51.703285017523704
51.72997782693825
37.114210746865
37.30366292409353
41.04692673476727
41.44009597133633
41.92264108894165
42.492063868479676
39.50111614573994
43.88159782648543
40.92097074784104
52.93694436568119
41.88843790277209
42.06687085144977
42.2705376132937
38.76266929921285
42.74447430404705
39.23071327464125
43.292418491367556
39.75829464603845
40.03949224599359
40.329693665296155
40.62695227786706
40.929317461994614
41.23482862977328
41.54150927936995
41.84736108628736
42.15035805037487
46.53802059865843
42.73951047088873
47.166206365145975
47.46283673189868
47.744557906954356
48.00883727624197
48.253069631389764
48.47456959597166
53.16144200132769
41.73756857970961
53.168837602439204
52.96274928032727
52.7240485856979
52.450367261289124
52.139223189139244
51.788009104430145
51.393981990559126
50.95425293351776
50.46577743059638
49.925346182367356
49.329576415006514
48.67490380931306
47.95757523663339
51.357904875180175
50.42742298487085
50.42742298487085
0.0
0.0
0.0
0.0
0.0
0.0
0.0
0.0
0.0
0.0
0.0
0.0
0.0
0.0
0.0
0.0
0.0
0.0
0.0
82.72546659350604
44.78915368187627
41.005573214778124
41.005573214778096
37.40216324611315
37.40216324611316
41.005573214778124
37.402163246113155
41.005573214778074
41.00557321477807
44.78915368187625
44.78915368187622
44.78915368187621
48.761913172329336
57.3132779755296
61.91224368066536
66.74115767105789
77.1353950353779
0.0
0.0
