1.2402309538639056
0.0
0.0
0.0
0.0
0.0
0.0
0.0
0.0
0.0
0.0
0.0
0.0
0.0
0.0
0.0
0.0
0.0
0.0
0.0
0.0
0.0
0.0
0.0
0.0
0.0
0.0
0.0
0.0
0.0
0.0
0.0
1.0
0.0
0.0
0.0
0.0
0.0
0.0
0.0
0.0
0.0
0.0
0.0
0.0
0.0
0.0
0.0
0.0
0.0
0.0
0.0
0.0
0.0
0.0
0.0
0.0
0.0
0.0
0.0
0.0
0.0
0.0
0.0
0.0
0.0
0.0
0.0
0.0
0.0
0.0
0.0
0.0
0.0
0.0
0.0
0.0
0.0
0.0
0.0
0.0
0.0
0.0
0.0
0.0
0.0
0.0
0.0
0.0
0.0
0.0
0.0
0.0
0.0
0.0
0.0
0.0
0.0
0.0
0.0
0.0
0.0
0.0
0.0
0.0
0.0
0.0
0.0
0.0
0.0
0.0
0.0
0.0
0.0
0.0
0.0
0.0
0.0
0.0
1.5003031041985229
1.5146998913717704
1.5506918593048888
1.5578902528915126
1.5722870400647597
1.615477401584502
1.6442709759309966
1.6514693695176204
1.6730645502774912
1.680262943864115
0.0
0.0
0.0
0.0
0.0
0.0
0.0
0.0
0.0
0.0
1.243984562518029
1.5567768999176521
1.5624244134984608
1.5737194406600783
1.5793669542408872
1.585014467821696
1.5963094949833136
1.6019570085641224
1.607604522144931
1.6132520357257398
1.6245470628873573
1.6301945764681662
1.635842090048975
1.641489603629784
0.9294060802398902
1.65843214437221
1.6640796579530188
1.6697271715338275
1.6810221986954452
1.686669712276254
1.692317225857063
0.9294060802398902
0.9294060802398902
0.9294060802398902
0.9294060802398902
1.8222100382156647
0.9294060802398902
0.9294060802398902
1.825033795006069
1.825033795006069
0.9294060802398902
1.8278575517964735
1.0037536086541234
1.8321611130015616
1.8321611130015616
1.83646467420665
1.7198541085905452
1.7162549117972334
1.7126557150039217
1.7126557150039217
1.7090565182106097
1.705457321417298
1.7018581246239861
1.6982589278306741
1.6982589278306741
1.6946597310373623
0.9280160641337631
0.9280160641337631
1.1727614460789684
1.0143967871732473
1.0287935743464947
1.0503887551063658
1.064785542279613
1.0791823294528604
1.1007775102127315
1.1151742973859788
1.13676947814585
1.8278575517964735
1.158364658905721
1.338324498571313
1.179959839665592
1.1943566268388395
1.201555020425463
1.2159518075987104
1.2231502011853341
1.2375469883585815
1.2447453819452052
1.2591421691184526
1.2663405627050761
1.2807373498783234
1.2879357434649472
1.3023325306381945
1.3095309242248183
1.3239277113980656
1.3311261049846892
1.3455228921579367
1.3527212857445603
1.3594701484802245
1.3783681441343383
1.3909668079037474
1.4161641354425658
1.428762799211975
1.4350621310966796
1.1511662653190973
1.4539601267507933
1.4539601267507933
1.4602594586354978
1.4602594586354978
1.4665587905202024
1.4665587905202024
1.4791574542896115
1.472858122404907
1.4859063170252758
1.4859063170252758
1.4859063170252758
1.4859063170252758
1.4859063170252758
1.5003031041985229
1.5003031041985229
1.5003031041985229
0.0
0.0
0.0
0.0
0.0
0.0
0.0
0.0
0.0
0.0
0.0
0.0
0.0
0.0
0.0
0.0
0.0
0.0
0.0
1.7403210912939375
1.3668968771213659
1.2484905975555862
1.1863679481666898
1.1468353531010282
1.1073027580353667
0.9294060802398902
1.0225900543232351
0.9294060802398902
1.7120835233898934
1.7149072801802978
1.7205547937611065
1.7233785505515111
1.7262023073419155
1.7290260641323199
1.7318498209227242
1.7346735777131286
1.7374973345035332
0.0
0.0
