199.589959435 89.06061099
201.5274517 189.45174688
203.478818942 189.857238948
205.443546564 190.275759889
207.421119973 190.705982394
209.411024573 191.146579159
211.412745769 191.596222875
213.425768965 192.053586237
215.449579568 192.517341937
217.483662981 192.98616267
219.527504609 193.458721128
221.580589858 193.933690005
223.642404133 194.409741994
225.712432838 194.885549789
227.790161378 195.359786083
229.875075159 195.831123569
231.966659584 196.298234941
234.06440006 196.759792892
236.16778199 197.214470115
238.276290781 197.660939304
240.389411836 198.097873152
242.506630561 198.523944353
244.62743236 198.9378256
246.751302639 199.338189586
248.877726803 199.723709004
251.006190256 200.093056549
253.136178403 200.444904913
255.267176649 200.777926789
257.398670399 201.090794872
259.530145059 201.382181854
261.661086032 201.650760429
263.790978725 201.89520329
265.919308541 202.114183131
268.045560885 202.306372645
270.169221164 202.470444525
272.28977478 202.605071465
274.406707141 202.708926157
276.519503649 202.780681297
278.627649711 202.819009575
280.730630732 202.822583687
282.827932115 202.790076326
284.919039266 202.720160184
287.00343759 202.611507956
289.080612492 202.462792334
291.150049377 202.272686012
293.21123365 202.039861684
295.263650715 201.762992042
297.306785978 201.44074978
299.340124843 201.071807592
301.363241891 200.655148436
303.376301133 200.191806069
305.379705783 199.683646499
307.373859742 199.13253812
309.359166909 198.540349327
311.336031183 197.908948513
313.304856466 197.240204073
315.266046656 196.535984401
317.220005654 195.798157892
319.167137358 195.028592939
321.10784567 194.229157937
323.042534489 193.401721281
324.971607715 192.548151363
326.895469247 191.670316579
328.814522986 190.770085322
330.729172831 189.849325987
332.639822683 188.909906969
334.54687644 187.953696661
336.450738003 186.982563457
338.351811272 185.998375752
340.250500146 185.00300194
342.147208526 183.998310415
344.042340311 182.986169572
345.9362994 181.968447804
347.829489695 180.947013506
349.722315094 179.923735072
351.615179498 178.900480897
353.508486807 177.879119373
355.402640919 176.861518897
357.298045736 175.849547862
359.195105156 174.845074661
361.09422308 173.84996769
362.995803408 172.866095343
364.900250039 171.895326013
366.807966873 170.939528096
368.719357811 170.000569985
370.634826751 169.080320074
372.554777594 168.180646758
374.47961424 167.30341843
376.409740588 166.450503486
378.345560538 165.623770319
380.287477991 164.825087324
382.235896845 164.056322894
384.191221001 163.319345425
386.153854359 162.616023309
388.124200818 161.948224942
390.102664279 161.317818718
392.089648641 160.726673031
394.085557803 160.176656274
396.090795667 159.669636843
398.105766131 159.207483131
400.13087309 158.792063533
