71.77582397 7.4912337687
74.1412813635 27.6650116307
76.5113415364 27.8867076131
78.8858549865 28.1540930591
81.2646722112 28.4649393117
83.6476437083 28.817017714
86.0346199752 29.2080996089
88.4254515096 29.6359563396
90.8199888091 30.0983592492
93.2180823713 30.5930796806
95.6195826939 31.1178889769
98.0243402743 31.6705584811
100.43220561 32.2488595364
102.843029199 32.8505634857
105.256661539 33.4734416722
107.672953127 34.1152654388
110.091754461 34.7738061286
112.512916039 35.4468350846
114.936288357 36.13212365
117.361721915 36.8274431678
119.789067209 37.5305649809
122.218174736 38.2392604325
124.648894995 38.9513008657
127.081078484 39.6644576234
129.514575699 40.3765020487
131.949237138 41.0852054846
134.3849133 41.7883392743
136.821454681 42.4836747608
139.258711779 43.1689832871
141.696535092 43.8420361962
144.134775117 44.5006048312
146.573282352 45.1424605352
149.011907295 45.7653746513
151.450500443 46.3671185224
153.888912294 46.9454634916
156.326993345 47.4981809019
158.764594094 48.0230420965
161.201565039 48.5178184184
163.637756677 48.9802812106
166.073019505 49.4082018161
168.507204023 49.7993515781
170.940160726 50.1515018395
173.371740112 50.4624239435
175.80179268 50.729889233
178.230168927 50.9516690511
180.65671935 51.125534741
183.081294447 51.2492576455
185.503744716 51.3206091078
187.923920654 51.3373604709
190.341672759 51.2972830779
192.756853581 51.1981989016
195.169390525 51.0397763033
197.579305472 50.8240139687
199.986626344 50.5530596474
202.391381065 50.2290610887
204.793597559 49.8541660423
207.193303748 49.4305222576
209.590527556 48.9602774841
211.985296906 48.4455794713
214.377639722 47.8885759688
216.767583926 47.291414726
219.155157442 46.6562434924
221.540388193 45.9852100176
223.923304103 45.280462051
226.303933094 44.5441473422
228.68230309 43.7784136407
231.058442015 42.9854086959
233.432377791 42.1672802573
235.804138342 41.3261760745
238.173751591 40.464243897
240.541245462 39.5836314743
242.906647877 38.6864865559
245.26998676 37.7749568912
247.631290034 36.8511902298
249.990585623 35.9173343212
252.347901449 34.9755369149
254.703265437 34.0279457604
257.056705508 33.0767086073
259.408249588 32.1239732049
261.757925598 31.1718873028
264.105761462 30.2225986505
266.451785103 29.2782549976
268.796024446 28.3410040934
271.138507412 27.4129936876
273.479261925 26.4963715297
275.818315909 25.593285369
278.155697287 24.7058829552
280.491433981 23.8363120378
282.825553916 22.9867203661
285.158085015 22.1592556899
287.4890552 21.3560657585
289.818492396 20.5792983214
292.146424525 19.8311011282
294.47287951 19.1136219284
296.797885276 18.4290084714
299.121469744 17.7794085068
301.44366084 17.1669697841
303.764486485 16.5938400527
306.083974603 16.0621670623
308.402153117 15.5740985622
310.71904995 15.131782302
