-19.8022984323 40.058731419
-19.15745039 141.117660207
-18.5003099904 142.161152761
-17.8310339104 143.189364346
-17.1497788268 144.202450225
-16.4567014166 145.200565663
-15.7519583565 146.183865925
-15.0357063234 147.152506274
-14.3081019942 148.106641974
-13.5693020457 149.046428291
-12.8194631548 149.972020488
-12.0587419983 150.88357383
-11.2872952531 151.781243581
-10.5052795961 152.665185006
-9.71285170399 153.535553367
-8.91016825374 154.392503931
-8.09738592219 155.23619196
-7.27466138618 156.066772721
-6.44215132257 156.884401475
-5.60001240822 157.689233489
-4.74840131997 158.481424026
-3.88747473468 159.261128351
-3.01738932921 160.028501727
-2.1383017804 160.783699419
-1.25036876511 161.526876692
-0.353746960191 162.25818881
0.5514069575 162.977791036
1.46493631111 163.685838636
2.38668442379 164.382486874
3.31649461869 165.067891013
4.25421021894 165.742206318
5.1996745477 166.405588054
6.15273092812 167.058191484
7.11322268333 167.700171874
8.0809931365 168.331684486
9.05588561075 168.952884587
10.0377434293 169.563927439
11.0264099151 170.164968307
12.0217283916 170.756162455
13.0235421817 171.337665149
14.0316946086 171.909631651
15.0460289955 172.472217227
16.0663886655 173.02557714
17.0926169418 173.569866655
18.1245571475 174.105241036
19.1620526058 174.631855547
20.2049466397 175.149865453
21.2530825726 175.659426018
22.3063037274 176.160692507
23.3644534274 176.653820183
24.4273749956 177.138964311
25.4949117553 177.616280155
26.5669070296 178.085922979
27.6432041417 178.548048048
28.7236464146 179.002810626
29.8080771715 179.450365977
30.8963397356 179.890869366
31.9882774301 180.324476057
33.083733578 180.751341314
34.1825515025 181.171620401
35.2845745268 181.585468583
36.389645974 181.993041124
37.4976091672 182.394493288
38.6083074296 182.78998034
39.7215840844 183.179657544
40.8372824547 183.563680163
41.9552458636 183.942203464
43.0753176343 184.315382709
44.19734109 184.683373162
45.3211595537 185.04633009
46.4466163487 185.404408754
47.573554798 185.757764421
48.7018182248 186.106552354
49.8312499524 186.450927817
50.9616933037 186.791046075
52.092991602 187.127062392
53.2249881704 187.459132032
54.357526332 187.787410259
55.4904494101 188.112052339
56.6236007277 188.433213535
57.756823608 188.751049111
58.8899613741 189.065714332
60.0228573492 189.377364461
61.1553548565 189.686154764
62.287297219 189.992240505
63.41852776 190.295776948
64.5488898026 190.596919356
65.6782266698 190.895822995
66.8063816849 191.192643129
67.9331981711 191.487535022
69.0585194514 191.780653938
70.182188849 192.072155142
71.3040496871 192.362193897
72.4239452888 192.650925469
73.5417189772 192.938505121
74.6572140755 193.225088118
75.7702739068 193.510829724
76.8807417944 193.795885203
77.9884610613 194.080409819
79.0932750306 194.364558838
80.195027025 194.648487523
