2.3432505635047676 -35.43259652543512
2.4330460932169444 -36.202004816992066
2.5201731087254586 -36.90396921064532
2.6043713092444847 -37.54069255333567
2.685544085802647 -38.11436670326458
2.76362993442352 -38.627181034078205
2.838584086773764 -39.081323649580014
2.9103739179180934 -39.478981687427776
2.9789774155903928 -39.82234142046507
3.044382567838923 -40.11358829701793
3.106587084593585 -40.35490695920926
3.1655982583856286 -40.54848125287315
3.2214328890956665 -40.69649423153224
3.2741172408721724 -40.80112815995246
3.3236870160354073 -40.86456451577494
3.370187338508245 -40.88898399042008
3.413672742809524 -40.876566489928706
3.4542071663151717 -40.8294911353924
3.4918639434752095 -40.74993626366446
3.526725800998932 -40.6400794275201
3.558884853309081 -40.50209739572233
3.5884425975845886 -40.33816615405618
3.615509907148592 -40.150460905541316
3.6402070214381297 -39.94115607160408
3.6626635285655595 -39.712425293402966
3.6830183317046874 -39.46644143589898
3.701419575997022 -39.20537659450991
3.7180244670671527 -38.93140211381731
3.7329987275948042 -38.64668864241756
3.746514424958832 -38.35340635193554
3.758734767249763 -38.05372647235805
3.7700197156949287 -37.74980053274491
2.3432505635047676 -35.43259652543512
3.6833219404414876 -37.14650642053459
3.587467004989179 -36.85133564607458
3.493100075484392 -36.56046214616557
3.400405650407066 -36.27605468930288
3.3095494217978683 -36.00028359235597
3.220680607805207 -35.735320484805186
3.13393253679169 -35.48333824992219
3.0494228432442867 -35.246511005062764
2.967253547734231 -35.027014093695094
2.887511095441454 -34.827024081654635
2.8102663784990796 -34.64871875509968
2.7355747525472793 -34.49427711915781
2.663476053093717 -34.365879396767
2.59399461633285 -34.26570702746548
2.5271393105250866 -34.195942665245745
2.4629035889201987 -34.15877017593743
2.4012623515692155 -34.1563286167875
2.3420542380013956 -34.188985246857655
2.2849631321598736 -34.25481327754146
2.229678730276788 -34.3517323118498
2.1759105426289693 -34.47766050796119
2.123399964920054 -34.63051390446687
2.072004777577888 -34.808201696319706
2.020562896065968 -35.00868975698784
3.7804452543177263 -37.44380889707459
2.096800778455844 -35.45337685143818
2.2267914392587898 -35.69315800989987
2.3593881706894138 -35.94709497106004
2.494558168008382 -36.213082664178486
2.6322598773897994 -36.489017651325206
2.772429941059073 -36.77279885715817
2.9149799367676223 -37.062327750466686
3.059795294959116 -37.355508404459044
3.206734870754218 -37.65024752027922
3.355630756118387 -37.944454436156235
3.5062881952862597 -38.23604113142004
3.658485552345695 -38.5229222263437
3.8119743120658143 -38.803014979342336
3.96647910999215 -39.07423928138563
4.121697798405421 -39.334517645637234
4.277301567980743 -39.58177518958901
4.432935168877577 -39.8139396036991
4.588217327279182 -40.028941092224464
4.742741583250336 -40.2247122551893
4.896078137953282 -40.39918782781451
5.047778475489736 -40.550304029618594
5.197389232160788 -40.67599661002191
5.3445076786567824 -40.77419303282063
5.489170103471338 -40.84275776302005
5.626633830957189 -40.88022734186233
1.969531646995705 -35.229853089420125
5.87149801869748 -40.84600603124375
5.978732347362495 -40.77009317895894
6.0799156542368 -40.65443414121062
6.174265101165133 -40.497028513064095
6.2610600070343025 -40.295867705933254
6.33958086535273 -40.04894353243302
6.409094263315069 -39.754250321537285
6.4688481308588734 -39.40978557040122
6.518070339199653 -39.01355011073323
6.555969047981932 -38.56354799648871
6.5817350459115005 -38.05778603492086
6.594548513769894 -37.49427248619775
6.593599922329531 -36.87101307572903
6.578174112204863 -36.18599497501726
6.548239401372143 -35.437074591476346
8.812983014265399 -34.10986833271013
11.077977044096428 -33.44293964194871
13.363985447341122 -32.59686611083657
15.645515041507906 -31.565323479579632
17.895187796938785 -30.346565555213086
20.084814506459225 -28.943946060025684
22.186625859698836 -27.366136377762487
24.17455650387825 -25.626989778851318
26.02546208772452 -23.74504391246657
27.72015214432605 -21.742698829261467
29.244143377386138 -19.64514864813787
30.588074367159777 -17.479173143877677
31.74776642030963 -15.271906056743912
32.72395757950699 -13.049689177109945
33.52177022670401 -10.837098696266086
34.14999275585461 -8.656199053835886
34.62026149864403 -6.526046356719899
34.9462225266538 -4.462434134208058
35.142738011607946 -2.477852362840748
35.225182869466266 -0.58161765551964
20.75895377765255 28.464321972283763
22.618961834607944 27.009893609733084
24.43251092976965 25.381178005585944
26.173570992976465 23.58168714829732
27.816046186946664 21.61988348280815
29.334965311055782 19.509269527168506
30.707706511011565 17.26813678768292
31.915141014426922 14.918966496168462
32.942581303391364 12.487518742888838
33.780438546184314 10.001687803166838
34.42452934078176 7.490231435022945
34.87601608618371 4.981494679391634
35.14100980864839 2.502242376955028
35.22990073286269 0.07669183264194857
35.156504644297684 -2.274196227247712
34.9371202051438 -4.533146705753538
34.589585478374886 -6.686730420672674
34.132405018071836 -8.72529168376941
33.58399695082659 -10.64269402413789
32.962087046833176 -12.43594004494802
-2.8600576531388953 35.39462939427907
-3.255455901473198 36.08785124247585
-3.658124531249811 36.7108052989448
-4.066636235695398 37.266070129378896
-4.479489711287371 37.75621787266668
-4.895237849955876 38.18380388275226
-5.31250605203995 38.55136524876812
-5.729996804438969 38.861420425104996
-6.146491206666937 39.11646910820188
-6.560849581283904 39.31899218702145
-6.9720117514402915 39.47145172052022
-7.378997179893062 39.57629092709761
-7.780905043769778 39.635934177546325
-8.176914277667322 39.65278699223365
-8.566283599617663 39.62923603886005
-8.948351527504599 39.56764913087113
-9.3225363899937 39.47037522657937
-9.688336334113089 39.33974442831534
-10.045329330959618 39.17806798205477
-10.393173180207327 38.987638276545105
-10.731605514168805 38.77072884219863
-11.06044380235032 38.5295943505291
-11.379585356925261 38.26647061201348
-11.68900734107659 37.98357457332579
-11.98876678301582 37.6831043115671
-12.279000603325514 37.36723902423577
-12.559925673398965 37.0381390051257
-12.831838961110407 36.69794558619247
-13.095117966337654 36.34878096210865
-13.350222461539317 35.99274748832617
-13.597706674292198 35.63192276996227
-13.83805476113369 35.26842599254157
-2.8600576531388953 35.39462939427907
-12.71143434425619 34.562349659652035
-11.371825459485791 34.223457597197296
-10.053591669700126 33.889592885099184
-8.756811215979354 33.5627412109244
-7.48127406143314 33.244873227153505
-6.226480022269243 32.937945303839136
-4.991638299991536 32.64389971660107
-3.7756673246395565 32.36466470882708
-2.577194690978189 32.10215451596888
-1.3945571279475075 31.8582693757729
-0.22580048116202533 31.63489553222911
0.9313202998253303 31.433905235966385
2.07934117391099 31.257156741813255
3.2210890240953347 31.106494303148388
4.359681681076921 30.98374816084189
5.49852796322233 30.890734523816313
6.641318802421807 30.829213999036334
7.7916260836638 30.79933617259465
8.952469888899543 30.79918531555805
10.12656661246848 30.826720762139864
11.316355588388376 30.879913573481026
12.524007508877048 30.956742162912796
13.751483352936248 31.055161672565518
14.999737795890269 31.173517935676692
-14.072064883382069 34.9042630771575
16.8073983600967 31.169697185685123
17.358000102616103 31.039409668532116
17.921842153739675 30.916482127306942
18.49835589457757 30.798721784370727
19.086884155325066 30.684011631146618
19.686672110053365 30.57031515936304
20.296865001123535 30.455677542393268
20.91650738185851 30.338226028114214
21.544542814887052 30.216170094720077
22.1798137361842 30.087801519289485
22.82106138946031 29.951494410320336
23.466925793266796 29.805705221594557
24.115945726101017 29.64897275535926
24.766558723544563 29.479918157200636
25.417101085750147 29.29724490114465
26.06580789800026 29.099738760709187
26.710813072480846 28.88626775561538
27.350149429554023 28.655782050233746
27.981748863857888 28.407313749165404
28.60344271196317 28.139976445497396
29.21296267453232 27.852964090437073
29.807943584429438 27.545547599414608
30.385934484234326 27.21706127564935
30.94447617224688 26.86680776745015
31.480064862607435 26.49532822886841
16.270580737857017 31.309580100402478
31.395386291491832 26.604467662608357
30.772483135377115 27.081720119827676
30.121774593736347 27.530554872918344
29.443423092142496 27.948065950362935
28.737726252130585 28.33122162692937
28.0051047619001 28.67687933112311
27.24609944595238 28.981789308216523
26.461370460093576 29.24259573202251
25.65169728287981 29.45583695196114
24.817979331266827 29.617945212175872
23.961237636044586 29.72524564364768
23.08261922054413 29.773953515947316
22.183410368972034 29.7601658344916
21.265089814788325 29.67982759670199
20.32970120530905 29.528495422582054
20.32970120530905 29.528495422582054
-0.18137499865655116 -34.665561640931195
-2.802897413978073 -34.552537198562604
-5.55277418680528 -34.21842719357053
-8.397590754900854 -33.633532824913615
-11.295203934136275 -32.774264734050256
-14.196235611976647 -31.625953823095735
-17.046627728842736 -30.18520405505962
-19.79106498962547 -28.461338818610734
-22.376860092404854 -26.476597084524983
-24.75775497972532 -24.2649465100425
-26.89707535879502 -21.869645582739548
-28.769797779902348 -19.33992751989686
-30.36331208987295 -16.727323148200153
-31.676916183730917 -14.082153310492826
-32.72029108274144 -11.450616238089925
-33.51132487116308 -8.872720335427246
-34.07367425723633 -6.381127124817997
-34.434394226775126 -4.000819291891773
-34.62186591131791 -1.7494175002154648
-34.66414532403893 0.3620631509107959
-5.245483156329584 34.26687857433181
-7.8223428645711905 33.77195601205874
-10.493869253813287 33.0395636904486
-13.222666298883325 32.0452048943319
-15.963595904299169 30.77170236720063
-18.665666336565337 29.211760662160525
-21.274903614997875 27.369920294803347
-23.73794884929689 25.263488381446887
-26.005930422106715 22.922164898889502
-28.03805097529225 20.38631301334919
-29.804351792122844 17.704086393336464
-31.28727306525893 14.92784662673289
-32.48187078677797 12.110414153215313
-33.394804321549096 9.301672166701184
-34.042402203206514 6.545908111672372
-34.448207328918855 3.880086673665815
-34.64039560690897 1.3330615020245418
-34.64938254645406 -1.0744067762361738
-34.505819672445675 -3.329034320039149
