20.939406849236548 -28.971920382236846
21.09794344184958 -29.40572751197334
21.238868915606403 -29.820219397296512
21.362721168354042 -30.21569145977638
21.47003177980893 -30.592443142045596
21.561326011689513 -30.950777907473636
21.637122807206712 -31.291003240299418
21.69793479058786 -31.613430646222824
21.74426826608408 -31.918375652493793
21.77662321720628 -32.20615780855846
21.795493305879617 -32.47710068686541
21.80136587081439 -32.73153188285528
21.794721926660767 -32.96978301656253
21.776036161810456 -33.192189732805645
21.74577693668817 -33.39909170292488
21.70440628083366 -33.59083262582382
21.65237988966447 -33.76776023009616
21.59014711994202 -33.93022627641322
21.518150983745304 -34.078586560848635
21.43682814011517 -34.21320091937403
21.346608883442723 -34.33443323449251
21.247917126434956 -34.44265144452231
21.14117037474786 -34.53822755747731
21.02677968818328 -34.621537672815265
20.905149618264893 -34.69296201530648
20.776678105178256 -34.752884992686774
20.64175629656854 -34.80169529471124
20.500768212314 -34.83978607877464
20.354090073589383 -34.86755533982375
20.202088827310536 -34.88540672438714
20.045118457571906 -34.89375156547024
19.88350892031099 -34.89301498693149
19.717521882816122 -34.88366032108928
19.547040901100427 -34.866360031062214
19.37573516333985 -34.83969866873741
20.76271491669783 -28.518506611137667
18.84698550753917 -34.80532571055883
18.49059462648347 -34.79864621120808
18.13311629872195 -34.78561125198246
17.775035167217204 -34.76658927915935
17.41675429064962 -34.741991194531465
17.058642047255123 -34.71224447940952
16.7010438602712 -34.67778672582105
16.344286105783098 -34.63906348023943
15.98867767555691 -34.59652738186645
15.634510686287499 -34.550637770174035
15.282060833906023 -34.501860489881636
14.931587583052846 -34.45066778540718
14.583334274424391 -34.39753824138825
14.237528187584996 -34.34295674712274
13.8943805783146 -34.2874144748923
13.554086700107437 -34.23140886640388
13.216825815203354 -34.1754436253172
12.882761196632448 -34.1200287122748
12.552040122736706 -34.065680344410424
12.224793861799412 -34.012920996818934
11.901137643785027 -33.96227940851847
11.581170611194182 -33.9142905935079
11.264975734298808 -33.86949586096014
10.952619660395655 -33.82844285166726
10.644152432201935 -33.791685607716516
10.3396069223584 -33.75978471087694
10.038997588609412 -33.73330759019356
9.74231735967642 -33.712829289615286
9.449528292006178 -33.69893477336413
9.160524194781566 -33.692228147067254
8.874869002685983 -33.69339720762753
8.595331958523502 -33.70234122427024
19.201394383630724 -34.805504891792
8.370207566682154 -33.62875896122918
8.422581429277457 -33.54805617021137
8.477365506532031 -33.47850144787145
8.534843430141919 -33.42057766276952
8.595247346205895 -33.37478024440654
8.658797703938951 -33.34160736546926
8.725713205269898 -33.32155748744168
8.796214123879295 -33.31512854126902
8.870523635952559 -33.32281759872063
8.948868428887245 -33.3451207218084
9.031479010379726 -33.38253288579858
9.118589881168283 -33.43554793651313
9.210439641472831 -33.50465856230423
9.307271065927942 -33.59035627499438
9.409331164960676 -33.69313139241024
9.516871245542987 -33.81347302112076
9.630146981908538 -33.95186903501195
9.749418509529406 -34.108806046753614
9.874950561418245 -34.284769365019855
10.007012680106484 -34.480242928620385
10.1458795657731 -34.6957091967966
10.291831682046208 -34.9316489595015
10.445156377668084 -35.18854098474216
10.606150127356429 -35.46686131439131
10.77512345923843 -35.767081714946215
10.95241327172711 -36.0896658063954
11.13841978156239 -36.43505744781692
11.333754313550457 -36.8036342804817
11.540273825671505 -37.1953825327131
18.622948205115375 -29.36312565426087
19.912886437810243 -34.0073122641177
22.653489867768812 -32.246546024733135
25.3341866562252 -30.186078251105727
27.900060463495876 -27.831761709378213
30.296343126649347 -25.20222067331892
32.47221347486931 -22.328808426713067
34.384512269281515 -19.254237188680463
36.00083452636582 -16.02997963565653
37.30154994917572 -12.712777238018674
38.280499362099164 -9.360753297820708
38.94436270527828 -6.029672229405804
39.31092086276004 -2.769807689381082
39.40658250458314 0.3762831697248714
39.26359462972843 3.3749771060997773
38.91731266273847 6.201863334917334
38.40380593144367 8.841268217532388
37.75795534636548 11.285262149201799
37.01209234053782 13.532381693177228
-5.066803674073043 39.08129775535528
-2.118966100426235 39.351369942856905
0.9964302122266275 39.39577973015
4.246686645283077 39.17889720565282
7.589348211330957 38.67068822042742
10.973509858283194 37.8497346768045
14.34222359571983 36.70587086618045
17.635844694640724 35.24198228847024
20.795946096365896 33.474601710421894
23.76928145956903 31.433128902642267
26.511241512663076 29.157750379128828
28.988342371796506 26.69637316659032
31.179480198904145 24.101044546668135
33.075923204316965 21.424370186693068
34.680222265291576 18.71637030367566
36.00435729598982 16.022065703804884
37.06748198836763 13.379914527244864
37.893597811004156 10.821071049216812
38.509408643083844 8.369335677000606
38.94251162732154 6.041615832727473
8.319630292878479 -33.720208228243564
-12.69454930464613 32.328271050555685
-34.909079568075185 6.105737588871165
-34.91449684880813 6.866792517147275
-34.88446294609885 7.63954028380914
-34.820416594760545 8.422641499411839
-34.723770566264896 9.214797494838564
-34.59591166789075 10.014750329230651
-34.438200742878784 10.8212827916565
-34.25197267121468 11.63321840147347
-34.0385363699029 12.44942140804065
-33.79917479389463 13.268796790385522
-33.535144937200606 14.090290256797346
-33.24767783319349 14.912888243918587
-32.93797855664549 15.735617916328323
-32.60722622437483 16.55754716528145
-32.256573997570555 17.377784607824367
-31.887149083553354 18.195479585148348
-31.50005273881056 19.00982216085538
-31.096360272569182 19.820043118481067
-30.677121051698045 20.625413958225693
-30.243358507369113 21.425246892408154
-29.79607014469774 22.21889483923772
-29.336227556390124 23.00575141361017
-28.864776443111275 23.78525091341379
-28.382636645131747 24.556868298732866
-27.890702192094388 25.32011915811603
-27.38984138686521 26.074559653385165
-26.88089695066257 26.819786421952017
-26.36468629381806 27.555436396829833
-25.842002056093243 28.281186445951278
-25.313613295411024 28.99675257911605
-24.78026845936172 29.701887965575253
-24.242704299260748 30.39637698697507
-23.701681526087263 31.08001144990186
-23.1582344007371 31.752424074149673
-22.610322836019535 32.41532201455044
-34.866746413990924 5.357755550976634
-21.760088491900547 33.0782055089835
-21.457848672420234 33.082152981406324
-21.153879643805972 33.07981176379042
-20.84849888415081 33.071632238450974
-20.54206439724346 33.05803595830224
-20.234936927306546 33.03944085496062
-19.927470513181866 33.01626754055803
-19.620009340129247 32.98894140794056
-19.312886481436532 32.957893471085725
-19.006423326479 32.92356074593053
-18.7009292960097 32.886386441429465
-18.396701689245557 32.84682006133255
-18.094025597811537 32.80531746242656
-17.793173855269618 32.76234088871294
-17.494407007304634 32.71835899214253
-17.197973294612382 32.67384684495312
-16.904108644957493 32.62928594730167
-16.61303667159316 32.58516422968012
-16.324968679176234 32.541976053179326
-16.040103677219143 32.50022220498579
-15.758628405288832 32.46040988975267
-15.480717376043394 32.423052713289195
-15.20653294936681 32.388670653966784
-14.936225463892214 32.35779001124851
-14.669933483215097 32.330943309943365
-14.407784288799718 32.30866910602731
-14.149894966576031 32.29151156088619
-13.896375123593224 32.28001937415337
-13.647335039821904 32.27474258311875
-13.402918276074132 32.27621975834711
-13.163529931630247 32.28488837225484
-12.926753546629485 32.3022954591772
-22.060586649680417 33.0673136755955
-12.479795175328043 32.31436311528003
-12.270179519586456 32.31016708565639
-12.065350547817154 32.31638224386404
-11.865236418856 32.33359680634183
-11.669802253915357 32.36238333863423
-11.479015421895149 32.403312385819646
-11.292836858545165 32.456955881335546
-11.111218169870625 32.52388828345411
-10.9341004701189 32.604687030636455
-10.761413849424478 32.69993274935507
-10.593077102351188 32.81020935887233
-10.42899757526066 32.93610412968283
-10.269071069993082 33.07820771759813
-10.113181774711677 33.237114187691105
-9.961202204284703 33.41342103163501
-9.812993139161534 33.607729184120046
-9.668403551486463 33.82064304010598
-9.527270505152416 34.052770477074176
-9.389419008709638 34.3047228856104
-9.254661785902314 34.57711521714492
-9.122798897174249 34.87056606073793
-8.993617081017653 35.18569777747234
-8.866888533195848 35.52313674789701
-8.742368467643985 35.8835138664991
-8.619789752357846 36.26746562815512
-8.498849501420494 36.67563684497284
-8.379168852668343 37.10868879452721
-8.26013208071214 37.56733181203796
-8.139760392231466 38.05255343651862
16.633260425237722 -30.534275751432915
16.633260425237722 -30.534275751432915
14.504342560871557 -31.601129646188497
12.24861968673091 -32.54195236626333
9.882848654383373 -33.336716252697656
7.4277741123961185 -33.968154494666635
4.907484173787536 -34.422724283855686
2.3484994321666512 -34.69138075164257
-0.22133492792785248 -34.77007849988266
-2.7740567489734858 -34.659947449351364
-5.282784044064382 -34.36712878292428
-7.722795436404493 -33.902297542877136
-10.072407301308868 -33.27993328110594
-12.313591589415779 -32.51742317908035
-14.432313224414152 -31.63409052005011
-16.41859865939263 -30.650235987674122
-18.266372677012654 -29.58626332037909
-19.973116280570906 -28.461939042888787
-21.539404399908385 -27.295812978102163
-22.968379773050977 -26.10480566177857
-34.63507565770766 3.069019749560084
-34.76239382617382 0.7637561864335396
-34.733147904384445 -1.6173387680005078
-34.53373001951112 -4.053250421308775
-34.154037300192755 -6.519899089354453
-33.5882500200474 -8.990929241691845
-32.83539159107964 -11.438724015325306
-31.899598062749277 -13.835569792146828
-30.79005522756097 -16.154870693449354
-29.52060060091985 -18.372302201936847
-28.109028217906157 -20.466799473373413
-26.576168599444685 -22.421298147346732
-24.94483818119469 -24.22317890270257
-23.238758917450838 -25.86440472956845
-21.481540269186937 -27.34137479538333
-19.695795976389746 -28.654545344408334
-17.902442144448173 -29.807883408638887
-16.120196564931064 -30.80822310270925
-14.365276043117355 -31.66458893217093
-12.65127130417239 -32.38753899922851
14.452855087167777 -36.66245100294938
