0.23393977326975346 -34.459559148842345
0.24330003353290408 -34.193167048792134
0.2530120943212353 -33.993670168168364
0.2631035798044934 -33.85838077274752
0.2736102176399413 -33.78461109010814
0.2845675361892859 -33.76967336358996
0.29600879179602657 -33.810879865366616
0.3079642814190322 -33.90554290145275
0.32046107211030517 -34.0509748127032
0.33352288389389173 -34.24448797580081
0.3471700392568664 -34.48339480348335
0.361419447564316 -34.76500774469639
0.37628461365059707 -35.08663928391121
0.39177567062750995 -35.44560194085139
0.4078994463631602 -35.839208269362274
0.424659587544312 -36.26477085535936
0.4420567954137766 -36.71960231385529
0.4600893011042615 -37.20101528149101
0.4787539143855497 -37.70632240158412
0.498048648017118 -38.23283628523484
0.5179805931505257 -38.777869396627636
0.5385974234690707 -39.33873359201942
0.5602079281587464 -39.91273689392469
0.5804380040178785 -40.4972265530954
0.22496993097041695 -34.79553378887209
0.7537371595683737 -41.67906503935177
0.9111429880949231 -42.27080711451654
1.0728273227331897 -42.86203454788341
1.2386388658999863 -43.4500636264153
1.408436963070244 -44.0322119733203
1.5820573629355863 -44.6057990482978
1.7593036628421714 -45.168146272423996
1.9399444646346637 -45.71657706846537
2.123712247470735 -46.24841687679617
2.310302870711155 -46.76099316049746
2.499375348516139 -47.25163540579521
2.690551765082148 -47.717675119263674
2.883417286846452 -48.15644582013172
3.0775202761958553 -48.56528302522253
3.2723725623548034 -48.94152422133027
3.4674500242824706 -49.28250880825638
3.662193903456341 -49.58557797285252
3.856014110141075 -49.84807437526763
4.048299163162312 -50.06734120570488
4.238455970038672 -50.24071841200515
4.426188315818422 -50.36551629243661
4.607756089673217 -50.43937020248521
0.601011484994757 -41.089489865665456
4.811017512348542 -50.434167131173155
4.833112445028405 -50.35834467462797
4.850667207799461 -50.23480737234539
4.863743688500449 -50.066001985649564
4.872469927496411 -49.85436895963247
4.8769969264797055 -49.602346519008165
4.87748785213347 -49.31237169151481
4.874114439341781 -48.98688064923212
4.867055555052559 -48.628308844098655
4.856496549308986 -48.23909107016661
4.842628936000779 -47.82166149324448
4.825650228774975 -47.378453666064615
4.805763859108083 -46.91190053656368
4.783179145220572 -46.42443444936919
4.758111302141629 -45.91848714511406
4.73078149742804 -45.396489752916324
4.701416976205678 -44.86087277726472
4.6702513131335195 -44.31406606940308
4.6375249320054195 -43.75849877061634
4.603486261366697 -43.196599184340954
4.568394634916785 -42.6307944574672
4.532529003143736 -42.0635096208421
4.49622279190578 -41.497163753045015
4.460107929531489 -40.934143121383215
4.421810370262108 -40.377164886834834
4.784689021933048 -50.45979299549771
4.458696364881007 -39.271624569139675
4.532078913937369 -38.7283408512273
4.603865717909969 -38.20101954661712
4.6744369907657415 -37.69206586047159
4.744258954531006 -37.203874011745626
4.813846194447422 -36.73883137573799
4.883752253603973 -36.29931951883202
4.954566504986417 -35.887714541798516
5.026912909459043 -35.50638721511251
5.101449463406425 -35.157703038610435
5.178867938944904 -34.84402226705481
5.259893767548931 -34.56769992046455
5.345286007538846 -34.331085781730735
5.4358373768558295 -34.1365243857027
5.5323743565662085 -33.9863549954043
5.635757396726035 -33.88291155804319
5.746881299990605 -33.828522626809075
5.866675950787226 -33.82551121250853
5.996107787086316 -33.87619448606338
6.136183049555768 -33.98288312196706
6.287955915401483 -34.14787965616378
6.452552911679675 -34.37347355705273
6.631270584913068 -34.66192150861562
6.826259218589769 -35.0153093829864
-2.2018093392423452 -35.13547251237824
13.98614435368637 -33.31704943853981
16.28187587851869 -32.257379544048035
18.54317018113852 -31.012720886848882
20.742654689674907 -29.586826352232606
22.8534637595518 -27.988519277788015
24.85043943501927 -26.23153973861804
26.711263001139628 -24.334059383017234
28.417412278709264 -22.31790080975631
29.954859620139246 -20.207533305923533
31.314458203899164 -18.0289413047054
32.492003026233874 -15.808471036614094
33.48799052503858 -13.571754041655169
34.307130645669304 -11.342786431615252
34.957683449108856 -9.14321524651794
35.45069813089964 -6.991853774506808
35.799227210578806 -4.904421300990606
36.017575919668275 -2.8934826841004053
36.12063020874115 -0.9685507191851173
22.37412040378524 28.373169603151126
24.200987011830705 26.831888581042108
25.973591964511797 25.119923121564398
27.66672132102525 23.24199966691728
29.255364187768464 21.20758551587832
30.715836174767674 19.03090710547164
32.02691512719082 16.730652246938064
33.17088439316876 14.329356082786546
34.1343819791536 11.852509610774007
34.90897319893281 9.32746521668389
35.49139691775696 6.782238715828896
35.883475158210615 4.244317111425744
36.09171509015391 1.7395743799602883
36.12666425220385 -0.7086234407612153
36.002099527592975 -3.0800725279685537
35.73413636612037 -5.358126103384848
35.34033844177452 -7.5298403696952505
34.838892844435804 -9.585904367673322
34.24789629948975 -11.520400003109899
33.58477774749093 -13.330443384370113
4.383687412294023 -39.8284255018045
35.72417966150675 18.146712671828
-13.060806282792328 31.884927885327215
-12.85830515407585 31.67589652729663
-12.682320825321852 31.528334718161574
-12.531275951057893 31.439960914325127
-12.403616000399296 31.40848559923782
-12.297815774385782 31.431608589761424
-12.212381032465288 31.507018363309072
-12.145849031752903 31.63239183524803
-12.096788738493046 31.805394270260734
-12.063800919318936 32.02367924428589
-12.045518179858817 32.28488862761267
-12.040604975585296 32.58665257921001
-12.04775760278352 32.926589547879274
-12.065704169572882 33.30230628113728
-12.093204538228406 33.71139784326783
-12.129050218263586 34.15144764937173
-12.172064164066029 34.62002753112941
-12.22110036669639 35.11469786815218
-12.275042954066578 35.633007879317375
-12.33280393897681 36.172496350483726
-12.393316462094617 36.73069382025838
-12.45550776112836 37.305131321796836
-12.518109952205634 37.89340157790423
-12.582182868122914 38.49234308971526
-13.291378733692397 32.157721226478884
-11.401682927463298 39.53363543473429
-10.117280294038096 39.96589824721514
-8.79161466172485 40.39405126815018
-7.424318226535263 40.81555519315947
-6.015350245727291 41.22791872450048
-4.565026416308342 41.62868906649882
-3.074026215840604 42.01544954743679
-1.543395344086548 42.3858188232376
0.02545330756987596 42.737450555482326
1.6307392261351765 43.06803325842034
3.270314077936405 43.37529021361942
4.9416616265738185 43.656979410458234
6.641897727583853 43.910893488870556
8.367770397891604 44.13485966466746
10.115659995664487 44.3267396087013
11.881579614711995 44.484429215902594
13.66117597747973 44.60585810591718
15.449731687772953 44.688988383524844
17.24217200550663 44.731810925468324
19.033091962113815 44.732330536618804
20.81694618893175 44.68846205627912
22.5854792864626 44.59943668057511
-12.645311756684777 39.099916659782906
25.12421501448472 43.616292106077395
25.888421179008446 42.72771902620195
26.6251264458553 41.80177934088027
27.333319568436764 40.84283574816254
28.01218507410681 39.85506901319789
28.661073820880347 38.84249408340145
29.27949563536987 37.80896411802229
29.86711685805659 36.75817183259653
30.423759360120414 35.69365003701196
30.949400096406634 34.6187718816347
31.44417088065643 33.53675098037067
31.908358263820787 32.45064147766385
32.342403464477854 31.36333808809067
32.74690232543662 30.277576119867234
33.122605286955604 29.19593149163842
33.470417367332686 28.120820743689052
33.791398149679424 27.05450104878591
34.08676176959898 25.999070223030145
34.357876902832345 24.956466742761933
34.606266745587504 23.928469775620755
34.83360897484721 22.91669925508444
35.04173563501001 21.92261609861663
35.232632695081804 20.94752307752003
35.40843695832257 19.992570897740023
35.57147800152899 19.058675635257657
24.33392106935537 44.462841155007936
34.751374268824236 18.465410363720878
33.803337468558766 18.775069941568233
32.88167051383101 19.0774506664323
31.987849093355294 19.374458720145526
31.123226670982376 19.6681406362907
30.28903496635502 19.96068235881569
29.486384079726918 20.25440900366192
28.71626253864264 20.551784775499527
27.979537322861574 20.855412929790447
27.276953884240925 21.168035750155695
26.609136166608437 21.492534528992934
25.976586632128885 21.831929547502256
25.379686296352986 22.189380048728395
24.818694781664135 22.568184200016873
24.29375040031647 22.97177903489444
23.80487029048504 23.403740357836938
23.35195065339127 23.867782580534765
22.934767190709238 24.36775841911333
22.552975977638198 24.907658291407103
22.206115380654296 25.491608993123464
21.893610849417087 26.123870391826614
21.614789288445422 26.80882551206892
21.36893654055814 27.55094088245309
21.1556997617443 28.354488971339265
-4.739104174527881 -34.88395454442394
-4.739104174527881 -34.88395454442394
-7.359470918337223 -34.42655342663002
-10.032138302320789 -33.744712091193946
-12.721206292321796 -32.82560438899267
-15.387076343182343 -31.663658579569443
-17.988400389339517 -30.261639817882838
-20.4843756200614 -28.631097577471536
-22.83713351982277 -26.792064601897522
-25.013937140211567 -24.772007221458807
-26.98892284432077 -22.60414645010428
-28.744197929475376 -20.325365394639448
-30.270213967977753 -17.973968381170238
-31.565449381385065 -15.587552674672168
-32.63552733914091 -13.20120253350612
-33.49195001714847 -10.846136504916842
-34.150643939515106 -8.54885439991358
-34.63049077957129 -6.330758359034888
-34.95197666408606 -4.208173036799451
-35.136044340106 -2.1926653106590095
-15.659976771544763 31.529581674185607
-17.90098284290349 30.313432769855297
-20.13868366617791 28.875297630121167
-22.337518783206377 27.210010063290383
-24.459423917880287 25.319675642470003
-26.465740246700193 23.214521020875196
-28.319430694493263 20.91313554143079
-29.987368564579782 18.44199337399607
-31.442422686146983 15.834249229443486
-32.66507538333025 13.127918465461875
-33.64437649016776 10.363653970598847
-34.37814320189173 7.582391642792317
-34.87243484251124 4.82314017930949
-35.14043464467758 2.1211426207606507
-35.20093612572418 -0.4934459515981473
-35.07665170152325 -2.9963141431579743
-34.79254102672559 -5.369216138141553
-34.374309853929134 -7.5997509893767585
-33.84717295103337 -9.680820019879349
-33.234920192415984 -11.609886857252434
9.396562845178494 -34.89043742730763
