107.869901121
4.3784930391
110.238576428
44.6954826148
112.611036031
45.0479962482
114.987181117
45.4342374645
117.366912876
45.8524097889
119.750132498
46.3007167466
122.136741171
46.777361863
124.526640084
47.2805486631
126.919730427
47.8084806722
129.315913388
48.3593614155
131.715090158
48.9313944183
134.117161924
49.5227832058
136.522029877
50.1317313032
138.929595204
50.7564422358
141.339759096
51.3951195286
143.752422742
52.0459667071
146.16748733
52.7071872963
148.58485405
53.3769848216
151.00442409
54.0535628082
153.426098641
54.7351247812
155.849778891
55.4198742659
158.275366028
56.1060147875
160.702761244
56.7917498712
163.131865726
57.4752830423
165.562580663
58.1548178261
167.994807245
58.8285577476
170.428446661
59.4947063321
172.863400101
60.151467105
175.299568752
60.7970435913
177.736853804
61.4296393163
180.175156447
62.0474578052
182.61437787
62.6487025833
185.054419261
63.2315771758
187.49518181
63.7942851078
189.936566705
64.3350299047
192.378475137
64.8520150917
194.820808294
65.3434441939
197.263467365
65.8075207366
199.70635354
66.2424482451
202.149368007
66.6464302444
204.592411956
67.01767026
207.035386576
67.3543718169
209.478193056
67.6547384405
211.920732584
67.9169736559
214.362906351
68.1392809883
216.804615545
68.3198639631
219.245761356
68.4569261053
221.686244972
68.5486709403
224.125967583
68.5933019932
226.564830378
68.5890227893
229.002734498
68.5341273611
231.439580193
68.4286121166
233.875266917
68.2739884936
236.309694098
68.0718208078
238.742761163
67.8236733751
241.174367538
67.5311105115
243.604412652
67.1956965328
246.03279593
66.8189957549
248.4594168
66.4025724938
250.88417469
65.9479910652
253.306969026
65.4568157851
255.727699235
64.9306109693
258.146264745
64.3709409339
260.562564983
63.7793699945
262.976499375
63.1574624672
265.387967349
62.5067826678
267.796868332
61.8288949123
270.203101751
61.1253635164
272.606567034
60.3977527961
275.007163606
59.6476270673
277.404790896
58.8765506459
279.79934833
58.0860878477
282.190735336
57.2778029886
284.578851341
56.4532603846
286.963595771
55.6140243515
289.344868055
54.7616592052
291.722567618
53.8977292616
294.096593888
53.0237988366
296.466846293
52.1414322461
298.833224259
51.2521938059
301.195627213
50.357647832
303.553954583
49.4593586402
305.908105795
48.5588905464
308.257980277
47.6578078666
310.603477456
46.7576749165
312.944496759
45.8600560122
315.280937613
44.9665154694
317.612699446
44.0786176041
319.939681683
43.1979267322
322.261783753
42.3260071695
324.578905082
41.4644232319
326.890945098
40.6147392354
329.197803227
39.7785194957
331.499378898
38.9573283289
333.795571536
38.1527300508
336.086280569
37.3662889772
338.371405424
36.5995694241
340.650845529
35.8541357074
342.924500309
35.1315521429
345.192269194
34.4333830465
347.4540516
33.7611927342
201.4355929
97.550805364
203.419374882
197.901091968
205.411303716
198.246240483
207.411038862
198.585721415
209.418239781
198.919005269
211.432565935
199.245562552
213.453676784
199.564863769
215.481231789
199.876379427
217.514890409
200.17958003
219.554312108
200.473936087
221.599156344
200.758918101
223.649082579
201.03399658
225.703750273
201.298642028
227.762818888
201.552324953
229.825947883
201.79451586
231.892796721
202.024685254
233.963024861
202.242303642
236.036291764
202.44684153
238.112256892
202.637769424
240.190579704
202.81455783
242.270919662
202.976677253
244.352936226
203.123598199
246.436288857
203.254791175
248.520637016
203.369726686
250.605640164
203.467875239
252.690957761
203.548707338
254.776249269
203.611693491
256.861174147
203.656304203
258.945391857
203.68200998
261.028561859
203.688281328
263.110343615
203.674588753
265.190396585
203.640402761
267.268380229
203.585193858
269.343954009
203.508432549
271.416777385
203.409589341
273.486509818
203.28813474
275.552810769
203.143539251
277.615339698
202.97527338
279.673756067
202.782807634
281.727719336
202.565612518
283.776888965
202.323158539
285.820924416
202.054916202
287.85948515
201.760356012
289.892230626
201.438948477
291.918820307
201.090164102
293.938913652
200.713473393
295.952170122
200.308346856
297.958249179
199.874254996
299.956810288
199.410668337
301.94762783
198.917358984
303.930884902
198.395171726
305.906855435
197.845189738
307.875813359
197.268496195
309.838032605
196.666174272
311.793787103
196.039307143
313.743350784
195.388977983
315.686997578
194.716269968
317.625001415
194.022266271
319.557636226
193.308050069
321.485175942
192.574704535
323.407894492
191.823312844
325.326065806
191.054958172
327.239963816
190.270723694
329.149862452
189.471692583
331.056035644
188.658948015
332.958757323
187.833573165
334.858301419
186.996651208
336.754941862
186.149265318
338.648952582
185.29249867
340.540607511
184.42743444
342.430180579
183.555155801
344.317945715
182.676745929
346.204176851
181.793287999
348.089147916
180.905865186
349.973132842
180.015560663
351.856405558
179.123457607
353.739239995
178.230639192
355.621910083
177.338188593
357.504689753
176.447188984
359.387852936
175.558723541
361.271673561
174.673875438
363.156425558
173.793727851
365.042382859
172.919363953
366.929819394
172.051866921
368.819009093
171.192319928
370.710225886
170.34180615
372.603743704
169.501408761
374.499836478
168.672210936
376.398778137
167.855295851
378.300842613
167.05174668
380.206303834
166.262646597
382.115435733
165.489078778
384.028512239
164.732126397
385.945807283
163.99287263
387.867594795
163.272400651
389.794148705
162.571793635
391.725742944
161.892134757
393.662651443
161.234507191
395.605148131
160.599994113
397.553506939
159.989678697
399.50800179
159.404644119
-20.4700499494
40.090131792
-19.8263190301
141.186997043
-19.1695481685
142.266562572
-18.4999084142
143.32902061
-17.8175708169
144.374563389
-17.1227064263
145.40338314
-16.4154862921
146.415672096
-15.6960814641
147.411622488
-14.9646629919
148.391426547
-14.2214019252
149.355276505
-13.4664693138
150.303364593
-12.7000362073
151.235883045
-11.9222736554
152.15302409
-11.1333527078
153.054979961
-10.3334444142
153.941942889
-9.52271982439
154.814105106
-8.70134998799
155.671658844
-7.86950595471
156.514796333
-7.02735877426
157.343709807
-6.17507949633
158.158591497
-5.31283917063
158.959633633
-4.44080884685
159.747028448
-3.5591595747
160.520968174
-2.66806240387
161.281645042
-1.76768838407
162.029251283
-0.858208565003
162.76397913
0.0602060036419
163.486020814
0.98738427216
164.195568566
1.92315519085
164.892814619
2.86734771002
165.577951204
3.81979077995
166.251170552
4.78031335096
166.912664895
5.74874437334
167.562626466
6.7249127974
168.201247495
7.70864757342
168.828720214
8.69977765172
169.445236854
9.69813198259
170.050989648
10.7035395163
170.646170828
11.7158292032
171.230972623
12.7348299936
171.805587268
13.7603708378
172.370206992
14.792280686
172.925024028
15.8303884886
173.470230607
16.8745231959
174.006018961
17.9245137581
174.532581321
18.9801891256
175.05010992
20.0413782487
175.558796989
21.1079100776
176.058834759
22.1796135627
176.550415462
23.2563176543
177.03373133
24.3378513027
177.508974594
25.4240434581
177.976337487
26.5147230709
178.436012239
27.6097190914
178.888191082
28.7088604698
179.333066248
29.8119761565
179.770829969
30.9188951018
180.201674476
32.0294462559
180.625792001
33.1434585692
181.043374776
34.260760992
181.454615032
35.3811824745
181.859705
36.5045519671
182.258836913
37.6306984201
182.652203003
38.7594507837
183.039995499
39.8906380083
183.422406636
41.0240890442
183.799628643
42.1596328417
184.171853753
43.297098351
184.539274197
44.4363145224
184.902082207
45.5771103064
185.260470015
46.7193146531
185.614629852
47.8627565129
185.96475395
49.007264836
186.31103454
50.1526685728
186.653663855
51.2987966736
186.992834125
52.4454780886
187.328737583
53.5925417682
187.66156646
54.7398166627
187.991512987
55.8871317223
188.318769397
57.0343158974
188.643527921
58.1811981383
188.965980791
59.3276073952
189.286320237
60.4733726185
189.604738493
61.6183227584
189.921427789
62.7622867653
190.236580358
63.9050935895
190.55038843
65.0465721812
190.863044238
66.1865514909
191.174740013
67.3248604686
191.485667987
68.4613280648
191.796020391
69.5957832298
192.105989458
70.7280549139
192.415767418
71.8579720673
192.725546503
72.9853636404
193.035518945
74.1100585834
193.345876976
75.2318858467
193.656812827
76.3506743806
193.96851873
77.4662531353
194.281186917
78.5784510612
194.595009619
79.6870971086
194.910179067
80.792020227
195.226887495
1.758976543706936
-35.4224690379862
1.9097749407886369
-36.12723137335273
2.062642519343541
-36.77272439702511
2.2165444508534478
-37.360867055280444
2.370929247183554
-37.89355359852799
2.5253458488150784
-38.37267259559872
2.679388925064245
-38.8001096494313
2.8326852021657345
-39.17774807644548
2.984888910842642
-39.5074691315079
3.135679974053943
-39.79115209773131
3.284763199382411
-40.03067432488874
3.431867907931405
-40.22791124555956
3.576747807480018
-40.384736375743415
3.7191811071206757
-40.50302129465058
3.8589711692776802
-40.584635569967446
3.995949378923001
-40.63144644484138
4.129995537756486
-40.64531662998188
4.260764910885911
-40.62813381938572
1.758976543706936
-35.4224690379862
4.303476566420642
-40.52495293832257
4.216261411506991
-40.442592938180674
4.1269737816508325
-40.3364931659386
4.035928287925401
-40.20848242666689
3.943429905324024
-40.06039023849197
3.8497707542479986
-39.894047181127945
3.755229295638344
-39.71128498219946
3.6600700625785407
-39.513936546957645
3.564543552608285
-39.30383596950651
3.4688861784437677
-39.082818538208905
3.3733202428268214
-38.85272073847137
3.278053924170166
-38.61538025383962
3.1832812672118678
-38.37263596752493
3.089182175329654
-38.12632796268726
2.9959224022423427
-37.87829752327882
2.9036535399492607
-37.63038713447259
2.8125129971630543
-37.38444048475139
2.7226239535323487
-37.14230246807148
2.634095246874125
-36.90581919135257
2.547021036050154
-36.676837994809866
2.4614794540244986
-36.45720753582908
2.377523180741008
-36.248778370404764
2.2953061754178066
-36.05339512881134
4.388317528286279
-40.58174263867197
2.2545414330361098
-35.699400696034125
2.2950010333836417
-35.54458157983563
2.3363839605201235
-35.41029520258529
2.378904101667615
-35.29837936347521
2.4227836856818215
-35.21067116232095
2.4682547479237087
-35.14900690970249
2.51555395741309
-35.11514473383684
2.5648036838499877
-35.10914233233769
2.6160033030256784
-35.129401030338485
2.6691380349614633
-35.17425414130814
2.7241837939184563
-35.24203571660068
2.781107210974767
-35.33108054367078
2.839865663227272
-35.4397241435569
2.9004073171116715
-35.56630276624312
2.9626711986090015
-35.709153384387356
3.0265873146237254
-35.866613681462034
3.0920768773645477
-36.0370220294797
3.15905275249645
-36.2187174463871
3.22742044420238
-36.41003949950406
3.2970805575176314
-36.60932806699799
3.367936184606606
-36.81492262025365
3.4399224493866427
-37.025159354890285
3.513213318722194
-37.238351105360984
3.585442903662738
-37.45305720468926
2.2147893812629604
-35.872914685563885
3.7808484907351385
-37.86947765272284
3.9047904651694694
-38.06771297842246
4.0294437280944635
-38.26054648749947
4.154520801449337
-38.44633812692692
4.279760722109756
-38.623446081129984
4.404897334401767
-38.79022985056689
4.529651363957896
-38.94505102212687
4.653727776288235
-39.08627352476628
4.77681472119292
-39.212263732511516
4.898583053969162
-39.321390510505545
5.018686097406885
-39.412025238021926
5.136759515413871
-39.482541820770216
5.252421242958235
-39.531316696533544
5.365271447233681
-39.55672883934684
5.4748925073376995
-39.557159760283
5.580849006764026
-39.53099350712192
5.682687736347191
-39.476616663102405
5.779937707535396
-39.39241834346147
5.872110178364153
-39.27679018990401
5.958698697361569
-39.12812636224658
6.039179175039919
-38.94482352404729
6.113010001647126
-38.725280821108555
6.179632245712924
-38.46789984307087
6.238470004113765
-38.17108455749422
6.288931054466218
-37.83324118727713
6.330408161850755
-37.45277796332197
6.3622819564600945
-37.0281045830071
6.383928129834885
-36.55763085263272
6.3947390273792735
-36.03976261753072
6.394210022486618
-35.47288547916871
6.382544144184465
-34.85525081587809
8.527906914715402
-33.713975601818184
10.645570866666503
-33.10633123964091
12.776272419629208
-32.343843468046046
14.89930528904847
-31.42241316528339
16.99279170350451
-30.341430047829828
19.0344478554195
-29.104074320709106
21.002432497928112
-27.717416481267076
22.876214692006556
-26.192291778140866
24.6373903002156
-24.54294901638527
26.27037989453231
-22.78649791922831
27.762953142536503
-20.942200935703134
29.106544375893236
-19.030670553614225
30.29634742512218
-17.07303956307532
31.33120089540057
-15.09016890820293
32.2132942740098
-13.101947154606016
32.947738202967116
-11.126719846153453
33.54204803749167
-9.180869276743032
34.00558896812379
-7.278548355067777
34.34902502991713
-5.431558406219146
34.583805229077484
-3.649351052348422
25.55664130867831
23.58421998382819
26.998714389832912
21.91863975072976
28.367140983365402
20.116228763262598
29.642336971436293
18.18486200381689
30.80564233046124
16.13597681684434
31.840127085610163
13.984407545485617
32.731356677006715
11.748005673671194
33.468050295509215
9.447060740955742
34.04257304310295
7.1035602222437575
34.45121873692409
4.740345426933779
34.6942624004534
2.3802318615060116
34.775786222538215
0.04516448122877392
34.70330583765809
-2.2445291631001822
34.487241590262784
-4.4707398404393075
34.1402897482497
-6.6180029564514165
33.67675086861681
-8.673741877595752
33.11186767315081
-10.628337895541037
32.46121488457351
-12.475050117878698
31.74017093011264
-14.209816907802733
30.963488503785015
-15.830973656159465
-7.616982378240678
34.63851744341801
-8.197717425889238
35.19100346166412
-8.780515196558198
35.680783628269936
-9.364292173566653
36.11023424116143
-9.947622047478973
36.48179641886372
-10.52909395283669
36.79789732491674
-11.107363643839193
37.06093891443147
-11.6811662867499
37.27329512250291
-12.24932072053251
37.437310927837494
-12.810731155270147
37.555301981982154
-13.36438793232297
37.62955444586837
-13.9093678806546
37.662324919993395
-14.44483445486729
37.65584043220007
-14.970037675646367
37.61229849583125
-15.4843136626626
37.533867348857605
-15.9870825204857
37.422686963349314
-16.4778332478555
37.28087617468886
-16.95632586411358
37.110437289916604
-7.616982378240678
34.63851744341801
-16.927689338960562
36.99858103739296
-16.424308576927217
37.059846625122006
-15.913617107655654
37.0986827893132
-15.397144270120947
37.11653481009994
-14.876331261779342
37.11487546068592
-14.352533521351688
37.09520388332476
-13.827021324367024
37.05904530752523
-13.300979982214102
37.00795095694614
-12.775509921766172
36.94349801148419
-12.251626722025179
36.867289590245505
-11.73026113295478
36.780954743000905
-11.212259086232734
36.686148445041404
-10.698381702826396
36.58455159483685
-10.189305299255608
36.477871011616806
-9.68562139506875
36.367839433757425
-9.187836723990301
36.25621551624354
-8.696373254799
36.144783827876935
-8.211568235320499
36.03535484363502
-7.733674301866358
35.92976492824393
-7.262859806094923
35.82987628543296
-6.799210122050681
35.73757675803073
-6.342736792925706
35.65477842393095
-5.8932546459053015
35.583436450387765
-17.42212523623067
36.91347611067758
-4.3028810841040865
35.0516137096392
-3.167432908483562
34.59878477883176
-2.0426547515979507
34.168321381388424
-0.9266588551801362
33.76146123786552
0.18267256756766415
33.37937848058847
1.2876887525443976
33.023183869772936
2.3909654743277713
32.69385281007281
3.4951314911546376
32.390732018084194
4.602606937865772
32.111651843664106
5.715600787148361
31.854434930959314
6.836113384234864
31.616960808755493
7.965936460275174
31.397165885227025
9.106653147382218
31.193043438993627
10.259637999122475
31.00264360373022
11.426057022771914
30.824073343537293
12.60686773403279
30.655496408927235
13.802819257333454
30.49513325486646
15.014452526160028
30.341260878568065
16.24210072197684
30.192212460317606
17.485890371793744
30.046376468140295
18.74574463929042
29.90219397027449
20.021396489000892
29.75814788666515
21.312480832817755
29.612687747947902
22.617289814232663
29.46524604522409
-5.450666936312047
35.52550534461818
24.141563700383188
29.42194042681563
24.34614313060854
29.526387829168684
24.548189017688003
29.62606549281429
24.74657966767893
29.71974526325147
24.9402011853781
29.80619343784936
25.127933346435555
29.88418230076551
25.308646066233337
29.952493007079745
25.48119822247037
30.00991654311259
25.644437185097217
30.055254110966025
25.797198602639355
30.087317302538175
25.938306295957375
30.104928186305507
26.06657220176021
30.106919353703816
26.180796340428515
30.092133944192618
26.279766798600917
30.059425660386886
26.362259718963514
30.007658775399868
26.42703929570132
29.93570813592809
26.472857774510032
29.84245916203377
26.498455456279373
29.72680784281537
26.50256070564342
29.587660727705185
26.48388996644485
29.423934911796223
26.441147786832175
29.23455801076122
26.37302686231601
29.01846812068372
26.278208107534113
28.7746137480597
26.155360784439495
28.5019536871362
26.003142742077785
28.199456790749956
25.820200896680433
27.86610150895318
25.605172292055386
27.500874874199226
25.356686751015673
27.102769959271285
25.073374835683353
26.67077824999317
24.75389969276665
26.203859128619037
24.397179984386753
25.700726247772934
24.397179984386753
25.700726247772934
-0.7293143555639574
-34.682861702052705
-3.314027846473749
-34.53186955126731
-6.008965995256446
-34.16614000645665
-8.781630518591754
-33.56062813339291
-11.592353259971915
-32.696332228079726
-14.395808608152961
-31.56253300656294
-17.143338908392863
-30.15855975249696
-19.78589695581357
-28.49475525297372
-22.27726347001567
-26.592411089640805
-24.577112460052746
-24.48261298143779
-26.653505518682792
-22.204131120998447
-28.48449958145048
-19.80065854630327
-30.058721707649966
-17.317795603800132
-31.374949397607338
-14.800180592497014
-32.4408868039005
-12.289086973793502
-33.271414820590905
-9.820679768178472
-33.886610163393414
-7.424988007205698
-34.30978945683691
-5.125538283972652
-34.56576340824003
-2.939522967850486
-34.67940746457593
-0.8783468442827171
-9.823240236039467
33.27065894354966
-12.2772995210848
32.44534961658631
-14.781241300984192
31.38387644754907
-17.297125484682795
30.070620965322334
-19.781683424955375
28.497680539787652
-22.188365894819228
26.66663109938277
-24.470051066013013
24.589619681883264
-26.582137183044836
22.28952170986922
-28.485629805250767
19.79903254886851
-30.149795698243906
17.158747466732507
-31.554014638215122
14.414470350458657
-32.688604447768284
11.61412650741714
-33.55458263922928
8.804702106265673
-34.162507025035495
6.029586141465018
-34.53066319712664
3.3265739792689857
-34.68291772582123
0.7266452345277159
-34.64653675965319
-1.746506752047189
-34.450202582963556
-4.076314176522324
-34.1223734534985
-6.252713424820257
0.09589073289876637
-35.01723015313428
0.11449637739048057
-34.759011819444964
0.13309787671607864
-34.56200955447284
0.15175807707711897
-34.423783498474705
0.17055373196978962
-34.34189379719572
0.18956169159335445
-34.31390063272926
0.20885545525791827
-34.33736423028017
0.22850402863929276
-34.40984486105347
0.2485714752560284
-34.52890284277805
0.2691167244876169
-34.692098540096936
0.29019349274236106
-34.89699236399724
0.31185026686290485
-35.14114477211757
0.33413033536274384
-35.422116266835246
0.3570718747080548
-35.73746739447057
0.38070812189286585
-36.08475874214852
0.40506770942388926
-36.461550932296035
0.4301753456020663
-36.86540461231485
0.45605331893722223
-37.29388043128495
0.48272526552159434
-37.744538980958964
0.5102274768405834
-38.21494062053188
0.5386541368847304
-38.702644774905394
0.5684739902427793
-39.20520501881438
0.596300825741082
-39.72023472334706
0.07732870763231858
-35.339104209512584
0.8250186254620644
-40.763986272670905
1.0312598680824294
-41.28745155070129
1.2428487603372105
-41.81321806984997
1.4596362152739175
-42.33884924319321
1.68149578840422
-42.86191076968623
1.9082745089766036
-43.379971396290415
2.1397805918365975
-43.89060310862186
2.3757793466560315
-44.39138119323579
2.615991548864258
-44.87988426215085
2.8600927092990673
-45.35369426228476
3.107712723823738
-45.810396478136965
3.3584357071044337
-46.247579530712386
3.6117999330767248
-46.66283537211115
3.867297858114398
-47.05375927450743
4.124376239075275
-47.417949809532075
4.382436404799478
-47.75300881042091
4.6408348361702565
-48.05654129364504
4.8988844706799455
-48.326155288190705
5.15585798660851
-48.559461406224614
5.410997676211821
-48.75407155767812
5.663554958816292
-48.907593804428956
5.913067001465208
-49.017596344515994
6.155638846590364
-49.082091575965734
0.6246409648923361
-40.24525576613817
6.35921725752911
-49.09063810129442
6.320700584982831
-49.03798429448423
6.277014791107433
-48.94327054759896
6.228414095531548
-48.808573083435334
6.175207450770927
-48.63596095497178
6.117715721759794
-48.42750162058093
6.056260982291974
-48.185262338158736
5.991162948954241
-47.91131062865881
5.922737557316623
-47.60771446203512
5.851296318134246
-47.27654234114888
5.777146000206244
-46.91986334308257
5.7005884664624205
-46.539747140562696
5.6219205904931755
-46.138264013203354
5.5414342221101265
-45.71748485251865
5.459416190814238
-45.279481161955346
5.376148350057122
-44.82632505247739
5.2919076811522245
-44.36008923084211
5.206966505578123
-43.88284697589006
5.12159292423371
-43.39667208861482
5.036051795765729
-42.90363878130566
4.950607192654388
-42.40582139902003
4.865529779009421
-41.905293581551376
4.781126332600252
-41.40412491322027
4.697946413547356
-40.90435746216886
4.613984920813323
-40.4083233295878
6.392665073901867
-49.099109548041156
4.614755082079284
-39.40969009401209
4.6964800481352995
-38.91180483177868
4.776431426344061
-38.4263410991455
4.854933812076354
-37.955359192366245
4.932385823616244
-37.500909620320414
5.009228221195997
-37.06503672353796
5.0859359424194395
-36.64977957731688
5.1630154545812275
-36.25717229157323
5.2410037047284845
-35.88924412849349
5.320467654704203
-35.54801955420572
5.402004065178801
-35.235518259957075
5.486239403173045
-34.95375516997109
5.573829823685401
-34.704740437625816
5.665461211583704
-34.49047943281579
5.7618492918049355
-34.31297271605982
5.863739841394477
-34.17421599304319
5.971909079773809
-34.07620003199398
6.087164407507657
-34.02091050903178
6.210345894334864
-34.01032769737412
6.342329561580641
-34.04642578405307
6.484035595033333
-34.13117115799258
6.6364529912748935
-34.26651727671718
6.8007381504824025
-34.454384128693846
6.978905040350526
-34.696514473556675
-2.39957786859091
-35.646309551081316
13.672527763986864
-33.008251641271414
15.805226429682875
-32.04180877193019
17.905076644227393
-30.91748570364075
19.950388872695214
-29.638904765505885
21.919994648991974
-28.2134104010602
23.794061484553197
-26.65192919733562
25.554854750752895
-24.968622119340324
27.18738580808275
-23.18035255972069
28.679897213926665
-21.306012946327854
30.024153647008006
-19.365765919563984
31.21552817345804
-17.380261583835107
32.252894154972694
-15.369889736059235
33.138350359629044
-13.354116493162849
33.87681858754496
-11.350940677188731
34.47555856474969
-9.376489402703157
34.94364439916325
-7.444757079671376
35.29144181281191
-5.56747937970141
35.5301173648823
-3.754124652722737
26.787749013951725
23.641048932651415
28.212371289040846
21.921332033427944
29.559624231037503
20.067668205109186
30.810589973078436
18.088400630827692
31.94736563717072
15.995265571893839
32.95381894126979
13.803206477355133
33.81629801276898
11.529990484908751
34.52423537400324
9.195643735536635
35.07059345388694
6.821742201422609
35.45211385772478
4.430611119180526
35.6693527972389
2.044495756071143
35.72650725115733
-0.31523245945365375
35.63105697980387
-2.6287773531548453
35.39326336309989
-4.878483409907233
35.02557524377215
-7.049239016613484
34.54199404972957
-9.128709598784155
33.957446272340405
-11.107408992722071
33.28720262480289
-12.978629869358485
32.54637200179258
-14.73826181716899
31.749486699358954
-16.38452886712696
4.531229156163818
-39.91790146719879
33.75766470338158
21.780518106434585
-11.514311947819124
33.01033673160072
-11.026106957996234
32.85078329985785
-10.562559596763947
32.74800182878474
-10.120845252954524
32.70010913132319
-9.698236533864844
32.70520431265831
-9.29211469183602
32.76136463275273
-8.899972475623457
32.86664447149133
-8.51941507466239
33.019074984850306
-8.14816048811673
33.216663967436716
-7.784039680904357
33.457395791078
-7.424996644537629
33.73923137470703
-7.0690884044203415
34.06010817073016
-6.714484983204386
34.41794015835242
-6.35946931196537
34.81061784509711
-6.00243705653088
35.2360082743088
-5.641896283055985
35.69195504378101
-5.27646678075854
36.17627834679294
-4.904878565354323
36.68677506419078
-4.525968132271487
37.22121899575387
-4.138667211813839
37.777361557750794
-3.741957784686292
38.35293457412595
-3.334557183138884
38.94566981358321
-2.919123237005607
39.55303807768294
-12.030016382461554
33.2285565725856
-1.4404663429513676
40.396187016949966
-0.3593481568195216
40.616537557361426
0.7506412765897608
40.83137504316261
1.8895045212804007
41.0382717647889
3.057052770799828
41.234878028184255
4.252856952852881
41.41891911876334
5.476235507814351
41.588194541311196
6.726250317880101
41.7405777638655
8.001705082846343
41.87401611286123
9.301144587454871
41.986530721034995
10.622854343223253
42.076216495431
11.964860408015568
42.14124209175594
13.324929302399141
42.17984988573696
14.700567991706691
42.19035593297872
16.089023931416023
42.1711499035537
17.487285203421152
42.120694965064445
18.89208082461596
42.03752754945066
20.299881454159106
41.920256843948806
21.706901183163723
41.76756351844051
23.109102924476247
41.57819591195306
24.502219989796572
41.350954777662764
25.88190715802847
41.08458650661191
27.241696180327153
40.7792281605179
-2.492564935617793
40.172850385037776
29.071467577328292
39.901175714253014
29.53825886970833
39.33340903843168
29.978234113726728
38.73352362453383
30.391349162451604
38.10451559030946
30.77767726423724
37.44926960390174
31.137385675999155
36.77057541356933
31.470729816421283
36.07113198085901
31.77805131608676
35.3535488578315
32.059777237827234
34.62034673867103
32.31641972210201
33.87395771016892
32.54857580967035
33.11672537661744
32.75692734631991
32.35090492647075
32.94224092906393
31.578663169564862
33.10536787486734
30.802078557819158
33.24724420262464
30.023141195219296
33.368890624745006
29.243752839719804
33.47141254678195
28.46572689569848
33.55600007795044
27.690788392616668
33.62392806003999
26.92057393599515
33.676556138219325
26.15663159503731
33.715328943953295
25.400420617387482
33.74177664845382
24.65331056864798
33.75751718522889
23.916577888046817
33.76427181124609
23.19138176737229
33.7636538812302
22.479091531133207
28.57818548210571
40.43360038022823
33.14525296697565
21.76541306750977
32.546058161358815
21.7495872300168
31.961629633782366
21.734439806908824
31.393494446889008
21.721391428594615
30.84314057173765
21.711910191483156
30.312014489547664
21.70751537745889
29.80152059424705
21.7097783809929
29.31302099653982
21.720323015350118
28.847835448911155
21.740825631130832
28.407241316849763
21.773015165826422
27.99247356978799
21.818673161547423
27.60472478600923
21.87963376665374
27.245145167077567
21.957783723433664
26.91484256582453
22.055062342206185
26.6148825331083
22.173461455052006
26.346288397766443
22.315025336810237
26.110041406331334
22.48185056501751
25.907080982674472
22.676085759639165
25.738305246436255
22.89993106262915
25.604572153502204
23.155636994865915
25.506702343245593
23.445501598252747
25.445487680115434
23.77186186692515
25.42172541305905
24.137059474227982
25.436457286675534
24.543200875034557
-4.989822910855764
-35.37681480683699
-4.989822910855764
-35.37681480683699
-7.666927971923144
-34.894635318803466
-10.398899212335039
-34.180114887616185
-13.148237116721816
-33.219590895756085
-15.87344075654238
-32.00704980324619
-18.53108356216316
-30.545315525806387
-21.078275406557253
-28.84655377067193
-23.475236457851224
-26.931963014361116
-25.687667605516253
-24.83064823051251
-27.68862551276618
-22.5778071515534
-29.459693621644135
-20.212466704432728
-30.991361577763172
-17.775063041105852
-32.282652531517215
-15.305152860663213
-33.34014052589066
-12.839485514334513
-34.17656003514469
-10.410576483706052
-34.80922295609423
-8.045828468956216
-35.258433664450564
-5.767166903123467
-35.54604528006874
-3.591103382840174
-35.694245550333505
-1.5291151530997809
-14.462348523942808
32.66891234386219
-16.803661434806088
31.52862700694962
-19.153743094073548
30.158771262191266
-21.47580269127721
28.551834570203596
-23.7299293164709
26.707823071044885
-25.875072218644476
24.635299800060807
-27.871398038215744
22.351790307585787
-29.68277672441883
19.883413300719837
-31.279093909933806
17.263708834792283
-32.638092275214774
14.531768343650015
-33.746512057120526
11.729888428180487
-34.60041603248669
8.90104313762049
-35.20471722540961
6.086480398217958
-35.572044937273574
3.323699375625324
-35.72116130432158
0.6449756813869385
-35.675166376106546
-1.9235026893819622
-35.45970983161635
-4.361918983258789
-35.10137705420732
-6.6566273335159
-34.626354425831664
-8.799598725830151
-34.05941859370034
-10.7876486602986
9.39319617180388
-34.471010393495845
21.656156401199002
-29.178349205064293
21.78976815110218
-29.56478664950012
21.90699932092715
-29.93335116368462
22.008357760832528
-30.284330261909815
22.094345035463753
-30.618015631389994
22.165456751569295
-30.934702887294634
22.2221826395134
-31.23469151196059
22.26500657967362
-31.51828483453862
22.29440661264349
-31.785790023354238
22.310854943539795
-32.037518083031415
22.314817943124577
-32.27378385272921
22.306756148305137
-32.4949060063101
22.287124261162653
-32.7012070520762
22.25637114801488
-32.89301333380051
22.214939837523033
-33.070655031533676
22.163267518171615
-33.23446616278778
22.10178553533742
-33.38478458477026
22.030919386665353
-33.52195199633343
21.95108871652483
-33.64631394171914
21.862707307851664
-33.75821981500306
21.766183070664376
-33.85802286644949
21.661918025841416
-33.94608021239219
21.5503082801994
-34.02275284884456
21.431743988958033
-34.08840567372994
21.30660929501444
-34.143407521042974
21.17528222866237
-34.18813121886521
21.038134531970865
-34.22295369027901
20.89553133253966
-34.248256140159924
20.74783049171956
-34.264424429392164
20.59538117105237
-34.27184989814921
20.43852024790815
-34.27093142263763
20.277561563731545
-34.26208158663931
20.11275291678856
-34.245751366095334
19.943975013724973
-34.22260292275027
19.774785861019872
-34.19118823891887
21.50564763848201
-28.773757205816764
19.241713794450504
-34.159603429031506
18.878967468772935
-34.16037621006819
18.51565446886318
-34.15578103875163
18.152232787789274
-34.14617162352249
17.789080843757652
-34.131944789493815
17.426543097400046
-34.11351429506698
17.06494145543623
-34.09130428615822
16.704579071474534
-34.06574711489637
16.34574186546974
-34.03728246700328
15.98869921358482
-34.00635696538038
15.633704292238477
-33.97342397231222
15.28099426221393
-33.938943483332736
14.930790372287088
-33.903382066753835
14.583298019627229
-33.867212828192294
14.23870678487042
-33.8309153887931
13.897190451415437
-33.79497587228349
13.558907013372846
-33.75988689768917
13.223998673779587
-33.72614757610401
12.89259183252003
-33.69426351107188
12.564797061323915
-33.66474680424142
12.24070905793507
-33.63811606540719
11.920406566377153
-33.61489643290133
11.603952234279966
-33.59561961102199
11.291392345112648
-33.58082394029597
10.982756280605045
-33.571054539518
10.678055336298982
-33.566863619726746
10.377279758392092
-33.56881126941224
10.080389852915076
-33.57746781248619
9.787280419596065
-33.593423238876255
9.497531787169251
-33.617353224951785
9.213772152489994
-33.64912751379174
19.603036551896025
-34.15333538743195
8.982075024655693
-33.613800273670336
9.032406307221457
-33.548414705448494
9.085414966045853
-33.494113639261656
9.14137920337808
-33.45135935225366
9.200527969898395
-33.420627059975516
9.263078827305009
-33.40239487531866
9.329247415910196
-33.397141298708505
9.399250612095408
-33.405344379609545
9.473307793937096
-33.42748138162111
9.551641419003978
-33.464028628356175
9.634477316860988
-33.51546142582049
9.722044850795974
-33.582254018735
9.81457701600366
-33.66487956427153
9.912310505770009
-33.763810113427496
10.015485762810677
-33.87951659611517
10.124347026296121
-34.01246880712358
10.239142382709659
-34.16313539034772
10.360123828988534
-34.33198381834757
10.48754735957418
-34.51948036423477
10.621673095128159
-34.72609005923994
10.762765484354901
-34.952276626346276
10.911093637082388
-35.19850237048186
11.0669319044827
-35.46522798677708
11.230560954499069
-35.75291220501805
11.402269921156332
-36.06201107978558
11.582361131138015
-36.39297642804161
11.771161919098034
-36.74625192436869
11.969060072010222
-37.122261386375186
12.176645605145168
-37.521361916877765
12.395703192400504
-37.943515901394164
19.378125329637037
-29.715767675793543
20.947621429681575
-34.562050439549694
23.740951139529926
-32.70635126604134
26.469019044288473
-30.540615661448726
29.074627450846307
-28.071412731491193
31.50080749450528
-25.318714448829184
33.69483166495222
-22.31583503294837
35.61213397383186
-19.1079587600843
37.219561150163344
-15.749363223206302
38.49747484524208
-12.299699373854025
39.44043823060255
-8.819864303109057
40.056488065272134
-5.368047878320652
40.36523721573978
-1.9964465092479884
40.39521091044409
1.2510434236948527
40.18086769427639
4.340051322540802
39.75970614243241
7.245960365241842
39.169747789398144
9.953342768244823
38.44755728992848
12.45485899498263
37.62684515323386
14.749871116785812
-6.75969625904267
39.84525919896515
-3.7428266001942774
40.24089242534404
-0.5421800735904441
40.410941772186334
2.8100492781546933
40.31676818895056
6.271166460088537
39.925062872550285
9.789178885909422
39.21109729256372
13.305187956333683
38.16163187802462
16.756824425291214
36.77699021572042
20.082353203140443
35.071887088828674
23.22490184449093
33.07479566771343
26.136214176038052
30.825906031964394
28.77941901131591
28.373988361144086
31.13050702182953
25.772654242647462
33.178462240010504
23.076564248939462
34.92422467790374
20.338060497366286
36.37881296411351
17.604548885707914
37.56099116045601
14.916773015346763
38.49483472335169
12.307959772808402
39.20746815071051
9.803704165174167
39.72714531631985
7.422405214163263
8.93382863560263
-33.68989128499646
-11.937489226718114
32.74627337342653
-35.5507391032012
5.529169495264625
-35.4591546939908
6.325931739069773
-35.334373192201284
7.133989393110511
-35.17782195226699
7.952017004268384
-34.99090164671075
8.778727027637586
-34.77498590530301
9.612872538337797
-34.53142122551718
10.453247909216628
-34.26152694273392
11.298689036335105
-33.96659521905816
12.148073428908049
-33.64789103904983
13.000320249987993
-33.306652207431185
13.854390336227283
-32.94408934925927
14.709286208438812
-32.56138590989771
15.564052076894939
-32.15969815652968
16.41777384431643
-31.7401551796264
17.269579106975897
-31.30385889503892
18.11863715463872
-30.85188404740388
18.964158969877644
-30.385278213698264
19.805397225987406
-29.90506180909545
20.64164628432198
-29.412228094359147
21.472242189917125
-28.90774318637278
22.296562665097582
-28.392546073972223
23.11402710047517
-27.867548640569154
23.92409654068007
-27.333635700055034
24.72627366314549
-26.79166505297634
25.52010274329612
-26.242467580955438
26.305169597387334
-25.68684741129549
27.081101482210528
-25.125582222084542
27.847566908515944
-24.55942385276404
28.604275268525157
-23.989099647184133
29.350976016755027
-23.4153158099851
30.08745662117863
-22.83876747644731
30.813536418166706
-22.260178990410513
31.529042031459255
-21.680585850049788
32.233635307441546
-21.097549126432003
32.92912357031611
-35.6076749128064
4.745047038095294
-20.22520336852312
33.60678888453444
-19.935610712024193
33.59344129857351
-19.64506545976723
33.57473550840177
-19.353824983308876
33.55113366734054
-19.06219487117553
33.52306701049696
-18.770486206051743
33.49096192740606
-18.47900488456956
33.45524647981506
-18.188048058061145
33.416352574433745
-17.89790270933097
33.374716831458926
-17.608845006476464
33.33078097905391
-17.321139980747517
33.284992050380026
-17.03504135417646
33.23780248932448
-16.750791442311428
33.18967021018375
-16.468621097751512
33.141058633105814
-16.18874967703654
33.09243670509508
-15.911385022518676
33.044278912634155
-15.636723454785528
32.99706528848216
-15.364949773937433
32.9512814137872
-15.096237270200076
32.907418415773094
-14.830747747204455
32.86597296142986
-14.568631563106969
32.82744724264455
-14.310027703427814
32.79234895056922
-14.055063911384757
32.7611912289552
-13.803856932008806
32.734492585351205
-13.556513002514947
32.71277671254134
-13.313128933058607
32.69657209500903
-13.07379480997902
32.686411023350246
-12.838602107716625
32.68282663779061
-12.607676137428705
32.686341098685574
-12.381403191971721
32.69738278258353
-12.157363607240015
32.71740431914998
-20.51393333733015
33.614102682846664
-11.801445849547903
32.72576212772657
-11.669929968813769
32.71519694601733
-11.542643942360478
32.71523305507756
-11.419573400701957
32.72642199186035
-11.300745445914963
32.749299750906346
-11.186194106817759
32.7843993766281
-11.075951701299587
32.8322541128139
-10.97004595458204
32.89339845174405
-10.868498844461904
32.968368555671816
-10.771326073092432
33.05770244818365
-10.678536799349367
33.16194011135329
-10.590133489884998
33.28162353876124
-10.50611182814378
33.41729676780909
-10.426460651668322
33.569505900632464
-10.351161902190206
33.738799119811716
-10.280190578569297
33.92572670230621
-10.213514684438877
34.130841033892466
-10.15109516171701
34.35469662624317
-10.092885798150888
34.59785014042319
-10.038833089472597
34.86086042082388
-9.988876022856786
35.144288548441835
-9.942945719000761
35.44869792851779
-9.900964808074988
35.77465444276953
-9.862846272734771
36.12272673137886
-9.828491136015415
36.49348675712744
-9.797783375845412
36.88751104482367
-9.770577212925815
37.305383780286235
-9.746658975512716
37.74770610612404
-9.725594560065247
38.21513330449119
-9.705661658339082
38.708635077288505
17.367494034169322
-30.933941566278776
17.367494034169322
-30.933941566278776
15.214333308150895
-32.04781820719387
12.930991605464024
-33.03525459190948
10.534208380157105
-33.87578845807556
8.04477775078176
-34.5517024297412
5.48690976399865
-35.04900014400687
2.887322118146411
-35.35819510154499
0.27413133149217117
-35.474828285221506
-2.3243599829870902
-35.39966017523821
-4.8808696437746875
-35.138521616216806
-7.370229600505745
-34.70184873300968
-9.770279306882568
-34.103962117595074
-12.062501440959526
-33.36217392256846
-14.232377363857506
-32.49581549100766
-16.26947243715154
-31.525273297302647
-18.167287071321216
-30.47110549883385
-19.922925533811483
-29.353289901253987
-21.53664087001376
-28.190631243179183
-23.01131234542179
-27.00033507188931
-35.39268506190204
2.4282573920145296
-35.475799797577494
0.07885794226407938
-35.398357144927175
-2.3441205798848443
-35.14704632894035
-4.819099937143648
-34.712165091818036
-7.321487860484808
-34.08838474626434
-9.824490584427764
-33.275290930152465
-12.300146477443676
-32.277629425824955
-14.720503676911875
-31.105217384066453
-17.058840562676792
-29.772519617341718
-19.290818165330876
-28.297930074113975
-21.39546081236422
-26.70283248595054
-23.355884206771577
-25.010535431704458
-25.159723910892055
-23.245182790469816
-26.799254968944624
-21.430731478914165
-28.271228097334827
-19.590068170391294
-29.576474078772108
-17.744310625720193
-30.719342933578673
-15.912312619261602
-31.70704806442481
-14.11036836951249
-32.548979927633965
-12.352095317046814
-33.256042024441925
15.374522709454183
-37.37595785533409
3.568577732826156
3.5884421847910586
3.6063270521117454
3.622380635288604
3.6367345726866294
3.649506426102572
3.6608017861705804
3.6707160181208622
3.679335722747416
3.686739968915288
3.693001341184091
3.698186836875122
3.7023586397482475
3.7055747920161393
3.707889782180264
3.7093550626909404
3.7100195077204843
3.709929854944333
3.568577732826156
3.707524854069587
3.705288533828785
3.7024634326533556
3.6990903459847124
3.695209683130831
3.690861686966227
3.6860866381701816
3.6809250451615303
3.6754178204044146
3.669606443477522
3.6635331108782903
3.6572408721817826
3.6507737518907684
3.6441768559064607
3.637496461342524
3.63078008805656
3.624076550100914
3.6174359849724387
3.6109098585086516
3.6045509430381406
3.598413266442111
3.5925520293750774
3.5870234991970795
3.709130975840463
3.5771241163007637
3.572867832815018
3.569174582289303
3.5661028960898284
3.563710893987857
3.562055912592752
3.561191900614243
3.5611227866121933
3.561803470499844
3.563185277456535
3.56521826524341
3.567851559479864
3.5710336685869857
3.5747127749509473
3.578836999770523
3.5833546397629537
3.5882143746926616
3.593365445388615
3.5987578023390747
3.6043422255828124
3.610070416743162
3.6158950639468572
3.6217698755984493
3.6276497453618513
3.581884828160961
3.6391046800872484
3.644599812373681
3.649934436925054
3.655068137537701
3.659961251830904
3.6645747716709303
3.668870229177022
3.672809570040191
3.676355014702474
3.679468907337602
3.682113552319797
3.684251037492802
3.6858430431685627
3.6868506354993285
3.6872340422848238
3.6869524089069685
3.685963531474391
3.6842235635660043
3.681686692223172
3.6783047778901596
3.6740269518247204
3.668799163203223
3.6625636662880106
3.655258436038212
3.6468164977790756
3.6371651531201157
3.626225080086174
3.6139092795586185
3.60012183257413
3.5847564205021825
3.5676945187811855
3.548922189751329
3.548922189751329
3.548922189751329
3.548922189751329
3.548922189751329
3.5489221897513294
3.548922189751329
3.548922189751329
3.54892218975133
3.5489221897513294
3.548922189751329
3.5489221897513286
3.548922189751329
3.5489221897513294
3.5489221897513286
3.5489221897513294
3.548922189751329
3.548922189751329
3.5489221897513294
3.5489221897513294
3.5489221897513294
3.5489221897513286
3.548922189751329
3.548922189751329
3.5489221897513294
3.548922189751328
3.548922189751329
3.5489221897513286
3.5489221897513294
3.5489221897513286
3.548922189751329
3.5489221897513294
3.5489221897513286
3.548922189751329
3.5489221897513294
3.5489221897513286
3.5489221897513294
3.5489221897513286
3.5489221897513294
3.5489221897513286
3.5685777328261565
3.5872125520009432
3.6040098431989898
3.6191187286514728
3.6326717319161266
3.6447871945298407
3.6555713552189943
3.66512008768078
3.67352035796752
3.680851455047865
3.6871860373759375
3.6925910295525477
3.6971283961595263
3.700855814482204
3.7038272636921294
3.7060935450332715
3.7077027483080953
3.708700566344166
3.5685777328261565
3.70591155968033
3.7021974205846315
3.6980312706812764
3.6934550812344376
3.6885103217238715
3.6832381774686764
3.677679751411837
3.671876251773017
3.665869166364759
3.6597004240058832
3.653412543023401
3.647048766474458
3.6406531834322724
3.634270835269993
3.6279478056670205
3.6217312927119223
3.6156696613024826
3.6098124737222017
3.6042104962488617
3.5989156794520976
3.593981110120587
3.58946093471561
3.585410187343583
3.7091309758404627
3.56430025930962
3.547991570996884
3.5330827048514792
3.5196964855215516
3.5079532730916982
3.497969524534448
3.48985408878245
3.483660477124646
3.479386800791969
3.4770202576134395
3.476538602157475
3.477909813387959
3.4810919445666886
3.4860331757024263
3.492672078426821
3.500938091457792
3.510752193165185
3.5220277470967885
3.5346714873806917
3.5485846047307263
3.563663889364385
3.5798028807302065
3.59689291229697
3.6148260916205146
3.581884828160961
3.6391300604763197
3.6446490122785624
3.650005881560005
3.655160247820375
3.6600724461097824
3.6647034663169977
3.6690148388904276
3.672968508061672
3.676526692986622
3.679651736708807
3.6823059426195983
3.684451397722725
3.6860497816305506
3.6870621599349334
3.6874487600139063
3.6871687269664424
3.68617985675746
3.684438302962372
3.6818982527607873
3.678511566879302
3.674227377005619
3.6689916328991723
3.6627465895673854
3.655430222891652
3.6469755593243023
3.637309901861166
3.626353930291048
3.6140206479303596
3.600214139794607
3.5848280962257446
3.567744030167753
3.567744030167753
3.5464667072972653
3.5464667072972653
3.5464667072972653
3.5464667072972653
3.5464667072972653
3.5464667072972653
3.5464667072972653
3.5464667072972653
3.5464667072972653
3.5464667072972653
3.5464667072972653
3.546466707297265
3.5464667072972653
3.5464667072972653
3.5464667072972653
3.5464667072972653
3.5464667072972653
3.5464667072972653
3.5464667072972653
3.5464667072972653
3.5464667072972653
3.5464667072972653
3.5464667072972653
3.5464667072972653
3.5464667072972653
3.546466707297265
3.546466707297265
3.5464667072972653
3.546466707297265
3.5464667072972653
3.5464667072972653
3.5464667072972653
3.5464667072972653
3.5464667072972653
3.5464667072972653
3.5464667072972653
3.5464667072972653
3.546466707297265
3.5464667072972653
3.5558439798119723
3.548444296530302
3.5427625040746933
3.5387574237030597
3.536378334526847
3.535565797273493
3.5362525952197106
3.5383647599432333
3.54182264856009
3.5465420401264964
3.5524352211872112
3.559412034037489
3.5673808654008172
3.576249558101958
3.585926232902579
3.596320012369737
3.607341642806164
3.6189040138745785
3.6309225785562553
3.6433156784436527
3.656004780785661
3.6689146324760786
3.6819734237939152
3.5649925128759867
3.7080037670078703
3.7208704592828385
3.7336540691539124
3.7462989998980767
3.7587524966829373
3.7709644605475443
3.782887242425705
3.794475424297727
3.8056855911638086
3.816476096269183
3.8268068212913855
3.836638932567037
3.845934633847596
3.85465691558324
3.8627693002467454
3.8702355827742023
3.8770195646641046
3.883084779902505
3.8883942102123217
3.8929099863998977
3.8965930701172904
3.8994028922917905
3.901297507902625
3.695112561789251
3.901989074431676
3.900833767001556
3.8988191166551114
3.8959824244781145
3.8923593421053053
3.8879841617688333
3.8828900857445596
3.8771094785473212
3.870674105005662
3.8636153568195604
3.855964469841414
3.8477527339460478
3.839011697020873
3.8297733642835015
3.8200703938278964
3.8099362890210933
3.79940558803471
3.7885140505132804
3.777298841012129
3.7657987085155535
3.754054160951614
3.7421076332303542
3.730003647197114
3.7177889636853307
3.7055126508206024
3.9022457763139675
3.680820999699801
3.6685288308482806
3.65640948241173
3.6445252074780425
3.63294091271055
3.6217240755207096
3.610944605677606
3.60067464739078
3.590988317033812
3.5819613723263513
3.5736708098138954
3.566194389194591
3.559610084820194
3.553995467196272
3.54942701986875
3.5459794000793092
3.543724654540247
3.5427314047495737
3.5430640190174083
3.5447817907654704
3.5479381441199376
3.5525798881667603
3.558746536696387
3.5664696663975883
3.575906246967364
3.5759318387689505
3.5759318387689505
3.57593183876895
3.5759318387689505
3.5759318387689505
3.5759318387689505
3.5759318387689505
3.5759318387689505
3.5759318387689505
3.575931838768951
3.57593183876895
3.5759318387689514
3.575931838768951
3.575931838768951
3.5759318387689514
3.575931838768951
3.575931838768951
3.575931838768952
3.575931838768951
3.5759318387689514
3.575931838768951
3.5759318387689505
3.5759318387689505
3.575931838768951
3.575931838768951
3.5759318387689514
3.57593183876895
3.57593183876895
3.57593183876895
3.575931838768951
3.575931838768951
3.5759318387689505
3.5759318387689514
3.57593183876895
3.5759318387689505
3.5759318387689505
3.5759318387689505
3.57593183876895
3.6932264079800765
3.693226407980076
3.554229141365195
3.5453504030594645
3.5383266074741146
3.5331177062358923
3.5296739939946984
3.5279369331524255
3.527840093229151
3.529310174723458
3.5322680845853385
3.536630031111099
3.5423086082903104
3.549213843193076
3.557254184108884
3.566337412017602
3.576371462552157
3.5872651503006487
3.598928791422252
3.611274724069228
3.6242177288434045
3.6376753527937677
3.6515681359424215
3.6658196787337918
3.680358540606643
3.564992512875987
3.699370759239043
3.7042144488166837
3.7096197379930365
3.715563922844132
3.7220251153868245
3.7289816629209285
3.7364115404053466
3.744291749257973
3.752597740666419
3.7613028776112363
3.77037794753856
3.779790735277418
3.789505663128181
3.799483502135711
3.809681155421152
3.8200515112764153
3.830543360525814
3.841101369819663
3.851666099613865
3.8621740524411536
3.872557728769635
3.882745600643086
3.892664121313459
3.6951125617892515
3.8993136477067836
3.8956840902995693
3.89139954072986
3.8865001770675143
3.8810242810470514
3.875008526124808
3.868488239191557
3.8614976445161187
3.85407009415627
3.8462382877911576
3.8380344843704024
3.8294907075332985
3.8206389463856207
3.8115113528781337
3.8021404367091587
3.7925592583803724
3.7828016206834327
3.7729022585985037
3.76289702719994
3.7528230868182417
3.74271908426081
3.7326253283288713
3.7225839568097
3.712639084720996
3.702837148690586
3.902245776313967
3.6801604353700137
3.667259459415859
3.6545833050027854
3.642194476578309
3.6301581135885113
3.618541903656021
3.6074159429862127
3.596852537893248
3.58692594218457
3.577712026105199
3.569287873643074
3.56173130673095
3.555120336667352
3.549532545581337
3.545044403331316
3.5417305282280864
3.539662902948998
3.5389100600996235
3.539536254677435
3.541600643216744
3.545156491287538
3.550250433106906
3.5569218120102004
3.5652021814294015
3.5759062469673637
3.5759062469673637
3.5759062469673646
3.5759062469673646
3.5759062469673637
3.575906246967364
3.575906246967364
3.5759062469673646
3.575906246967364
3.575906246967364
3.5759062469673637
3.5759062469673637
3.575906246967364
3.5759062469673637
3.575906246967364
3.575906246967364
3.5759062469673646
3.5759062469673646
3.5759062469673646
3.575906246967364
3.5759062469673637
3.575906246967364
3.5759062469673646
3.575906246967364
3.575906246967364
3.5759062469673646
3.575906246967364
3.575906246967364
3.5759062469673646
3.575906246967364
3.5759062469673646
3.575906246967364
3.5759062469673646
3.575906246967364
3.5759062469673637
3.575906246967364
3.575906246967364
3.575906246967364
3.5759062469673646
3.575906246967364
3.575931838768951
3.5928318115415276
3.6035114664668084
3.613439713073734
3.622652207320126
3.6311820823584178
3.6390602021468923
3.6463153858379163
3.6529746070010387
3.659063171133697
3.664604874349073
3.6696221456674025
3.67413617506503
3.678167029015036
3.68173375512008
3.6848544771200573
3.687546481440554
3.68982629629439
3.6917097641556946
3.6932121084145253
3.694347994824327
3.6951315883346565
3.695576605830045
3.6956963651719787
3.695503830988619
3.6950116574927336
3.6942322286801423
3.6931776961358938
3.6918600146662732
3.6902909759658815
3.6884822404464517
3.6864453672185427
3.6841918419210913
3.6817331000951476
3.6790805249698715
3.676246033138542
3.5813622816566517
3.668833576170776
3.6643324899869634
3.659749265378795
3.65509610062175
3.6503852885375325
3.6456292441632443
3.640840523256147
3.6360318378804286
3.631216070246405
3.6264062850972647
3.621615740684249
3.616857898283065
3.6121464301672077
3.6074952259619573
3.6029183972510896
3.5984302803396813
3.594045437043511
3.5897786533735787
3.5856449359868705
3.581659506309586
3.5778377921302718
3.5741954166078065
3.570748184547061
3.5675120658041726
3.564503175709438
3.5617377523454032
3.5592321303288643
3.55700271010893
3.555065917784245
3.5534381112401014
3.5521367011947897
3.673240327083482
3.5494213352475934
3.547979953657147
3.5468685700012954
3.5461032233776786
3.54569965879189
3.5456732700000337
3.5460390427501665
3.5468114975194207
3.5480046320691705
3.5496318641424547
3.551705974865918
3.5542390533398525
3.557242442998116
3.5607266902517507
3.5647014959845116
3.5691756704384456
3.5741570919968746
3.57965267033781
3.5856683144180512
3.592208905656457
3.599278276669298
3.606879195817504
3.6150133577567463
3.623681380110464
3.632882806311228
3.642616114485295
3.652878732118602
3.6636670556113136
3.674976471072823
3.6868013467458547
3.56885323873831
3.699190579594914
3.6991905795949136
3.6991905795949145
3.6991905795949136
3.6991905795949136
3.699190579594914
3.6991905795949136
3.6991905795949136
3.699190579594914
3.699190579594914
3.6991905795949136
3.699190579594914
3.6991905795949136
3.699190579594914
3.6991905795949145
3.699190579594914
3.699190579594914
3.6991905795949136
3.699190579594914
3.6991905795949145
3.6991905795949145
3.6991905795949145
3.699190579594914
3.699190579594914
3.6991905795949136
3.6991905795949136
3.699190579594914
3.6991905795949145
3.6991905795949136
3.6991905795949136
3.699190579594914
3.6991905795949145
3.6991905795949136
3.699190579594914
3.699190579594914
3.699190579594914
3.699190579594914
3.699190579594914
3.5511764498442497
3.55117644984425
3.5829116122337377
3.584046847933375
3.5848334641892725
3.5853342086037285
3.5856091798708984
3.58571586536697
3.585709135908995
3.5856412036796486
3.5855615501702998
3.5855168312108554
3.585550766283814
3.585704019496587
3.586014079451745
3.5865151452186073
3.5872380251769913
3.588210055049414
3.589455040723221
3.5909932305014247
3.592841320459501
3.5950124953003706
3.597516505902798
3.6003597834801138
3.60354558896583
3.6070741952027627
3.6109430984011492
3.615147254639517
3.6196793365086815
3.624530004680817
3.6296881891332893
3.6351413749692734
3.640875888571555
3.6468771825566475
3.653130130792761
3.659619468923513
3.666326426619563
3.5813622816566517
3.6692735084068704
3.6651855259260477
3.6609881249921727
3.656693223933491
3.652312877779997
3.647859287743013
3.6433448154118566
3.638781997097831
3.634183557331876
3.6295624212201965
3.6249317255013604
3.6203048281814056
3.6156953166296897
3.6111170140437103
3.606583984147123
3.602110534020247
3.597711214931469
3.593400821037269
3.5891943858221858
3.585107176186271
3.5811546839804693
3.5773526149409087
3.5737168748870167
3.5702635530713596
3.567008902629324
3.5639693181219334
3.56116131028669
3.558601478716051
3.5563064860005458
3.554293065922686
3.552577146771015
3.6732403270834824
3.549290961953921
3.547727580267388
3.5465025649956687
3.545631962554723
3.5451315266383028
3.545016659531984
3.545302354970464
3.546003140745177
3.547133021206489
3.548705419936084
3.5507331231355788
3.553228224208688
3.5562020701160355
3.559665210015123
3.5636273467529738
3.5680972917491696
3.573082923776277
3.578591152110323
3.584627884511057
3.5911980003996877
3.598305329585609
3.605952636799266
3.6141416122169367
3.622872868086327
3.6321459414723476
3.6419593029302937
3.65231037064192
3.663195528378946
3.6746101399402207
3.6865484972414624
3.5688532387383094
3.5688532387383094
3.5688532387383094
3.56885323873831
3.56885323873831
3.56885323873831
3.56885323873831
3.56885323873831
3.56885323873831
3.5688532387383103
3.56885323873831
3.5688532387383094
3.56885323873831
3.56885323873831
3.56885323873831
3.5688532387383094
3.56885323873831
3.5688532387383094
3.56885323873831
3.56885323873831
3.56885323873831
3.56885323873831
3.5688532387383094
3.56885323873831
3.56885323873831
3.56885323873831
3.56885323873831
3.56885323873831
3.5688532387383094
3.56885323873831
3.56885323873831
3.56885323873831
3.56885323873831
3.56885323873831
3.5688532387383094
3.5688532387383094
3.5688532387383094
3.56885323873831
3.56885323873831
3.56885323873831
3.699190579594914
19.553469895367105
0.0
0.0
0.0
0.0
0.0
0.0
0.0
0.0
0.0
0.0
0.0
0.0
0.0
0.0
0.0
0.0
0.0
19.553469895367105
0.0
0.0
0.0
0.0
0.0
0.0
0.0
0.0
0.0
0.0
0.0
0.0
0.0
0.0
0.0
0.0
0.0
0.0
0.0
0.0
0.0
0.0
0.0
0.0
0.0
0.0
0.0
0.0
0.0
0.0
0.0
0.0
0.0
0.0
0.0
0.0
0.0
0.0
0.0
0.0
0.0
0.0
0.0
0.0
0.0
0.0
0.0
0.0
0.0
0.0
0.0
0.0
0.0
0.0
0.0
0.0
0.0
0.0
0.0
0.0
0.0
0.0
0.0
0.0
0.0
0.0
0.0
0.0
0.0
0.0
0.0
0.0
0.0
0.0
0.0
0.0
0.0
0.0
0.0
0.0
0.0
0.0
0.0
0.0
0.0
0.0
0.0
0.0
0.0
0.0
0.0
0.0
0.0
0.0
0.0
0.0
0.0
0.0
0.0
0.0
41.135428505346006
44.93099070815531
44.9309907081551
48.91633102110505
53.100938349702304
57.4947760447294
66.95251168327516
77.37966522477205
0.0
0.0
0.0
0.0
0.0
0.0
0.0
0.0
0.0
0.0
0.0
0.0
14.438270395198515
46.68477690176658
47.47557775646821
48.198327041708836
44.72887650102319
41.29557355647865
37.91318151972709
50.46730348280499
55.407195980008105
55.81488408730275
51.59328975381563
51.87290606255709
52.108807234661114
52.303400998399255
52.45904903356328
48.13651866725036
52.66274773169408
57.391125595963
14.438270395198515
48.12775932297156
47.94933767699515
47.74998909484205
47.531975315299654
47.297521265462166
47.04881808602583
46.788026177357224
50.809423273792525
46.23868263496085
45.95432607766875
45.66627730193048
41.3890721541221
41.12520958302157
40.863570002806014
36.880217619741835
36.65166241336576
36.43016553968744
32.73281413214823
36.01508901707879
32.37806770032413
32.21868943539024
39.07289705150175
35.34431931405372
57.415832598105474
34.60602338090626
41.097164911277446
40.48899758822118
39.95061448264446
39.48420983437547
35.65672064264555
35.36852182836055
35.150139923708956
31.788808521221394
31.713667880116674
31.698396497021314
28.687899242933845
28.779333301997312
28.921890553887163
29.114538951283652
29.356197510062227
29.645720598868888
26.94212758264544
27.284939491936942
27.66721118595095
28.087574361106853
28.54455718307949
29.036576907450012
29.56199214994886
38.777995134761674
30.289267931689658
30.456895079126575
30.620486462410064
30.778723119221265
30.93028625961301
31.073857223724836
31.20811741439357
31.331748222720723
31.443430952991203
31.541846746229904
35.19385642253402
35.269444317617854
35.32586350760415
35.36164475442566
35.37531821198996
35.36541334073637
39.091589850336135
39.023568991860635
38.92457294826224
38.792970620274495
38.62712966909256
38.425416422845885
38.18619578135714
37.90783112174817
37.58868420403981
40.987946010955966
40.54133424002357
43.90236608562265
43.30039284758468
42.63927018995449
41.917005259180385
41.917005259180385
0.0
0.0
0.0
0.0
0.0
0.0
0.0
0.0
0.0
0.0
0.0
0.0
0.0
0.0
0.0
0.0
0.0
77.18989389994105
77.18989389994097
66.78831264201564
48.79636517585637
41.03454509182549
44.82079879135274
44.82079879135272
44.82079879135272
41.03454509182539
41.034545091825436
41.03454509182543
41.03454509182544
44.82079879135269
44.82079879135274
52.970709879585215
52.970709879585236
52.970709879585186
57.35377181850049
61.95598685436148
66.78831264201557
77.18989389994103
0.0
1.1351299115484468
0.0
0.0
0.0
0.0
0.0
0.0
0.0
0.0
0.0
0.0
0.0
0.0
0.0
0.0
0.0
0.0
0.0
1.0
0.0
0.0
0.0
0.0
0.0
0.0
0.0
0.0
0.0
0.0
0.0
0.0
0.0
0.0
0.0
0.0
0.0
0.0
0.0
0.0
0.0
0.0
0.0
0.0
0.0
0.0
0.0
0.0
0.0
0.0
0.0
0.0
0.0
0.0
0.0
0.0
0.0
0.0
0.0
0.0
0.0
0.0
0.0
0.0
0.0
0.0
0.0
0.0
0.0
0.0
0.0
0.0
0.0
0.0
0.0
0.0
0.0
0.0
0.0
0.0
0.0
0.0
0.0
0.0
0.0
0.0
0.0
0.0
0.0
0.0
0.0
0.0
0.0
0.0
0.0
0.0
0.0
0.0
0.0
0.0
0.0
0.0
0.0
0.0
0.0
0.0
0.0
0.0
0.0
0.0
0.0
0.0
0.0
0.0
0.0
0.0
0.0
0.0
0.0
0.0
1.658667763104244
1.6658661566908677
1.680262943864115
1.8314292091832123
1.835028405976524
1.838627602769836
1.84266191270059
1.8466962226313441
0.0
0.0
0.0
0.0
0.0
0.0
0.0
0.0
0.0
0.0
0.0
0.0
1.1388835202025704
1.6640796579530188
1.6753746851146365
1.6810221986954452
1.686669712276254
1.692317225857063
1.6979647394378716
0.9294060802398902
0.9294060802398902
0.9294060802398902
0.9294060802398902
0.9294060802398902
0.9294060802398902
0.9294060802398902
0.9294060802398902
1.825033795006069
0.9294060802398902
0.9294060802398902
1.0037536086541234
1.8278575517964735
1.8321611130015616
1.8321611130015616
1.83646467420665
1.83646467420665
1.8407682354117378
1.8407682354117378
1.8450717966168262
1.8450717966168262
1.7162549117972334
1.7162549117972334
1.7126557150039217
1.7090565182106097
1.7090565182106097
1.705457321417298
1.7018581246239861
1.7018581246239861
1.6982589278306741
1.6982589278306741
1.6946597310373623
1.6910605342440506
1.6910605342440506
1.6874613374507388
0.9294060802398902
1.0
1.0143967871732473
0.9280160641337631
1.0503887551063658
0.9280160641337631
0.9280160641337631
0.9280160641337631
1.1151742973859788
1.1295710845592262
1.1439678717324737
1.158364658905721
1.1727614460789684
1.1871582332522157
1.201555020425463
1.2159518075987104
1.2231502011853341
1.2375469883585815
1.2519437755318288
1.2663405627050761
1.2807373498783234
1.2879357434649472
1.3023325306381945
1.3167293178114419
1.3311261049846892
0.9280160641337631
1.3527212857445603
1.3594701484802245
1.3720688122496336
1.3846674760190427
1.3909668079037474
1.4035654716731565
1.4161641354425658
1.4224634673272702
1.441361462981384
1.4476607948660887
1.4539601267507933
1.4602594586354978
1.472858122404907
1.4859063170252758
1.991931380138492
1.5146998913717704
1.521898284958394
1.521898284958394
1.5362950721316415
1.5578902528915126
1.5650886464781362
1.5722870400647597
1.5794854336513835
0.9280160641337631
0.9280160641337631
1.6082790079978784
1.615477401584502
1.6298741887577493
1.6226757951711255
1.6298741887577493
1.6442709759309966
1.6442709759309966
0.0
0.0
0.0
0.0
0.0
0.0
0.0
0.0
0.0
0.0
0.0
0.0
0.0
0.0
0.0
0.0
0.0
1.7262023073419155
1.7262023073419155
1.7233785505515111
0.9294060802398902
1.6019570085641224
1.5793669542408872
1.5511293863368434
1.4475229893102872
1.2862707649324447
1.2146055160707336
1.1637778938434546
1.1242452987777931
1.0790651901313228
1.0338850814848526
1.0
1.709259766599489
1.7149072801802978
1.7177310369707022
1.7205547937611065
1.7233785505515111
1.7262023073419155
0.0
