19.553469895367105
0.0
0.0
0.0
0.0
0.0
0.0
0.0
0.0
0.0
0.0
0.0
0.0
0.0
0.0
0.0
0.0
0.0
19.553469895367105
0.0
0.0
0.0
0.0
0.0
0.0
0.0
0.0
0.0
0.0
0.0
0.0
0.0
0.0
0.0
0.0
0.0
0.0
0.0
0.0
0.0
0.0
0.0
0.0
0.0
0.0
0.0
0.0
0.0
0.0
0.0
0.0
0.0
0.0
0.0
0.0
0.0
0.0
0.0
0.0
0.0
0.0
0.0
0.0
0.0
0.0
0.0
0.0
0.0
0.0
0.0
0.0
0.0
0.0
0.0
0.0
0.0
0.0
0.0
0.0
0.0
0.0
0.0
0.0
0.0
0.0
0.0
0.0
0.0
0.0
0.0
0.0
0.0
0.0
0.0
0.0
0.0
0.0
0.0
0.0
0.0
0.0
0.0
0.0
0.0
0.0
0.0
0.0
0.0
0.0
0.0
0.0
0.0
0.0
0.0
0.0
0.0
0.0
0.0
0.0
41.135428505346006
44.93099070815531
44.9309907081551
48.91633102110505
53.100938349702304
57.4947760447294
66.95251168327516
77.37966522477205
0.0
0.0
0.0
0.0
0.0
0.0
0.0
0.0
0.0
0.0
0.0
0.0
14.438270395198515
46.68477690176658
47.47557775646821
48.198327041708836
44.72887650102319
41.29557355647865
37.91318151972709
50.46730348280499
55.407195980008105
55.81488408730275
51.59328975381563
51.87290606255709
52.108807234661114
52.303400998399255
52.45904903356328
48.13651866725036
52.66274773169408
57.391125595963
14.438270395198515
48.12775932297156
47.94933767699515
47.74998909484205
47.531975315299654
47.297521265462166
47.04881808602583
46.788026177357224
50.809423273792525
46.23868263496085
45.95432607766875
45.66627730193048
41.3890721541221
41.12520958302157
40.863570002806014
36.880217619741835
36.65166241336576
36.43016553968744
32.73281413214823
36.01508901707879
32.37806770032413
32.21868943539024
39.07289705150175
35.34431931405372
57.415832598105474
34.60602338090626
41.097164911277446
40.48899758822118
39.95061448264446
39.48420983437547
35.65672064264555
35.36852182836055
35.150139923708956
31.788808521221394
31.713667880116674
31.698396497021314
28.687899242933845
28.779333301997312
28.921890553887163
29.114538951283652
29.356197510062227
29.645720598868888
26.94212758264544
27.284939491936942
27.66721118595095
28.087574361106853
28.54455718307949
29.036576907450012
29.56199214994886
38.777995134761674
30.289267931689658
30.456895079126575
30.620486462410064
30.778723119221265
30.93028625961301
31.073857223724836
31.20811741439357
31.331748222720723
31.443430952991203
31.541846746229904
35.19385642253402
35.269444317617854
35.32586350760415
35.36164475442566
35.37531821198996
35.36541334073637
39.091589850336135
39.023568991860635
38.92457294826224
38.792970620274495
38.62712966909256
38.425416422845885
38.18619578135714
37.90783112174817
37.58868420403981
40.987946010955966
40.54133424002357
43.90236608562265
43.30039284758468
42.63927018995449
41.917005259180385
41.917005259180385
0.0
0.0
0.0
0.0
0.0
0.0
0.0
0.0
0.0
0.0
0.0
0.0
0.0
0.0
0.0
0.0
0.0
77.18989389994105
77.18989389994097
66.78831264201564
48.79636517585637
41.03454509182549
44.82079879135274
44.82079879135272
44.82079879135272
41.03454509182539
41.034545091825436
41.03454509182543
41.03454509182544
44.82079879135269
44.82079879135274
52.970709879585215
52.970709879585236
52.970709879585186
57.35377181850049
61.95598685436148
66.78831264201557
77.18989389994103
0.0
