1.1351299115484468
0.0
0.0
0.0
0.0
0.0
0.0
0.0
0.0
0.0
0.0
0.0
0.0
0.0
0.0
0.0
0.0
0.0
1.0
0.0
0.0
0.0
0.0
0.0
0.0
0.0
0.0
0.0
0.0
0.0
0.0
0.0
0.0
0.0
0.0
0.0
0.0
0.0
0.0
0.0
0.0
0.0
0.0
0.0
0.0
0.0
0.0
0.0
0.0
0.0
0.0
0.0
0.0
0.0
0.0
0.0
0.0
0.0
0.0
0.0
0.0
0.0
0.0
0.0
0.0
0.0
0.0
0.0
0.0
0.0
0.0
0.0
0.0
0.0
0.0
0.0
0.0
0.0
0.0
0.0
0.0
0.0
0.0
0.0
0.0
0.0
0.0
0.0
0.0
0.0
0.0
0.0
0.0
0.0
0.0
0.0
0.0
0.0
0.0
0.0
0.0
0.0
0.0
0.0
0.0
0.0
0.0
0.0
0.0
0.0
0.0
0.0
0.0
0.0
0.0
0.0
0.0
0.0
0.0
1.658667763104244
1.6658661566908677
1.680262943864115
1.8314292091832123
1.835028405976524
1.838627602769836
1.84266191270059
1.8466962226313441
0.0
0.0
0.0
0.0
0.0
0.0
0.0
0.0
0.0
0.0
0.0
0.0
1.1388835202025704
1.6640796579530188
1.6753746851146365
1.6810221986954452
1.686669712276254
1.692317225857063
1.6979647394378716
0.9294060802398902
0.9294060802398902
0.9294060802398902
0.9294060802398902
0.9294060802398902
0.9294060802398902
0.9294060802398902
0.9294060802398902
1.825033795006069
0.9294060802398902
0.9294060802398902
1.0037536086541234
1.8278575517964735
1.8321611130015616
1.8321611130015616
1.83646467420665
1.83646467420665
1.8407682354117378
1.8407682354117378
1.8450717966168262
1.8450717966168262
1.7162549117972334
1.7162549117972334
1.7126557150039217
1.7090565182106097
1.7090565182106097
1.705457321417298
1.7018581246239861
1.7018581246239861
1.6982589278306741
1.6982589278306741
1.6946597310373623
1.6910605342440506
1.6910605342440506
1.6874613374507388
0.9294060802398902
1.0
1.0143967871732473
0.9280160641337631
1.0503887551063658
0.9280160641337631
0.9280160641337631
0.9280160641337631
1.1151742973859788
1.1295710845592262
1.1439678717324737
1.158364658905721
1.1727614460789684
1.1871582332522157
1.201555020425463
1.2159518075987104
1.2231502011853341
1.2375469883585815
1.2519437755318288
1.2663405627050761
1.2807373498783234
1.2879357434649472
1.3023325306381945
1.3167293178114419
1.3311261049846892
0.9280160641337631
1.3527212857445603
1.3594701484802245
1.3720688122496336
1.3846674760190427
1.3909668079037474
1.4035654716731565
1.4161641354425658
1.4224634673272702
1.441361462981384
1.4476607948660887
1.4539601267507933
1.4602594586354978
1.472858122404907
1.4859063170252758
1.991931380138492
1.5146998913717704
1.521898284958394
1.521898284958394
1.5362950721316415
1.5578902528915126
1.5650886464781362
1.5722870400647597
1.5794854336513835
0.9280160641337631
0.9280160641337631
1.6082790079978784
1.615477401584502
1.6298741887577493
1.6226757951711255
1.6298741887577493
1.6442709759309966
1.6442709759309966
0.0
0.0
0.0
0.0
0.0
0.0
0.0
0.0
0.0
0.0
0.0
0.0
0.0
0.0
0.0
0.0
0.0
1.7262023073419155
1.7262023073419155
1.7233785505515111
0.9294060802398902
1.6019570085641224
1.5793669542408872
1.5511293863368434
1.4475229893102872
1.2862707649324447
1.2146055160707336
1.1637778938434546
1.1242452987777931
1.0790651901313228
1.0338850814848526
1.0
1.709259766599489
1.7149072801802978
1.7177310369707022
1.7205547937611065
1.7233785505515111
1.7262023073419155
0.0
