107.869901121 4.3784930391
110.238576428 44.6954826148
112.611036031 45.0479962482
114.987181117 45.4342374645
117.366912876 45.8524097889
119.750132498 46.3007167466
122.136741171 46.777361863
124.526640084 47.2805486631
126.919730427 47.8084806722
129.315913388 48.3593614155
131.715090158 48.9313944183
134.117161924 49.5227832058
136.522029877 50.1317313032
138.929595204 50.7564422358
141.339759096 51.3951195286
143.752422742 52.0459667071
146.16748733 52.7071872963
148.58485405 53.3769848216
151.00442409 54.0535628082
153.426098641 54.7351247812
155.849778891 55.4198742659
158.275366028 56.1060147875
160.702761244 56.7917498712
163.131865726 57.4752830423
165.562580663 58.1548178261
167.994807245 58.8285577476
170.428446661 59.4947063321
172.863400101 60.151467105
175.299568752 60.7970435913
177.736853804 61.4296393163
180.175156447 62.0474578052
182.61437787 62.6487025833
185.054419261 63.2315771758
187.49518181 63.7942851078
189.936566705 64.3350299047
192.378475137 64.8520150917
194.820808294 65.3434441939
197.263467365 65.8075207366
199.70635354 66.2424482451
202.149368007 66.6464302444
204.592411956 67.01767026
207.035386576 67.3543718169
209.478193056 67.6547384405
211.920732584 67.9169736559
214.362906351 68.1392809883
216.804615545 68.3198639631
219.245761356 68.4569261053
221.686244972 68.5486709403
224.125967583 68.5933019932
226.564830378 68.5890227893
229.002734498 68.5341273611
231.439580193 68.4286121166
233.875266917 68.2739884936
236.309694098 68.0718208078
238.742761163 67.8236733751
241.174367538 67.5311105115
243.604412652 67.1956965328
246.03279593 66.8189957549
248.4594168 66.4025724938
250.88417469 65.9479910652
253.306969026 65.4568157851
255.727699235 64.9306109693
258.146264745 64.3709409339
260.562564983 63.7793699945
262.976499375 63.1574624672
265.387967349 62.5067826678
267.796868332 61.8288949123
270.203101751 61.1253635164
272.606567034 60.3977527961
275.007163606 59.6476270673
277.404790896 58.8765506459
279.79934833 58.0860878477
282.190735336 57.2778029886
284.578851341 56.4532603846
286.963595771 55.6140243515
289.344868055 54.7616592052
291.722567618 53.8977292616
294.096593888 53.0237988366
296.466846293 52.1414322461
298.833224259 51.2521938059
301.195627213 50.357647832
303.553954583 49.4593586402
305.908105795 48.5588905464
308.257980277 47.6578078666
310.603477456 46.7576749165
312.944496759 45.8600560122
315.280937613 44.9665154694
317.612699446 44.0786176041
319.939681683 43.1979267322
322.261783753 42.3260071695
324.578905082 41.4644232319
326.890945098 40.6147392354
329.197803227 39.7785194957
331.499378898 38.9573283289
333.795571536 38.1527300508
336.086280569 37.3662889772
338.371405424 36.5995694241
340.650845529 35.8541357074
342.924500309 35.1315521429
345.192269194 34.4333830465
347.4540516 33.7611927342
