201.4355929 97.550805364
203.419374882 197.901091968
205.411303716 198.246240483
207.411038862 198.585721415
209.418239781 198.919005269
211.432565935 199.245562552
213.453676784 199.564863769
215.481231789 199.876379427
217.514890409 200.17958003
219.554312108 200.473936087
221.599156344 200.758918101
223.649082579 201.03399658
225.703750273 201.298642028
227.762818888 201.552324953
229.825947883 201.79451586
231.892796721 202.024685254
233.963024861 202.242303642
236.036291764 202.44684153
238.112256892 202.637769424
240.190579704 202.81455783
242.270919662 202.976677253
244.352936226 203.123598199
246.436288857 203.254791175
248.520637016 203.369726686
250.605640164 203.467875239
252.690957761 203.548707338
254.776249269 203.611693491
256.861174147 203.656304203
258.945391857 203.68200998
261.028561859 203.688281328
263.110343615 203.674588753
265.190396585 203.640402761
267.268380229 203.585193858
269.343954009 203.508432549
271.416777385 203.409589341
273.486509818 203.28813474
275.552810769 203.143539251
277.615339698 202.97527338
279.673756067 202.782807634
281.727719336 202.565612518
283.776888965 202.323158539
285.820924416 202.054916202
287.85948515 201.760356012
289.892230626 201.438948477
291.918820307 201.090164102
293.938913652 200.713473393
295.952170122 200.308346856
297.958249179 199.874254996
299.956810288 199.410668337
301.94762783 198.917358984
303.930884902 198.395171726
305.906855435 197.845189738
307.875813359 197.268496195
309.838032605 196.666174272
311.793787103 196.039307143
313.743350784 195.388977983
315.686997578 194.716269968
317.625001415 194.022266271
319.557636226 193.308050069
321.485175942 192.574704535
323.407894492 191.823312844
325.326065806 191.054958172
327.239963816 190.270723694
329.149862452 189.471692583
331.056035644 188.658948015
332.958757323 187.833573165
334.858301419 186.996651208
336.754941862 186.149265318
338.648952582 185.29249867
340.540607511 184.42743444
342.430180579 183.555155801
344.317945715 182.676745929
346.204176851 181.793287999
348.089147916 180.905865186
349.973132842 180.015560663
351.856405558 179.123457607
353.739239995 178.230639192
355.621910083 177.338188593
357.504689753 176.447188984
359.387852936 175.558723541
361.271673561 174.673875438
363.156425558 173.793727851
365.042382859 172.919363953
366.929819394 172.051866921
368.819009093 171.192319928
370.710225886 170.34180615
372.603743704 169.501408761
374.499836478 168.672210936
376.398778137 167.855295851
378.300842613 167.05174668
380.206303834 166.262646597
382.115435733 165.489078778
384.028512239 164.732126397
385.945807283 163.99287263
387.867594795 163.272400651
389.794148705 162.571793635
391.725742944 161.892134757
393.662651443 161.234507191
395.605148131 160.599994113
397.553506939 159.989678697
399.50800179 159.404644119
