1.758976543706936 -35.4224690379862
1.9097749407886369 -36.12723137335273
2.062642519343541 -36.77272439702511
2.2165444508534478 -37.360867055280444
2.370929247183554 -37.89355359852799
2.5253458488150784 -38.37267259559872
2.679388925064245 -38.8001096494313
2.8326852021657345 -39.17774807644548
2.984888910842642 -39.5074691315079
3.135679974053943 -39.79115209773131
3.284763199382411 -40.03067432488874
3.431867907931405 -40.22791124555956
3.576747807480018 -40.384736375743415
3.7191811071206757 -40.50302129465058
3.8589711692776802 -40.584635569967446
3.995949378923001 -40.63144644484138
4.129995537756486 -40.64531662998188
4.260764910885911 -40.62813381938572
1.758976543706936 -35.4224690379862
4.303476566420642 -40.52495293832257
4.216261411506991 -40.442592938180674
4.1269737816508325 -40.3364931659386
4.035928287925401 -40.20848242666689
3.943429905324024 -40.06039023849197
3.8497707542479986 -39.894047181127945
3.755229295638344 -39.71128498219946
3.6600700625785407 -39.513936546957645
3.564543552608285 -39.30383596950651
3.4688861784437677 -39.082818538208905
3.3733202428268214 -38.85272073847137
3.278053924170166 -38.61538025383962
3.1832812672118678 -38.37263596752493
3.089182175329654 -38.12632796268726
2.9959224022423427 -37.87829752327882
2.9036535399492607 -37.63038713447259
2.8125129971630543 -37.38444048475139
2.7226239535323487 -37.14230246807148
2.634095246874125 -36.90581919135257
2.547021036050154 -36.676837994809866
2.4614794540244986 -36.45720753582908
2.377523180741008 -36.248778370404764
2.2953061754178066 -36.05339512881134
4.388317528286279 -40.58174263867197
2.2545414330361098 -35.699400696034125
2.2950010333836417 -35.54458157983563
2.3363839605201235 -35.41029520258529
2.378904101667615 -35.29837936347521
2.4227836856818215 -35.21067116232095
2.4682547479237087 -35.14900690970249
2.51555395741309 -35.11514473383684
2.5648036838499877 -35.10914233233769
2.6160033030256784 -35.129401030338485
2.6691380349614633 -35.17425414130814
2.7241837939184563 -35.24203571660068
2.781107210974767 -35.33108054367078
2.839865663227272 -35.4397241435569
2.9004073171116715 -35.56630276624312
2.9626711986090015 -35.709153384387356
3.0265873146237254 -35.866613681462034
3.0920768773645477 -36.0370220294797
3.15905275249645 -36.2187174463871
3.22742044420238 -36.41003949950406
3.2970805575176314 -36.60932806699799
3.367936184606606 -36.81492262025365
3.4399224493866427 -37.025159354890285
3.513213318722194 -37.238351105360984
3.585442903662738 -37.45305720468926
2.2147893812629604 -35.872914685563885
3.7808484907351385 -37.86947765272284
3.9047904651694694 -38.06771297842246
4.0294437280944635 -38.26054648749947
4.154520801449337 -38.44633812692692
4.279760722109756 -38.623446081129984
4.404897334401767 -38.79022985056689
4.529651363957896 -38.94505102212687
4.653727776288235 -39.08627352476628
4.77681472119292 -39.212263732511516
4.898583053969162 -39.321390510505545
5.018686097406885 -39.412025238021926
5.136759515413871 -39.482541820770216
5.252421242958235 -39.531316696533544
5.365271447233681 -39.55672883934684
5.4748925073376995 -39.557159760283
5.580849006764026 -39.53099350712192
5.682687736347191 -39.476616663102405
5.779937707535396 -39.39241834346147
5.872110178364153 -39.27679018990401
5.958698697361569 -39.12812636224658
6.039179175039919 -38.94482352404729
6.113010001647126 -38.725280821108555
6.179632245712924 -38.46789984307087
6.238470004113765 -38.17108455749422
6.288931054466218 -37.83324118727713
6.330408161850755 -37.45277796332197
6.3622819564600945 -37.0281045830071
6.383928129834885 -36.55763085263272
6.3947390273792735 -36.03976261753072
6.394210022486618 -35.47288547916871
6.382544144184465 -34.85525081587809
8.527906914715402 -33.713975601818184
10.645570866666503 -33.10633123964091
12.776272419629208 -32.343843468046046
14.89930528904847 -31.42241316528339
16.99279170350451 -30.341430047829828
19.0344478554195 -29.104074320709106
21.002432497928112 -27.717416481267076
22.876214692006556 -26.192291778140866
24.6373903002156 -24.54294901638527
26.27037989453231 -22.78649791922831
27.762953142536503 -20.942200935703134
29.106544375893236 -19.030670553614225
30.29634742512218 -17.07303956307532
31.33120089540057 -15.09016890820293
32.2132942740098 -13.101947154606016
32.947738202967116 -11.126719846153453
33.54204803749167 -9.180869276743032
34.00558896812379 -7.278548355067777
34.34902502991713 -5.431558406219146
34.583805229077484 -3.649351052348422
25.55664130867831 23.58421998382819
26.998714389832912 21.91863975072976
28.367140983365402 20.116228763262598
29.642336971436293 18.18486200381689
30.80564233046124 16.13597681684434
31.840127085610163 13.984407545485617
32.731356677006715 11.748005673671194
33.468050295509215 9.447060740955742
34.04257304310295 7.1035602222437575
34.45121873692409 4.740345426933779
34.6942624004534 2.3802318615060116
34.775786222538215 0.04516448122877392
34.70330583765809 -2.2445291631001822
34.487241590262784 -4.4707398404393075
34.1402897482497 -6.6180029564514165
33.67675086861681 -8.673741877595752
33.11186767315081 -10.628337895541037
32.46121488457351 -12.475050117878698
31.74017093011264 -14.209816907802733
30.963488503785015 -15.830973656159465
-7.616982378240678 34.63851744341801
-8.197717425889238 35.19100346166412
-8.780515196558198 35.680783628269936
-9.364292173566653 36.11023424116143
-9.947622047478973 36.48179641886372
-10.52909395283669 36.79789732491674
-11.107363643839193 37.06093891443147
-11.6811662867499 37.27329512250291
-12.24932072053251 37.437310927837494
-12.810731155270147 37.555301981982154
-13.36438793232297 37.62955444586837
-13.9093678806546 37.662324919993395
-14.44483445486729 37.65584043220007
-14.970037675646367 37.61229849583125
-15.4843136626626 37.533867348857605
-15.9870825204857 37.422686963349314
-16.4778332478555 37.28087617468886
-16.95632586411358 37.110437289916604
-7.616982378240678 34.63851744341801
-16.927689338960562 36.99858103739296
-16.424308576927217 37.059846625122006
-15.913617107655654 37.0986827893132
-15.397144270120947 37.11653481009994
-14.876331261779342 37.11487546068592
-14.352533521351688 37.09520388332476
-13.827021324367024 37.05904530752523
-13.300979982214102 37.00795095694614
-12.775509921766172 36.94349801148419
-12.251626722025179 36.867289590245505
-11.73026113295478 36.780954743000905
-11.212259086232734 36.686148445041404
-10.698381702826396 36.58455159483685
-10.189305299255608 36.477871011616806
-9.68562139506875 36.367839433757425
-9.187836723990301 36.25621551624354
-8.696373254799 36.144783827876935
-8.211568235320499 36.03535484363502
-7.733674301866358 35.92976492824393
-7.262859806094923 35.82987628543296
-6.799210122050681 35.73757675803073
-6.342736792925706 35.65477842393095
-5.8932546459053015 35.583436450387765
-17.42212523623067 36.91347611067758
-4.3028810841040865 35.0516137096392
-3.167432908483562 34.59878477883176
-2.0426547515979507 34.168321381388424
-0.9266588551801362 33.76146123786552
0.18267256756766415 33.37937848058847
1.2876887525443976 33.023183869772936
2.3909654743277713 32.69385281007281
3.4951314911546376 32.390732018084194
4.602606937865772 32.111651843664106
5.715600787148361 31.854434930959314
6.836113384234864 31.616960808755493
7.965936460275174 31.397165885227025
9.106653147382218 31.193043438993627
10.259637999122475 31.00264360373022
11.426057022771914 30.824073343537293
12.60686773403279 30.655496408927235
13.802819257333454 30.49513325486646
15.014452526160028 30.341260878568065
16.24210072197684 30.192212460317606
17.485890371793744 30.046376468140295
18.74574463929042 29.90219397027449
20.021396489000892 29.75814788666515
21.312480832817755 29.612687747947902
22.617289814232663 29.46524604522409
-5.450666936312047 35.52550534461818
24.141563700383188 29.42194042681563
24.34614313060854 29.526387829168684
24.548189017688003 29.62606549281429
24.74657966767893 29.71974526325147
24.9402011853781 29.80619343784936
25.127933346435555 29.88418230076551
25.308646066233337 29.952493007079745
25.48119822247037 30.00991654311259
25.644437185097217 30.055254110966025
25.797198602639355 30.087317302538175
25.938306295957375 30.104928186305507
26.06657220176021 30.106919353703816
26.180796340428515 30.092133944192618
26.279766798600917 30.059425660386886
26.362259718963514 30.007658775399868
26.42703929570132 29.93570813592809
26.472857774510032 29.84245916203377
26.498455456279373 29.72680784281537
26.50256070564342 29.587660727705185
26.48388996644485 29.423934911796223
26.441147786832175 29.23455801076122
26.37302686231601 29.01846812068372
26.278208107534113 28.7746137480597
26.155360784439495 28.5019536871362
26.003142742077785 28.199456790749956
25.820200896680433 27.86610150895318
25.605172292055386 27.500874874199226
25.356686751015673 27.102769959271285
25.073374835683353 26.67077824999317
24.75389969276665 26.203859128619037
24.397179984386753 25.700726247772934
24.397179984386753 25.700726247772934
-0.7293143555639574 -34.682861702052705
-3.314027846473749 -34.53186955126731
-6.008965995256446 -34.16614000645665
-8.781630518591754 -33.56062813339291
-11.592353259971915 -32.696332228079726
-14.395808608152961 -31.56253300656294
-17.143338908392863 -30.15855975249696
-19.78589695581357 -28.49475525297372
-22.27726347001567 -26.592411089640805
-24.577112460052746 -24.48261298143779
-26.653505518682792 -22.204131120998447
-28.48449958145048 -19.80065854630327
-30.058721707649966 -17.317795603800132
-31.374949397607338 -14.800180592497014
-32.4408868039005 -12.289086973793502
-33.271414820590905 -9.820679768178472
-33.886610163393414 -7.424988007205698
-34.30978945683691 -5.125538283972652
-34.56576340824003 -2.939522967850486
-34.67940746457593 -0.8783468442827171
-9.823240236039467 33.27065894354966
-12.2772995210848 32.44534961658631
-14.781241300984192 31.38387644754907
-17.297125484682795 30.070620965322334
-19.781683424955375 28.497680539787652
-22.188365894819228 26.66663109938277
-24.470051066013013 24.589619681883264
-26.582137183044836 22.28952170986922
-28.485629805250767 19.79903254886851
-30.149795698243906 17.158747466732507
-31.554014638215122 14.414470350458657
-32.688604447768284 11.61412650741714
-33.55458263922928 8.804702106265673
-34.162507025035495 6.029586141465018
-34.53066319712664 3.3265739792689857
-34.68291772582123 0.7266452345277159
-34.64653675965319 -1.746506752047189
-34.450202582963556 -4.076314176522324
-34.1223734534985 -6.252713424820257
