0.09589073289876637 -35.01723015313428
0.11449637739048057 -34.759011819444964
0.13309787671607864 -34.56200955447284
0.15175807707711897 -34.423783498474705
0.17055373196978962 -34.34189379719572
0.18956169159335445 -34.31390063272926
0.20885545525791827 -34.33736423028017
0.22850402863929276 -34.40984486105347
0.2485714752560284 -34.52890284277805
0.2691167244876169 -34.692098540096936
0.29019349274236106 -34.89699236399724
0.31185026686290485 -35.14114477211757
0.33413033536274384 -35.422116266835246
0.3570718747080548 -35.73746739447057
0.38070812189286585 -36.08475874214852
0.40506770942388926 -36.461550932296035
0.4301753456020663 -36.86540461231485
0.45605331893722223 -37.29388043128495
0.48272526552159434 -37.744538980958964
0.5102274768405834 -38.21494062053188
0.5386541368847304 -38.702644774905394
0.5684739902427793 -39.20520501881438
0.596300825741082 -39.72023472334706
0.07732870763231858 -35.339104209512584
0.8250186254620644 -40.763986272670905
1.0312598680824294 -41.28745155070129
1.2428487603372105 -41.81321806984997
1.4596362152739175 -42.33884924319321
1.68149578840422 -42.86191076968623
1.9082745089766036 -43.379971396290415
2.1397805918365975 -43.89060310862186
2.3757793466560315 -44.39138119323579
2.615991548864258 -44.87988426215085
2.8600927092990673 -45.35369426228476
3.107712723823738 -45.810396478136965
3.3584357071044337 -46.247579530712386
3.6117999330767248 -46.66283537211115
3.867297858114398 -47.05375927450743
4.124376239075275 -47.417949809532075
4.382436404799478 -47.75300881042091
4.6408348361702565 -48.05654129364504
4.8988844706799455 -48.326155288190705
5.15585798660851 -48.559461406224614
5.410997676211821 -48.75407155767812
5.663554958816292 -48.907593804428956
5.913067001465208 -49.017596344515994
6.155638846590364 -49.082091575965734
0.6246409648923361 -40.24525576613817
6.35921725752911 -49.09063810129442
6.320700584982831 -49.03798429448423
6.277014791107433 -48.94327054759896
6.228414095531548 -48.808573083435334
6.175207450770927 -48.63596095497178
6.117715721759794 -48.42750162058093
6.056260982291974 -48.185262338158736
5.991162948954241 -47.91131062865881
5.922737557316623 -47.60771446203512
5.851296318134246 -47.27654234114888
5.777146000206244 -46.91986334308257
5.7005884664624205 -46.539747140562696
5.6219205904931755 -46.138264013203354
5.5414342221101265 -45.71748485251865
5.459416190814238 -45.279481161955346
5.376148350057122 -44.82632505247739
5.2919076811522245 -44.36008923084211
5.206966505578123 -43.88284697589006
5.12159292423371 -43.39667208861482
5.036051795765729 -42.90363878130566
4.950607192654388 -42.40582139902003
4.865529779009421 -41.905293581551376
4.781126332600252 -41.40412491322027
4.697946413547356 -40.90435746216886
4.613984920813323 -40.4083233295878
6.392665073901867 -49.099109548041156
4.614755082079284 -39.40969009401209
4.6964800481352995 -38.91180483177868
4.776431426344061 -38.4263410991455
4.854933812076354 -37.955359192366245
4.932385823616244 -37.500909620320414
5.009228221195997 -37.06503672353796
5.0859359424194395 -36.64977957731688
5.1630154545812275 -36.25717229157323
5.2410037047284845 -35.88924412849349
5.320467654704203 -35.54801955420572
5.402004065178801 -35.235518259957075
5.486239403173045 -34.95375516997109
5.573829823685401 -34.704740437625816
5.665461211583704 -34.49047943281579
5.7618492918049355 -34.31297271605982
5.863739841394477 -34.17421599304319
5.971909079773809 -34.07620003199398
6.087164407507657 -34.02091050903178
6.210345894334864 -34.01032769737412
6.342329561580641 -34.04642578405307
6.484035595033333 -34.13117115799258
6.6364529912748935 -34.26651727671718
6.8007381504824025 -34.454384128693846
6.978905040350526 -34.696514473556675
-2.39957786859091 -35.646309551081316
13.672527763986864 -33.008251641271414
15.805226429682875 -32.04180877193019
17.905076644227393 -30.91748570364075
19.950388872695214 -29.638904765505885
21.919994648991974 -28.2134104010602
23.794061484553197 -26.65192919733562
25.554854750752895 -24.968622119340324
27.18738580808275 -23.18035255972069
28.679897213926665 -21.306012946327854
30.024153647008006 -19.365765919563984
31.21552817345804 -17.380261583835107
32.252894154972694 -15.369889736059235
33.138350359629044 -13.354116493162849
33.87681858754496 -11.350940677188731
34.47555856474969 -9.376489402703157
34.94364439916325 -7.444757079671376
35.29144181281191 -5.56747937970141
35.5301173648823 -3.754124652722737
26.787749013951725 23.641048932651415
28.212371289040846 21.921332033427944
29.559624231037503 20.067668205109186
30.810589973078436 18.088400630827692
31.94736563717072 15.995265571893839
32.95381894126979 13.803206477355133
33.81629801276898 11.529990484908751
34.52423537400324 9.195643735536635
35.07059345388694 6.821742201422609
35.45211385772478 4.430611119180526
35.6693527972389 2.044495756071143
35.72650725115733 -0.31523245945365375
35.63105697980387 -2.6287773531548453
35.39326336309989 -4.878483409907233
35.02557524377215 -7.049239016613484
34.54199404972957 -9.128709598784155
33.957446272340405 -11.107408992722071
33.28720262480289 -12.978629869358485
32.54637200179258 -14.73826181716899
31.749486699358954 -16.38452886712696
4.531229156163818 -39.91790146719879
33.75766470338158 21.780518106434585
-11.514311947819124 33.01033673160072
-11.026106957996234 32.85078329985785
-10.562559596763947 32.74800182878474
-10.120845252954524 32.70010913132319
-9.698236533864844 32.70520431265831
-9.29211469183602 32.76136463275273
-8.899972475623457 32.86664447149133
-8.51941507466239 33.019074984850306
-8.14816048811673 33.216663967436716
-7.784039680904357 33.457395791078
-7.424996644537629 33.73923137470703
-7.0690884044203415 34.06010817073016
-6.714484983204386 34.41794015835242
-6.35946931196537 34.81061784509711
-6.00243705653088 35.2360082743088
-5.641896283055985 35.69195504378101
-5.27646678075854 36.17627834679294
-4.904878565354323 36.68677506419078
-4.525968132271487 37.22121899575387
-4.138667211813839 37.777361557750794
-3.741957784686292 38.35293457412595
-3.334557183138884 38.94566981358321
-2.919123237005607 39.55303807768294
-12.030016382461554 33.2285565725856
-1.4404663429513676 40.396187016949966
-0.3593481568195216 40.616537557361426
0.7506412765897608 40.83137504316261
1.8895045212804007 41.0382717647889
3.057052770799828 41.234878028184255
4.252856952852881 41.41891911876334
5.476235507814351 41.588194541311196
6.726250317880101 41.7405777638655
8.001705082846343 41.87401611286123
9.301144587454871 41.986530721034995
10.622854343223253 42.076216495431
11.964860408015568 42.14124209175594
13.324929302399141 42.17984988573696
14.700567991706691 42.19035593297872
16.089023931416023 42.1711499035537
17.487285203421152 42.120694965064445
18.89208082461596 42.03752754945066
20.299881454159106 41.920256843948806
21.706901183163723 41.76756351844051
23.109102924476247 41.57819591195306
24.502219989796572 41.350954777662764
25.88190715802847 41.08458650661191
27.241696180327153 40.7792281605179
-2.492564935617793 40.172850385037776
29.071467577328292 39.901175714253014
29.53825886970833 39.33340903843168
29.978234113726728 38.73352362453383
30.391349162451604 38.10451559030946
30.77767726423724 37.44926960390174
31.137385675999155 36.77057541356933
31.470729816421283 36.07113198085901
31.77805131608676 35.3535488578315
32.059777237827234 34.62034673867103
32.31641972210201 33.87395771016892
32.54857580967035 33.11672537661744
32.75692734631991 32.35090492647075
32.94224092906393 31.578663169564862
33.10536787486734 30.802078557819158
33.24724420262464 30.023141195219296
33.368890624745006 29.243752839719804
33.47141254678195 28.46572689569848
33.55600007795044 27.690788392616668
33.62392806003999 26.92057393599515
33.676556138219325 26.15663159503731
33.715328943953295 25.400420617387482
33.74177664845382 24.65331056864798
33.75751718522889 23.916577888046817
33.76427181124609 23.19138176737229
33.7636538812302 22.479091531133207
28.57818548210571 40.43360038022823
33.14525296697565 21.76541306750977
32.546058161358815 21.7495872300168
31.961629633782366 21.734439806908824
31.393494446889008 21.721391428594615
30.84314057173765 21.711910191483156
30.312014489547664 21.70751537745889
29.80152059424705 21.7097783809929
29.31302099653982 21.720323015350118
28.847835448911155 21.740825631130832
28.407241316849763 21.773015165826422
27.99247356978799 21.818673161547423
27.60472478600923 21.87963376665374
27.245145167077567 21.957783723433664
26.91484256582453 22.055062342206185
26.6148825331083 22.173461455052006
26.346288397766443 22.315025336810237
26.110041406331334 22.48185056501751
25.907080982674472 22.676085759639165
25.738305246436255 22.89993106262915
25.604572153502204 23.155636994865915
25.506702343245593 23.445501598252747
25.445487680115434 23.77186186692515
25.42172541305905 24.137059474227982
25.436457286675534 24.543200875034557
-4.989822910855764 -35.37681480683699
-4.989822910855764 -35.37681480683699
-7.666927971923144 -34.894635318803466
-10.398899212335039 -34.180114887616185
-13.148237116721816 -33.219590895756085
-15.87344075654238 -32.00704980324619
-18.53108356216316 -30.545315525806387
-21.078275406557253 -28.84655377067193
-23.475236457851224 -26.931963014361116
-25.687667605516253 -24.83064823051251
-27.68862551276618 -22.5778071515534
-29.459693621644135 -20.212466704432728
-30.991361577763172 -17.775063041105852
-32.282652531517215 -15.305152860663213
-33.34014052589066 -12.839485514334513
-34.17656003514469 -10.410576483706052
-34.80922295609423 -8.045828468956216
-35.258433664450564 -5.767166903123467
-35.54604528006874 -3.591103382840174
-35.694245550333505 -1.5291151530997809
-14.462348523942808 32.66891234386219
-16.803661434806088 31.52862700694962
-19.153743094073548 30.158771262191266
-21.47580269127721 28.551834570203596
-23.7299293164709 26.707823071044885
-25.875072218644476 24.635299800060807
-27.871398038215744 22.351790307585787
-29.68277672441883 19.883413300719837
-31.279093909933806 17.263708834792283
-32.638092275214774 14.531768343650015
-33.746512057120526 11.729888428180487
-34.60041603248669 8.90104313762049
-35.20471722540961 6.086480398217958
-35.572044937273574 3.323699375625324
-35.72116130432158 0.6449756813869385
-35.675166376106546 -1.9235026893819622
-35.45970983161635 -4.361918983258789
-35.10137705420732 -6.6566273335159
-34.626354425831664 -8.799598725830151
-34.05941859370034 -10.7876486602986
9.39319617180388 -34.471010393495845
