21.656156401199002 -29.178349205064293
21.78976815110218 -29.56478664950012
21.90699932092715 -29.93335116368462
22.008357760832528 -30.284330261909815
22.094345035463753 -30.618015631389994
22.165456751569295 -30.934702887294634
22.2221826395134 -31.23469151196059
22.26500657967362 -31.51828483453862
22.29440661264349 -31.785790023354238
22.310854943539795 -32.037518083031415
22.314817943124577 -32.27378385272921
22.306756148305137 -32.4949060063101
22.287124261162653 -32.7012070520762
22.25637114801488 -32.89301333380051
22.214939837523033 -33.070655031533676
22.163267518171615 -33.23446616278778
22.10178553533742 -33.38478458477026
22.030919386665353 -33.52195199633343
21.95108871652483 -33.64631394171914
21.862707307851664 -33.75821981500306
21.766183070664376 -33.85802286644949
21.661918025841416 -33.94608021239219
21.5503082801994 -34.02275284884456
21.431743988958033 -34.08840567372994
21.30660929501444 -34.143407521042974
21.17528222866237 -34.18813121886521
21.038134531970865 -34.22295369027901
20.89553133253966 -34.248256140159924
20.74783049171956 -34.264424429392164
20.59538117105237 -34.27184989814921
20.43852024790815 -34.27093142263763
20.277561563731545 -34.26208158663931
20.11275291678856 -34.245751366095334
19.943975013724973 -34.22260292275027
19.774785861019872 -34.19118823891887
21.50564763848201 -28.773757205816764
19.241713794450504 -34.159603429031506
18.878967468772935 -34.16037621006819
18.51565446886318 -34.15578103875163
18.152232787789274 -34.14617162352249
17.789080843757652 -34.131944789493815
17.426543097400046 -34.11351429506698
17.06494145543623 -34.09130428615822
16.704579071474534 -34.06574711489637
16.34574186546974 -34.03728246700328
15.98869921358482 -34.00635696538038
15.633704292238477 -33.97342397231222
15.28099426221393 -33.938943483332736
14.930790372287088 -33.903382066753835
14.583298019627229 -33.867212828192294
14.23870678487042 -33.8309153887931
13.897190451415437 -33.79497587228349
13.558907013372846 -33.75988689768917
13.223998673779587 -33.72614757610401
12.89259183252003 -33.69426351107188
12.564797061323915 -33.66474680424142
12.24070905793507 -33.63811606540719
11.920406566377153 -33.61489643290133
11.603952234279966 -33.59561961102199
11.291392345112648 -33.58082394029597
10.982756280605045 -33.571054539518
10.678055336298982 -33.566863619726746
10.377279758392092 -33.56881126941224
10.080389852915076 -33.57746781248619
9.787280419596065 -33.593423238876255
9.497531787169251 -33.617353224951785
9.213772152489994 -33.64912751379174
19.603036551896025 -34.15333538743195
8.982075024655693 -33.613800273670336
9.032406307221457 -33.548414705448494
9.085414966045853 -33.494113639261656
9.14137920337808 -33.45135935225366
9.200527969898395 -33.420627059975516
9.263078827305009 -33.40239487531866
9.329247415910196 -33.397141298708505
9.399250612095408 -33.405344379609545
9.473307793937096 -33.42748138162111
9.551641419003978 -33.464028628356175
9.634477316860988 -33.51546142582049
9.722044850795974 -33.582254018735
9.81457701600366 -33.66487956427153
9.912310505770009 -33.763810113427496
10.015485762810677 -33.87951659611517
10.124347026296121 -34.01246880712358
10.239142382709659 -34.16313539034772
10.360123828988534 -34.33198381834757
10.48754735957418 -34.51948036423477
10.621673095128159 -34.72609005923994
10.762765484354901 -34.952276626346276
10.911093637082388 -35.19850237048186
11.0669319044827 -35.46522798677708
11.230560954499069 -35.75291220501805
11.402269921156332 -36.06201107978558
11.582361131138015 -36.39297642804161
11.771161919098034 -36.74625192436869
11.969060072010222 -37.122261386375186
12.176645605145168 -37.521361916877765
12.395703192400504 -37.943515901394164
19.378125329637037 -29.715767675793543
20.947621429681575 -34.562050439549694
23.740951139529926 -32.70635126604134
26.469019044288473 -30.540615661448726
29.074627450846307 -28.071412731491193
31.50080749450528 -25.318714448829184
33.69483166495222 -22.31583503294837
35.61213397383186 -19.1079587600843
37.219561150163344 -15.749363223206302
38.49747484524208 -12.299699373854025
39.44043823060255 -8.819864303109057
40.056488065272134 -5.368047878320652
40.36523721573978 -1.9964465092479884
40.39521091044409 1.2510434236948527
40.18086769427639 4.340051322540802
39.75970614243241 7.245960365241842
39.169747789398144 9.953342768244823
38.44755728992848 12.45485899498263
37.62684515323386 14.749871116785812
-6.75969625904267 39.84525919896515
-3.7428266001942774 40.24089242534404
-0.5421800735904441 40.410941772186334
2.8100492781546933 40.31676818895056
6.271166460088537 39.925062872550285
9.789178885909422 39.21109729256372
13.305187956333683 38.16163187802462
16.756824425291214 36.77699021572042
20.082353203140443 35.071887088828674
23.22490184449093 33.07479566771343
26.136214176038052 30.825906031964394
28.77941901131591 28.373988361144086
31.13050702182953 25.772654242647462
33.178462240010504 23.076564248939462
34.92422467790374 20.338060497366286
36.37881296411351 17.604548885707914
37.56099116045601 14.916773015346763
38.49483472335169 12.307959772808402
39.20746815071051 9.803704165174167
39.72714531631985 7.422405214163263
8.93382863560263 -33.68989128499646
-11.937489226718114 32.74627337342653
-35.5507391032012 5.529169495264625
-35.4591546939908 6.325931739069773
-35.334373192201284 7.133989393110511
-35.17782195226699 7.952017004268384
-34.99090164671075 8.778727027637586
-34.77498590530301 9.612872538337797
-34.53142122551718 10.453247909216628
-34.26152694273392 11.298689036335105
-33.96659521905816 12.148073428908049
-33.64789103904983 13.000320249987993
-33.306652207431185 13.854390336227283
-32.94408934925927 14.709286208438812
-32.56138590989771 15.564052076894939
-32.15969815652968 16.41777384431643
-31.7401551796264 17.269579106975897
-31.30385889503892 18.11863715463872
-30.85188404740388 18.964158969877644
-30.385278213698264 19.805397225987406
-29.90506180909545 20.64164628432198
-29.412228094359147 21.472242189917125
-28.90774318637278 22.296562665097582
-28.392546073972223 23.11402710047517
-27.867548640569154 23.92409654068007
-27.333635700055034 24.72627366314549
-26.79166505297634 25.52010274329612
-26.242467580955438 26.305169597387334
-25.68684741129549 27.081101482210528
-25.125582222084542 27.847566908515944
-24.55942385276404 28.604275268525157
-23.989099647184133 29.350976016755027
-23.4153158099851 30.08745662117863
-22.83876747644731 30.813536418166706
-22.260178990410513 31.529042031459255
-21.680585850049788 32.233635307441546
-21.097549126432003 32.92912357031611
-35.6076749128064 4.745047038095294
-20.22520336852312 33.60678888453444
-19.935610712024193 33.59344129857351
-19.64506545976723 33.57473550840177
-19.353824983308876 33.55113366734054
-19.06219487117553 33.52306701049696
-18.770486206051743 33.49096192740606
-18.47900488456956 33.45524647981506
-18.188048058061145 33.416352574433745
-17.89790270933097 33.374716831458926
-17.608845006476464 33.33078097905391
-17.321139980747517 33.284992050380026
-17.03504135417646 33.23780248932448
-16.750791442311428 33.18967021018375
-16.468621097751512 33.141058633105814
-16.18874967703654 33.09243670509508
-15.911385022518676 33.044278912634155
-15.636723454785528 32.99706528848216
-15.364949773937433 32.9512814137872
-15.096237270200076 32.907418415773094
-14.830747747204455 32.86597296142986
-14.568631563106969 32.82744724264455
-14.310027703427814 32.79234895056922
-14.055063911384757 32.7611912289552
-13.803856932008806 32.734492585351205
-13.556513002514947 32.71277671254134
-13.313128933058607 32.69657209500903
-13.07379480997902 32.686411023350246
-12.838602107716625 32.68282663779061
-12.607676137428705 32.686341098685574
-12.381403191971721 32.69738278258353
-12.157363607240015 32.71740431914998
-20.51393333733015 33.614102682846664
-11.801445849547903 32.72576212772657
-11.669929968813769 32.71519694601733
-11.542643942360478 32.71523305507756
-11.419573400701957 32.72642199186035
-11.300745445914963 32.749299750906346
-11.186194106817759 32.7843993766281
-11.075951701299587 32.8322541128139
-10.97004595458204 32.89339845174405
-10.868498844461904 32.968368555671816
-10.771326073092432 33.05770244818365
-10.678536799349367 33.16194011135329
-10.590133489884998 33.28162353876124
-10.50611182814378 33.41729676780909
-10.426460651668322 33.569505900632464
-10.351161902190206 33.738799119811716
-10.280190578569297 33.92572670230621
-10.213514684438877 34.130841033892466
-10.15109516171701 34.35469662624317
-10.092885798150888 34.59785014042319
-10.038833089472597 34.86086042082388
-9.988876022856786 35.144288548441835
-9.942945719000761 35.44869792851779
-9.900964808074988 35.77465444276953
-9.862846272734771 36.12272673137886
-9.828491136015415 36.49348675712744
-9.797783375845412 36.88751104482367
-9.770577212925815 37.305383780286235
-9.746658975512716 37.74770610612404
-9.725594560065247 38.21513330449119
-9.705661658339082 38.708635077288505
17.367494034169322 -30.933941566278776
17.367494034169322 -30.933941566278776
15.214333308150895 -32.04781820719387
12.930991605464024 -33.03525459190948
10.534208380157105 -33.87578845807556
8.04477775078176 -34.5517024297412
5.48690976399865 -35.04900014400687
2.887322118146411 -35.35819510154499
0.27413133149217117 -35.474828285221506
-2.3243599829870902 -35.39966017523821
-4.8808696437746875 -35.138521616216806
-7.370229600505745 -34.70184873300968
-9.770279306882568 -34.103962117595074
-12.062501440959526 -33.36217392256846
-14.232377363857506 -32.49581549100766
-16.26947243715154 -31.525273297302647
-18.167287071321216 -30.47110549883385
-19.922925533811483 -29.353289901253987
-21.53664087001376 -28.190631243179183
-23.01131234542179 -27.00033507188931
-35.39268506190204 2.4282573920145296
-35.475799797577494 0.07885794226407938
-35.398357144927175 -2.3441205798848443
-35.14704632894035 -4.819099937143648
-34.712165091818036 -7.321487860484808
-34.08838474626434 -9.824490584427764
-33.275290930152465 -12.300146477443676
-32.277629425824955 -14.720503676911875
-31.105217384066453 -17.058840562676792
-29.772519617341718 -19.290818165330876
-28.297930074113975 -21.39546081236422
-26.70283248595054 -23.355884206771577
-25.010535431704458 -25.159723910892055
-23.245182790469816 -26.799254968944624
-21.430731478914165 -28.271228097334827
-19.590068170391294 -29.576474078772108
-17.744310625720193 -30.719342933578673
-15.912312619261602 -31.70704806442481
-14.11036836951249 -32.548979927633965
-12.352095317046814 -33.256042024441925
15.374522709454183 -37.37595785533409
