81.0122594818
1.0169194288
83.3593324248
31.3205877042
85.711643687
31.6632315708
88.0690391755
32.0428896053
90.4313647973
32.4576003844
92.7984664592
32.9054024847
95.1701900682
33.3843344829
97.5463815313
33.8924349557
99.9268867555
34.4277424797
102.311551648
34.9882956317
104.700222115
35.5721329884
107.092744063
36.1772931263
109.488963401
36.8018146222
111.888726034
37.4437360528
114.29187787
38.1010959946
116.698264816
38.7719330245
119.107732779
39.4542857191
121.520127664
40.1461926551
123.935295381
40.8456924091
126.353081835
41.5508235578
128.773332933
42.2596246779
131.195894582
42.9701343461
133.62061269
43.6803911391
136.047333163
44.3884336334
138.475901908
45.0923004059
140.906164833
45.7900300332
143.337967843
46.4796610919
145.771156847
47.1592321587
148.20557775
47.8267818104
150.64107646
48.4803486236
153.077498885
49.1179711749
155.51469093
49.7376880411
157.952498502
50.3375377989
160.39076751
50.9155590248
162.829343859
51.4697902956
165.268073457
51.998270188
167.70680221
52.4990372786
170.145376026
52.9701301441
172.583640811
53.4095873612
175.021442473
53.8154475066
177.458626918
54.1857491569
179.895040053
54.5185308888
182.330527786
54.8118312791
184.764936022
55.0636889043
187.19811067
55.2721423412
189.629897636
55.4352301664
192.060142827
55.5509909566
194.48869215
55.6174632886
196.915391512
55.6326857388
199.34008682
55.5946968842
201.762628779
55.5016602316
204.182946052
55.3537689013
206.601030625
55.1528646749
209.016876319
54.900837041
211.430476953
54.5995754881
213.841826346
54.2509695047
216.250918318
53.8569085792
218.657746688
53.4192822001
221.062305276
52.939979856
223.464587901
52.4208910353
225.864588383
51.8639052265
228.262300541
51.2709119181
230.657718194
50.6438005986
233.050835163
49.9844607564
235.441645266
49.29478188
237.830142323
48.576653458
240.216320154
47.8319649788
242.600172578
47.0626059309
244.981693414
46.2704658028
247.360876482
45.457434083
249.737715602
44.6254002599
252.112204592
43.7762538221
254.484337273
42.911884258
256.854107464
42.0341810561
259.221508984
41.145033705
261.586535653
40.246331693
263.949181291
39.3399645087
266.309439716
38.4278216406
268.667304748
37.5117925771
271.022770207
36.5937668067
273.375829913
35.675633818
275.726477684
34.7592830994
278.07470734
33.8466041394
280.420512701
32.9394864265
282.763887586
32.0398194491
285.104825814
31.1494926958
287.443321206
30.270395655
289.77936758
29.4044178153
292.112958756
28.553448665
294.444088554
27.7193776928
296.772750793
26.904094387
299.098939292
26.1094882362
301.422647871
25.3374487289
303.74387035
24.5898653535
306.062600547
23.8686275986
308.378832283
23.1756249525
310.692559377
22.5127469039
313.003775648
21.8818829412
315.312474916
21.2849225528
317.618651
20.7237552273
319.9222977
20.2002704531
199.66844908
37.841476031
201.941769183
237.760147087
204.195063383
237.628103563
206.428900093
237.446757399
208.643847725
237.217520536
210.840474693
236.941804913
213.019349408
236.621022472
215.181040285
236.256585151
217.326115736
235.849904893
219.455144174
235.402393636
221.568694012
234.915463322
223.667333663
234.39052589
225.751631539
233.828993281
227.822156054
233.232277435
229.87947562
232.601790292
231.924158651
231.938943793
233.956773559
231.245149878
235.977888757
230.521820487
237.988072657
229.770367561
239.987893674
228.992203039
241.97792022
228.188738863
243.958720707
227.361386972
245.930863549
226.511559306
247.894917158
225.640667806
249.851449947
224.750124413
251.80103033
223.841341066
253.744226719
222.915729706
255.681607527
221.974702273
257.613741167
221.019670707
259.541196051
220.052046949
261.464540593
219.073242939
263.384343206
218.084670617
265.301172303
217.087741923
267.215596295
216.083868798
269.128183597
215.074463182
271.039502622
214.060937016
272.950121781
213.044702239
274.860609488
212.027170792
276.771534156
211.009754616
278.683464197
209.993865649
280.596968026
208.980915834
282.512614054
207.972317109
284.430970694
206.969481416
286.352606359
205.973820695
288.278089463
204.986746885
290.207988417
204.009671928
292.142871636
203.044007763
294.083307532
202.09116633
296.029864517
201.152559571
297.983111005
200.229599425
299.94361385
199.323694026
301.911668497
198.435588396
303.886991481
197.564613164
305.869224978
196.709917283
307.858011161
195.870649705
309.852992207
195.045959382
311.853810291
194.234995266
313.860107587
193.436906309
315.871526271
192.650841464
317.887708518
191.875949683
319.908296503
191.111379918
321.932932402
190.356281121
323.961258389
189.609802244
325.992916639
188.87109224
328.027549327
188.139300061
330.06479863
187.413574658
332.104306721
186.693064984
334.145715776
185.976919992
336.18866797
185.264288633
338.232805479
184.55431986
340.277770477
183.846162625
342.323205139
183.13896588
344.368751641
182.431878576
346.414052157
181.724049668
348.458748864
181.014628106
350.502483935
180.302762842
352.544899546
179.58760283
354.585637873
178.86829702
356.62434109
178.143994366
358.660651372
177.41384382
360.694210895
176.676994333
362.724661834
175.932594858
364.751646363
175.179794347
366.774806659
174.417741752
368.793784895
173.645586025
370.808223248
172.86247612
372.817763892
172.067560987
374.822049002
171.259989579
376.820720754
170.438910848
378.813421323
169.603473746
380.799792884
168.752827226
382.779477611
167.88612024
384.752117681
167.00250174
386.717355267
166.101120677
388.674832547
165.181126006
390.624191693
164.241666676
392.565074882
163.281891641
394.497124289
162.300949853
396.419982089
161.297990264
398.333290457
160.272161826
400.23669156
159.222613492
-20.9921217982
40.583507944
-20.3389471445
141.686374965
-19.6727213293
142.771344945
-18.9936177047
143.838625626
-18.3018096222
144.888424754
-17.5974704338
145.92095007
-16.8807734913
146.936409318
-16.1518921464
147.935010243
-15.4109997509
148.916960588
-14.6582696567
149.882468095
-13.8938752156
150.831740509
-13.1179897793
151.764985574
-12.3307866997
152.682411032
-11.5324393286
153.584224627
-10.7231210177
154.470634103
-9.90300511898
155.341847204
-9.07226498411
156.198071672
-8.23107396493
157.039515252
-7.37960541325
157.866385687
-6.51803268087
158.67889072
-5.6465291196
159.477238096
-4.76526808123
160.261635557
-3.87442291758
161.032290847
-2.97416698044
161.78941171
-2.06467362163
162.533205888
-1.14611619295
163.263881127
-0.218668046195
163.981645169
0.717497466823
164.686705758
1.6622069943
165.379270637
2.61528718444
166.05954755
3.57656468542
166.72774424
4.54586614546
167.384068451
5.52301821273
168.028727927
6.50784753545
168.661930411
7.5001807618
169.283883646
8.49984453998
169.894795376
9.50666551818
170.494873345
10.5204703446
171.084325296
11.5410856675
171.663358973
12.5683381349
172.232182119
13.6020543952
172.791002478
14.6420610965
173.340027793
15.6881848869
173.879465808
16.7402524148
174.409524266
17.7980903282
174.930410912
18.8615252755
175.442333487
19.9303839047
175.945499737
21.0044928641
176.440117404
22.0836788019
176.926394233
23.1677683663
177.404537966
24.2565882054
177.874756347
25.3499649675
178.337257119
26.4477253007
178.792248027
27.5496958533
179.239936814
28.6557032734
179.680531223
29.7655742093
180.114238998
30.8791353091
180.541267882
31.9962132211
180.961825619
33.1166345934
181.376119952
34.2402260742
181.784358625
35.3668143117
182.186749382
36.4962259542
182.583499966
37.6282876497
182.974818121
38.7628260466
183.360911589
39.899667793
183.741988115
41.0386395371
184.118255443
42.1795679271
184.489921315
43.3222796112
184.857193475
44.4666012375
185.220279667
45.6123594544
185.579387635
46.7593809099
185.934725121
47.9074922523
186.28649987
49.0565201298
186.634919625
50.2062911905
186.980192129
51.3566320827
187.322525126
52.5073694546
187.66212636
53.6583299543
187.999203574
54.80934023
188.333964511
55.9602269301
188.666616916
57.1108167025
188.997368531
58.2609361956
189.3264271
59.4104120575
189.654000367
60.5590709365
189.980296076
61.7067394806
190.305521969
62.8532443382
190.629885791
63.9984121574
190.953595285
65.1420695864
191.276858194
66.2840432735
191.599882262
67.4241598667
191.922875233
68.5622460143
192.246044849
69.6981283645
192.569598856
70.8316335655
192.893744995
71.9625882655
193.218691011
73.0908191127
193.544644647
74.2161527553
193.871813647
75.3384158414
194.200405755
76.4574350193
194.530628713
77.5730369371
194.862690265
78.6850482431
195.196798156
79.7932955855
195.533160127
80.897605612
195.871983924
2.4804168325450178
-36.2434828858796
2.5756413540942873
-37.015947662933065
2.6679773712280763
-37.71828550070461
2.7571414278800717
-38.35282022164234
2.843025990831123
-38.921863432447
2.9255616223831282
-39.427723956041426
3.0046972906932865
-39.87270917938489
3.080395447196267
-40.25912538996217
3.1526303856464324
-40.589277888789404
3.221387585490916
-40.86547103485264
3.2866634131967203
-41.09000826535068
3.3484649727498947
-41.265192106631865
3.40681002482539
-41.39332417913041
3.461726940351042
-41.47670520075317
3.513254672290415
-41.51763498882302
3.5614427375881377
-41.518412461533174
3.6063512048409905
-41.48133563821745
3.6480506853358037
-41.40870164070825
3.6866223255741914
-41.30280669361694
3.722157799960229
-41.165946124850116
3.754759301934712
-41.00041436651992
3.7845395306108287
-40.808504956236504
3.8116216666592777
-40.59251053961469
3.83613932151826
-40.35472287531338
3.8582364125591653
-40.09743284743768
3.878066790922645
-39.82293050418834
3.8957927550911506
-39.5335052089012
3.9115746503213984
-39.231446701427664
3.925711391848097
-38.91903076016661
2.4804168325450178
-36.2434828858796
3.8421824619076688
-38.281251135755966
3.7467452193401414
-37.96030768783735
3.652256636922175
-37.63800340095448
3.5589442732571968
-37.316621941867005
3.467018349811923
-36.99844844458681
3.3766733544070178
-36.68576934739397
3.2880884426291743
-36.38087235150658
3.2014275724493757
-36.08604640778767
3.1168395590548243
-35.80358171090617
3.034458101234776
-35.535769696929016
2.9544017966231593
-35.28490304168948
2.876774153059614
-35.05327565992075
2.8016636000363633
-34.84318270449594
2.729143503760099
-34.65692056510237
2.6592721910806176
-34.49678686709934
2.592092992188867
-34.36508046862796
2.5276343248800117
-34.264101455149316
2.4659098791833003
-34.196151128352426
2.406919078314587
-34.163531977189685
2.3506380300241574
-34.168395965361405
2.296875436172371
-34.210497112809115
2.245362629043939
-34.287671122658
2.195369587945379
-34.397728473434285
3.938312248276816
-38.598552690959835
2.228407867407668
-34.69650415064213
2.3123974319383365
-34.8806580161739
2.3988270008146912
-35.08865552468114
2.4876748250098046
-35.31825611517538
2.5789091823511967
-35.56722034063955
2.6724824035708536
-35.83331023923328
2.7683293814651506
-36.1142894267862
2.8663670772218666
-36.407923127248736
2.9664943271289985
-36.711978184286544
3.0685917602756945
-37.02422306625264
3.1725217649223225
-37.342427867247125
3.278128481142346
-37.6643643070587
3.3852378122554967
-37.98780572858226
3.4936574557234508
-38.31052709448408
3.603176960514787
-38.63030497955354
3.7135678281214837
-38.94491755909017
3.8245836929518475
-39.25214458803121
3.935960659934551
-39.5497673613544
4.04741798183818
-39.83556863534933
4.158659551120081
-40.10733245449839
4.269377631087593
-40.36284371807037
4.379264051000462
-40.59988687937823
4.488054988813872
-40.816240744926
4.595844453545396
-41.00964206253812
4.698873828690239
-41.17827456854836
2.1469119162658217
-34.538433002898515
4.955904167447329
-41.41696931972786
5.110125958596484
-41.48246519421626
5.260841775767176
-41.51401652720348
5.407308357959607
-41.509474775792874
5.548820009821384
-41.46668817641678
5.684659829321788
-41.38350740883848
5.814087539699472
-41.257787006886424
5.936335469430048
-41.08738582149238
6.05060699819461
-40.87016719674727
6.156075934256421
-40.603999032322
6.251886341003399
-40.286753789591714
6.337152682650924
-39.91630844875488
6.410960352533948
-39.49054439895679
6.472366891264244
-39.007347201175506
6.520404776223529
-38.4646060513836
6.554088477608673
-37.86021243158735
6.572435693839111
-37.19205605179067
6.574552359125789
-36.4580086138899
6.560227781614628
-35.655810144645024
8.834323933448218
-34.274818425262936
11.067993495425014
-33.62005320387029
13.319536589645963
-32.793267639607414
15.56497872350667
-31.788990150406246
17.77873592604726
-30.605963574403546
19.934581186137905
-29.247579906363498
22.00673801379463
-27.72204789401472
23.971011895760853
-26.042255012558556
25.805858871642272
-24.225319509610625
27.493293724296393
-22.291865279410896
29.019558445591827
-20.26508537037825
30.375501401535644
-18.16968277244121
31.556653157660946
-16.030785973648555
32.56301952406358
-13.87293108615825
33.39864020629466
-11.719184690767438
34.07097885398002
-9.590456578155491
34.59021630496051
-7.505024545055454
34.968514797447085
-5.4782689151378925
35.219309732037516
-3.522595555076933
35.356670581196056
-1.647514145197313
22.77918096921536
27.09090939443667
24.510522016555967
25.535128116415734
26.18363979248568
23.816495641953708
27.774549615732894
21.940438716876912
29.259636720893752
19.916880187598828
30.616715664932315
17.76021338099651
31.826088923389477
15.488980640647299
32.87150757974092
13.125259878603323
33.74094136915454
10.6937988090816
34.42708430337359
8.220968544779119
34.92755276777552
5.7336301851527764
35.24476969334245
3.2580157625601274
35.38556427490869
0.8187175289107493
35.36054544897985
-1.5621405175173244
35.183324810314446
-3.8655029087754436
34.869669551137235
-6.075738871967221
34.43665974582598
-8.18076542849442
33.90191009083054
-10.17196881823199
33.282897950270865
-12.04396784609182
32.59642085417596
-13.794267104245922
-6.825337325665487
35.68132970830961
-7.241790775915547
36.361892725214155
-7.6550987641118695
36.970441166358846
-8.064409673126988
37.50964885050666
-8.468780756220326
37.98219917217151
-8.86730972072148
38.390759930900586
-9.259153525950808
38.73797973580247
-9.643533082793383
39.02648710617848
-10.019734820633673
39.25889017249543
-10.3871113141808
39.437776555968014
-10.745081568619796
39.565713313798966
-11.093131162635302
39.64524691250752
-11.430812325435
39.67890321255877
-11.757743981175992
39.66918746002237
-12.073611775906329
39.618584281351204
-12.378168094842053
39.529557680176154
-12.671232073821415
39.40455103435706
-12.952689607939845
39.24598709479374
-13.222493358249594
39.05626798345399
-13.480662758114036
38.83777519140822
-13.727284020646522
38.592869576368116
-13.96251014945561
38.323891358513926
-14.186560957643877
38.03316011272396
-14.399723107266354
37.7229747516048
-14.602350205852034
37.39561348342373
-14.794863094402217
37.053333687801185
-14.977750995682413
36.69837141579408
-15.151579549876345
36.33293789533227
-15.316882373166635
35.95926669520157
-6.825337325665487
35.68132970830961
-14.216006399030363
35.33864130827118
-12.975426421091697
35.09353301172857
-11.753689056821031
34.84628355189556
-10.551550277420944
34.599006590010056
-9.369498370392506
34.35382848846293
-8.207752700897089
34.112888849819214
-7.066263401453682
33.8783406509058
-5.944711267995217
33.6523502877916
-4.842507717314845
33.43709759307088
-3.7587947665687125
33.23477584363452
-2.692445021195226
33.04759176369949
-1.6420616657361222
32.87776552575858
-0.6059784542860314
32.72753074978055
0.4177403024043542
32.59913450009288
1.43129975757995
32.494837279932334
2.4371745656567896
32.416913019853396
3.438108955733611
32.36764905428986
4.437116892936274
32.34934607040562
5.437482481722441
32.36431797858001
6.442732585016643
32.41474767993196
7.456129592132669
32.50054975172576
8.480471856472036
32.61980217421571
9.517874242152658
32.770651674065434
-15.474414005133411
35.57950371210173
11.225742561123639
32.707366523329306
11.895372806145417
32.484240491871354
12.580236641347483
32.278709169225124
13.280736144160528
32.08792306836478
13.997125259936581
31.90913331550749
14.72950460049097
31.739693317951215
15.477820144632062
31.57705918002098
16.241862805982862
31.41878984060677
17.02126826120181
31.26254712679622
17.815516873462485
31.10609577694008
18.62393365577711
30.947303449608278
19.445688254048292
30.78414072603276
20.27979494065073
30.614681106710343
21.125112616554134
30.437101003851375
21.980344820724753
30.249679725694286
22.844039751040697
30.05079945021057
23.71459030381351
29.838945177902275
24.59023414898968
29.61270464297958
25.469053882549247
29.37076813568965
26.34897736328469
29.111928111138624
27.227778555669317
28.835078210517196
28.103080059411127
28.539210323962685
28.972363230728035
28.223402842820505
29.833039030242276
27.886738419722512
30.681496142976812
27.529408890664072
10.570832113102739
32.951025682192494
31.28046274133112
27.53068696116565
31.02024313412835
27.89151169590025
30.73364160888525
28.23056087290236
30.419811172962852
28.545597651684496
30.07799004533382
28.834302579001708
29.707490639244554
29.094286382625775
29.30769681997947
29.32309316042926
28.878063008899005
29.5182014297985
28.418113853773775
29.67702452775306
27.92744412200824
29.796910759270958
27.40571872126816
29.87514341850777
26.85267283817865
29.908940705648504
26.268112256485438
29.895455502863445
25.651914033966932
29.831774882627812
25.004028019001566
29.7149189923273
24.324480667813475
29.541838242106902
23.61338651727681
29.309404842035672
22.870994105828913
29.014378926492117
22.098007462877945
28.653171377570747
22.098007462877945
28.653171377570747
-0.09021563991601056
-35.47784215715357
-2.748869131902296
-35.371303926845314
-5.528846136615542
-35.04450432503247
-8.396911039605087
-34.46994789642924
-11.311937629785817
-33.626261910141366
-14.226428133990225
-32.50067946271277
-17.088943938600664
-31.091050449493526
-19.847250767742977
-29.407006987313654
-22.451811517197683
-27.470012424202093
-24.859155300928023
-25.312206950677577
-27.034650881037578
-22.97418278698945
-28.95432224542902
-20.50201566425708
-30.605531523664595
-17.943992396999082
-31.986563220492954
-15.347481758614197
-33.105316834673886
-12.75630903770545
-33.97741556935665
-10.208851758000456
-34.62405915610154
-7.736921257475046
-35.06990501860096
-5.365369043774617
-35.34118214051765
-3.112276963951743
-35.46415371514711
-0.9895576072192647
-9.116465959893873
34.286666087441105
-11.660460885295521
33.50700038696512
-14.265727174898629
32.48344888032899
-16.89312591928163
31.197880050812486
-19.49744568665436
29.64009167808952
-22.029503496007663
27.809825578542814
-24.439007298294122
25.718093733080508
-26.677894193746766
23.387504877109926
-28.703720726731035
20.851422959391023
-30.482627200654562
18.15199333229006
-31.991453562551655
15.337285351218114
-33.218739700059274
12.457959533137611
-34.16455302724658
9.563929079517713
-34.83929003661576
6.701439601619491
-35.261743783865924
3.9108628601090842
-35.45679022954655
1.2253365282730684
-35.45302712379746
-1.3297709384964271
-35.28062475543473
-3.7367017349253935
-34.969550325218194
-5.9846447715483
0.43305876131037735
-35.33853927433921
0.472828702085593
-35.085418484394125
0.5129284034734383
-34.89090168172197
0.5534854960651785
-34.752717601431556
0.594651057821352
-34.668594882731554
0.6365749410009869
-34.636262341189024
0.6793996070262267
-34.65344903697732
0.7232580758833933
-34.717884296932965
0.7682731122122846
-34.82729772357328
0.8145568644279422
-34.97941919848316
0.8622106976712871
-35.17197888376157
0.9113251242224578
-35.40270722186406
0.9619797959799712
-35.66933493380549
1.0142435535560423
-35.96959301675159
1.068174551171495
-36.30121273792756
1.123820514847921
-36.661925623661546
1.1812192774831374
-37.049463437971895
1.2403999700579789
-37.46155813381091
1.3013860110202984
-37.89594173215889
1.3642040843459142
-38.35034595870974
1.42892006173156
-38.82250079192289
1.4958904710683214
-39.31012429428043
1.5623956997421828
-39.81105874612982
0.3936871242455027
-35.65253331340827
1.8065514964706892
-40.83071251265676
1.9875194476893228
-41.344540951082195
2.1728727177707583
-41.862188657951094
2.362451549482955
-42.38139285292746
2.5561161219190467
-42.89989167697692
2.7537076241329146
-43.4154257653681
2.955038525324767
-43.92573864158953
3.159889333639967
-44.428576847634616
3.3680073024156627
-44.921689996240104
3.579105845668039
-45.40283079389607
3.7928642507333734
-45.86975505161189
4.008927530525057
-46.32022168998472
4.226906349369756
-46.75199274053355
4.4463769941942815
-47.162833343884586
4.666881381693486
-47.5505117458419
4.8879271050299735
-47.9127992884888
5.108987539582017
-48.247470393504045
5.329502056900083
-48.55230253130438
5.548876465955516
-48.825076157967715
5.766483994889484
-49.06357457663046
5.981667754915918
-49.26558359005696
6.1937481412171
-49.42889045752966
6.402052447140875
-49.55127972409667
6.606122178899966
-49.63050401986385
6.802927586976125
-49.664681534099145
1.630421052225529
-40.32295602576363
6.946055425174393
-49.618422256692355
6.893201873973226
-49.54164016602934
6.8349942080186
-49.42430501923806
6.771747473703044
-49.268460597476604
6.70381477375912
-49.07614524984231
6.631555236294389
-48.849396405339746
6.555326009260909
-48.59025169980026
6.4754795949723984
-48.300749352097625
6.392362787588183
-47.982928313407825
6.306316195356828
-47.6388283350617
6.2176740088675615
-47.27049000111404
6.126763886783692
-46.87995474478336
6.033906906515142
-46.46926485613591
5.939417559893798
-46.04046348354976
5.843603792577255
-45.595594629287234
5.746767104001094
-45.13670313831523
5.649202754428359
-44.66583467337216
5.5512001950976355
-44.18503566395245
5.453044026878501
-43.69635319156896
5.355016407323035
-43.20183470169641
5.257404281305924
-42.703527138366866
5.160528313425914
-42.20347348036128
5.064945429451598
-41.703688496024284
4.968709503372338
-41.20648666143353
6.993502102320747
-49.65257049545758
4.956010383705461
-40.19965376811183
5.036321733419356
-39.69473398885913
5.1147398066872825
-39.20102898088561
5.191586221336138
-38.72057534617227
5.267255401355044
-38.25539966396602
5.342183236705296
-37.80752224112416
5.416839254978072
-37.378958049610276
5.491724020145227
-36.971717035769444
5.567368103369802
-36.58780424281562
5.644331630421618
-36.22921986287156
5.723204076993284
-35.89795925818029
5.804604190318571
-35.596012966391555
5.889179992658001
-35.32536669277087
5.977608860382816
-35.088001289855214
6.070597701752433
-34.88589271750854
6.168883298663843
-34.72101196890901
6.273232963323039
-34.595324931860205
6.384445867632223
-34.51079210731277
6.5033559814615955
-34.46936799033537
6.630839429872822
-34.47299951992147
6.767836576437617
-34.523621427017574
6.915440370300928
-34.623137625458384
7.075514797526978
-34.77329094174803
-2.175861114035456
-35.96498257081359
12.765879152341142
-33.36597639352438
14.556507742284111
-32.624593998611346
16.322614970100915
-31.777795577466392
18.052419518593467
-30.828010003081772
19.734461128827718
-29.779306492599716
21.357891357246388
-28.637327528899476
22.912745590060126
-27.409161620716986
24.390182035854878
-26.103162097402446
25.782675732494567
-24.728721829048112
27.084158927526175
-23.296016535320092
28.290103134506865
-21.815730926658574
29.397542281170388
-20.298782206137446
30.405040209913466
-18.756054517380477
31.312609002450984
-17.198155967574877
32.121586933723336
-15.635207196729397
32.834486207852535
-14.07666745688573
33.45482101415678
-12.531201144987534
33.98692599082921
-11.006584979879165
34.08976523496176
10.683817550416848
34.60476475368034
8.8750384544432
35.03001582164694
7.010994420235306
35.358670771873506
5.101024649191885
35.58509042542812
3.155533336776301
35.70504133882679
1.1857800040796747
35.71584862490198
-0.7963719159367031
35.61649439813215
-2.778736765731111
35.40765533969403
-4.7491046072751715
35.09167700167541
-6.695540040615697
34.67248682992681
-8.606666500681712
34.15545200327392
-10.471921966738336
33.54719162770573
-12.28177451019991
32.85535526016275
-14.027889433335986
32.08838099094447
-15.703243505893823
31.255246373150953
-17.30218556654154
30.365224485047122
-18.820446147689978
29.427655587148365
-20.255101527012414
28.45174248743956
-21.604499546479445
27.446375159402123
-22.868155628182137
4.873776363131583
-40.713715427823956
29.207309655382062
28.780086564676537
3.9578262011665686
34.65439876539736
4.965737990052986
33.84426012340228
5.968870871661096
33.097781113219526
6.971910560250876
32.41003180716854
7.979309238349913
31.77622492543918
8.99526110234558
31.191717858394014
10.023696249443304
30.652013171242203
11.068278640577972
30.15275877043132
12.13240528670758
29.689747968947643
13.219205880295675
29.258919513551746
14.331542613243386
28.856357595731765
15.47201008196987
28.478291853279842
16.64293523790039
28.121097364409337
17.846377366192797
27.781294634378042
19.084128086229413
27.45554956819177
20.35771137842741
27.140673418836627
21.668383656427096
26.83362268331433
23.01713393873402
26.531498872291365
24.4046842892389
26.231547934908832
25.831491147902113
25.931158532974337
27.29775066369362
25.627855139156992
28.803436034163894
25.31924972212923
30.347789686813258
25.003698785299832
2.940387441694611
35.53325545046795
32.412099690359895
24.902444717733033
32.90064769515865
25.127501795211884
33.394329056661775
25.352591515277652
33.8913441068014
25.576335108030747
34.38988608102687
25.79736458570619
34.888135337548135
26.01433022074403
35.38425791316462
26.225902415429744
35.876405041573946
26.430772324263188
36.36271296139137
26.62765210277604
36.8413028290384
26.815275019985307
37.31028067557901
26.992395513944246
37.76773738427596
27.157789220908512
38.21174867854285
27.310252990618636
38.640375115727124
27.44860489320766
39.05166208599434
27.57168422067437
39.44363981492802
27.678351482024482
39.81432337163176
27.76748838994243
40.16171268721473
27.837997832954898
40.48379259331938
27.888803816392226
40.77853290935559
27.91885133028839
41.04388866208615
27.927106016289173
41.27780074618039
27.912553165276847
41.478198571077996
27.87419370524239
41.64301859030115
27.8110161066989
41.769965671787475
27.722367438598923
31.930518076602937
24.678757481342956
41.57916119539516
27.88903683595288
41.2652437175899
28.145564943856556
40.9186036651264
28.377807949495207
40.541520964190795
28.58622035864971
40.13623905018636
28.771300626717306
39.70496200623518
28.933595498352048
39.249853848132716
29.073701090831037
38.77303828786967
29.192263254515467
38.2765986397618
29.2899777151473
37.762577780020024
29.367590137087745
37.23297812849029
29.425896152206377
36.6897616423081
29.465741372088132
36.13484981744995
29.488021390005144
35.57012369746906
29.49368177398449
34.99742389183382
29.48371804896007
34.418550611328214
29.45917566216076
33.83526373468578
29.421149915406346
33.24928294395863
29.370785828472606
32.66228802270177
29.30927783655349
32.07591960239495
29.237869032904655
31.491781402473237
29.15784889580368
30.91144919059866
29.070544194771742
30.336533508258185
28.97725533489742
29.76783011967683
28.880118517901224
41.858059720842675
27.607782686552667
29.220003093034165
27.859789244492106
29.23027645376709
26.959209572663838
29.239790809855606
26.07944451715784
29.250363258132154
25.221391242708904
29.263898967359523
24.385816073643156
29.28238146944466
23.57336434677123
29.307870232526966
22.784562877229263
29.34249985009683
22.01982078156516
29.388479716555707
21.279429810160707
29.448093878242048
20.56356450116354
29.52370095718885
19.87228226139183
29.617734108389072
19.205523415841753
29.73270099179075
18.563111243811704
29.871183751214403
17.944752013461397
30.03583899336519
17.35003502383131
30.22939776060508
16.77843266756895
30.45466548873776
16.22930054013824
30.714521926346833
15.701877650663448
31.01192096367106
15.195286880831844
31.349890208192164
14.708536125750783
31.73152971609386
14.24052171001
32.16000692439246
13.790042043527478
32.638521182392765
13.355893195110099
-4.9078201700152135
-35.694924626412785
-4.9078201700152135
-35.694924626412785
-7.771221708848287
-35.182701090996716
-10.728949344422347
-34.39627870673391
-13.734042933846496
-33.31051497046778
-16.731381719423382
-31.910424764729186
-19.66064018655925
-30.193932674647556
-22.4602988474345
-28.173557080894653
-25.07222158862257
-25.876592656636717
-27.446124992233507
-23.343619381261192
-29.543239002925333
-20.62550295441372
-31.338613819516098
-17.779359571641805
-32.821817202823866
-14.86414001585402
-33.996093819625685
-11.936496467293296
-34.87632444069382
-9.047449166144077
-35.486265436442864
-6.2401368799745285
-35.85555887482832
-3.548695630822408
-36.01691393006354
-0.9981251729578844
-36.0037225206641
1.395101272855186
-35.848232565421426
3.621955941470759
0.39973564019012997
36.028524176330905
-2.3445373625252444
35.95438064356301
-5.237221812258355
35.64808340704593
-8.243585286163835
35.07502878881559
-11.318584361219933
34.20678282102023
-14.408310021948807
33.02445980206045
-17.452739282943213
31.52167880091588
-20.38961537483752
29.706530052712083
-23.159000348883865
27.602084083396562
-25.7078395172407
25.245223909925926
-27.99382710999288
22.68391471158202
-29.98799562372534
19.973343770583995
-31.675726904648542
17.171565681923767
-33.056208996746676
14.33531965705339
-34.14063875521333
11.516558873748863
-34.949629149421185
8.76000943061291
-35.510307129897456
6.101838284226488
-35.85351178414476
3.5693186535653467
-36.01137249906333
1.1812678105331997
-36.01540963385122
-1.0510051438473624
9.158034991975398
-34.53094910817191
21.3498818834189
-29.21435500071908
21.480470372860736
-29.60206577599132
21.59527945967499
-29.972463388625584
21.694795541896124
-30.32582447074408
21.779499128889103
-30.662429482615096
21.84986502226853
-30.98256257976432
21.906362360217695
-31.286511579495766
21.949454632379368
-31.57456795092051
21.97959968456037
-31.847026810235846
21.997249720898065
-32.104186919714635
22.002851304062293
-32.34635068712598
21.996845354655825
-32.573824165716246
21.979667150466028
-32.786917055128185
21.951746324686265
-32.985942701787394
21.913506864085544
-33.1712181002479
21.865367106232256
-33.34306389439463
21.807739736405026
-33.50180437985641
21.74103178256301
-33.647767505801184
21.66564460970864
-33.78128487913301
21.58197391110323
-33.902691768748454
21.490409696481795
-34.012327112512736
21.391336274629342
-34.11053352684027
21.285132227615758
-34.19765732131623
21.17217037116157
-34.27404852124357
21.052817691022216
-34.34006090300895
20.92743523755299
-34.39605205357137
20.796377941565638
-34.44238347473447
20.659994271666676
-34.479420775200424
20.51862555027166
-34.50753405633037
20.372604448583505
-34.527098759817335
20.222251224034096
-34.53849778612738
20.06786243372814
-34.542127850799716
19.90966578841307
-34.53842490873964
19.747504130856626
-34.528042122913405
19.585081693436024
-34.50945856649392
21.203020435771222
-28.809059193051922
19.068746680120285
-34.50100763284678
18.71572852321332
-34.51211970267704
18.361919638225945
-34.51796765534547
18.007767436519977
-34.51888662888081
17.653637418377574
-34.51525551719206
17.299861059142057
-34.50747000251968
16.946747780077498
-34.495935813697
16.59458893803331
-34.48106647923859
16.243659420567965
-34.46328242886372
15.894218370065076
-34.44301058522268
15.54650954472153
-34.42068416001209
15.200761511743817
-34.396742544773446
14.857187755980867
-34.37163124865137
14.51598674307263
-34.34580186181276
14.177341956128302
-34.31971203346154
13.841421915322343
-34.29382545806001
13.508380185780275
-34.26861186834353
13.178355374801463
-34.24454703222503
12.851471117753718
-34.22211275335786
12.527836049703886
-34.20179687747637
12.207543754014928
-34.184093303808226
11.890672673024014
-34.16950200761417
11.577285948241943
-34.158529080891896
11.267431120904163
-34.15168680946056
10.961139531079127
-34.149493829258574
10.658424993150405
-34.15247546973262
10.35928048329091
-34.16116461535026
10.06366819925158
-34.17610428893559
9.771479798223005
-34.197857989084525
9.4822580570942
-34.22708204950126
9.198956058007099
-34.26354836372485
19.42010957868852
-34.48452883731281
8.954301282337376
-34.24213169482729
8.991288965982747
-34.185867281015476
9.030737476841516
-34.1399859678981
9.072906877548398
-34.10493283256696
9.118000670644783
-34.08116759010906
9.166208128652116
-34.06915358980365
9.217714877967921
-34.06935506259629
9.272706429016743
-34.08223620396208
9.331369590371033
-34.10826080549498
9.393893114512395
-34.147892087337596
9.460468024034263
-34.20159261290078
9.531287791639215
-34.26982424160971
9.606548448647679
-34.353048100321985
9.686448657540204
-34.45172456403054
9.771189767104545
-34.56631324012375
9.860975862145253
-34.697272954839406
9.95601381587835
-34.84506173724796
10.056513354522437
-35.01013680048359
10.162687145063046
-35.19295451441198
10.274750924983636
-35.393970366500355
10.39292370467922
-35.61363889893673
10.517428101615579
-35.85241360630988
10.648490921779683
-36.110746755707225
10.78634423765196
-36.38908905486184
10.931227541720219
-36.68788898731782
11.083392482879134
-37.007591351475156
11.243114705790688
-37.348633608205375
11.41072936737595
-37.711434923580185
11.586773201564185
-38.096352341214356
11.772978969700446
-38.50337398666713
19.080562830272328
-29.729136098211654
20.463080313291698
-35.21946268342734
23.34381377658282
-33.379852695627335
26.167784531159384
-31.21530490558075
28.8741946934977
-28.730281732338568
31.40177124664862
-25.943726991138135
33.69318606931543
-22.889242453957422
35.69946851607786
-19.613672661873494
37.38374179695279
-16.174178707938268
38.72370767052453
-12.634186632518777
39.71254304992743
-9.058815161223805
40.35818494861178
-5.510455087486207
40.68127159839872
-2.0450791561389394
40.71219978817038
1.2903472500288444
40.487818560849675
4.4592326471349395
40.04822199636283
7.435598331512978
39.43397362917722
10.20342743547053
38.683943068427226
12.755420663241125
37.83380089888561
15.091445164762717
-9.082153825418573
39.70721205913344
-6.050201703044934
40.28080519267246
-2.8107137393495663
40.63555211748684
0.6060418473541773
40.728134267319604
4.158041143732376
40.519858112591976
7.792445489303503
39.98032017022615
11.44790107119249
39.090839958764604
15.058099343886923
37.847085115860494
18.556224001539107
36.26037449368471
21.879685557551497
34.35735099684243
24.974450789427365
32.178020687792895
27.798349376904227
29.772470161831137
30.322961161294245
27.196805584998373
32.533981123555776
24.508942855000384
34.430235284567715
21.764813481095274
36.021709753425114
19.015378882829424
37.32702937440385
16.304633871999414
38.37079468223108
13.668588920280854
39.181092954962665
11.135086998857815
39.787382171241845
8.724243667912049
8.919161504433518
-34.30842579929288
-12.258917921576817
33.26166643690297
-35.3922301017695
5.530813277438483
-35.296274924016835
6.328175639614983
-35.16777899575992
7.1370574809578216
-35.00812786634313
7.9561701339440845
-34.81868105079516
8.784262685230374
-34.60077181116285
9.620123615299576
-34.35570710172003
10.462581207907846
-34.08476755220514
11.31050368653814
-33.78920746047199
12.16279926835412
-33.47025479058861
13.018416188671438
-33.129111171999284
13.876342712720401
-32.766951899630534
14.735607141554539
-32.38492593518113
15.595277815217685
-31.984155908052614
16.454463113859646
-31.565738117448966
17.312311458051227
-31.130742534574615
18.16801130804413
-30.680212806312493
19.02079116267774
-30.215166258778986
19.869919556804746
-29.736593903778203
20.714705058520906
-29.24546044627922
21.55449626431283
-28.7427042958559
22.388681792616893
-28.229237582784567
23.21669027407097
-27.705946182332358
24.03799033711394
-27.173689752149652
24.852090585813755
-26.633301791426625
25.658539564019037
-26.085589739842742
26.456925696118702
-25.53133515070978
27.246877183708392
-24.97129401117921
28.028061812661633
-24.40619738378494
28.80018656874489
-23.83675281688641
29.56299679149535
-23.263647870067395
30.31627405859544
-22.687560690782295
31.059829840198347
-22.109202319914402
31.793480116076893
-21.529612829103208
32.51686769553595
-20.946184437794333
33.231848313551126
-35.454234481783956
4.746285336890622
-20.092828387561045
33.9367452260353
-19.82274108029139
33.9306108095669
-19.55149057613538
33.91922280567121
-19.279310848113436
33.90302950364472
-19.006488215497757
33.882446518978924
-18.73331647058366
33.85788371690444
-18.46008566095272
33.82975194295079
-18.187078350930157
33.798465266317095
-17.914568126903603
33.764441876985956
-17.642818918657966
33.72810449305811
-17.372084660985198
33.6898805640007
-17.102609112766476
33.65020237986434
-16.834625754933484
33.609507132853906
-16.568357731275043
33.56823695374308
-16.304017814074193
33.52683893379921
-16.04180838512616
33.48576513709844
-15.78192142843217
33.445472607637384
-15.524538532242808
33.406423371131126
-15.26983090118522
33.36908443186968
-15.017959382344912
33.33392776527168
-14.769074511196507
33.30143030127891
-14.523316592550113
33.27207389554465
-14.280815845001769
33.246345276615585
-14.041692671703558
33.22473594632274
-13.806058204383174
33.20774198011284
-13.574015501402087
33.19586358509173
-13.345662545480604
33.18960399600462
-13.121101237723309
33.18946615990771
-12.900473376900678
33.195939476400326
-12.684212515833089
33.209406973013046
-12.469643223933993
33.231398681210095
-20.361884987491305
33.93695662453993
-12.179553658014115
33.23123389563935
-12.104390217407463
33.21009574324893
-12.033143264957957
33.1988850056332
-11.965846824260474
33.19811726594918
-11.902585170076634
33.208289477896216
-11.843454526109774
33.22989408312918
-11.788553487409573
33.26342254008571
-11.73797982624334
33.30936650179379
-11.69182921185196
33.36821828686692
-11.650194625991531
33.440471095172256
-11.613166067102235
33.52661911629343
-11.580830386654739
33.62715758927288
-11.553271190055106
33.74258283861644
-11.530568769809108
33.873392298294306
-11.512800053538655
34.020084529204695
-11.500038556822737
34.18315923556503
-11.49235433184873
34.36311728087003
-11.489813904046486
34.56046070848086
-11.4924801844451
34.77569276818073
-11.50041234043114
35.00931795655174
-11.513665592745475
35.26184207851966
-11.532290880941133
35.53377235023024
-11.55633428001422
35.825617576554635
-11.585835919657107
36.13788848158535
-11.620827824004735
36.471098367354074
-11.661329161010876
36.82576456367249
-11.707334367141712
37.202412051835125
-11.758777522605968
37.60158433475124
-11.815389853983064
38.02388691798407
-11.875702253697824
38.470291673791735
17.07346161065499
-30.92549627241982
17.07346161065499
-30.92549627241982
14.925966511630746
-32.01725995083963
12.650489163415847
-32.98263990332278
10.263756157460971
-33.80154908589462
7.786467501957906
-34.456644278091204
5.242659233305478
-34.934280230590105
2.6588033808515696
-35.225277509878254
0.06271358808296768
-35.325422546260256
-2.5176485732392457
-35.2356475281444
-5.055358780661095
-34.96187578870382
-7.525602498124883
-34.51455806042108
-9.906549628894929
-33.907959029056926
-12.179975615243233
-33.159276305101145
-14.33160724408594
-32.287682556467644
-16.351203358236102
-31.313376691177368
-18.23240578673121
-30.256714796784067
-19.972411557511936
-29.137470508665047
-21.57152361687226
-27.974252088531046
-23.032635372344362
-26.78408331212016
-35.24091294474924
2.4428397177397017
-35.32531386144993
0.10775739424855146
-35.25051282261148
-2.3001645177823775
-35.003369883631024
-4.759570133496766
-34.57430998673132
-7.246136902334342
-33.9580739799914
-9.733376733456481
-33.15424896530439
-12.193653538319609
-32.16750903444269
-14.599341546282488
-31.00752775984434
-16.924025327576302
-29.68856220634284
-19.143633019520436
-28.22874769769192
-21.237401311978232
-26.64917564076381
-23.1885930736145
-24.972847495838185
-24.984921433047774
-23.223603660633604
-26.61867096757024
-21.425117292257543
-28.086540550216725
-19.600023481755063
-29.389258081493182
-17.769228811784846
-30.5310320575705
-15.951420312284842
-31.51890862778704
-14.162770232866638
-32.36209743507038
-12.416816269397831
-33.07131815936552
14.750160438565672
-37.96815737765172
3.5925959677321506
3.6137638191713397
3.632640438034551
3.6494054157565814
3.6642167886694264
3.677214538108532
3.6885234346167897
3.6982553733377084
3.7065113093986857
3.713382875911601
3.7189537482727673
3.723300804257212
3.7264951186718305
3.7286028233234276
3.7296858567468503
3.7298026233345256
3.7290085776845276
3.7273567470593068
3.7248982023430752
3.721682486029381
3.717758004151227
3.7131723877358684
3.7079728282589732
3.7022063905950184
3.6959203061175496
3.6891622478691337
3.6819805889473254
3.674424644900441
3.666544893412851
3.5925959677321506
3.6499718383614272
3.6413885139647224
3.632700273495355
3.623966164112595
3.6152473262718705
3.6066070506128662
3.598110796416801
3.589826166933711
3.5818228366138927
3.574172425378029
3.566948315254833
3.560225405271615
3.554079801265215
3.548588438412839
3.5438286358035147
3.5398775841231567
3.536811769720647
3.5347063407343176
3.533634423508519
3.5336619626831633
3.5347813212152093
3.536925471017083
3.540023086463775
3.658393201711971
3.5486971661952476
3.5541251326732928
3.560209299008975
3.5668744788317874
3.5740462581728614
3.581651367356444
3.5896179881689334
3.597875998461805
3.6063571572841466
3.614995234428203
3.623726088740312
3.6324876998902775
3.641220158265907
3.649865617648982
3.65836821495445
3.6666739610927035
3.674730606490643
3.682487484341313
3.6898953341590484
3.696906107639486
3.7034727582180107
3.709549014981407
3.715089140058504
3.7200476580331023
3.7243793814340944
3.5440009193422357
3.7307990271930103
3.7328014110760854
3.733996872052818
3.734335248243789
3.7337642792065835
3.73222914096116
3.729671925318552
3.7260310552562803
3.72124062373591
3.7152296398305498
3.707921162248955
3.699231295209943
3.6890680152940662
3.677329789583897
3.6639039343111794
3.6486646486601373
3.631470638002898
3.6121622107122797
3.590557659102623
3.566571538024277
3.566571538024277
3.5665715380242773
3.5665715380242773
3.566571538024277
3.5665715380242773
3.566571538024277
3.566571538024277
3.566571538024277
3.566571538024277
3.5665715380242764
3.5665715380242773
3.566571538024277
3.5665715380242777
3.566571538024277
3.566571538024277
3.5665715380242773
3.5665715380242777
3.566571538024277
3.566571538024277
3.566571538024277
3.566571538024277
3.566571538024277
3.566571538024277
3.5665715380242773
3.566571538024277
3.5665715380242773
3.5665715380242764
3.566571538024277
3.566571538024277
3.5665715380242764
3.5665715380242773
3.566571538024277
3.5665715380242764
3.566571538024277
3.5665715380242773
3.5665715380242773
3.5665715380242777
3.5665715380242764
3.5665715380242764
3.5925959677321506
3.6129702238212715
3.6311088084494854
3.647191523367246
3.6613766360235616
3.673804346395477
3.6845996262216274
3.693874552982172
3.7017302446764084
3.708258477475733
3.713543049784419
3.7176609421535707
3.720683311793887
3.7226763524353133
3.7237020439751376
3.7238188115540822
3.723082109876604
3.7215449456669605
3.719258348648674
3.7162717995785117
3.7126336222468845
3.7083913450260235
3.7035920364391615
3.6982826182442183
3.6925101586761335
3.6863221477338293
3.6797667554905438
3.672893072716781
3.6657513698372877
3.5925959677321506
3.639974631241311
3.622084381958197
3.60482272477063
3.5882902632420595
3.572587433129785
3.5578139667427853
3.5440683289728385
3.531447137397277
3.5200445796302886
3.50995184092284
3.5012565538490215
3.4940422800936273
3.488388031843371
3.4843678373942906
3.4820503526177915
3.4814985170246278
3.482769250860391
3.485913188027259
3.4909744387866835
3.4979859385950967
3.5069035989793815
3.517621049814192
3.5300259238889806
3.658393201711971
3.5432807993400344
3.5436722926764057
3.5451123372502544
3.5475374785708507
3.5508842375786607
3.555089397734208
3.56009022977482
3.565824659287412
3.5722313818408025
3.5792499308920593
3.586820703974662
3.5948849528477083
3.6033847430708543
3.6122628882490213
3.621462863588264
3.630928702942219
3.6406048827592987
3.6504361956312628
3.6603676154116696
3.670344155052531
3.6803107174049603
3.69021193787925
3.6999920136760576
3.7095944781640333
3.718963053733297
3.5440009193422357
3.7297863906918938
3.7308753392654124
3.7312571584866823
3.7308822776208665
3.729698965858799
3.727652857691229
3.7246864290806827
3.720738411261534
3.715743128585959
3.709629744023673
3.7023213923254907
3.6937341757924935
3.683775991308367
3.6723451490431147
3.6593287323116077
3.6446006340406627
3.628019187077238
3.6094242872631224
3.5886339525475557
3.5886339525475557
3.5689115701129306
3.5689115701129306
3.5689115701129306
3.5689115701129306
3.5689115701129306
3.5689115701129306
3.5689115701129306
3.5689115701129306
3.5689115701129306
3.5689115701129306
3.5689115701129306
3.5689115701129306
3.5689115701129306
3.5689115701129306
3.5689115701129306
3.5689115701129306
3.5689115701129306
3.56891157011293
3.5689115701129306
3.5689115701129306
3.56891157011293
3.56891157011293
3.5689115701129306
3.5689115701129306
3.5689115701129306
3.5689115701129306
3.5689115701129306
3.5689115701129306
3.5689115701129306
3.5689115701129306
3.5689115701129306
3.5689115701129306
3.5689115701129306
3.5689115701129306
3.56891157011293
3.56891157011293
3.5689115701129306
3.5689115701129306
3.5689115701129306
3.5650492142040053
3.5578764161667706
3.55233414529242
3.5483845822523254
3.5459813120393524
3.545070040481028
3.545589411675847
3.5474718998927073
3.5506447484332226
3.5550309284265182
3.5605500923475217
3.5671194997053295
3.5746548957186386
3.5830713275804014
3.5922838866814315
3.602208369020959
3.6127618494909073
3.62386316875435
3.6354333341078635
3.6473958376682853
3.659676896382353
3.672205614606956
3.6849142347587045
3.5738811678562294
3.710412405431287
3.7230945232081765
3.7357282735778843
3.748260631396854
3.760641240874217
3.772822263457055
3.7847582071873234
3.7964057431858014
3.8077235126626308
3.818671926874791
3.829212961860818
3.839309949248789
3.848927363939753
3.8580306090406236
3.8665857980487397
3.8745595338510355
3.8819186837778745
3.888630149600314
3.894660630954197
3.8999763803256764
3.904542947249716
3.9083249087432437
3.911285581467611
3.9133866999751556
3.9145884955446544
3.697737724532153
3.91406592884471
3.912400931047516
3.909914379861839
3.9066417053463818
3.902616916133224
3.8978728652995303
3.8924414987614004
3.8863540890982664
3.8796414573798854
3.872334185291746
3.8644628194243773
3.8560580693187676
3.8471510005345526
3.837773223712228
3.827957080323997
3.817735825548132
3.807143808356693
3.796216648666706
3.784991411027929
3.773506774020068
3.761803194200103
3.7499230633153195
3.737910860069818
3.725813203020725
3.9148722375544738
3.7014007913549176
3.689203237708237
3.677143171588867
3.665279769899519
3.653674788081641
3.6423925066300282
3.6314996281242
3.621065120818514
3.611160004102829
3.6018570713353366
3.5932305464767067
3.5853556721926756
3.5783082286274017
3.572163984094973
3.5669980811652584
3.5628843642176897
3.5598946573410815
3.558098004161055
3.55755988401688
3.5583414211128073
3.5604986046664195
3.564081535577423
3.5691336769895563
3.5843725084204916
3.575843055439167
3.575843055439167
3.5758430554391674
3.575843055439167
3.5758430554391665
3.5758430554391665
3.575843055439167
3.5758430554391674
3.575843055439167
3.5758430554391665
3.575843055439166
3.575843055439166
3.5758430554391665
3.5758430554391674
3.575843055439167
3.575843055439167
3.575843055439166
3.5758430554391665
3.575843055439166
3.575843055439166
3.5758430554391674
3.575843055439167
3.575843055439166
3.5758430554391674
3.5758430554391674
3.575843055439167
3.5758430554391674
3.575843055439166
3.575843055439167
3.5758430554391674
3.5758430554391674
3.5758430554391665
3.5758430554391665
3.575843055439167
3.5758430554391665
3.575843055439167
3.575843055439167
3.575843055439167
3.7136792295133882
3.7136792295133882
3.5519042870594406
3.532419041002858
3.51546876037363
3.5010860292761072
3.489292226718373
3.4800970015543395
3.473497802678803
3.4694794965901146
3.468014099503349
3.46906065203773
3.47256526408382
3.478461354016332
3.4866700998099036
3.4971011101558584
3.5096533120308124
3.524216038850509
3.5406702913820896
3.5588901333592533
3.57874417635882
3.6000971039854304
3.6228111820073505
3.646747671906544
3.6717691566531148
3.5738811678562303
3.710491794768817
3.7232470297791385
3.7359475830609874
3.748540413743162
3.7609751554763813
3.773203961258478
3.7851813320259993
3.796863932883886
3.8082104000151586
3.819181140593328
3.8297381274952955
3.8398446900982828
3.849465301957761
3.8585653657380856
3.8671109953972502
3.8750687951888154
3.8824056347223426
3.889088418974331
3.8950838517410467
3.900358190688783
3.9048769917161454
3.908604839881054
3.9115050635407838
3.913539426408932
3.9146679351478517
3.697737724532153
3.9133462571572717
3.9110206343676746
3.9079327426909076
3.9041182312617293
3.8996113069505722
3.894444999726185
3.8886514107677446
3.882261946078569
3.875307538142222
3.8678188579085737
3.8598265189727865
3.8513612755387308
3.842454215433408
3.833136949143958
3.8234417955725353
3.813401964945336
3.8030517389686147
3.792426648088924
3.78156364534934
3.7705012760708216
3.7592798424062432
3.747941562516324
3.736530734922474
3.7250935481881435
3.9148722375544738
3.69816041908879
3.6829722088196664
3.668176311927901
3.653836624045306
3.640019222130607
3.6267922903987873
3.614225996574587
3.602392316348023
3.5913648018845317
3.5812182901778713
3.5720285478771228
3.563871850409679
3.556824494718718
3.5509622469423427
3.5463597285554034
3.543089747060489
3.5412225800954973
3.5408252245273393
3.5419606250059426
3.5446868989465226
3.5490565775669776
3.555115887159868
3.5629041268397876
3.584372508420492
3.584372508420492
3.5843725084204916
3.584372508420492
3.5843725084204916
3.5843725084204916
3.584372508420492
3.5843725084204916
3.5843725084204916
3.584372508420492
3.584372508420492
3.5843725084204916
3.584372508420492
3.5843725084204916
3.5843725084204925
3.584372508420492
3.584372508420492
3.584372508420492
3.584372508420492
3.5843725084204916
3.5843725084204925
3.584372508420491
3.584372508420492
3.5843725084204925
3.5843725084204916
3.5843725084204916
3.5843725084204925
3.5843725084204916
3.5843725084204916
3.5843725084204925
3.584372508420493
3.5843725084204916
3.584372508420492
3.584372508420492
3.5843725084204925
3.5843725084204925
3.5843725084204925
3.5843725084204916
3.5843725084204916
3.5843725084204916
3.575843055439167
3.588622431497153
3.599350848445101
3.609346657680515
3.618644529845104
3.6272767111849955
3.6352732649861994
3.642662285404131
3.6494700875568316
3.655721377000001
3.661439401386206
3.6666460865581834
3.671362159070391
3.675607256847251
3.679400029388498
3.6827582288214367
3.6856987928491938
3.688237920573664
3.6903911419512165
3.6921733816771596
3.6935990180395444
3.694681937347709
3.69543558437875
3.6958730092814194
3.6960069113008958
3.6958496796305775
3.6954134317015597
3.6947100491543865
3.693751211663236
3.692548428851851
3.6911130703813773
3.689456394216701
3.6875895727247565
3.685523714206204
3.6832698577180962
3.680839583255483
3.577124038170213
3.6742733749683483
3.6702118009598976
3.6660701961081714
3.6618602741865405
3.657593817899053
3.653282705435719
3.6489389276967508
3.6445746026049877
3.6402019877506278
3.6358334916642385
3.6314816837807906
3.6271593030796323
3.6228792653256376
3.6186546688560677
3.614498798823519
3.6104251297815995
3.606447326561253
3.602579243294118
3.5988349204845798
3.5952285800723436
3.5917746183090578
3.588487596409008
3.58538222883829
3.5824733691490858
3.5797759932683193
3.5773051800307853
3.575076088680349
3.573103932172828
3.571403940994918
3.569991269498067
3.5688822195991583
3.678243179588965
3.566529485540002
3.5652560973912375
3.5642852053205702
3.5636317483244913
3.5633104145560734
3.563335592304591
3.563721321057539
3.5644812420663383
3.5656285484986903
3.5671759355835055
3.569135551094876
3.5715189466249915
3.5743370300932336
3.5776000199418583
3.581317401450638
3.585497885669696
3.590149371341804
3.595278910295929
3.6008926766323013
3.606995940117185
3.6135930440313904
3.620687387800209
3.6282814145474
3.6363766037855854
3.6449734692592277
3.6540715619772515
3.6636694782510557
3.6737648721569607
3.684354469925786
3.6954340660037794
3.56460446603755
3.7070298108570814
3.707029810857082
3.707029810857082
3.707029810857082
3.707029810857082
3.707029810857082
3.707029810857082
3.7070298108570823
3.7070298108570814
3.707029810857082
3.7070298108570814
3.7070298108570814
3.707029810857082
3.707029810857082
3.707029810857082
3.7070298108570814
3.707029810857082
3.707029810857082
3.707029810857082
3.7070298108570814
3.707029810857082
3.707029810857082
3.7070298108570814
3.7070298108570823
3.707029810857082
3.7070298108570814
3.7070298108570814
3.7070298108570814
3.7070298108570814
3.7070298108570814
3.707029810857082
3.707029810857082
3.707029810857082
3.7070298108570814
3.7070298108570823
3.707029810857082
3.707029810857082
3.7070298108570814
3.568090238015659
3.568090238015659
3.578556058973238
3.5795965061116246
3.580310467458407
3.580760440304441
3.581006394256075
3.5811057897664176
3.5811135538198138
3.5810820190573978
3.5810608330887783
3.5810968451967184
3.581233977718743
3.58151308962325
3.5819718398319376
3.582644557660727
3.5835621275320957
3.584751894510962
3.5862375965538518
3.5880393283216874
3.5901735404291313
3.5926530765810085
3.5954872498483055
3.598681957878544
3.6022398355695624
3.6061604424944336
3.610440481295985
3.61507404246177
3.6200528702456896
3.625366644108229
3.631003270082406
3.6369491766398605
3.643189610553567
3.6497089310939232
3.6564909143568523
3.6635192095162323
3.6707738061882207
3.577124038170213
3.6747518660804563
3.6711395042497643
3.6674173722136896
3.6635968967946964
3.659689616666355
3.6557071905462157
3.651661410063417
3.6475642128077705
3.64342769462107
3.639264120830654
3.635085936288819
3.6309057741261235
3.6267364631106487
3.622591033542097
3.6184827215832693
3.6144249719114767
3.6104314386357386
3.6065159843353722
3.6026926771219054
3.5989757856675615
3.5953797720270373
3.5919192822189534
3.5886091344442623
3.585464304875695
3.5824999109913587
3.579731192407908
3.5771734894320018
3.574842219977288
3.572752858626102
3.5709209513947684
3.5693612171457203
3.678243179588965
3.5665108610970373
3.5652200512728416
3.5642329375106154
3.5635644586379844
3.5632293030489586
3.5632418593649917
3.563616167416936
3.564365868783946
3.5655041569350465
3.567043727369125
3.568996728096367
3.5713747109097693
3.5741885838933585
3.577448565617275
3.581164141451929
3.5853440225003834
3.5899961075201596
3.5951274483161573
3.6007442189248726
3.606851689007896
3.613454201698451
3.620555156228068
3.6281569954748965
3.636261198643598
3.6448682790873383
3.6539777872942674
3.6635883188102416
3.673697526355454
3.684302132831269
3.695397917709061
3.56460446603755
3.56460446603755
3.56460446603755
3.56460446603755
3.56460446603755
3.56460446603755
3.56460446603755
3.5646044660375504
3.5646044660375504
3.56460446603755
3.56460446603755
3.56460446603755
3.56460446603755
3.56460446603755
3.56460446603755
3.56460446603755
3.56460446603755
3.56460446603755
3.56460446603755
3.5646044660375504
3.5646044660375495
3.56460446603755
3.56460446603755
3.56460446603755
3.5646044660375495
3.5646044660375495
3.56460446603755
3.56460446603755
3.56460446603755
3.56460446603755
3.56460446603755
3.56460446603755
3.56460446603755
3.56460446603755
3.56460446603755
3.5646044660375504
3.5646044660375504
3.56460446603755
3.5646044660375504
3.5646044660375504
3.7070298108570814
0.0
0.0
0.0
0.0
0.0
0.0
0.0
0.0
0.0
0.0
0.0
0.0
0.0
0.0
0.0
0.0
0.0
0.0
0.0
0.0
0.0
0.0
0.0
0.0
0.0
0.0
0.0
0.0
0.0
0.0
0.0
0.0
0.0
0.0
0.0
0.0
0.0
0.0
0.0
0.0
0.0
0.0
0.0
0.0
0.0
0.0
0.0
0.0
0.0
0.0
0.0
0.0
0.0
0.0
0.0
0.0
0.0
0.0
0.0
0.0
0.0
0.0
0.0
0.0
0.0
0.0
0.0
0.0
0.0
0.0
0.0
0.0
0.0
0.0
0.0
0.0
0.0
0.0
0.0
0.0
0.0
0.0
0.0
0.0
0.0
0.0
0.0
0.0
0.0
0.0
0.0
0.0
0.0
0.0
0.0
0.0
0.0
0.0
0.0
0.0
0.0
0.0
0.0
0.0
0.0
0.0
0.0
0.0
0.0
0.0
0.0
0.0
0.0
0.0
0.0
0.0
0.0
0.0
0.0
49.787336109925114
49.787336109924894
54.04645463349209
58.51852908323754
58.51852908323773
63.21420725547014
68.14466933631476
68.14466933631458
73.32165452120124
84.46511513166925
0.0
0.0
0.0
0.0
0.0
0.0
0.0
0.0
0.0
0.0
46.93677816933433
47.902888578226865
48.77970726166893
49.57055986950659
50.27873474113897
50.90748315356188
51.46002071226877
47.551917818424265
47.926942133353755
48.24084386593663
48.49645088561241
48.69656579369216
53.35079583698759
53.4572321720817
53.51209093213659
53.518339774263026
53.47892724299692
48.88607120794057
53.27482705836172
44.35564224242525
52.923062363917154
57.37338177998094
57.0986889113268
56.79633147483658
56.46942139315207
56.12106691790133
55.75437453051885
60.10935474517222
59.68160085698393
46.93677816933433
58.162861991738225
44.25781428274346
51.72865293945636
46.735116731650564
46.00697503796148
53.57520546548704
48.67947326285536
56.49877971338701
51.58943943040372
59.73447814924765
54.81853991632487
58.7916487234514
72.83450880786948
67.53542586555785
67.37909476168444
62.58714555908285
62.66672771578935
58.31566328414914
58.61156165551034
54.63954243897665
55.12897839028215
51.46456226863308
52.10694981361424
54.57535026142286
48.641151826765366
48.66019824160802
48.73032157429248
44.86881731899963
45.01923400132619
41.38990314083861
41.597405504416976
41.83662814132022
42.105524262050935
42.40208343960496
42.72431823570056
43.07025073905994
43.43789908868668
39.97407064853637
40.34352800611323
40.72722651037946
41.12322325569343
41.52951243536968
41.94401434591584
38.477422811778325
38.86282783673811
43.214671677817734
43.639387935624626
44.06045199948597
44.47517532370248
52.84025624279563
44.95915957014447
45.008144448991416
45.025332704850115
45.00845673257925
44.95522919493173
44.86333997300297
49.039887468918714
48.84665880543094
48.60326435509628
48.307040297477705
47.955282408341816
47.54524308233848
47.07412839704113
50.83325326013199
50.17587409392987
49.44229426776789
48.62922901568609
47.73332877619254
46.75118185200918
46.75118185200918
0.0
0.0
0.0
0.0
0.0
0.0
0.0
0.0
0.0
0.0
0.0
0.0
0.0
0.0
0.0
0.0
0.0
0.0
0.0
84.66299764687076
45.83817014181321
41.96597361789757
41.96597361789757
41.965973617897546
38.27816740464446
41.96597361789753
38.27816740464445
41.96597361789754
45.83817014181326
45.83817014181324
45.83817014181324
49.903976491924716
54.1730731595418
58.65562466053974
63.36230373658756
73.49343044778051
84.66299764687074
0.0
0.0
0.0
0.0
0.0
0.0
0.0
0.0
0.0
0.0
0.0
0.0
0.0
0.0
0.0
0.0
0.0
0.0
0.0
0.0
0.0
0.0
0.0
0.0
0.0
0.0
0.0
0.0
0.0
0.0
0.0
0.0
0.0
0.0
0.0
0.0
0.0
0.0
0.0
0.0
0.0
0.0
0.0
0.0
0.0
0.0
0.0
0.0
0.0
0.0
0.0
0.0
0.0
0.0
0.0
0.0
0.0
0.0
0.0
0.0
0.0
0.0
0.0
0.0
0.0
0.0
0.0
0.0
0.0
0.0
0.0
0.0
0.0
0.0
0.0
0.0
0.0
0.0
0.0
0.0
0.0
0.0
0.0
0.0
0.0
0.0
0.0
0.0
0.0
0.0
0.0
0.0
0.0
0.0
0.0
0.0
0.0
0.0
0.0
0.0
0.0
0.0
0.0
0.0
0.0
0.0
0.0
0.0
0.0
0.0
0.0
0.0
0.0
0.0
0.0
0.0
0.0
0.0
0.0
0.0
0.0
1.543493465718265
0.9280160641337631
1.5938822208246308
1.6010806144112546
1.6298741887577493
1.6514693695176204
1.658667763104244
1.680262943864115
1.8314292091832123
1.835028405976524
0.0
0.0
0.0
0.0
0.0
0.0
0.0
0.0
0.0
0.0
0.9294060802398902
1.5567768999176521
1.5624244134984608
1.1383640827298152
1.1383640827298152
1.1383640827298152
1.1383640827298152
1.6019570085641224
0.9294060802398902
0.9294060802398902
0.9294060802398902
0.9294060802398902
1.1383640827298152
1.1383640827298152
1.1383640827298152
1.1383640827298152
1.1383640827298152
1.6810221986954452
0.9294060802398902
1.6979647394378716
0.9294060802398902
0.9294060802398902
0.9294060802398902
0.9294060802398902
0.9294060802398902
0.9294060802398902
1.825033795006069
0.9294060802398902
0.9294060802398902
0.9294060802398902
1.8321611130015616
1.8321611130015616
1.83646467420665
1.83646467420665
1.8407682354117378
1.8450717966168262
1.8450717966168262
1.8493753578219143
1.8493753578219143
1.8536789190270024
1.8536789190270024
1.6946597310373623
1.6946597310373623
1.6910605342440506
0.9280160641337631
0.9280160641337631
1.1655630524923446
0.9280160641337631
1.0287935743464947
0.9280160641337631
0.9280160641337631
0.9280160641337631
0.9280160641337631
1.8278575517964735
0.9280160641337631
0.9280160641337631
0.9280160641337631
0.9280160641337631
0.9280160641337631
0.9280160641337631
0.9280160641337631
0.9280160641337631
0.9280160641337631
1.2303485947719577
1.2375469883585815
1.2519437755318288
1.2591421691184526
1.2735389562916999
1.2879357434649472
1.295134137051571
1.3023325306381945
1.3167293178114419
1.3239277113980656
1.3455228921579367
1.3594701484802245
1.365769480364929
1.3783681441343383
1.3909668079037474
1.4098648035578611
1.1079759037993553
1.4350621310966796
1.4539601267507933
1.4539601267507933
1.4602594586354978
1.4665587905202024
1.472858122404907
1.4791574542896115
1.4791574542896115
1.4791574542896115
1.4859063170252758
1.4931047106118993
1.5003031041985229
1.991931380138492
1.5075014977851469
1.5075014977851469
1.521898284958394
1.521898284958394
1.5362950721316415
1.5362950721316415
1.5362950721316415
0.0
0.0
0.0
0.0
0.0
0.0
0.0
0.0
0.0
0.0
0.0
0.0
0.0
0.0
0.0
0.0
0.0
0.0
0.0
1.7374973345035332
1.3937722478510064
1.2654331382980126
1.5147114161343884
1.158130380262646
1.1185977851969844
1.0790651901313228
1.0338850814848526
1.1976629753283072
1.709259766599489
1.7149072801802978
1.7177310369707022
1.7205547937611065
1.7233785505515111
1.7262023073419155
1.7318498209227242
1.7346735777131286
1.7374973345035332
0.0
0.0
