0.0
0.0
0.0
0.0
0.0
0.0
0.0
0.0
0.0
0.0
0.0
0.0
0.0
0.0
0.0
0.0
0.0
0.0
0.0
0.0
0.0
0.0
0.0
0.0
0.0
0.0
0.0
0.0
0.0
0.0
0.0
0.0
0.0
0.0
0.0
0.0
0.0
0.0
0.0
0.0
0.0
0.0
0.0
0.0
0.0
0.0
0.0
0.0
0.0
0.0
0.0
0.0
0.0
0.0
0.0
0.0
0.0
0.0
0.0
0.0
0.0
0.0
0.0
0.0
0.0
0.0
0.0
0.0
0.0
0.0
0.0
0.0
0.0
0.0
0.0
0.0
0.0
0.0
0.0
0.0
0.0
0.0
0.0
0.0
0.0
0.0
0.0
0.0
0.0
0.0
0.0
0.0
0.0
0.0
0.0
0.0
0.0
0.0
0.0
0.0
0.0
0.0
0.0
0.0
0.0
0.0
0.0
0.0
0.0
0.0
0.0
0.0
0.0
0.0
0.0
0.0
0.0
0.0
0.0
49.787336109925114
49.787336109924894
54.04645463349209
58.51852908323754
58.51852908323773
63.21420725547014
68.14466933631476
68.14466933631458
73.32165452120124
84.46511513166925
0.0
0.0
0.0
0.0
0.0
0.0
0.0
0.0
0.0
0.0
46.93677816933433
47.902888578226865
48.77970726166893
49.57055986950659
50.27873474113897
50.90748315356188
51.46002071226877
47.551917818424265
47.926942133353755
48.24084386593663
48.49645088561241
48.69656579369216
53.35079583698759
53.4572321720817
53.51209093213659
53.518339774263026
53.47892724299692
48.88607120794057
53.27482705836172
44.35564224242525
52.923062363917154
57.37338177998094
57.0986889113268
56.79633147483658
56.46942139315207
56.12106691790133
55.75437453051885
60.10935474517222
59.68160085698393
46.93677816933433
58.162861991738225
44.25781428274346
51.72865293945636
46.735116731650564
46.00697503796148
53.57520546548704
48.67947326285536
56.49877971338701
51.58943943040372
59.73447814924765
54.81853991632487
58.7916487234514
72.83450880786948
67.53542586555785
67.37909476168444
62.58714555908285
62.66672771578935
58.31566328414914
58.61156165551034
54.63954243897665
55.12897839028215
51.46456226863308
52.10694981361424
54.57535026142286
48.641151826765366
48.66019824160802
48.73032157429248
44.86881731899963
45.01923400132619
41.38990314083861
41.597405504416976
41.83662814132022
42.105524262050935
42.40208343960496
42.72431823570056
43.07025073905994
43.43789908868668
39.97407064853637
40.34352800611323
40.72722651037946
41.12322325569343
41.52951243536968
41.94401434591584
38.477422811778325
38.86282783673811
43.214671677817734
43.639387935624626
44.06045199948597
44.47517532370248
52.84025624279563
44.95915957014447
45.008144448991416
45.025332704850115
45.00845673257925
44.95522919493173
44.86333997300297
49.039887468918714
48.84665880543094
48.60326435509628
48.307040297477705
47.955282408341816
47.54524308233848
47.07412839704113
50.83325326013199
50.17587409392987
49.44229426776789
48.62922901568609
47.73332877619254
46.75118185200918
46.75118185200918
0.0
0.0
0.0
0.0
0.0
0.0
0.0
0.0
0.0
0.0
0.0
0.0
0.0
0.0
0.0
0.0
0.0
0.0
0.0
84.66299764687076
45.83817014181321
41.96597361789757
41.96597361789757
41.965973617897546
38.27816740464446
41.96597361789753
38.27816740464445
41.96597361789754
45.83817014181326
45.83817014181324
45.83817014181324
49.903976491924716
54.1730731595418
58.65562466053974
63.36230373658756
73.49343044778051
84.66299764687074
0.0
0.0
