0.0
0.0
0.0
0.0
0.0
0.0
0.0
0.0
0.0
0.0
0.0
0.0
0.0
0.0
0.0
0.0
0.0
0.0
0.0
0.0
0.0
0.0
0.0
0.0
0.0
0.0
0.0
0.0
0.0
0.0
0.0
0.0
0.0
0.0
0.0
0.0
0.0
0.0
0.0
0.0
0.0
0.0
0.0
0.0
0.0
0.0
0.0
0.0
0.0
0.0
0.0
0.0
0.0
0.0
0.0
0.0
0.0
0.0
0.0
0.0
0.0
0.0
0.0
0.0
0.0
0.0
0.0
0.0
0.0
0.0
0.0
0.0
0.0
0.0
0.0
0.0
0.0
0.0
0.0
0.0
0.0
0.0
0.0
0.0
0.0
0.0
0.0
0.0
0.0
0.0
0.0
0.0
0.0
0.0
0.0
0.0
0.0
0.0
0.0
0.0
0.0
0.0
0.0
0.0
0.0
0.0
0.0
0.0
0.0
0.0
0.0
0.0
0.0
0.0
0.0
0.0
0.0
0.0
0.0
1.543493465718265
0.9280160641337631
1.5938822208246308
1.6010806144112546
1.6298741887577493
1.6514693695176204
1.658667763104244
1.680262943864115
1.8314292091832123
1.835028405976524
0.0
0.0
0.0
0.0
0.0
0.0
0.0
0.0
0.0
0.0
0.9294060802398902
1.5567768999176521
1.5624244134984608
1.1383640827298152
1.1383640827298152
1.1383640827298152
1.1383640827298152
1.6019570085641224
0.9294060802398902
0.9294060802398902
0.9294060802398902
0.9294060802398902
1.1383640827298152
1.1383640827298152
1.1383640827298152
1.1383640827298152
1.1383640827298152
1.6810221986954452
0.9294060802398902
1.6979647394378716
0.9294060802398902
0.9294060802398902
0.9294060802398902
0.9294060802398902
0.9294060802398902
0.9294060802398902
1.825033795006069
0.9294060802398902
0.9294060802398902
0.9294060802398902
1.8321611130015616
1.8321611130015616
1.83646467420665
1.83646467420665
1.8407682354117378
1.8450717966168262
1.8450717966168262
1.8493753578219143
1.8493753578219143
1.8536789190270024
1.8536789190270024
1.6946597310373623
1.6946597310373623
1.6910605342440506
0.9280160641337631
0.9280160641337631
1.1655630524923446
0.9280160641337631
1.0287935743464947
0.9280160641337631
0.9280160641337631
0.9280160641337631
0.9280160641337631
1.8278575517964735
0.9280160641337631
0.9280160641337631
0.9280160641337631
0.9280160641337631
0.9280160641337631
0.9280160641337631
0.9280160641337631
0.9280160641337631
0.9280160641337631
1.2303485947719577
1.2375469883585815
1.2519437755318288
1.2591421691184526
1.2735389562916999
1.2879357434649472
1.295134137051571
1.3023325306381945
1.3167293178114419
1.3239277113980656
1.3455228921579367
1.3594701484802245
1.365769480364929
1.3783681441343383
1.3909668079037474
1.4098648035578611
1.1079759037993553
1.4350621310966796
1.4539601267507933
1.4539601267507933
1.4602594586354978
1.4665587905202024
1.472858122404907
1.4791574542896115
1.4791574542896115
1.4791574542896115
1.4859063170252758
1.4931047106118993
1.5003031041985229
1.991931380138492
1.5075014977851469
1.5075014977851469
1.521898284958394
1.521898284958394
1.5362950721316415
1.5362950721316415
1.5362950721316415
0.0
0.0
0.0
0.0
0.0
0.0
0.0
0.0
0.0
0.0
0.0
0.0
0.0
0.0
0.0
0.0
0.0
0.0
0.0
1.7374973345035332
1.3937722478510064
1.2654331382980126
1.5147114161343884
1.158130380262646
1.1185977851969844
1.0790651901313228
1.0338850814848526
1.1976629753283072
1.709259766599489
1.7149072801802978
1.7177310369707022
1.7205547937611065
1.7233785505515111
1.7262023073419155
1.7318498209227242
1.7346735777131286
1.7374973345035332
0.0
0.0
