81.0122594818 1.0169194288
83.3593324248 31.3205877042
85.711643687 31.6632315708
88.0690391755 32.0428896053
90.4313647973 32.4576003844
92.7984664592 32.9054024847
95.1701900682 33.3843344829
97.5463815313 33.8924349557
99.9268867555 34.4277424797
102.311551648 34.9882956317
104.700222115 35.5721329884
107.092744063 36.1772931263
109.488963401 36.8018146222
111.888726034 37.4437360528
114.29187787 38.1010959946
116.698264816 38.7719330245
119.107732779 39.4542857191
121.520127664 40.1461926551
123.935295381 40.8456924091
126.353081835 41.5508235578
128.773332933 42.2596246779
131.195894582 42.9701343461
133.62061269 43.6803911391
136.047333163 44.3884336334
138.475901908 45.0923004059
140.906164833 45.7900300332
143.337967843 46.4796610919
145.771156847 47.1592321587
148.20557775 47.8267818104
150.64107646 48.4803486236
153.077498885 49.1179711749
155.51469093 49.7376880411
157.952498502 50.3375377989
160.39076751 50.9155590248
162.829343859 51.4697902956
165.268073457 51.998270188
167.70680221 52.4990372786
170.145376026 52.9701301441
172.583640811 53.4095873612
175.021442473 53.8154475066
177.458626918 54.1857491569
179.895040053 54.5185308888
182.330527786 54.8118312791
184.764936022 55.0636889043
187.19811067 55.2721423412
189.629897636 55.4352301664
192.060142827 55.5509909566
194.48869215 55.6174632886
196.915391512 55.6326857388
199.34008682 55.5946968842
201.762628779 55.5016602316
204.182946052 55.3537689013
206.601030625 55.1528646749
209.016876319 54.900837041
211.430476953 54.5995754881
213.841826346 54.2509695047
216.250918318 53.8569085792
218.657746688 53.4192822001
221.062305276 52.939979856
223.464587901 52.4208910353
225.864588383 51.8639052265
228.262300541 51.2709119181
230.657718194 50.6438005986
233.050835163 49.9844607564
235.441645266 49.29478188
237.830142323 48.576653458
240.216320154 47.8319649788
242.600172578 47.0626059309
244.981693414 46.2704658028
247.360876482 45.457434083
249.737715602 44.6254002599
252.112204592 43.7762538221
254.484337273 42.911884258
256.854107464 42.0341810561
259.221508984 41.145033705
261.586535653 40.246331693
263.949181291 39.3399645087
266.309439716 38.4278216406
268.667304748 37.5117925771
271.022770207 36.5937668067
273.375829913 35.675633818
275.726477684 34.7592830994
278.07470734 33.8466041394
280.420512701 32.9394864265
282.763887586 32.0398194491
285.104825814 31.1494926958
287.443321206 30.270395655
289.77936758 29.4044178153
292.112958756 28.553448665
294.444088554 27.7193776928
296.772750793 26.904094387
299.098939292 26.1094882362
301.422647871 25.3374487289
303.74387035 24.5898653535
306.062600547 23.8686275986
308.378832283 23.1756249525
310.692559377 22.5127469039
313.003775648 21.8818829412
315.312474916 21.2849225528
317.618651 20.7237552273
319.9222977 20.2002704531
