199.66844908 37.841476031
201.941769183 237.760147087
204.195063383 237.628103563
206.428900093 237.446757399
208.643847725 237.217520536
210.840474693 236.941804913
213.019349408 236.621022472
215.181040285 236.256585151
217.326115736 235.849904893
219.455144174 235.402393636
221.568694012 234.915463322
223.667333663 234.39052589
225.751631539 233.828993281
227.822156054 233.232277435
229.87947562 232.601790292
231.924158651 231.938943793
233.956773559 231.245149878
235.977888757 230.521820487
237.988072657 229.770367561
239.987893674 228.992203039
241.97792022 228.188738863
243.958720707 227.361386972
245.930863549 226.511559306
247.894917158 225.640667806
249.851449947 224.750124413
251.80103033 223.841341066
253.744226719 222.915729706
255.681607527 221.974702273
257.613741167 221.019670707
259.541196051 220.052046949
261.464540593 219.073242939
263.384343206 218.084670617
265.301172303 217.087741923
267.215596295 216.083868798
269.128183597 215.074463182
271.039502622 214.060937016
272.950121781 213.044702239
274.860609488 212.027170792
276.771534156 211.009754616
278.683464197 209.993865649
280.596968026 208.980915834
282.512614054 207.972317109
284.430970694 206.969481416
286.352606359 205.973820695
288.278089463 204.986746885
290.207988417 204.009671928
292.142871636 203.044007763
294.083307532 202.09116633
296.029864517 201.152559571
297.983111005 200.229599425
299.94361385 199.323694026
301.911668497 198.435588396
303.886991481 197.564613164
305.869224978 196.709917283
307.858011161 195.870649705
309.852992207 195.045959382
311.853810291 194.234995266
313.860107587 193.436906309
315.871526271 192.650841464
317.887708518 191.875949683
319.908296503 191.111379918
321.932932402 190.356281121
323.961258389 189.609802244
325.992916639 188.87109224
328.027549327 188.139300061
330.06479863 187.413574658
332.104306721 186.693064984
334.145715776 185.976919992
336.18866797 185.264288633
338.232805479 184.55431986
340.277770477 183.846162625
342.323205139 183.13896588
344.368751641 182.431878576
346.414052157 181.724049668
348.458748864 181.014628106
350.502483935 180.302762842
352.544899546 179.58760283
354.585637873 178.86829702
356.62434109 178.143994366
358.660651372 177.41384382
360.694210895 176.676994333
362.724661834 175.932594858
364.751646363 175.179794347
366.774806659 174.417741752
368.793784895 173.645586025
370.808223248 172.86247612
372.817763892 172.067560987
374.822049002 171.259989579
376.820720754 170.438910848
378.813421323 169.603473746
380.799792884 168.752827226
382.779477611 167.88612024
384.752117681 167.00250174
386.717355267 166.101120677
388.674832547 165.181126006
390.624191693 164.241666676
392.565074882 163.281891641
394.497124289 162.300949853
396.419982089 161.297990264
398.333290457 160.272161826
400.23669156 159.222613492
