-20.9921217982 40.583507944
-20.3389471445 141.686374965
-19.6727213293 142.771344945
-18.9936177047 143.838625626
-18.3018096222 144.888424754
-17.5974704338 145.92095007
-16.8807734913 146.936409318
-16.1518921464 147.935010243
-15.4109997509 148.916960588
-14.6582696567 149.882468095
-13.8938752156 150.831740509
-13.1179897793 151.764985574
-12.3307866997 152.682411032
-11.5324393286 153.584224627
-10.7231210177 154.470634103
-9.90300511898 155.341847204
-9.07226498411 156.198071672
-8.23107396493 157.039515252
-7.37960541325 157.866385687
-6.51803268087 158.67889072
-5.6465291196 159.477238096
-4.76526808123 160.261635557
-3.87442291758 161.032290847
-2.97416698044 161.78941171
-2.06467362163 162.533205888
-1.14611619295 163.263881127
-0.218668046195 163.981645169
0.717497466823 164.686705758
1.6622069943 165.379270637
2.61528718444 166.05954755
3.57656468542 166.72774424
4.54586614546 167.384068451
5.52301821273 168.028727927
6.50784753545 168.661930411
7.5001807618 169.283883646
8.49984453998 169.894795376
9.50666551818 170.494873345
10.5204703446 171.084325296
11.5410856675 171.663358973
12.5683381349 172.232182119
13.6020543952 172.791002478
14.6420610965 173.340027793
15.6881848869 173.879465808
16.7402524148 174.409524266
17.7980903282 174.930410912
18.8615252755 175.442333487
19.9303839047 175.945499737
21.0044928641 176.440117404
22.0836788019 176.926394233
23.1677683663 177.404537966
24.2565882054 177.874756347
25.3499649675 178.337257119
26.4477253007 178.792248027
27.5496958533 179.239936814
28.6557032734 179.680531223
29.7655742093 180.114238998
30.8791353091 180.541267882
31.9962132211 180.961825619
33.1166345934 181.376119952
34.2402260742 181.784358625
35.3668143117 182.186749382
36.4962259542 182.583499966
37.6282876497 182.974818121
38.7628260466 183.360911589
39.899667793 183.741988115
41.0386395371 184.118255443
42.1795679271 184.489921315
43.3222796112 184.857193475
44.4666012375 185.220279667
45.6123594544 185.579387635
46.7593809099 185.934725121
47.9074922523 186.28649987
49.0565201298 186.634919625
50.2062911905 186.980192129
51.3566320827 187.322525126
52.5073694546 187.66212636
53.6583299543 187.999203574
54.80934023 188.333964511
55.9602269301 188.666616916
57.1108167025 188.997368531
58.2609361956 189.3264271
59.4104120575 189.654000367
60.5590709365 189.980296076
61.7067394806 190.305521969
62.8532443382 190.629885791
63.9984121574 190.953595285
65.1420695864 191.276858194
66.2840432735 191.599882262
67.4241598667 191.922875233
68.5622460143 192.246044849
69.6981283645 192.569598856
70.8316335655 192.893744995
71.9625882655 193.218691011
73.0908191127 193.544644647
74.2161527553 193.871813647
75.3384158414 194.200405755
76.4574350193 194.530628713
77.5730369371 194.862690265
78.6850482431 195.196798156
79.7932955855 195.533160127
80.897605612 195.871983924
