21.3498818834189 -29.21435500071908
21.480470372860736 -29.60206577599132
21.59527945967499 -29.972463388625584
21.694795541896124 -30.32582447074408
21.779499128889103 -30.662429482615096
21.84986502226853 -30.98256257976432
21.906362360217695 -31.286511579495766
21.949454632379368 -31.57456795092051
21.97959968456037 -31.847026810235846
21.997249720898065 -32.104186919714635
22.002851304062293 -32.34635068712598
21.996845354655825 -32.573824165716246
21.979667150466028 -32.786917055128185
21.951746324686265 -32.985942701787394
21.913506864085544 -33.1712181002479
21.865367106232256 -33.34306389439463
21.807739736405026 -33.50180437985641
21.74103178256301 -33.647767505801184
21.66564460970864 -33.78128487913301
21.58197391110323 -33.902691768748454
21.490409696481795 -34.012327112512736
21.391336274629342 -34.11053352684027
21.285132227615758 -34.19765732131623
21.17217037116157 -34.27404852124357
21.052817691022216 -34.34006090300895
20.92743523755299 -34.39605205357137
20.796377941565638 -34.44238347473447
20.659994271666676 -34.479420775200424
20.51862555027166 -34.50753405633037
20.372604448583505 -34.527098759817335
20.222251224034096 -34.53849778612738
20.06786243372814 -34.542127850799716
19.90966578841307 -34.53842490873964
19.747504130856626 -34.528042122913405
19.585081693436024 -34.50945856649392
21.203020435771222 -28.809059193051922
19.068746680120285 -34.50100763284678
18.71572852321332 -34.51211970267704
18.361919638225945 -34.51796765534547
18.007767436519977 -34.51888662888081
17.653637418377574 -34.51525551719206
17.299861059142057 -34.50747000251968
16.946747780077498 -34.495935813697
16.59458893803331 -34.48106647923859
16.243659420567965 -34.46328242886372
15.894218370065076 -34.44301058522268
15.54650954472153 -34.42068416001209
15.200761511743817 -34.396742544773446
14.857187755980867 -34.37163124865137
14.51598674307263 -34.34580186181276
14.177341956128302 -34.31971203346154
13.841421915322343 -34.29382545806001
13.508380185780275 -34.26861186834353
13.178355374801463 -34.24454703222503
12.851471117753718 -34.22211275335786
12.527836049703886 -34.20179687747637
12.207543754014928 -34.184093303808226
11.890672673024014 -34.16950200761417
11.577285948241943 -34.158529080891896
11.267431120904163 -34.15168680946056
10.961139531079127 -34.149493829258574
10.658424993150405 -34.15247546973262
10.35928048329091 -34.16116461535026
10.06366819925158 -34.17610428893559
9.771479798223005 -34.197857989084525
9.4822580570942 -34.22708204950126
9.198956058007099 -34.26354836372485
19.42010957868852 -34.48452883731281
8.954301282337376 -34.24213169482729
8.991288965982747 -34.185867281015476
9.030737476841516 -34.1399859678981
9.072906877548398 -34.10493283256696
9.118000670644783 -34.08116759010906
9.166208128652116 -34.06915358980365
9.217714877967921 -34.06935506259629
9.272706429016743 -34.08223620396208
9.331369590371033 -34.10826080549498
9.393893114512395 -34.147892087337596
9.460468024034263 -34.20159261290078
9.531287791639215 -34.26982424160971
9.606548448647679 -34.353048100321985
9.686448657540204 -34.45172456403054
9.771189767104545 -34.56631324012375
9.860975862145253 -34.697272954839406
9.95601381587835 -34.84506173724796
10.056513354522437 -35.01013680048359
10.162687145063046 -35.19295451441198
10.274750924983636 -35.393970366500355
10.39292370467922 -35.61363889893673
10.517428101615579 -35.85241360630988
10.648490921779683 -36.110746755707225
10.78634423765196 -36.38908905486184
10.931227541720219 -36.68788898731782
11.083392482879134 -37.007591351475156
11.243114705790688 -37.348633608205375
11.41072936737595 -37.711434923580185
11.586773201564185 -38.096352341214356
11.772978969700446 -38.50337398666713
19.080562830272328 -29.729136098211654
20.463080313291698 -35.21946268342734
23.34381377658282 -33.379852695627335
26.167784531159384 -31.21530490558075
28.8741946934977 -28.730281732338568
31.40177124664862 -25.943726991138135
33.69318606931543 -22.889242453957422
35.69946851607786 -19.613672661873494
37.38374179695279 -16.174178707938268
38.72370767052453 -12.634186632518777
39.71254304992743 -9.058815161223805
40.35818494861178 -5.510455087486207
40.68127159839872 -2.0450791561389394
40.71219978817038 1.2903472500288444
40.487818560849675 4.4592326471349395
40.04822199636283 7.435598331512978
39.43397362917722 10.20342743547053
38.683943068427226 12.755420663241125
37.83380089888561 15.091445164762717
-9.082153825418573 39.70721205913344
-6.050201703044934 40.28080519267246
-2.8107137393495663 40.63555211748684
0.6060418473541773 40.728134267319604
4.158041143732376 40.519858112591976
7.792445489303503 39.98032017022615
11.44790107119249 39.090839958764604
15.058099343886923 37.847085115860494
18.556224001539107 36.26037449368471
21.879685557551497 34.35735099684243
24.974450789427365 32.178020687792895
27.798349376904227 29.772470161831137
30.322961161294245 27.196805584998373
32.533981123555776 24.508942855000384
34.430235284567715 21.764813481095274
36.021709753425114 19.015378882829424
37.32702937440385 16.304633871999414
38.37079468223108 13.668588920280854
39.181092954962665 11.135086998857815
39.787382171241845 8.724243667912049
8.919161504433518 -34.30842579929288
-12.258917921576817 33.26166643690297
-35.3922301017695 5.530813277438483
-35.296274924016835 6.328175639614983
-35.16777899575992 7.1370574809578216
-35.00812786634313 7.9561701339440845
-34.81868105079516 8.784262685230374
-34.60077181116285 9.620123615299576
-34.35570710172003 10.462581207907846
-34.08476755220514 11.31050368653814
-33.78920746047199 12.16279926835412
-33.47025479058861 13.018416188671438
-33.129111171999284 13.876342712720401
-32.766951899630534 14.735607141554539
-32.38492593518113 15.595277815217685
-31.984155908052614 16.454463113859646
-31.565738117448966 17.312311458051227
-31.130742534574615 18.16801130804413
-30.680212806312493 19.02079116267774
-30.215166258778986 19.869919556804746
-29.736593903778203 20.714705058520906
-29.24546044627922 21.55449626431283
-28.7427042958559 22.388681792616893
-28.229237582784567 23.21669027407097
-27.705946182332358 24.03799033711394
-27.173689752149652 24.852090585813755
-26.633301791426625 25.658539564019037
-26.085589739842742 26.456925696118702
-25.53133515070978 27.246877183708392
-24.97129401117921 28.028061812661633
-24.40619738378494 28.80018656874489
-23.83675281688641 29.56299679149535
-23.263647870067395 30.31627405859544
-22.687560690782295 31.059829840198347
-22.109202319914402 31.793480116076893
-21.529612829103208 32.51686769553595
-20.946184437794333 33.231848313551126
-35.454234481783956 4.746285336890622
-20.092828387561045 33.9367452260353
-19.82274108029139 33.9306108095669
-19.55149057613538 33.91922280567121
-19.279310848113436 33.90302950364472
-19.006488215497757 33.882446518978924
-18.73331647058366 33.85788371690444
-18.46008566095272 33.82975194295079
-18.187078350930157 33.798465266317095
-17.914568126903603 33.764441876985956
-17.642818918657966 33.72810449305811
-17.372084660985198 33.6898805640007
-17.102609112766476 33.65020237986434
-16.834625754933484 33.609507132853906
-16.568357731275043 33.56823695374308
-16.304017814074193 33.52683893379921
-16.04180838512616 33.48576513709844
-15.78192142843217 33.445472607637384
-15.524538532242808 33.406423371131126
-15.26983090118522 33.36908443186968
-15.017959382344912 33.33392776527168
-14.769074511196507 33.30143030127891
-14.523316592550113 33.27207389554465
-14.280815845001769 33.246345276615585
-14.041692671703558 33.22473594632274
-13.806058204383174 33.20774198011284
-13.574015501402087 33.19586358509173
-13.345662545480604 33.18960399600462
-13.121101237723309 33.18946615990771
-12.900473376900678 33.195939476400326
-12.684212515833089 33.209406973013046
-12.469643223933993 33.231398681210095
-20.361884987491305 33.93695662453993
-12.179553658014115 33.23123389563935
-12.104390217407463 33.21009574324893
-12.033143264957957 33.1988850056332
-11.965846824260474 33.19811726594918
-11.902585170076634 33.208289477896216
-11.843454526109774 33.22989408312918
-11.788553487409573 33.26342254008571
-11.73797982624334 33.30936650179379
-11.69182921185196 33.36821828686692
-11.650194625991531 33.440471095172256
-11.613166067102235 33.52661911629343
-11.580830386654739 33.62715758927288
-11.553271190055106 33.74258283861644
-11.530568769809108 33.873392298294306
-11.512800053538655 34.020084529204695
-11.500038556822737 34.18315923556503
-11.49235433184873 34.36311728087003
-11.489813904046486 34.56046070848086
-11.4924801844451 34.77569276818073
-11.50041234043114 35.00931795655174
-11.513665592745475 35.26184207851966
-11.532290880941133 35.53377235023024
-11.55633428001422 35.825617576554635
-11.585835919657107 36.13788848158535
-11.620827824004735 36.471098367354074
-11.661329161010876 36.82576456367249
-11.707334367141712 37.202412051835125
-11.758777522605968 37.60158433475124
-11.815389853983064 38.02388691798407
-11.875702253697824 38.470291673791735
17.07346161065499 -30.92549627241982
17.07346161065499 -30.92549627241982
14.925966511630746 -32.01725995083963
12.650489163415847 -32.98263990332278
10.263756157460971 -33.80154908589462
7.786467501957906 -34.456644278091204
5.242659233305478 -34.934280230590105
2.6588033808515696 -35.225277509878254
0.06271358808296768 -35.325422546260256
-2.5176485732392457 -35.2356475281444
-5.055358780661095 -34.96187578870382
-7.525602498124883 -34.51455806042108
-9.906549628894929 -33.907959029056926
-12.179975615243233 -33.159276305101145
-14.33160724408594 -32.287682556467644
-16.351203358236102 -31.313376691177368
-18.23240578673121 -30.256714796784067
-19.972411557511936 -29.137470508665047
-21.57152361687226 -27.974252088531046
-23.032635372344362 -26.78408331212016
-35.24091294474924 2.4428397177397017
-35.32531386144993 0.10775739424855146
-35.25051282261148 -2.3001645177823775
-35.003369883631024 -4.759570133496766
-34.57430998673132 -7.246136902334342
-33.9580739799914 -9.733376733456481
-33.15424896530439 -12.193653538319609
-32.16750903444269 -14.599341546282488
-31.00752775984434 -16.924025327576302
-29.68856220634284 -19.143633019520436
-28.22874769769192 -21.237401311978232
-26.64917564076381 -23.1885930736145
-24.972847495838185 -24.984921433047774
-23.223603660633604 -26.61867096757024
-21.425117292257543 -28.086540550216725
-19.600023481755063 -29.389258081493182
-17.769228811784846 -30.5310320575705
-15.951420312284842 -31.51890862778704
-14.162770232866638 -32.36209743507038
-12.416816269397831 -33.07131815936552
14.750160438565672 -37.96815737765172
