2.4804168325450178 -36.2434828858796
2.5756413540942873 -37.015947662933065
2.6679773712280763 -37.71828550070461
2.7571414278800717 -38.35282022164234
2.843025990831123 -38.921863432447
2.9255616223831282 -39.427723956041426
3.0046972906932865 -39.87270917938489
3.080395447196267 -40.25912538996217
3.1526303856464324 -40.589277888789404
3.221387585490916 -40.86547103485264
3.2866634131967203 -41.09000826535068
3.3484649727498947 -41.265192106631865
3.40681002482539 -41.39332417913041
3.461726940351042 -41.47670520075317
3.513254672290415 -41.51763498882302
3.5614427375881377 -41.518412461533174
3.6063512048409905 -41.48133563821745
3.6480506853358037 -41.40870164070825
3.6866223255741914 -41.30280669361694
3.722157799960229 -41.165946124850116
3.754759301934712 -41.00041436651992
3.7845395306108287 -40.808504956236504
3.8116216666592777 -40.59251053961469
3.83613932151826 -40.35472287531338
3.8582364125591653 -40.09743284743768
3.878066790922645 -39.82293050418834
3.8957927550911506 -39.5335052089012
3.9115746503213984 -39.231446701427664
3.925711391848097 -38.91903076016661
2.4804168325450178 -36.2434828858796
3.8421824619076688 -38.281251135755966
3.7467452193401414 -37.96030768783735
3.652256636922175 -37.63800340095448
3.5589442732571968 -37.316621941867005
3.467018349811923 -36.99844844458681
3.3766733544070178 -36.68576934739397
3.2880884426291743 -36.38087235150658
3.2014275724493757 -36.08604640778767
3.1168395590548243 -35.80358171090617
3.034458101234776 -35.535769696929016
2.9544017966231593 -35.28490304168948
2.876774153059614 -35.05327565992075
2.8016636000363633 -34.84318270449594
2.729143503760099 -34.65692056510237
2.6592721910806176 -34.49678686709934
2.592092992188867 -34.36508046862796
2.5276343248800117 -34.264101455149316
2.4659098791833003 -34.196151128352426
2.406919078314587 -34.163531977189685
2.3506380300241574 -34.168395965361405
2.296875436172371 -34.210497112809115
2.245362629043939 -34.287671122658
2.195369587945379 -34.397728473434285
3.938312248276816 -38.598552690959835
2.228407867407668 -34.69650415064213
2.3123974319383365 -34.8806580161739
2.3988270008146912 -35.08865552468114
2.4876748250098046 -35.31825611517538
2.5789091823511967 -35.56722034063955
2.6724824035708536 -35.83331023923328
2.7683293814651506 -36.1142894267862
2.8663670772218666 -36.407923127248736
2.9664943271289985 -36.711978184286544
3.0685917602756945 -37.02422306625264
3.1725217649223225 -37.342427867247125
3.278128481142346 -37.6643643070587
3.3852378122554967 -37.98780572858226
3.4936574557234508 -38.31052709448408
3.603176960514787 -38.63030497955354
3.7135678281214837 -38.94491755909017
3.8245836929518475 -39.25214458803121
3.935960659934551 -39.5497673613544
4.04741798183818 -39.83556863534933
4.158659551120081 -40.10733245449839
4.269377631087593 -40.36284371807037
4.379264051000462 -40.59988687937823
4.488054988813872 -40.816240744926
4.595844453545396 -41.00964206253812
4.698873828690239 -41.17827456854836
2.1469119162658217 -34.538433002898515
4.955904167447329 -41.41696931972786
5.110125958596484 -41.48246519421626
5.260841775767176 -41.51401652720348
5.407308357959607 -41.509474775792874
5.548820009821384 -41.46668817641678
5.684659829321788 -41.38350740883848
5.814087539699472 -41.257787006886424
5.936335469430048 -41.08738582149238
6.05060699819461 -40.87016719674727
6.156075934256421 -40.603999032322
6.251886341003399 -40.286753789591714
6.337152682650924 -39.91630844875488
6.410960352533948 -39.49054439895679
6.472366891264244 -39.007347201175506
6.520404776223529 -38.4646060513836
6.554088477608673 -37.86021243158735
6.572435693839111 -37.19205605179067
6.574552359125789 -36.4580086138899
6.560227781614628 -35.655810144645024
8.834323933448218 -34.274818425262936
11.067993495425014 -33.62005320387029
13.319536589645963 -32.793267639607414
15.56497872350667 -31.788990150406246
17.77873592604726 -30.605963574403546
19.934581186137905 -29.247579906363498
22.00673801379463 -27.72204789401472
23.971011895760853 -26.042255012558556
25.805858871642272 -24.225319509610625
27.493293724296393 -22.291865279410896
29.019558445591827 -20.26508537037825
30.375501401535644 -18.16968277244121
31.556653157660946 -16.030785973648555
32.56301952406358 -13.87293108615825
33.39864020629466 -11.719184690767438
34.07097885398002 -9.590456578155491
34.59021630496051 -7.505024545055454
34.968514797447085 -5.4782689151378925
35.219309732037516 -3.522595555076933
35.356670581196056 -1.647514145197313
22.77918096921536 27.09090939443667
24.510522016555967 25.535128116415734
26.18363979248568 23.816495641953708
27.774549615732894 21.940438716876912
29.259636720893752 19.916880187598828
30.616715664932315 17.76021338099651
31.826088923389477 15.488980640647299
32.87150757974092 13.125259878603323
33.74094136915454 10.6937988090816
34.42708430337359 8.220968544779119
34.92755276777552 5.7336301851527764
35.24476969334245 3.2580157625601274
35.38556427490869 0.8187175289107493
35.36054544897985 -1.5621405175173244
35.183324810314446 -3.8655029087754436
34.869669551137235 -6.075738871967221
34.43665974582598 -8.18076542849442
33.90191009083054 -10.17196881823199
33.282897950270865 -12.04396784609182
32.59642085417596 -13.794267104245922
-6.825337325665487 35.68132970830961
-7.241790775915547 36.361892725214155
-7.6550987641118695 36.970441166358846
-8.064409673126988 37.50964885050666
-8.468780756220326 37.98219917217151
-8.86730972072148 38.390759930900586
-9.259153525950808 38.73797973580247
-9.643533082793383 39.02648710617848
-10.019734820633673 39.25889017249543
-10.3871113141808 39.437776555968014
-10.745081568619796 39.565713313798966
-11.093131162635302 39.64524691250752
-11.430812325435 39.67890321255877
-11.757743981175992 39.66918746002237
-12.073611775906329 39.618584281351204
-12.378168094842053 39.529557680176154
-12.671232073821415 39.40455103435706
-12.952689607939845 39.24598709479374
-13.222493358249594 39.05626798345399
-13.480662758114036 38.83777519140822
-13.727284020646522 38.592869576368116
-13.96251014945561 38.323891358513926
-14.186560957643877 38.03316011272396
-14.399723107266354 37.7229747516048
-14.602350205852034 37.39561348342373
-14.794863094402217 37.053333687801185
-14.977750995682413 36.69837141579408
-15.151579549876345 36.33293789533227
-15.316882373166635 35.95926669520157
-6.825337325665487 35.68132970830961
-14.216006399030363 35.33864130827118
-12.975426421091697 35.09353301172857
-11.753689056821031 34.84628355189556
-10.551550277420944 34.599006590010056
-9.369498370392506 34.35382848846293
-8.207752700897089 34.112888849819214
-7.066263401453682 33.8783406509058
-5.944711267995217 33.6523502877916
-4.842507717314845 33.43709759307088
-3.7587947665687125 33.23477584363452
-2.692445021195226 33.04759176369949
-1.6420616657361222 32.87776552575858
-0.6059784542860314 32.72753074978055
0.4177403024043542 32.59913450009288
1.43129975757995 32.494837279932334
2.4371745656567896 32.416913019853396
3.438108955733611 32.36764905428986
4.437116892936274 32.34934607040562
5.437482481722441 32.36431797858001
6.442732585016643 32.41474767993196
7.456129592132669 32.50054975172576
8.480471856472036 32.61980217421571
9.517874242152658 32.770651674065434
-15.474414005133411 35.57950371210173
11.225742561123639 32.707366523329306
11.895372806145417 32.484240491871354
12.580236641347483 32.278709169225124
13.280736144160528 32.08792306836478
13.997125259936581 31.90913331550749
14.72950460049097 31.739693317951215
15.477820144632062 31.57705918002098
16.241862805982862 31.41878984060677
17.02126826120181 31.26254712679622
17.815516873462485 31.10609577694008
18.62393365577711 30.947303449608278
19.445688254048292 30.78414072603276
20.27979494065073 30.614681106710343
21.125112616554134 30.437101003851375
21.980344820724753 30.249679725694286
22.844039751040697 30.05079945021057
23.71459030381351 29.838945177902275
24.59023414898968 29.61270464297958
25.469053882549247 29.37076813568965
26.34897736328469 29.111928111138624
27.227778555669317 28.835078210517196
28.103080059411127 28.539210323962685
28.972363230728035 28.223402842820505
29.833039030242276 27.886738419722512
30.681496142976812 27.529408890664072
10.570832113102739 32.951025682192494
31.28046274133112 27.53068696116565
31.02024313412835 27.89151169590025
30.73364160888525 28.23056087290236
30.419811172962852 28.545597651684496
30.07799004533382 28.834302579001708
29.707490639244554 29.094286382625775
29.30769681997947 29.32309316042926
28.878063008899005 29.5182014297985
28.418113853773775 29.67702452775306
27.92744412200824 29.796910759270958
27.40571872126816 29.87514341850777
26.85267283817865 29.908940705648504
26.268112256485438 29.895455502863445
25.651914033966932 29.831774882627812
25.004028019001566 29.7149189923273
24.324480667813475 29.541838242106902
23.61338651727681 29.309404842035672
22.870994105828913 29.014378926492117
22.098007462877945 28.653171377570747
22.098007462877945 28.653171377570747
-0.09021563991601056 -35.47784215715357
-2.748869131902296 -35.371303926845314
-5.528846136615542 -35.04450432503247
-8.396911039605087 -34.46994789642924
-11.311937629785817 -33.626261910141366
-14.226428133990225 -32.50067946271277
-17.088943938600664 -31.091050449493526
-19.847250767742977 -29.407006987313654
-22.451811517197683 -27.470012424202093
-24.859155300928023 -25.312206950677577
-27.034650881037578 -22.97418278698945
-28.95432224542902 -20.50201566425708
-30.605531523664595 -17.943992396999082
-31.986563220492954 -15.347481758614197
-33.105316834673886 -12.75630903770545
-33.97741556935665 -10.208851758000456
-34.62405915610154 -7.736921257475046
-35.06990501860096 -5.365369043774617
-35.34118214051765 -3.112276963951743
-35.46415371514711 -0.9895576072192647
-9.116465959893873 34.286666087441105
-11.660460885295521 33.50700038696512
-14.265727174898629 32.48344888032899
-16.89312591928163 31.197880050812486
-19.49744568665436 29.64009167808952
-22.029503496007663 27.809825578542814
-24.439007298294122 25.718093733080508
-26.677894193746766 23.387504877109926
-28.703720726731035 20.851422959391023
-30.482627200654562 18.15199333229006
-31.991453562551655 15.337285351218114
-33.218739700059274 12.457959533137611
-34.16455302724658 9.563929079517713
-34.83929003661576 6.701439601619491
-35.261743783865924 3.9108628601090842
-35.45679022954655 1.2253365282730684
-35.45302712379746 -1.3297709384964271
-35.28062475543473 -3.7367017349253935
-34.969550325218194 -5.9846447715483
