0.43305876131037735 -35.33853927433921
0.472828702085593 -35.085418484394125
0.5129284034734383 -34.89090168172197
0.5534854960651785 -34.752717601431556
0.594651057821352 -34.668594882731554
0.6365749410009869 -34.636262341189024
0.6793996070262267 -34.65344903697732
0.7232580758833933 -34.717884296932965
0.7682731122122846 -34.82729772357328
0.8145568644279422 -34.97941919848316
0.8622106976712871 -35.17197888376157
0.9113251242224578 -35.40270722186406
0.9619797959799712 -35.66933493380549
1.0142435535560423 -35.96959301675159
1.068174551171495 -36.30121273792756
1.123820514847921 -36.661925623661546
1.1812192774831374 -37.049463437971895
1.2403999700579789 -37.46155813381091
1.3013860110202984 -37.89594173215889
1.3642040843459142 -38.35034595870974
1.42892006173156 -38.82250079192289
1.4958904710683214 -39.31012429428043
1.5623956997421828 -39.81105874612982
0.3936871242455027 -35.65253331340827
1.8065514964706892 -40.83071251265676
1.9875194476893228 -41.344540951082195
2.1728727177707583 -41.862188657951094
2.362451549482955 -42.38139285292746
2.5561161219190467 -42.89989167697692
2.7537076241329146 -43.4154257653681
2.955038525324767 -43.92573864158953
3.159889333639967 -44.428576847634616
3.3680073024156627 -44.921689996240104
3.579105845668039 -45.40283079389607
3.7928642507333734 -45.86975505161189
4.008927530525057 -46.32022168998472
4.226906349369756 -46.75199274053355
4.4463769941942815 -47.162833343884586
4.666881381693486 -47.5505117458419
4.8879271050299735 -47.9127992884888
5.108987539582017 -48.247470393504045
5.329502056900083 -48.55230253130438
5.548876465955516 -48.825076157967715
5.766483994889484 -49.06357457663046
5.981667754915918 -49.26558359005696
6.1937481412171 -49.42889045752966
6.402052447140875 -49.55127972409667
6.606122178899966 -49.63050401986385
6.802927586976125 -49.664681534099145
1.630421052225529 -40.32295602576363
6.946055425174393 -49.618422256692355
6.893201873973226 -49.54164016602934
6.8349942080186 -49.42430501923806
6.771747473703044 -49.268460597476604
6.70381477375912 -49.07614524984231
6.631555236294389 -48.849396405339746
6.555326009260909 -48.59025169980026
6.4754795949723984 -48.300749352097625
6.392362787588183 -47.982928313407825
6.306316195356828 -47.6388283350617
6.2176740088675615 -47.27049000111404
6.126763886783692 -46.87995474478336
6.033906906515142 -46.46926485613591
5.939417559893798 -46.04046348354976
5.843603792577255 -45.595594629287234
5.746767104001094 -45.13670313831523
5.649202754428359 -44.66583467337216
5.5512001950976355 -44.18503566395245
5.453044026878501 -43.69635319156896
5.355016407323035 -43.20183470169641
5.257404281305924 -42.703527138366866
5.160528313425914 -42.20347348036128
5.064945429451598 -41.703688496024284
4.968709503372338 -41.20648666143353
6.993502102320747 -49.65257049545758
4.956010383705461 -40.19965376811183
5.036321733419356 -39.69473398885913
5.1147398066872825 -39.20102898088561
5.191586221336138 -38.72057534617227
5.267255401355044 -38.25539966396602
5.342183236705296 -37.80752224112416
5.416839254978072 -37.378958049610276
5.491724020145227 -36.971717035769444
5.567368103369802 -36.58780424281562
5.644331630421618 -36.22921986287156
5.723204076993284 -35.89795925818029
5.804604190318571 -35.596012966391555
5.889179992658001 -35.32536669277087
5.977608860382816 -35.088001289855214
6.070597701752433 -34.88589271750854
6.168883298663843 -34.72101196890901
6.273232963323039 -34.595324931860205
6.384445867632223 -34.51079210731277
6.5033559814615955 -34.46936799033537
6.630839429872822 -34.47299951992147
6.767836576437617 -34.523621427017574
6.915440370300928 -34.623137625458384
7.075514797526978 -34.77329094174803
-2.175861114035456 -35.96498257081359
12.765879152341142 -33.36597639352438
14.556507742284111 -32.624593998611346
16.322614970100915 -31.777795577466392
18.052419518593467 -30.828010003081772
19.734461128827718 -29.779306492599716
21.357891357246388 -28.637327528899476
22.912745590060126 -27.409161620716986
24.390182035854878 -26.103162097402446
25.782675732494567 -24.728721829048112
27.084158927526175 -23.296016535320092
28.290103134506865 -21.815730926658574
29.397542281170388 -20.298782206137446
30.405040209913466 -18.756054517380477
31.312609002450984 -17.198155967574877
32.121586933723336 -15.635207196729397
32.834486207852535 -14.07666745688573
33.45482101415678 -12.531201144987534
33.98692599082921 -11.006584979879165
34.08976523496176 10.683817550416848
34.60476475368034 8.8750384544432
35.03001582164694 7.010994420235306
35.358670771873506 5.101024649191885
35.58509042542812 3.155533336776301
35.70504133882679 1.1857800040796747
35.71584862490198 -0.7963719159367031
35.61649439813215 -2.778736765731111
35.40765533969403 -4.7491046072751715
35.09167700167541 -6.695540040615697
34.67248682992681 -8.606666500681712
34.15545200327392 -10.471921966738336
33.54719162770573 -12.28177451019991
32.85535526016275 -14.027889433335986
32.08838099094447 -15.703243505893823
31.255246373150953 -17.30218556654154
30.365224485047122 -18.820446147689978
29.427655587148365 -20.255101527012414
28.45174248743956 -21.604499546479445
27.446375159402123 -22.868155628182137
4.873776363131583 -40.713715427823956
29.207309655382062 28.780086564676537
3.9578262011665686 34.65439876539736
4.965737990052986 33.84426012340228
5.968870871661096 33.097781113219526
6.971910560250876 32.41003180716854
7.979309238349913 31.77622492543918
8.99526110234558 31.191717858394014
10.023696249443304 30.652013171242203
11.068278640577972 30.15275877043132
12.13240528670758 29.689747968947643
13.219205880295675 29.258919513551746
14.331542613243386 28.856357595731765
15.47201008196987 28.478291853279842
16.64293523790039 28.121097364409337
17.846377366192797 27.781294634378042
19.084128086229413 27.45554956819177
20.35771137842741 27.140673418836627
21.668383656427096 26.83362268331433
23.01713393873402 26.531498872291365
24.4046842892389 26.231547934908832
25.831491147902113 25.931158532974337
27.29775066369362 25.627855139156992
28.803436034163894 25.31924972212923
30.347789686813258 25.003698785299832
2.940387441694611 35.53325545046795
32.412099690359895 24.902444717733033
32.90064769515865 25.127501795211884
33.394329056661775 25.352591515277652
33.8913441068014 25.576335108030747
34.38988608102687 25.79736458570619
34.888135337548135 26.01433022074403
35.38425791316462 26.225902415429744
35.876405041573946 26.430772324263188
36.36271296139137 26.62765210277604
36.8413028290384 26.815275019985307
37.31028067557901 26.992395513944246
37.76773738427596 27.157789220908512
38.21174867854285 27.310252990618636
38.640375115727124 27.44860489320766
39.05166208599434 27.57168422067437
39.44363981492802 27.678351482024482
39.81432337163176 27.76748838994243
40.16171268721473 27.837997832954898
40.48379259331938 27.888803816392226
40.77853290935559 27.91885133028839
41.04388866208615 27.927106016289173
41.27780074618039 27.912553165276847
41.478198571077996 27.87419370524239
41.64301859030115 27.8110161066989
41.769965671787475 27.722367438598923
31.930518076602937 24.678757481342956
41.57916119539516 27.88903683595288
41.2652437175899 28.145564943856556
40.9186036651264 28.377807949495207
40.541520964190795 28.58622035864971
40.13623905018636 28.771300626717306
39.70496200623518 28.933595498352048
39.249853848132716 29.073701090831037
38.77303828786967 29.192263254515467
38.2765986397618 29.2899777151473
37.762577780020024 29.367590137087745
37.23297812849029 29.425896152206377
36.6897616423081 29.465741372088132
36.13484981744995 29.488021390005144
35.57012369746906 29.49368177398449
34.99742389183382 29.48371804896007
34.418550611328214 29.45917566216076
33.83526373468578 29.421149915406346
33.24928294395863 29.370785828472606
32.66228802270177 29.30927783655349
32.07591960239495 29.237869032904655
31.491781402473237 29.15784889580368
30.91144919059866 29.070544194771742
30.336533508258185 28.97725533489742
29.76783011967683 28.880118517901224
41.858059720842675 27.607782686552667
29.220003093034165 27.859789244492106
29.23027645376709 26.959209572663838
29.239790809855606 26.07944451715784
29.250363258132154 25.221391242708904
29.263898967359523 24.385816073643156
29.28238146944466 23.57336434677123
29.307870232526966 22.784562877229263
29.34249985009683 22.01982078156516
29.388479716555707 21.279429810160707
29.448093878242048 20.56356450116354
29.52370095718885 19.87228226139183
29.617734108389072 19.205523415841753
29.73270099179075 18.563111243811704
29.871183751214403 17.944752013461397
30.03583899336519 17.35003502383131
30.22939776060508 16.77843266756895
30.45466548873776 16.22930054013824
30.714521926346833 15.701877650663448
31.01192096367106 15.195286880831844
31.349890208192164 14.708536125750783
31.73152971609386 14.24052171001
32.16000692439246 13.790042043527478
32.638521182392765 13.355893195110099
-4.9078201700152135 -35.694924626412785
-4.9078201700152135 -35.694924626412785
-7.771221708848287 -35.182701090996716
-10.728949344422347 -34.39627870673391
-13.734042933846496 -33.31051497046778
-16.731381719423382 -31.910424764729186
-19.66064018655925 -30.193932674647556
-22.4602988474345 -28.173557080894653
-25.07222158862257 -25.876592656636717
-27.446124992233507 -23.343619381261192
-29.543239002925333 -20.62550295441372
-31.338613819516098 -17.779359571641805
-32.821817202823866 -14.86414001585402
-33.996093819625685 -11.936496467293296
-34.87632444069382 -9.047449166144077
-35.486265436442864 -6.2401368799745285
-35.85555887482832 -3.548695630822408
-36.01691393006354 -0.9981251729578844
-36.0037225206641 1.395101272855186
-35.848232565421426 3.621955941470759
0.39973564019012997 36.028524176330905
-2.3445373625252444 35.95438064356301
-5.237221812258355 35.64808340704593
-8.243585286163835 35.07502878881559
-11.318584361219933 34.20678282102023
-14.408310021948807 33.02445980206045
-17.452739282943213 31.52167880091588
-20.38961537483752 29.706530052712083
-23.159000348883865 27.602084083396562
-25.7078395172407 25.245223909925926
-27.99382710999288 22.68391471158202
-29.98799562372534 19.973343770583995
-31.675726904648542 17.171565681923767
-33.056208996746676 14.33531965705339
-34.14063875521333 11.516558873748863
-34.949629149421185 8.76000943061291
-35.510307129897456 6.101838284226488
-35.85351178414476 3.5693186535653467
-36.01137249906333 1.1812678105331997
-36.01540963385122 -1.0510051438473624
9.158034991975398 -34.53094910817191
