52.3136341867
5.8307606656
54.6550716179
16.1811677502
57.0029602882
16.5691736977
59.3571108425
16.9928346094
61.7173339257
17.4502065867
64.0834401826
17.939345731
66.4552402582
18.4583081438
68.8325447973
19.0051499264
71.2151644448
19.5779271803
73.6029098456
20.1746960068
75.9955916446
20.7935125073
78.3930204867
21.4324327832
80.7950070168
22.089512936
83.2013618797
22.762809067
85.6118957204
23.4503772776
88.0264191837
24.1502736693
90.4447429146
24.8605543433
92.8666775578
25.5792754012
95.2920337584
26.3044929444
97.7206221612
27.0342630741
100.152253411
27.7666418918
102.586738153
28.499685499
105.023887031
29.231449997
107.463510692
29.9599914872
109.905419779
30.6833660711
112.349424938
31.3996298499
114.795336813
32.1068389252
117.242966049
32.8030493982
119.692123291
33.4863173705
122.142619185
34.1546989434
124.594264374
34.8062502183
127.046869505
35.4390272966
129.500245221
36.0510862798
131.954202168
36.6404832691
134.40855099
37.205274366
136.863102332
37.743515672
139.31766684
38.2532632883
141.772055159
38.7325733165
144.226077932
39.1795018579
146.679545805
39.5921050138
149.132269423
39.9684388858
151.584059431
40.3065595751
154.034726473
40.6045231833
156.484081195
40.8603858117
158.931934241
41.0722035616
161.378096257
41.2380325346
163.822377887
41.3559288319
166.264589776
41.4239485551
168.704542568
41.4401478054
171.14204691
41.4025826843
173.576913483
41.30930996
176.009002745
41.159267896
178.438322995
40.9540129775
180.864909854
40.6955855613
183.288798944
40.3860260043
185.710025887
40.0273746633
188.128626304
39.6216718951
190.544635817
39.1709580565
192.958090047
38.6772735045
195.369024616
38.1426585958
197.777475145
37.5691536873
200.183477257
36.9587991358
202.587066572
36.3136352982
204.988278712
35.6357025312
207.387149299
34.9270411918
209.783713955
34.1896916367
212.1780083
33.4256942228
214.570067957
32.6370893069
216.959928547
31.8259172458
219.347625691
30.9942183965
221.733195012
30.1440331157
224.11667213
29.2774017603
226.498092668
28.396364687
228.877492247
27.5029622528
231.254906488
26.5992348145
233.630371013
25.6872227288
236.003921444
24.7689663527
238.375593402
23.846506043
240.745422509
22.9218821565
243.113444386
21.9971350501
245.479694655
21.0743050805
247.844208938
20.1554326047
250.207022855
19.2425579794
252.568172029
18.3377215615
254.927692082
17.4429637078
257.285618634
16.5603247752
259.641987308
15.6918451205
261.996833724
14.8395651005
264.350193505
14.0055250721
266.702102273
13.191765392
269.052595647
12.4003264173
271.401709251
11.6332485046
273.749478706
10.8925720108
276.095939633
10.1803372927
278.441127654
9.49858470727
280.785078391
8.84935461122
283.127827465
8.23468736142
285.469410497
7.65662331471
287.80986311
7.11720282792
290.149220924
6.61846625789
292.48751956
6.16245396145
200.118129879
86.5316375
202.025158866
186.950165766
203.946001404
187.382980521
205.88016288
187.828776166
207.82714868
188.286247104
209.786464189
188.754087737
211.757614793
189.230992468
213.740105879
189.715655698
215.733442832
190.206771831
217.737131038
190.703035268
219.750675884
191.203140411
221.773582754
191.705781664
223.805357034
192.209653428
225.845504112
192.713450106
227.893529372
193.2158661
229.9489382
193.715595812
232.011235983
194.211333644
234.079928106
194.701774
236.154519956
195.18561128
238.234516917
195.661539888
240.319424377
196.128254226
242.40874772
196.584448696
244.501992333
197.028817701
246.598663602
197.460055642
248.698266912
197.876856922
250.800307649
198.277915943
252.904291201
198.661927108
255.009722951
199.027584819
257.116108286
199.373583479
259.222952593
199.698617488
261.329761256
200.001381251
263.436039663
200.280569169
265.541293198
200.534875644
267.645027248
200.762995079
269.746747198
200.963621876
271.845958435
201.135450438
273.942166344
201.277175166
276.034876311
201.387490463
278.123593722
201.465090732
280.207823964
201.508670374
282.287072421
201.516923792
284.36084448
201.488545388
286.428645527
201.422229565
288.489980948
201.316670725
290.544356128
201.17056327
292.591276454
200.982601602
294.630247311
200.751480124
296.660774085
200.475893238
298.682362162
200.154535346
300.69452296
199.786122679
302.697101399
199.370578404
304.690443641
198.909639655
306.674937179
198.405193151
308.650969509
197.859125613
310.618928124
197.273323759
312.579200519
196.64967431
314.532174189
195.990063986
316.478236628
195.296379505
318.41777533
194.570507588
320.35117779
193.814334955
322.278831503
193.029748325
324.201123962
192.218634418
326.118442663
191.382879954
328.0311751
190.524371652
329.939708767
189.644996232
331.844431158
188.746640414
333.745729769
187.831190918
335.643992094
186.900534463
337.539605627
185.956557769
339.432957862
185.001147556
341.324436294
184.036190543
343.214428418
183.063573451
345.103321729
182.085182999
346.991503719
181.102905906
348.879361885
180.118628892
350.76728372
179.134238678
352.655656718
178.151621983
354.544868376
177.172665526
356.435306186
176.199256028
358.327357643
175.233280207
360.221410242
174.276624785
362.117851478
173.33117648
364.017068844
172.398822012
365.919449835
171.481448101
367.825381946
170.580941466
369.735252671
169.699188829
371.649449505
168.838076907
373.568359941
167.999492421
375.492371476
167.18532209
377.421871602
166.397452635
379.357247814
165.637770775
381.298887608
164.90816323
383.247178477
164.210516719
385.202507916
163.546717962
387.165263419
162.918653679
389.135832481
162.32821059
391.114602596
161.777275415
393.101961259
161.267734872
395.098295964
160.801475682
397.103994206
160.380384565
399.11944347
160.00634824
-19.7444191903
40.360834205
-19.1049733849
141.438587252
-18.4528783367
142.498673455
-17.7883039474
143.541307308
-17.1114201184
144.566703302
-16.4223967514
145.57507593
-15.7214037477
146.566639683
-15.0086110091
147.541609053
-14.284188437
148.500198534
-13.5483059329
149.442622616
-12.8011333984
150.369095792
-12.0428407351
151.279832555
-11.2735978444
152.175047395
-10.493574628
153.054954806
-9.70294098729
153.919769279
-8.9018668239
154.769705307
-8.09052203934
155.604977381
-7.26907653515
156.425799994
-6.43770021287
157.232387638
-5.59656297405
158.024954805
-4.74583472021
158.803715987
-3.88568535291
159.568885676
-3.01628477367
160.320678364
-2.13780288405
161.059308544
-1.25040958557
161.784990707
-0.354274779774
162.497939346
0.550431631792
163.198368953
1.46353974759
163.886494019
2.38487966609
164.562529037
3.31428148574
165.2266885
4.25157530501
165.879186898
5.19659122235
166.520238725
6.14915933624
167.150058472
7.10910974512
167.768860632
8.07627254746
168.376859696
9.05047784173
168.974270158
10.0315557264
169.561306507
11.0193362999
170.138183238
12.0136496606
170.705114842
13.0143259072
171.262315811
14.021195138
171.810000637
15.0340874514
172.348383813
16.052832946
172.87767983
17.0772617202
173.39810318
18.1072038725
173.909868357
19.1424895013
174.413189851
20.1829487051
174.908282155
21.2284115824
175.395359761
22.2787082315
175.874637161
23.333668751
176.346328848
24.3931232394
176.810649313
25.456901795
177.267813048
26.5248345164
177.718034546
27.5967515021
178.161528299
28.6724828503
178.598508798
29.7518586598
179.029190536
30.8347090288
179.453788005
31.9208640558
179.872515698
33.0101538394
180.285588106
34.102408478
180.693219721
35.19745807
181.095625035
36.2951327139
181.493018541
37.3952625082
181.885614731
38.4976775513
182.273628096
39.6022079416
182.65727313
40.7086837777
183.036764323
41.8169351581
183.412316169
42.926792181
183.784143158
44.0380849451
184.152459784
45.1506435488
184.517480539
46.2642980905
184.879419914
47.3788786688
185.238492402
48.494215382
185.594912494
49.6101383286
185.948894684
50.7264776071
186.300653462
51.843063316
186.650403321
52.9597255537
186.998358754
54.0762944186
187.344734252
55.1926000093
187.689744308
56.3084724242
188.033603413
57.4237417617
188.376526059
58.5382381204
188.71872674
59.6517915986
189.060419946
60.7642322948
189.40182017
61.8753903076
189.743141905
62.9850957353
190.084599641
64.0931786764
190.426407872
65.1994692294
190.768781089
66.3037974928
191.111933785
67.4059935649
191.456080452
68.5058875443
191.801435581
69.6033095294
192.148213665
70.6980896187
192.496629196
71.7900579106
192.846896666
72.8790445037
193.199230567
73.9648794963
193.553845392
75.0473929869
193.910955632
76.1264150741
194.27077578
77.2017758561
194.633520327
78.2733054316
194.999403766
79.340833898
195.368640588
2.4569670875357232
-36.127771530396714
2.542007092940999
-36.770345956172115
2.624868817081932
-37.35721394904662
2.705292711217048
-37.8902035894032
2.7831871242025557
-38.37113135483822
2.8584951533679117
-38.80181117522499
2.931175623207224
-39.18405572650678
3.001198329980042
-39.519676753897365
3.0685424565144785
-39.81048517978458
3.1331959380432863
-40.05829114695674
3.195155173828823
-40.26490403801274
3.2544248828919393
-40.43213248537341
3.311018026191192
-40.5617843763739
3.3649557620612285
-40.65566685649574
3.41626741932663
-40.71558633099731
3.464990480384614
-40.743348466168335
3.5111705701198446
-40.74075819018954
3.5548614483341083
-40.709619693454954
3.596125004415626
-40.65173642914554
3.6350312533677283
-40.56891111331372
3.6716583327464747
-40.462945725311876
3.7060925000740497
-40.33564150769484
3.7384281305784697
-40.188798966911804
3.7687677148672947
-40.024217873015175
3.7972218564612916
-39.84369726020139
3.823909268768716
-39.64903542682031
3.8489567712080515
-39.44202993619155
3.872499283711619
-39.224477617006436
3.894679818590248
-38.998174564133876
3.9156494678438207
-38.76491614014808
3.935567382278279
-38.52649697778941
3.954600735185039
-38.28471098397975
3.9729246551226254
-38.04135134724907
3.9907220918037467
-37.798210553466696
4.008183521100705
-37.55708041874304
4.02550620800281
-37.319752173655296
4.0428919955706135
-37.08801671421428
4.060538461124054
-36.86366560630472
4.078577010247102
-36.64849811861792
4.0979109872517085
-36.44422601401402
2.4569670875357232
-36.127771530396714
3.985715789956231
-36.087819921332496
3.855879448700506
-35.93917017897099
3.7288772734795543
-35.80853916560972
3.6047401426830277
-35.69772951845202
3.483463287567673
-35.60854704056808
3.3650157264683003
-35.542799629456155
3.249342624353801
-35.50229700899974
3.1363660806639757
-35.48885063990805
3.025985330866206
-35.50427233017197
2.9180044879187506
-35.54949189991023
2.812026216463579
-35.62303332737993
2.707641088416551
-35.72301332127291
2.604463450308174
-35.84754682757604
2.502131447977888
-35.99474702875885
2.4003070549841254
-36.16272534138867
2.298676114167762
-36.3495914146918
2.196948408979978
-36.55345312759867
2.0948578019002184
-36.77241658401683
1.9921625355297579
-37.00458610175352
1.8886459825813517
-37.248064186436174
1.7841188931963359
-37.50095145256612
1.678428381512333
-37.76134630843572
1.5715208277447914
-38.027342750878134
1.4625965004235297
-38.29706000126842
4.118253738044189
-36.25269642293583
1.49128590198805
-38.82093388977352
1.632306925466935
-39.071011646078546
1.7749253378386243
-39.3169049803427
1.9189876060397069
-39.556711002346276
2.064328246104594
-39.78852831795463
2.210760093765799
-40.01045737044538
2.3580718779687118
-40.22060052416076
2.5060274196972614
-40.41706209244765
2.6543653215710776
-40.59794834684656
2.80279884066519
-40.76136752013419
2.9510158446054504
-40.905429805239244
3.098678816865288
-41.02824735115108
3.2454249039749072
-41.12793425565685
3.390866014079876
-41.202606552001576
3.534588995957762
-41.25038218706255
3.6761559622638345
-41.26938098212951
3.815104897202474
-41.25772455993146
3.9509508776916107
-41.2135361983056
4.0831887650348335
-41.1349405085056
4.21129993884648
-41.02006262942066
4.334772504296097
-40.86702581194603
4.453182127577691
-40.67394175314482
4.566757896470222
-40.438842937236004
4.668765740911226
-40.16059333782408
1.352071988998972
-38.568573709851854
5.096546881297456
-39.41169853068422
5.417390269638247
-38.93825857775719
5.723078768369476
-38.41491887697806
6.01165127153206
-37.84006561899301
6.281215450417335
-37.212079173918866
6.529874923483135
-36.52934083528201
6.755785293999338
-35.79021826384659
6.957700802649356
-34.99294513114235
9.609558420942733
-33.53849093121975
11.798176189250114
-32.83256044837858
14.000215781762336
-31.95571850315863
16.19171681232251
-30.903111391226837
18.347213658598548
-29.674125731936172
20.440712286230564
-28.272800855602604
22.44678853360432
-26.70797018713089
24.3417171420395
-24.993094917716014
26.104529933744914
-23.145788038587888
27.717905734159274
-21.187064183158572
29.168813834165576
-19.140383655946216
30.448863477078305
-17.03058131548272
31.554348015147752
-14.882778918198087
32.486007170771586
-12.721372767496302
33.24855840523077
-10.569169833197948
33.85006517867288
-8.44671974133268
34.30121505714641
-6.3718625685440955
34.61457573051115
-4.359487812315951
34.80388506405279
-2.4214812485799433
34.88341578179387
-0.566824826129313
21.507383453138402
27.470100909692512
23.27037282521826
25.993532571860342
24.98158100681127
24.353533570904013
26.616979609970315
22.554608917723357
28.152738600428563
20.60575881361716
29.566286495588884
18.520493779858548
30.837381293928217
16.316553003680266
31.949094274985725
14.015325968278255
32.888611793434336
11.641013756962632
33.64777812022629
9.219599479426488
34.223332549930944
6.777720573014166
34.616830808909185
4.341544855967598
34.834277292451816
1.9357459806483739
34.885524358994985
-0.41734540489532446
34.783513438461966
-2.698366147385315
34.543438581822784
-4.891302273715796
34.18190755187743
-6.9836368107116265
33.71616179226879
-8.966293603634313
33.16339853443213
-10.833419803342194
32.54021957053766
-12.582054573487525
-8.227180816197432
35.26423200410538
-8.313067659290184
35.907194652251135
-8.384070157491685
36.496367849346804
-8.441054162474728
37.033409768619194
-8.484724824362296
37.52001564475272
-8.515750454859827
37.95788887638764
-8.53478022214091
38.348736898085576
-8.542448574634193
38.694270148045725
-8.539376715784584
38.996201724140406
-8.526173194102526
39.25624724635574
-8.503434171449427
39.476124793992845
-8.471743557378403
39.6575548745304
-8.431673081540296
39.80226040652721
-8.383782335259454
39.911966710129434
-8.328618796549492
39.98840150103273
-8.26671784593691
40.03329488689883
-8.198602776856376
40.048379365041335
-8.124784802690058
40.0353898205902
-8.04576306183472
39.996063525531
-7.962024621392729
39.93214013766127
-7.874044480131246
39.84536170013548
-7.7822855708637775
39.737472640643105
-7.68719876275857
39.610219771439844
-7.589222863442956
39.46535228842231
-7.488784621480107
39.304621770968694
-7.386298729231939
39.12978218112182
-7.2821678267565915
38.94258986332203
-7.176782507127456
38.74480354330925
-7.070521324367704
38.53818432670736
-6.963750805904212
38.32449569708168
-6.856825473049213
38.10550351269684
-6.750087876552087
37.88297600062815
-6.643868662395732
37.658683745863215
-6.538486703326001
37.43439967044114
-6.4342493877005325
37.21189898593454
-6.331453341735596
36.99295907667294
-6.230386595709263
36.779359147792455
-6.131337248596054
36.572878818085364
-6.034654120396482
36.375288271910925
-5.939925905803307
36.18848154593513
-8.227180816197432
35.26423200410538
-4.704728454272271
35.562214304917205
-3.574013098756012
35.128855874253745
-2.454271786225462
34.715463296964394
-1.3438767206855857
34.3233423526893
-0.24099168783502023
33.953741157973795
0.8564371877770043
33.607851666691374
1.9506837542143387
33.28681004441587
3.0442426036283052
32.991696792272975
4.139829224369976
32.72353554777434
5.240249870257799
32.48248696339239
6.347994025933019
32.26650358113416
7.465281751087389
32.073219834449056
8.59409849126888
31.90032902410757
9.736195095808085
31.745583316350853
10.893087834976654
31.6067937356705
12.066058422289274
31.481830152539928
13.25615405002307
31.368621258948473
14.464187456250613
31.265154519480433
15.690737068613146
31.16947606233515
16.936147361381302
31.079690407651704
18.20052992367164
30.993959651340916
19.4837677296631
30.910500200496664
20.785545026041774
30.827559920876723
22.104943558456682
30.743726874345647
-5.847901926593607
36.01416464172676
23.716478837143768
30.76810367386907
23.99188530759497
30.875935961631626
24.26636017545067
30.97925562140495
24.53867480816234
31.076602594949318
24.80758430976681
31.16653108415819
25.071822897964353
31.24761308642943
25.330102749925373
31.31843927575316
25.581113620865523
31.37761929464616
25.82352269455862
31.423781866992368
26.05597452061528
31.455574845181037
26.277090989932276
31.47166522698865
26.485471331715445
31.470739155058983
26.679692127742754
31.451501902211717
26.858307345682363
31.41267783875752
27.0198484023648
31.353010373252783
27.1628242790851
31.271261844450823
27.28572173966282
31.166213317757585
27.387005769721355
31.036664175450138
27.465120546506853
30.88143121300311
27.518491865885608
30.699346376176557
27.54553442872958
30.489249970368537
27.54468099040662
30.24996349079686
27.514586420754995
29.980099425529964
27.451399537179896
29.680604082558567
23.441385509542357
30.657208321514354
26.64258799988977
29.45466692955273
25.906238807008947
29.515765256974603
25.14617370361077
29.529660573352594
24.362929023342133
29.493492850731876
23.55718396621046
29.404282306159914
22.72973902884621
29.25895243075775
21.88155502031742
29.0543053295043
21.014081909776735
28.78679715388101
21.014081909776735
28.78679715388101
-0.09828054465775438
-35.50578294877516
-2.7477413195978997
-35.39943784174496
-5.5145555936776205
-35.075061774360854
-8.36587433792404
-34.50626650962192
-11.261345567665721
-33.672724538958924
-14.154622408331775
-32.56250829325872
-16.995720370258276
-31.173959821732293
-19.734029019329483
-29.516747458608194
-22.32162965578727
-27.611865771455385
-24.716478841757333
-25.490507165138037
-26.885021753714017
-23.191935822033386
-28.80390295052859
-20.760670911305382
-30.460615258720235
-18.243387841385466
-31.85311899859167
-15.685952056937744
-32.988622536250716
-13.130920189832938
-33.88180819905701
-10.61571264839549
-34.55280768273557
-8.17152146854435
-35.02519247147312
-5.8229008412692576
-35.32417252945197
-3.587912621636983
-35.475115582107016
-1.4786670710945327
-10.488389549826188
33.921438155274146
-12.990639811542273
33.04411534839092
-15.541272943611396
31.923958356744603
-18.10115386433899
30.54535170284535
-20.625747549248715
28.9006716168613
-23.067245836188626
26.99208127217739
-25.37736877723417
24.83262845160076
-27.5105537046219
22.44637424476625
-29.427127540890545
19.867421739197884
-31.09602050925742
17.137905074974388
-32.496642580557776
14.305191465425086
-33.61969466626258
11.418686983110899
-34.466881908094386
8.526683611139049
-35.04968122252475
5.6736344674632555
-35.387443734156804
2.898121431699728
-35.5051634375563
0.23162716465581212
-35.43122157590093
-2.3019164864096133
-35.195345230226614
-4.68593171057325
-34.826927527718546
-6.910528261285931
0.34437092440390416
-34.758992871652794
0.3287498902797097
-34.48367880290476
0.31390119786721016
-34.27196317634477
0.2997412712377354
-34.12131566246515
0.28618360663452336
-34.0292059798868
0.27314358449237375
-33.993103845532005
0.26053967638418385
-34.01047896246527
0.24829385215429056
-34.0788010159703
0.23633174894243325
-34.19553967139615
0.2245827562825582
-34.35816457389896
0.21298007017040277
-34.56414534785344
0.20146073890452953
-34.81095159652949
0.18996571460746736
-35.09605290224337
0.17843992424155886
-35.416918825734
0.16683238078672957
-35.771018906528155
0.1550963729999637
-36.155822662552396
0.14318981446174917
-36.568799589815484
0.13107593919332317
-37.007419161598136
0.11872483012393786
-37.46915082762786
0.10611723874549739
-37.95146401038215
0.09325604285388067
-38.45182809511013
0.08021207647954043
-38.96771239073422
0.06744493852875166
-39.49658585327745
0.05151835138926231
-40.035920777931096
0.36081128794009487
-35.100436105902844
0.2806183958066697
-41.117775697471586
0.5336114490015689
-41.6547454394686
0.793435337662288
-42.191562777613456
1.0599291196580793
-42.725701036688235
1.3329408917958858
-43.254637904791906
1.6122780656155555
-43.77585547523131
1.8976949414675346
-44.28684025658805
2.188888573438817
-44.785083174530484
2.485497124948097
-45.26807957155796
2.787099134999721
-45.73332920450872
3.0932131715433684
-46.17833624052284
3.403297675697786
-46.600609250471024
3.7167509217432553
-46.997661197391125
4.03291107489747
-47.36700941848102
4.351056371345521
-47.706175591922005
4.670405506130521
-48.012685676390305
4.990118447301313
-48.28406978920785
5.3092982564978115
-48.517861938855475
5.626995664467188
-48.711599355635315
5.942222819129654
-48.862820483789136
6.25400829983198
-48.96905695150349
6.561782245742791
-49.02777735640683
6.8602028781662625
-49.037176017870735
0.03497425575099555
-40.58318429013926
7.122996229232854
-48.93083154223311
7.088749186660891
-48.81930500879466
7.048456085731118
-48.66399184625013
7.002368607068377
-48.46719230822126
6.950818684596072
-48.23119491931331
6.894158887865558
-47.9582851771697
6.832747518762972
-47.65074772745214
6.7669436451883485
-47.31086708873812
6.697105116460705
-46.940927942520375
6.623587663803619
-46.543215264234846
6.5467444544039495
-46.120014388407895
6.466925856933756
-45.67361104327054
6.384479315964313
-45.2062913688174
6.29974928994352
-44.720341926572274
6.213077233646175
-44.21804970167514
6.124801623105725
-43.701702100914474
6.035258036158666
-43.17358694084058
5.9447793296891405
-42.63599242442703
5.853696014937327
-42.091207089841674
5.762337100362629
-41.54151969525654
5.671032213888168
-40.989218929178264
5.580117984023161
-40.43659253964407
5.489963579880111
-39.88592384722605
5.4011495149907205
-39.33946733472487
5.312046671280427
-38.799779159545125
7.151443117909082
-48.99619855063412
5.261270257557669
-37.72844690402687
5.29736047378708
-37.20188548778225
5.332913588561212
-36.69156614008148
5.36834686501453
-36.1997596088209
5.4041426205675975
-35.7287267841003
5.440820605802628
-35.28072246813085
5.4789311070190365
-34.85799631657261
5.519052656822964
-34.46279314982243
5.561791131176506
-34.09735307485269
5.607779356433866
-33.763911537675796
5.657676936974781
-33.464699343017855
5.712170198175556
-33.20194265920151
5.771972207383328
-32.97786300772336
5.8378228722796734
-32.79467724077395
5.910489144654264
-32.65459749576917
5.99076540405008
-32.559831113397365
6.0794741893136575
-32.51258048278336
6.177467676202355
-32.51504272934966
6.285630940292265
-32.56940902611203
6.404890125801273
-32.6778628705253
6.536236964796728
-32.842574913922874
6.680826870055341
-33.065682272492325
6.840665619010963
-33.34914370675007
-2.0772973705138895
-35.451679957350024
13.632037481633574
-31.60701673176615
15.822979655552558
-30.56909006501138
17.979422581977303
-29.352620261255936
20.07473723218868
-27.961417661509643
22.0828150950299
-26.404265376289572
23.979254943015576
-24.694762298120423
25.742479332873813
-22.850836098037462
27.354675494958315
-20.893962791876845
28.802475681118324
-18.848165619534257
30.077325271860445
-16.738890556829404
31.175526313786406
-14.591864570411133
32.09798203535286
-12.432035305651823
32.8496977507902
-10.282670385874269
33.43911148091797
-8.164666309748782
33.87733276248275
-6.096087063257784
34.177362295378316
-4.091926088440459
34.3533517064252
-2.1640654143207882
34.419945651194496
-0.3213937641319262
20.5297175009664
27.62909068198448
22.320965529994794
26.203252668163003
24.06523212498695
24.61098444502582
25.73786021621885
22.85603867850216
27.314223093034684
20.946817643898527
28.77083214164088
18.89643274431262
30.086468889704122
16.72245024904163
31.243236417059734
14.44631893495773
32.22742676641019
12.092514899658966
33.03011915077877
9.68747549510016
33.647455783870726
7.2584207549074335
34.08058199618347
4.832171704753819
34.335277202441716
2.434069024143213
34.42133597821686
0.087075010884206
34.35177901709642
-2.188888060952735
34.141980350027836
-4.377342842538042
33.8087912910392
-6.46541445088863
33.369726639742964
-8.443772650399637
32.84225907303215
-10.30640439545445
32.24324743441031
-12.050267526748087
5.2244841229648955
-38.2689433813151
34.338712968413006
17.682195948081755
-14.151957063768748
31.746748926574384
-13.961203546217973
31.52764034126571
-13.797322085457836
31.366215793509667
-13.65885705783603
31.26033955795944
-13.54438097757145
31.207864125709165
-13.452490871048212
31.206631830592386
-13.381807367191527
31.254475257271935
-13.330974390302288
31.349217378895133
-13.29865903186797
31.488671613535587
-13.28355148580036
31.67064185306552
-13.284365006456142
31.89292248072229
-13.299835872387092
32.15329838571142
-13.328723345121858
32.44954497965156
-13.369809611502745
32.77942821811632
-13.421899693564882
33.14070463533179
-13.483821294077046
33.53112140227833
-13.55442451240981
33.948416433795444
-13.632581278092687
34.390318601768456
-13.717184106427823
34.85454820437525
-13.8071429880344
35.338818137171074
-13.901376058762423
35.84083740696718
-13.998772280270828
36.358325187782356
-14.097930203245454
36.88910920962161
-14.200641673926299
37.42981369947094
-14.37109175796374
32.02565411188755
-12.99335257112773
38.3491472167012
-11.642596336078157
38.71835455452771
-10.251105499249576
39.083967707176726
-8.81840692257245
39.44361885718109
-7.344341411985397
39.79499759024918
-5.82910420859713
40.135835641581195
-4.273255108036835
40.46390308036908
-2.6777218288605127
40.77700703436105
-1.0438013536530661
41.07299117590145
0.6268394703384388
41.34973548217897
2.332163643890908
41.6051561071597
4.069763880860592
41.837205300220404
5.8368625622530885
42.043871339458434
7.63031176055631
42.223178460076866
9.446593346012605
42.37318675211631
11.281819226968366
42.491991988365044
13.13173186096867
42.57772529179533
14.99170540225407
42.62855241434636
16.856748588776043
42.64267194205351
18.721513419111773
42.618309919244155
20.58032987611756
42.55369835694768
22.427449011846477
42.44692480402529
24.253760730483066
42.29800194400397
-14.303877828459235
37.978877674234695
26.7086725251022
41.30106826130347
27.334690910831398
40.46013068617066
27.932514446769062
39.58700712230896
28.50155914317355
38.68557526440014
29.041422801210217
37.7595405408253
29.55184737934195
36.81245940266376
30.032709583467636
35.84774514673819
30.48401772922807
34.86866985766483
30.90591048610912
33.878365185716746
31.298656305402233
32.87982270078973
31.66265313346213
31.875894070130755
31.998428256794114
30.86929115478901
32.306638212510336
29.86258606481806
32.58806873454233
28.858211193333574
32.84363471872592
27.858459237479877
33.07438020088438
26.865483213465524
33.281478340406295
25.881296465920173
33.46623140949845
24.907772675942823
33.63007078441831
23.94664586763514
33.77455693755991
22.999510415438294
33.901379428083715
22.067821056572768
34.012356883717075
21.1528929225978
34.10943693735453
20.255901658458527
34.19469580067522
19.377884247805497
34.27034452730379
18.519726848263645
26.055488497222825
42.105606874298104
33.34439186082972
18.022384546532464
32.37633722889649
18.353149870169176
31.435946096585496
18.676277630148206
30.524487199732448
18.99369572142973
29.64310144992527
19.307473328400363
28.792802005535464
19.619820793458842
27.974474295870777
19.93308958044551
27.18887603610915
20.249772257419806
26.436637242421966
20.572502483739243
25.718260251385516
20.90405499675103
25.034119744939176
21.247345593546754
24.384462788572307
21.605431106925806
23.76940888668986
21.98150936771711
23.188950072037073
22.378919147621048
22.642951051378304
22.801140063632687
22.13114945975701
23.25179241299901
21.653156330846798
23.734636868287566
21.20845703532831
24.25357386900984
20.796413342917845
24.81264228505262
20.41626857514376
25.416016077911735
20.067163061340523
26.067994288097708
19.748195956724885
26.772960985707783
19.45885796962773
27.535104937666887
-4.626706732355444
-35.209804898304895
-4.626706732355444
-35.209804898304895
-7.25850850167555
-34.76277938391897
-9.942183062435134
-34.09237117181709
-12.642219084972282
-33.18600718332172
-15.319519945445563
-32.03824409678242
-17.93330629202157
-30.65180747689209
-20.44334677105647
-29.03801558237501
-22.81227530989463
-27.216481612241694
-25.007721669784956
-25.214095919752623
-27.004003800370242
-23.0634029343787
-28.78320194770555
-20.800578400648305
-30.335537081791585
-18.463259899680935
-31.659083874785637
-16.088479865208114
-32.75893657702622
-13.710902614572547
-33.64599913106284
-11.361492799647323
-34.33558508837254
-9.06666271585351
-34.84599482505561
-6.847877102877561
-35.19719922140706
-4.721646231188885
-35.40971312106032
-2.699813483951516
-16.732215800649357
31.323628949475477
-18.946035648251552
30.036386423454815
-21.148766400346005
28.528344780367377
-23.305058343018686
26.79572786457598
-25.37739865298616
24.841988925432986
-27.3280043904343
22.678557101374878
-29.12098535974343
20.324984325738768
-30.724547297373277
17.808396040502657
-32.11297149865217
15.162250416434574
-33.268123353484356
12.42452191037006
-34.18030948235591
9.635518660367438
-34.84840607303275
6.835595828670193
-35.279294033011524
4.0630270361192515
-35.486732771048935
1.352247536540375
-35.489864467515844
-1.2673974283055998
-35.31155777929081
-3.772355148143447
-34.97677935503381
-6.145053467074007
-34.51113631608064
-8.373663853822734
-33.93967801623498
-10.451556454338004
-33.28599346319905
-12.376567186897546
9.249022006904909
-33.15556581478583
20.893848302262025
-28.782676673532592
21.093457878930572
-29.212609137844154
21.274843284891595
-29.621235702706457
21.438529374979503
-30.008927195008255
21.58503573256316
-30.376057948001844
21.714876828306494
-30.723005685728722
21.82856205887123
-31.050151493817197
21.926595759771594
-31.35787981074371
22.00947720984158
-31.646578424462575
22.07770063231445
-31.91663847063002
22.13175519554717
-32.16845443317402
22.17212501200333
-32.40242414388837
22.199289137381406
-32.61894878325407
22.213721569316515
-32.81843288153581
22.215891245123007
-33.001284319417294
22.20626203948718
-33.167914329719
22.185292761363534
-33.31873749948039
22.1534371495166
-33.45417177215771
22.111143867051418
-33.574638451359306
22.05885649337128
-33.68056220519129
21.997013513329
-33.77237107309858
21.92604830124326
-33.85049647531494
21.84638909718714
-33.91537322705574
21.758458970479353
-33.96743956025591
21.662675761776914
-34.007137158699834
21.559451986041875
-34.034911215293675
21.449194663949697
-34.05121053368879
21.332305008388822
-34.05648771583918
21.209177797691478
-34.05119953686267
21.080199997562975
-34.035807770362055
20.945747315833916
-34.01078125078328
20.80617386732864
-33.97660206047479
20.661770834001963
-33.9337902775309
20.512477087063047
-33.88307721000339
20.361767204175024
-33.82307785918303
20.675483314414542
-28.331071802179395
19.822006097230535
-33.7574391547717
19.43470551026014
-33.75262611887905
19.04664403875253
-33.741429668910854
18.65835153214634
-33.724254669161496
18.270277533149706
-33.70155066496193
17.882835086120693
-33.673785656447535
17.49641168880988
-33.64143954275082
17.111372942184268
-33.60500193681449
16.72806400930936
-33.564971290931425
16.3468102782968
-33.52185450076493
15.967917692027687
-33.47616670609196
15.591672925262653
-33.42843118530041
15.218343483969786
-33.3791792946393
14.848177763063852
-33.32895043221018
14.481405080404109
-33.27829201681632
14.118235695223227
-33.2277594744283
13.758860816095662
-33.177916230668814
13.403452599989379
-33.12933370718167
13.052164142464541
-33.082591321757405
12.7051294566573
-33.03827649184481
12.362463436328632
-32.99698464294386
12.024261793095405
-32.95931922369414
11.690600949333778
-32.92589173330282
11.361537848521067
-32.89732177082209
11.037109600764659
-32.874237126585
10.717332772944218
-32.85727396788806
10.402201825122702
-32.847077247016585
10.09168520026411
-32.84430172214772
9.78571359216128
-32.84961502134837
9.484133015821747
-32.8637099004751
9.186376296174572
-32.88739004531544
8.895903175646595
-32.92041037219016
20.20762897894221
-33.755692176121414
8.633479989326425
-32.89624451132951
8.659598389954738
-32.841012549967246
8.688902310033825
-32.798921305214606
8.721695675878223
-32.77051021102852
8.758215129064006
-32.75633622435828
8.798679986367638
-32.756960775856754
8.843304731933216
-32.77294650729655
8.892303183728053
-32.804856183114964
8.945890163059381
-32.853252254091245
9.004282257190425
-32.91869665836174
9.067698204973361
-33.00175071969406
9.136359110611764
-33.10297509190045
9.210488573385355
-33.22292972434428
9.290312775724928
-33.36217383782375
9.376060552732532
-33.52126590615711
9.46796345695067
-33.70076363714071
9.566255830986762
-33.90122395194308
9.671174900948444
-34.123202957519254
9.782960910050335
-34.36725590695417
9.901857324443895
-34.633937137979615
10.028111170410682
-34.92379997240707
10.161973619734326
-35.23739654099964
10.303701073052565
-35.575277458902406
10.453557323780615
-35.93799117815061
10.611818315963689
-36.32608256311735
10.778784036706867
-36.74008932995119
10.954814191369735
-37.180531365413685
11.140470902185768
-37.647868002758145
11.337517595884549
-38.14219895340568
18.5452702509723
-29.146731775536225
20.023290250672417
-35.03367540572745
22.921086669344263
-33.210154332567555
25.769348742520435
-31.052072882223285
28.504498030715894
-28.561935454612666
31.061762511657633
-25.757668267254445
33.37997996566608
-22.673056749990224
35.40649586861986
-19.35641018375955
37.101388879844166
-15.867498482215865
38.440342253925635
-12.27316798131622
39.41574514383345
-8.642314484726626
40.035971534074605
-5.040986829908775
40.32313082039545
-1.528295042791683
40.30981530604427
1.8464438494427213
40.03544324319492
5.045180791355705
39.54272823853884
8.041343690553788
38.874651495763075
10.819058923007674
38.07213470755876
13.371728523494852
37.17245566969825
15.700289945757817
-12.064851156021334
38.50623237191087
-9.099450706011993
39.31272773219132
-5.901091368879548
39.91826255678822
-2.495901107379254
40.274818963699005
1.0770469176670332
40.3377061176474
4.76621367393841
40.069611579236806
8.509593316009884
39.444611628112995
12.238219842934114
38.451482935935786
15.88084335624825
37.095678713171594
19.369145154793884
35.39953080012603
22.64270428896873
33.400576452792876
25.652969395809606
31.14828608566131
28.36571696372988
28.69976769993292
30.761810742201106
26.1151596732156
32.836407745943305
23.453376968758704
34.59699409524926
20.76869192967709
36.06073803540326
18.108388587573643
37.2516282228344
15.511504106445472
38.197764844702945
13.008509744214422
38.92903861768838
10.621700296989815
8.60982618974763
-32.96418661750957
-12.415061126846552
31.7274796286803
-34.77713647389122
5.362813882917948
-34.738740753440965
6.173051290774936
-34.660940537247726
6.997192894484641
-34.54544944151408
7.833654501798094
-34.39394827130947
8.68089903053965
-34.20808482380731
9.537438013326351
-33.989473838936746
10.401831973243702
-33.739696984253754
11.272690548943018
-33.46030284920722
12.14867254432636
-33.152806942501535
13.028485950576822
-32.81869169256928
13.910887957233626
-32.459406447330466
14.794684957357418
-32.07636747547254
15.678732550279989
-31.670957968178833
16.561935542823505
-31.244528040619294
17.44324794915198
-30.79839473478127
18.321672990192383
-30.333842022981862
19.19626309233729
-29.85212081199694
20.066119885092604
-29.354448949342398
20.93039419811015
-28.842011231194146
21.788286056487323
-28.315959414196413
22.639044674445813
-27.777412232145025
23.481968445833644
-27.227455420942412
24.31640492998295
-26.66714175690558
25.141750829846046
-26.097491118221424
25.957451957432937
-25.519490586245734
26.763003175450365
-24.934094623750056
27.55794829640189
-24.342225404875563
28.341879894586782
-23.74477347471813
29.114438930128216
-23.142599200689926
29.875313922651202
-22.536536400001054
30.624238885101335
-21.927403221831057
31.36098712563515
-21.316045675335133
32.08534645553365
-20.703642324488634
32.796945645216965
-20.087608703286385
33.49758713228951
-34.77438265439033
4.568101438334736
-19.2414900375654
34.13085946461317
-19.010354567997112
34.068962383047705
-18.77758648323567
34.00090127150571
-18.543450440281298
33.9272214167936
-18.30826619811862
33.84843584789601
-18.07236249005799
33.76505160836692
-17.836065492706112
33.677576324687266
-17.599694982822182
33.586520395306394
-17.36356280040586
33.4923978653552
-17.127972151503865
33.39572682518633
-16.893217259672483
33.29702960774134
-16.659583180101578
33.19683289586254
-16.427345694238426
33.0956677822397
-16.196771248179513
32.99406980467106
-15.968116916653997
32.892578967960105
-15.741630382236874
32.791739756250934
-15.517549925608575
32.69210114002635
-15.296104424416736
32.59421657854858
-15.077513360760076
32.498644018612424
-14.86198683872843
32.40594588862004
-14.649725616428583
32.316689086913556
-14.440921160706747
32.23144496059879
-14.235755741523029
32.15078926924656
-14.034402599403276
32.075302120004835
-13.837026257849494
32.00556784484377
-13.643783150639251
31.942174755921172
-13.454823002807544
31.885714605239855
-13.27029228454795
31.836781233027438
-13.090344574584904
31.795966512502446
-12.915182015729833
31.763844128905305
-12.745345504632006
31.74085602666051
-12.577793391272522
31.728846826792307
-19.471106233413934
34.18583106034953
-12.394662944109307
31.672033887068437
-12.37958348390081
31.628379307202664
-12.369580250023013
31.5972546563749
-12.364781578572362
31.579253594019548
-12.365377724134298
31.57494555064693
-12.371576727489902
31.58489299662864
-12.38359338079939
31.609655760483378
-12.401645547044467
31.64979246899037
-12.42595268511618
31.70586112422896
-12.456735176279352
31.77841936757696
-12.49421398294455
31.868024612498743
-12.538610459975658
31.975234119046917
-12.59014623972783
32.10060503876926
-12.649043153569131
32.2446944450283
-12.715523170267723
32.40805935791883
-12.78980833745473
32.59125676650288
-12.872120716378973
32.79484365488835
-12.96268229729467
33.01937703540844
-13.061714878305473
33.26541399630534
-13.169439878446418
33.53351177520457
-13.28607803152424
33.82422787986508
-13.411848854261315
34.13812029758091
-13.546969661669962
34.4757478825328
-13.691653600760041
34.837671130300606
-13.846105326629697
35.224453880218135
-14.010510194713362
35.63666757073969
-14.185001839267365
36.07490400485881
-14.369532489053775
36.539826411105395
-14.5629651790994
37.03252686965118
16.581400835596348
-30.30703166273358
16.581400835596348
-30.30703166273358
14.481361260346103
-31.364776388872883
12.257330490357937
-32.29886795426107
9.9256585801532
-33.08988249641999
7.5065297342275255
-33.721076987928626
5.023340694659492
-34.17930763110962
2.5018270553263733
-34.45576705374425
-0.030996320322465465
-34.546462352964255
-2.547989131338298
-34.45238414483434
-5.023030009327606
-34.17935329116169
-7.4320514082667515
-33.73757006278802
-9.753883216967964
-33.14092310220707
-11.970851713499219
-32.40613724481929
-14.069113041454049
-31.551847491128612
-16.038731037584956
-30.59768175173832
-17.873533356267064
-29.563420425232593
-19.57079498881669
-28.46828068890636
-21.13080424073937
-27.330351882407257
-22.5563644508611
-26.16618895897109
-34.469322422436775
2.3075600999210906
-34.54646504148049
0.02783908075969066
-34.46833632607817
-2.322243051235347
-34.222256179638876
-4.72188562460164
-33.79901290840286
-7.1474294885831
-33.19358528548608
-9.57313521119454
-32.4056506796947
-11.972168805285548
-31.439813341191883
-14.317721849081451
-30.305516143590314
-16.58417055951965
-29.01663596040112
-18.74816949513226
-27.590800683489032
-20.789582475861124
-26.048497549368182
-22.692174803160896
-24.412062321571856
-24.444022481669066
-22.704644300618366
-26.03762948232901
-20.949233753734998
-27.469776610085887
-19.16781956805558
-28.741150201116113
-17.380720592615344
-29.855813061413812
-15.606109160875473
-30.82058368583388
-13.85972355685799
-31.644384727849058
-12.154750009134844
-32.33761082844693
14.304312126029558
-37.73164745273746
3.589369057174328
3.6070756276271028
3.622988481621289
3.637234975725533
3.6499290378693474
3.6611731577619264
3.671060040683329
3.679673994463161
3.6870921017440605
3.693385218083771
3.69861882786852
3.702853783483529
3.7061469480867912
3.7085517584235084
3.710118720971743
3.7108958522807973
3.7109290723648813
3.7102625584200113
3.708939064856129
3.7070002145284424
3.704486765198619
3.7014388544620034
3.6978962257873644
3.693898437680835
3.689485057582061
3.68469584158084
3.6795709007086064
3.6741508541249055
3.6684769692240535
3.662591288348635
3.6565367414835657
3.6503572440171888
3.6440977783962465
3.637804458276485
3.631524573488752
3.625306614069954
3.6192002713910254
3.6132564145270445
3.607527041306705
3.6020651605079115
3.589369057174328
3.592017549953118
3.5875503888063807
3.5835791211363546
3.5801597024706355
3.5773479654338183
3.575199308356329
3.5737683531722637
3.573108576480365
3.5732718801943735
3.5742833646671044
3.576098402789627
3.5786593657724
3.5819074877647106
3.5857832770305054
3.5902268949960963
3.595178499595178
3.6005785504163454
3.6063680743512005
3.612488891363817
3.6188838009244786
3.625496730327026
3.632272847027028
3.6391586409463366
3.6461018692939438
3.5969248002312657
3.6596969265592656
3.666252739900139
3.6726725354071097
3.678910703646571
3.684922726138085
3.6906650616658645
3.696095016390364
3.7011705993216846
3.705850363835709
3.710093235602304
3.713858326821881
3.7171047363041243
3.7197913344963287
3.721876532072046
3.7233180302449527
3.7240725503439776
3.7240955395747553
3.7233408491149556
3.7217603797892305
3.719303689346083
3.715917553623805
3.711545469255002
3.706127054098881
3.699598306989705
3.653051887544524
3.6823548086830677
3.671563059200929
3.659422145929781
3.645831686679375
3.6306801341074064
3.6138428717334357
3.5951798754728297
3.5745327303966166
3.5521435233028362
3.5521435233028362
3.5521435233028362
3.5521435233028362
3.5521435233028362
3.552143523302836
3.5521435233028367
3.5521435233028362
3.5521435233028367
3.552143523302836
3.5521435233028367
3.5521435233028367
3.552143523302836
3.5521435233028353
3.5521435233028367
3.5521435233028362
3.5521435233028362
3.5521435233028367
3.5521435233028362
3.5521435233028367
3.5521435233028362
3.5521435233028362
3.5521435233028367
3.5521435233028362
3.5521435233028362
3.5521435233028362
3.5521435233028362
3.552143523302836
3.5521435233028362
3.552143523302836
3.5521435233028367
3.5521435233028367
3.552143523302836
3.552143523302836
3.5521435233028353
3.552143523302836
3.5521435233028362
3.552143523302836
3.5521435233028367
3.552143523302836
3.589369057174328
3.6070438199119454
3.622926489268551
3.6371444253416514
3.6498115573181784
3.661030375753097
3.6708935866258168
3.679485498385142
3.68688319423484
3.6931575302445525
3.6983739912671836
3.7025934301114196
3.705872710316585
3.7082652689676863
3.709821612841438
3.710589758744862
3.7106156269091017
3.709943394706418
3.7086158166823746
3.7066745157872267
3.70416024983715
3.701113156441498
3.6975729790425738
3.6935792760796105
3.689171614884962
3.684389751400791
3.679273796470629
3.673864369025948
3.6682027361929634
3.662330940006345
3.6562919101036297
3.6501295614868985
3.6438888761788006
3.6376159673752317
3.631358124415939
3.6251638368266694
3.619082795480614
3.613165869102227
3.607465056252023
3.602033349281712
3.589369057174328
3.579959056559224
3.564171818149104
3.5496780094773546
3.536591566559221
3.5250242317106792
3.515084312784084
3.5068753970114783
3.500495048931106
3.4960334914109605
3.4935475674087555
3.4930171152318694
3.494401139018655
3.4976492875706495
3.5027020678102563
3.509491223837843
3.5179402780072566
3.5279652218428663
3.53947533693369
3.5523741194659384
3.5665602775313108
3.5819287675727565
3.598371834260687
3.6157800004278955
3.6340436091238186
3.5969248002312657
3.659650124315413
3.6661630139175383
3.672543768003546
3.6787467825691422
3.684727544345673
3.6904425168466104
3.6958490104112456
3.700905037654424
3.7055691549726646
3.709800290467711
3.7135575581811495
3.71680005817301
3.7194866615516693
3.7215757790661432
3.7230251114266952
3.7237913788919728
3.7238300270525295
3.723094904969398
3.7215379109424167
3.719108600017083
3.715753745832394
3.7114168460206542
3.7060375410994437
3.699551495511245
3.653051887544524
3.681768153434636
3.670519455383482
3.6580517486353803
3.644265184551913
3.6290485625879736
3.61227739719811
3.5938116158917923
3.573492900714359
3.573492900714359
3.5696994141193326
3.5696994141193326
3.5696994141193326
3.5696994141193326
3.5696994141193326
3.5696994141193326
3.5696994141193326
3.5696994141193326
3.5696994141193326
3.5696994141193326
3.5696994141193326
3.5696994141193326
3.5696994141193326
3.5696994141193326
3.5696994141193326
3.5696994141193326
3.5696994141193326
3.5696994141193326
3.5696994141193326
3.5696994141193326
3.5696994141193326
3.5696994141193326
3.5696994141193326
3.5696994141193326
3.5696994141193326
3.5696994141193326
3.5696994141193326
3.5696994141193326
3.5696994141193326
3.5696994141193326
3.5696994141193326
3.5696994141193326
3.5696994141193326
3.5696994141193326
3.5696994141193326
3.5696994141193326
3.5696994141193326
3.5696994141193326
3.5696994141193326
3.548487401991719
3.5405315755976523
3.5343695628386573
3.5299608646353677
3.5272545175970773
3.526189957667766
3.5266980232195047
3.528702061161885
3.5321190982766715
3.5368610407424583
3.542835867164667
3.54994878434909
3.558103319868928
3.5672023308069902
3.5771489136651438
3.587847205666963
3.599203072636756
3.6111246828515617
3.623522969816465
3.636311989603293
3.649409180514955
3.662735534374829
3.676215692048527
3.6897778985145515
3.558266385265757
3.7164638147635696
3.7294973439170893
3.7423970598769407
3.755108254917329
3.767579054294116
3.779760196592208
3.7916047963984534
3.803068096849365
3.8141072154185953
3.8246808849013374
3.834749190783235
3.844273305506966
3.853215219562306
3.861537468850984
3.8692028571866146
3.8761741723794203
3.8824138937733688
3.8878838885838456
3.8925450936426413
3.896357177978489
3.8992781778554
3.9012640641803022
3.902269900940727
3.703354172108032
3.9008927061531327
3.898558305107325
3.895320065179272
3.8912164134539715
3.886284148412437
3.880558759163318
3.8740747241711926
3.866865793346016
3.8589652569238364
3.8504062040567164
3.8412217736120606
3.8314453992475683
3.821111050417833
3.810253470649876
3.7989084139695457
3.787112880095208
3.7749053484494905
3.7623260107833714
3.74941700158492
3.73622262499558
3.7227895763768037
3.7091671560534225
3.695407472168434
3.6815656301702977
3.667699865990654
3.9022828704593953
3.6400443283107107
3.6263961917466228
3.6129994006059962
3.599929434973995
3.5872651604711807
3.575088662771934
3.5634849985771098
3.5525418560717905
3.542349118211988
3.532998323818332
3.5245820237935646
3.5171930331145176
3.5109235827915772
3.5058643806234597
3.502103594082573
3.499725773806855
3.498810740902453
3.4994324656288147
3.501657968537872
3.505546277323593
3.511147472804655
3.5185018528122964
3.527639204843946
3.5698843982547213
3.5386798036735074
3.5386798036735074
3.5386798036735074
3.5386798036735065
3.538679803673506
3.538679803673507
3.5386798036735074
3.538679803673507
3.5386798036735065
3.5386798036735074
3.5386798036735074
3.5386798036735074
3.538679803673507
3.538679803673507
3.5386798036735065
3.538679803673507
3.538679803673507
3.5386798036735065
3.5386798036735074
3.5386798036735074
3.538679803673507
3.5386798036735074
3.5386798036735074
3.538679803673507
3.538679803673507
3.5386798036735065
3.538679803673507
3.538679803673508
3.538679803673507
3.5386798036735074
3.5386798036735074
3.538679803673507
3.5386798036735074
3.5386798036735065
3.5386798036735074
3.5386798036735074
3.5386798036735065
3.538679803673507
3.6538717956845623
3.6538717956845623
3.548416131596304
3.5403949686708995
3.5341735521257105
3.5297113842951933
3.5269575034514205
3.525851347123126
3.5263237551067776
3.5282980755479922
3.5316913362643776
3.536415444264127
3.5423783787721095
3.5494853470001497
3.5576398767104926
3.566744824953253
3.5767032879686163
3.5874194024772783
3.59879903353722
3.610750348351506
3.6231842789466664
3.63601487926924
3.649159584123608
3.662539377553153
3.6760788679649083
3.6897066374817435
3.558266385265757
3.7010685110763895
3.6995953700179904
3.6989773270663715
3.699259511900581
3.7004877721428984
3.702706419101416
3.705955804699774
3.7102698406061263
3.7156735708421524
3.722180915746786
3.729792704871332
3.7384951058036013
3.7482585346417787
3.759037103311342
3.7707686219105234
3.7833751351803966
3.796763935162965
3.8108289614245376
3.8254524783985873
3.840506906677723
3.8558566723314787
3.871359816957029
3.8868741899002526
3.7033541721080314
3.8955819202508195
3.8883110319833007
3.8805225393717304
3.8722659799209653
3.8635884791585267
3.854535007318948
3.845148606335967
3.8354706026862373
3.8255408127846704
3.8153977455242805
3.8050788056497313
3.7946205009674396
3.784058655781196
3.773428632422939
3.7627655620852773
3.752104585682653
3.741481104686512
3.730931041411681
3.7204911074078035
3.7101990779749263
3.7000940700761538
3.690216820151642
3.6806099575472
3.6713182688092285
3.6623889361746222
3.9022828704593953
3.6350363219002575
3.616751290890403
3.5991000357177363
3.582168658493416
3.5660458552248953
3.550822670623525
3.5365921757014562
3.5234490612185416
3.5114891412223646
3.500808762638785
3.4915041191325775
3.4836704706586405
3.4774012735025153
3.472787230060198
3.469915271921713
3.4688674947745266
3.469720068208912
3.4725421477905263
3.4773948204092826
3.48433011701198
3.49339013118331
3.504606301112137
3.517999112563047
3.5698843982547213
3.5698843982547213
3.5698843982547213
3.569884398254721
3.5698843982547213
3.5698843982547213
3.5698843982547213
3.5698843982547213
3.5698843982547213
3.5698843982547213
3.5698843982547213
3.5698843982547213
3.5698843982547213
3.5698843982547217
3.5698843982547213
3.5698843982547217
3.5698843982547217
3.569884398254721
3.5698843982547213
3.5698843982547213
3.5698843982547213
3.5698843982547217
3.5698843982547213
3.5698843982547213
3.5698843982547213
3.5698843982547213
3.5698843982547213
3.5698843982547213
3.569884398254721
3.569884398254721
3.5698843982547213
3.5698843982547217
3.5698843982547213
3.5698843982547213
3.5698843982547217
3.5698843982547213
3.5698843982547213
3.5698843982547213
3.5698843982547213
3.5698843982547213
3.538679803673507
3.571411871870373
3.5844095406193404
3.5964808552881506
3.6076737560171677
3.618032382565378
3.6275974884177806
3.6364068022576337
3.6444953448468844
3.6518957078716414
3.6586383002529925
3.6647515665884325
3.670262181501493
3.6751952232402116
3.679574329262877
3.683421836142869
3.68675890584863
3.6896056400958033
3.6919811842401487
3.6939038220233127
3.6953910622358177
3.696459718292263
3.6971259815235085
3.697405488922987
3.697313385974246
3.696864385126395
3.6960728203596256
3.6949526983201904
3.6935177463392668
3.6917814576580557
3.6897571341277673
3.6874579265079284
3.6848968722377
3.6820869291277245
3.679040989708049
3.6757723234879585
3.55743563205693
3.6673202070955497
3.6622277013699036
3.65702959268066
3.651739693575106
3.646371936234373
3.640940406804332
3.6354593702167435
3.6299432918027676
3.6244068569006465
3.6188649887828337
3.613332864804557
3.6078259308145264
3.6023599136136495
3.596950831357289
3.5916150017611543
3.5863690478836583
3.5812299013375712
3.576214802715567
3.571341299040367
3.5666272380163226
3.5620907588888144
3.5577502796898584
3.5536244806956767
3.5497322838933294
3.546092828239192
3.542725440583445
3.5396496019631036
3.536884908820106
3.5344510277165853
3.532367636611407
3.5306542902562374
3.529332002841382
3.6722933157271496
3.526663149138605
3.525287032909977
3.524308856553104
3.523747443142525
3.523621154868963
3.523947813473619
3.5247446210193654
3.5260280806901116
3.527813918208304
3.530117004648392
3.532951281426349
3.536329688388099
3.54026409579363
3.5447652410493697
3.5498426710375615
3.5555046907290633
3.56175831884542
3.568609251136288
3.5760618318072583
3.5841190335031667
3.5927824461519857
3.6020522748245067
3.6119273466464175
3.6224051266902095
3.6334817425741526
3.6451520173459433
3.657409509825355
3.670246560031018
3.683654323934309
3.5423055553876224
3.6976430051515337
3.697643005151534
3.697643005151534
3.697643005151534
3.697643005151534
3.697643005151534
3.6976430051515337
3.6976430051515345
3.697643005151534
3.6976430051515337
3.697643005151534
3.6976430051515345
3.697643005151534
3.697643005151534
3.697643005151534
3.697643005151534
3.697643005151534
3.6976430051515337
3.697643005151534
3.697643005151534
3.6976430051515337
3.697643005151534
3.6976430051515337
3.6976430051515337
3.697643005151534
3.6976430051515345
3.697643005151534
3.697643005151534
3.6976430051515337
3.697643005151534
3.697643005151534
3.6976430051515337
3.697643005151534
3.697643005151534
3.697643005151534
3.6976430051515345
3.697643005151534
3.697643005151534
3.528418009767671
3.5284180097676705
3.5607106274412117
3.5633998888731075
3.56558599942291
3.5673474958625206
3.568759111118085
3.569891937033992
3.5708135145123987
3.5715878618662775
3.572275452142955
3.5729331501186716
3.5736141196776927
3.5743677120879482
3.575239345726197
3.5762703874257924
3.5774980451411325
3.5789552809563765
3.580670752393348
3.5826687887255764
3.5849694075626366
3.5875883752278153
3.590537312757943
3.59382384749449
3.597451808543404
3.6014214627795016
3.6057297867279954
3.6103707685184188
3.6153357334433043
3.620613686128483
3.6261916623318817
3.6320550837635586
3.638188110325165
3.6445739872966083
3.6511953992378623
3.658034977990068
3.6650716474569585
3.55743563205693
3.6681918525776847
3.6639191049950948
3.6594882416054184
3.654912617470969
3.650205758162927
3.6453813778638122
3.6404534005389713
3.6354359806640084
3.630343522745831
3.6251906994259286
3.6199924678881854
3.6147640845421547
3.609521117737253
3.604279458388838
3.599055328368788
3.593865286429301
3.588726231510595
3.5836554032160413
3.5786703792653594
3.5737890697034844
3.5690297076735353
3.564410836536234
3.559951293169149
3.5556701872579217
3.5515868763940355
3.5477209369267144
3.5440921304609945
3.5407203661251017
3.5376256592536994
3.5348280899163225
3.5323477920937667
3.530204107826615
3.6722933157271496
3.5266828255782494
3.52532505212981
3.524363903882011
3.5238182075794113
3.523706326548085
3.5240460829497406
3.5248546790072455
3.526148617955393
3.5279436255190384
3.5302545727542545
3.533095401051858
3.5364790502335777
3.540417390540868
3.544921159370433
3.5499999036060474
3.555661928233585
3.5619142520054963
3.5687625707212534
3.5762112286594196
3.5842631985673883
3.5929200705157225
3.6021820497758728
3.612047963765487
3.6225152780065315
3.6335801208695284
3.6452373168196686
3.6574804278444657
3.6703018032066748
3.6836926442661513
3.542305555387622
3.542305555387622
3.542305555387622
3.542305555387622
3.542305555387622
3.5423055553876224
3.542305555387622
3.542305555387622
3.5423055553876215
3.542305555387622
3.542305555387622
3.542305555387622
3.5423055553876224
3.5423055553876224
3.5423055553876224
3.542305555387622
3.542305555387622
3.542305555387622
3.542305555387622
3.542305555387622
3.542305555387622
3.542305555387622
3.542305555387622
3.542305555387622
3.542305555387622
3.542305555387622
3.5423055553876215
3.5423055553876224
3.5423055553876224
3.5423055553876224
3.542305555387622
3.542305555387622
3.542305555387622
3.542305555387622
3.5423055553876224
3.542305555387622
3.542305555387622
3.542305555387622
3.542305555387622
3.5423055553876224
3.6976430051515337
22.77304263473719
0.0
0.0
0.0
0.0
0.0
0.0
0.0
0.0
0.0
0.0
0.0
0.0
0.0
0.0
0.0
0.0
0.0
0.0
0.0
0.0
0.0
0.0
0.0
0.0
0.0
0.0
0.0
0.0
0.0
0.0
0.0
0.0
0.0
0.0
0.0
0.0
0.0
0.0
0.0
22.77304263473719
0.0
0.0
0.0
0.0
0.0
0.0
0.0
0.0
0.0
0.0
0.0
0.0
0.0
0.0
0.0
0.0
0.0
0.0
0.0
0.0
0.0
0.0
0.0
0.0
0.0
0.0
0.0
0.0
0.0
0.0
0.0
0.0
0.0
0.0
0.0
0.0
0.0
0.0
0.0
0.0
0.0
0.0
0.0
0.0
0.0
0.0
0.0
0.0
0.0
0.0
0.0
0.0
0.0
0.0
0.0
0.0
0.0
0.0
0.0
0.0
0.0
0.0
0.0
0.0
0.0
0.0
0.0
0.0
0.0
0.0
0.0
0.0
0.0
0.0
0.0
0.0
0.0
0.0
53.27226999405294
57.68028452777068
62.308699788174344
67.16853581159776
72.27136363619293
72.2713636361929
77.62933285201731
0.0
0.0
0.0
0.0
0.0
0.0
0.0
0.0
0.0
0.0
0.0
0.0
0.0
35.48452020891081
39.76598671656844
40.40261906278157
40.98116402945272
41.503579610939795
41.9718223892009
42.387847623772416
42.75360931624673
47.22062474563427
47.517834232944274
47.76635680369692
47.96832983180731
48.125889626461884
52.6923799488699
52.774451260622264
52.815005312884004
52.81637155778685
48.32219421004172
52.7108543801381
52.608626011462945
57.13114237074581
56.9573233999501
52.13197906893233
51.92419462051752
47.3288091368991
47.103029486697494
42.74455925329382
60.16776710284425
55.11334345892102
46.07536880031841
54.46079193826985
45.51660158245258
58.390971827479106
49.09815955532679
44.67015888776849
52.7916458424663
48.19659515410437
47.91226146917246
56.30241705682157
51.584563356273485
35.48452020891081
50.458346555463486
45.6214226553015
44.964963274192904
48.31686566149645
47.76118834628245
43.436056708076734
39.4416736775199
54.7768112189063
58.90883194931852
58.762570942230155
58.73140847438463
58.81275041735215
39.07945398826341
42.90153692006274
43.193793111908896
47.42404585998292
47.90186028590936
48.456401505244656
49.08547853238576
45.73051780307347
50.55783286387188
47.208663165189186
48.0376742641014
48.923076256241465
47.14040002456075
50.19200281032909
50.51996461376981
50.84335071078924
51.15971294117483
51.46660380262106
51.76157610452835
52.04218259771825
52.30597560107881
52.55050662512564
52.77332599604564
52.971982479032526
53.14402290159075
53.28699177741237
53.39843092943974
53.475879113911596
53.51687164386874
53.518940012485665
53.479611515211154
53.39640886933653
53.26684982321636
53.088446734683885
52.85870600139955
57.238494899577645
56.868444790493506
49.86191429046649
55.86607296029738
55.24117361548041
54.556718521283535
53.809729860328126
57.53082967041069
56.57401647413048
55.53891940887224
54.421827294763965
54.421827294763965
0.0
0.0
0.0
0.0
0.0
0.0
0.0
0.0
0.0
0.0
0.0
0.0
0.0
0.0
0.0
0.0
0.0
0.0
0.0
0.0
38.308336512124946
38.30833651212497
41.99904928620784
41.9990492862078
41.99904928620784
45.874297698994816
41.999049286207885
45.87429769899489
49.94330853242122
49.94330853242124
58.70185435137151
63.41224301741669
73.55135462107897
84.72972516411662
0.0
0.0
0.0
0.0
0.0
1.300288692329882
0.0
0.0
0.0
0.0
0.0
0.0
0.0
0.0
0.0
0.0
0.0
0.0
0.0
0.0
0.0
0.0
0.0
0.0
0.0
0.0
0.0
0.0
0.0
0.0
0.0
0.0
0.0
0.0
0.0
0.0
0.0
0.0
0.0
0.0
0.0
0.0
0.0
0.0
0.0
1.0
0.0
0.0
0.0
0.0
0.0
0.0
0.0
0.0
0.0
0.0
0.0
0.0
0.0
0.0
0.0
0.0
0.0
0.0
0.0
0.0
0.0
0.0
0.0
0.0
0.0
0.0
0.0
0.0
0.0
0.0
0.0
0.0
0.0
0.0
0.0
0.0
0.0
0.0
0.0
0.0
0.0
0.0
0.0
0.0
0.0
0.0
0.0
0.0
0.0
0.0
0.0
0.0
0.0
0.0
0.0
0.0
0.0
0.0
0.0
0.0
0.0
0.0
0.0
0.0
0.0
0.0
0.0
0.0
0.0
0.0
0.0
0.0
0.0
0.0
0.0
0.0
0.0
0.0
1.4476607948660887
1.4602594586354978
1.4665587905202024
1.5003031041985229
1.5290966785450177
1.5794854336513835
1.6082790079978784
0.0
0.0
0.0
0.0
0.0
0.0
0.0
0.0
0.0
0.0
0.0
0.0
0.0
1.3040423009840054
1.0960077308737493
1.1129502716161757
1.1298928123586018
1.1468353531010282
1.175072921005072
1.1863679481666898
1.2146055160707336
1.2371955703939688
1.2767281654596303
1.3668968771213659
0.9294060802398902
0.9294060802398902
0.9294060802398902
0.9294060802398902
0.9294060802398902
1.585014467821696
1.5963094949833136
1.607604522144931
1.6188995493065486
1.6301945764681662
1.641489603629784
1.65843214437221
1.6697271715338275
1.6810221986954452
1.692317225857063
1.7036122530186804
0.9294060802398902
1.8222100382156647
1.8222100382156647
1.825033795006069
1.825033795006069
1.8278575517964735
1.8278575517964735
1.8278575517964735
1.8321611130015616
1.8321611130015616
1.8321611130015616
1.83646467420665
1.83646467420665
1.0037536086541234
1.7198541085905452
1.7162549117972334
1.7126557150039217
1.7090565182106097
1.7090565182106097
1.705457321417298
1.7018581246239861
1.7018581246239861
0.9280160641337631
0.9280160641337631
0.9280160641337631
1.1727614460789684
1.1727614460789684
1.0143967871732473
1.0359919679331184
1.0503887551063658
1.0719839358662369
1.0863807230394842
1.1079759037993553
1.1295710845592262
1.1439678717324737
1.1655630524923446
1.179959839665592
1.1943566268388395
1.83646467420665
1.2159518075987104
1.2231502011853341
1.2303485947719577
1.2375469883585815
1.2447453819452052
1.2519437755318288
1.2591421691184526
1.2663405627050761
1.2735389562916999
1.2807373498783234
1.2879357434649472
1.295134137051571
1.3023325306381945
1.3095309242248183
1.3167293178114419
1.3239277113980656
1.3311261049846892
1.5146998913717704
1.3594701484802245
1.365769480364929
1.3783681441343383
1.3846674760190427
1.3909668079037474
1.3909668079037474
1.2087534140120868
1.4161641354425658
1.4224634673272702
1.4224634673272702
1.4224634673272702
1.4035654716731565
1.4350621310966796
1.4350621310966796
1.4350621310966796
1.4350621310966796
0.0
0.0
0.0
0.0
0.0
0.0
0.0
0.0
0.0
0.0
0.0
0.0
0.0
0.0
0.0
0.0
0.0
0.0
0.0
0.0
1.0451801086464703
1.0056475135808087
0.9294060802398902
0.9294060802398902
1.7149072801802978
1.7177310369707022
1.7233785505515111
1.7262023073419155
1.7290260641323199
1.7346735777131286
1.7374973345035332
1.7403210912939375
1.743144848084342
1.7459686048747463
0.0
0.0
0.0
0.0
0.0
