22.77304263473719
0.0
0.0
0.0
0.0
0.0
0.0
0.0
0.0
0.0
0.0
0.0
0.0
0.0
0.0
0.0
0.0
0.0
0.0
0.0
0.0
0.0
0.0
0.0
0.0
0.0
0.0
0.0
0.0
0.0
0.0
0.0
0.0
0.0
0.0
0.0
0.0
0.0
0.0
0.0
22.77304263473719
0.0
0.0
0.0
0.0
0.0
0.0
0.0
0.0
0.0
0.0
0.0
0.0
0.0
0.0
0.0
0.0
0.0
0.0
0.0
0.0
0.0
0.0
0.0
0.0
0.0
0.0
0.0
0.0
0.0
0.0
0.0
0.0
0.0
0.0
0.0
0.0
0.0
0.0
0.0
0.0
0.0
0.0
0.0
0.0
0.0
0.0
0.0
0.0
0.0
0.0
0.0
0.0
0.0
0.0
0.0
0.0
0.0
0.0
0.0
0.0
0.0
0.0
0.0
0.0
0.0
0.0
0.0
0.0
0.0
0.0
0.0
0.0
0.0
0.0
0.0
0.0
0.0
0.0
53.27226999405294
57.68028452777068
62.308699788174344
67.16853581159776
72.27136363619293
72.2713636361929
77.62933285201731
0.0
0.0
0.0
0.0
0.0
0.0
0.0
0.0
0.0
0.0
0.0
0.0
0.0
35.48452020891081
39.76598671656844
40.40261906278157
40.98116402945272
41.503579610939795
41.9718223892009
42.387847623772416
42.75360931624673
47.22062474563427
47.517834232944274
47.76635680369692
47.96832983180731
48.125889626461884
52.6923799488699
52.774451260622264
52.815005312884004
52.81637155778685
48.32219421004172
52.7108543801381
52.608626011462945
57.13114237074581
56.9573233999501
52.13197906893233
51.92419462051752
47.3288091368991
47.103029486697494
42.74455925329382
60.16776710284425
55.11334345892102
46.07536880031841
54.46079193826985
45.51660158245258
58.390971827479106
49.09815955532679
44.67015888776849
52.7916458424663
48.19659515410437
47.91226146917246
56.30241705682157
51.584563356273485
35.48452020891081
50.458346555463486
45.6214226553015
44.964963274192904
48.31686566149645
47.76118834628245
43.436056708076734
39.4416736775199
54.7768112189063
58.90883194931852
58.762570942230155
58.73140847438463
58.81275041735215
39.07945398826341
42.90153692006274
43.193793111908896
47.42404585998292
47.90186028590936
48.456401505244656
49.08547853238576
45.73051780307347
50.55783286387188
47.208663165189186
48.0376742641014
48.923076256241465
47.14040002456075
50.19200281032909
50.51996461376981
50.84335071078924
51.15971294117483
51.46660380262106
51.76157610452835
52.04218259771825
52.30597560107881
52.55050662512564
52.77332599604564
52.971982479032526
53.14402290159075
53.28699177741237
53.39843092943974
53.475879113911596
53.51687164386874
53.518940012485665
53.479611515211154
53.39640886933653
53.26684982321636
53.088446734683885
52.85870600139955
57.238494899577645
56.868444790493506
49.86191429046649
55.86607296029738
55.24117361548041
54.556718521283535
53.809729860328126
57.53082967041069
56.57401647413048
55.53891940887224
54.421827294763965
54.421827294763965
0.0
0.0
0.0
0.0
0.0
0.0
0.0
0.0
0.0
0.0
0.0
0.0
0.0
0.0
0.0
0.0
0.0
0.0
0.0
0.0
38.308336512124946
38.30833651212497
41.99904928620784
41.9990492862078
41.99904928620784
45.874297698994816
41.999049286207885
45.87429769899489
49.94330853242122
49.94330853242124
58.70185435137151
63.41224301741669
73.55135462107897
84.72972516411662
0.0
0.0
0.0
0.0
0.0
