1.300288692329882
0.0
0.0
0.0
0.0
0.0
0.0
0.0
0.0
0.0
0.0
0.0
0.0
0.0
0.0
0.0
0.0
0.0
0.0
0.0
0.0
0.0
0.0
0.0
0.0
0.0
0.0
0.0
0.0
0.0
0.0
0.0
0.0
0.0
0.0
0.0
0.0
0.0
0.0
0.0
1.0
0.0
0.0
0.0
0.0
0.0
0.0
0.0
0.0
0.0
0.0
0.0
0.0
0.0
0.0
0.0
0.0
0.0
0.0
0.0
0.0
0.0
0.0
0.0
0.0
0.0
0.0
0.0
0.0
0.0
0.0
0.0
0.0
0.0
0.0
0.0
0.0
0.0
0.0
0.0
0.0
0.0
0.0
0.0
0.0
0.0
0.0
0.0
0.0
0.0
0.0
0.0
0.0
0.0
0.0
0.0
0.0
0.0
0.0
0.0
0.0
0.0
0.0
0.0
0.0
0.0
0.0
0.0
0.0
0.0
0.0
0.0
0.0
0.0
0.0
0.0
0.0
0.0
0.0
1.4476607948660887
1.4602594586354978
1.4665587905202024
1.5003031041985229
1.5290966785450177
1.5794854336513835
1.6082790079978784
0.0
0.0
0.0
0.0
0.0
0.0
0.0
0.0
0.0
0.0
0.0
0.0
0.0
1.3040423009840054
1.0960077308737493
1.1129502716161757
1.1298928123586018
1.1468353531010282
1.175072921005072
1.1863679481666898
1.2146055160707336
1.2371955703939688
1.2767281654596303
1.3668968771213659
0.9294060802398902
0.9294060802398902
0.9294060802398902
0.9294060802398902
0.9294060802398902
1.585014467821696
1.5963094949833136
1.607604522144931
1.6188995493065486
1.6301945764681662
1.641489603629784
1.65843214437221
1.6697271715338275
1.6810221986954452
1.692317225857063
1.7036122530186804
0.9294060802398902
1.8222100382156647
1.8222100382156647
1.825033795006069
1.825033795006069
1.8278575517964735
1.8278575517964735
1.8278575517964735
1.8321611130015616
1.8321611130015616
1.8321611130015616
1.83646467420665
1.83646467420665
1.0037536086541234
1.7198541085905452
1.7162549117972334
1.7126557150039217
1.7090565182106097
1.7090565182106097
1.705457321417298
1.7018581246239861
1.7018581246239861
0.9280160641337631
0.9280160641337631
0.9280160641337631
1.1727614460789684
1.1727614460789684
1.0143967871732473
1.0359919679331184
1.0503887551063658
1.0719839358662369
1.0863807230394842
1.1079759037993553
1.1295710845592262
1.1439678717324737
1.1655630524923446
1.179959839665592
1.1943566268388395
1.83646467420665
1.2159518075987104
1.2231502011853341
1.2303485947719577
1.2375469883585815
1.2447453819452052
1.2519437755318288
1.2591421691184526
1.2663405627050761
1.2735389562916999
1.2807373498783234
1.2879357434649472
1.295134137051571
1.3023325306381945
1.3095309242248183
1.3167293178114419
1.3239277113980656
1.3311261049846892
1.5146998913717704
1.3594701484802245
1.365769480364929
1.3783681441343383
1.3846674760190427
1.3909668079037474
1.3909668079037474
1.2087534140120868
1.4161641354425658
1.4224634673272702
1.4224634673272702
1.4224634673272702
1.4035654716731565
1.4350621310966796
1.4350621310966796
1.4350621310966796
1.4350621310966796
0.0
0.0
0.0
0.0
0.0
0.0
0.0
0.0
0.0
0.0
0.0
0.0
0.0
0.0
0.0
0.0
0.0
0.0
0.0
0.0
1.0451801086464703
1.0056475135808087
0.9294060802398902
0.9294060802398902
1.7149072801802978
1.7177310369707022
1.7233785505515111
1.7262023073419155
1.7290260641323199
1.7346735777131286
1.7374973345035332
1.7403210912939375
1.743144848084342
1.7459686048747463
0.0
0.0
0.0
0.0
0.0
