200.118129879 86.5316375
202.025158866 186.950165766
203.946001404 187.382980521
205.88016288 187.828776166
207.82714868 188.286247104
209.786464189 188.754087737
211.757614793 189.230992468
213.740105879 189.715655698
215.733442832 190.206771831
217.737131038 190.703035268
219.750675884 191.203140411
221.773582754 191.705781664
223.805357034 192.209653428
225.845504112 192.713450106
227.893529372 193.2158661
229.9489382 193.715595812
232.011235983 194.211333644
234.079928106 194.701774
236.154519956 195.18561128
238.234516917 195.661539888
240.319424377 196.128254226
242.40874772 196.584448696
244.501992333 197.028817701
246.598663602 197.460055642
248.698266912 197.876856922
250.800307649 198.277915943
252.904291201 198.661927108
255.009722951 199.027584819
257.116108286 199.373583479
259.222952593 199.698617488
261.329761256 200.001381251
263.436039663 200.280569169
265.541293198 200.534875644
267.645027248 200.762995079
269.746747198 200.963621876
271.845958435 201.135450438
273.942166344 201.277175166
276.034876311 201.387490463
278.123593722 201.465090732
280.207823964 201.508670374
282.287072421 201.516923792
284.36084448 201.488545388
286.428645527 201.422229565
288.489980948 201.316670725
290.544356128 201.17056327
292.591276454 200.982601602
294.630247311 200.751480124
296.660774085 200.475893238
298.682362162 200.154535346
300.69452296 199.786122679
302.697101399 199.370578404
304.690443641 198.909639655
306.674937179 198.405193151
308.650969509 197.859125613
310.618928124 197.273323759
312.579200519 196.64967431
314.532174189 195.990063986
316.478236628 195.296379505
318.41777533 194.570507588
320.35117779 193.814334955
322.278831503 193.029748325
324.201123962 192.218634418
326.118442663 191.382879954
328.0311751 190.524371652
329.939708767 189.644996232
331.844431158 188.746640414
333.745729769 187.831190918
335.643992094 186.900534463
337.539605627 185.956557769
339.432957862 185.001147556
341.324436294 184.036190543
343.214428418 183.063573451
345.103321729 182.085182999
346.991503719 181.102905906
348.879361885 180.118628892
350.76728372 179.134238678
352.655656718 178.151621983
354.544868376 177.172665526
356.435306186 176.199256028
358.327357643 175.233280207
360.221410242 174.276624785
362.117851478 173.33117648
364.017068844 172.398822012
365.919449835 171.481448101
367.825381946 170.580941466
369.735252671 169.699188829
371.649449505 168.838076907
373.568359941 167.999492421
375.492371476 167.18532209
377.421871602 166.397452635
379.357247814 165.637770775
381.298887608 164.90816323
383.247178477 164.210516719
385.202507916 163.546717962
387.165263419 162.918653679
389.135832481 162.32821059
391.114602596 161.777275415
393.101961259 161.267734872
395.098295964 160.801475682
397.103994206 160.380384565
399.11944347 160.00634824
