52.3136341867 5.8307606656
54.6550716179 16.1811677502
57.0029602882 16.5691736977
59.3571108425 16.9928346094
61.7173339257 17.4502065867
64.0834401826 17.939345731
66.4552402582 18.4583081438
68.8325447973 19.0051499264
71.2151644448 19.5779271803
73.6029098456 20.1746960068
75.9955916446 20.7935125073
78.3930204867 21.4324327832
80.7950070168 22.089512936
83.2013618797 22.762809067
85.6118957204 23.4503772776
88.0264191837 24.1502736693
90.4447429146 24.8605543433
92.8666775578 25.5792754012
95.2920337584 26.3044929444
97.7206221612 27.0342630741
100.152253411 27.7666418918
102.586738153 28.499685499
105.023887031 29.231449997
107.463510692 29.9599914872
109.905419779 30.6833660711
112.349424938 31.3996298499
114.795336813 32.1068389252
117.242966049 32.8030493982
119.692123291 33.4863173705
122.142619185 34.1546989434
124.594264374 34.8062502183
127.046869505 35.4390272966
129.500245221 36.0510862798
131.954202168 36.6404832691
134.40855099 37.205274366
136.863102332 37.743515672
139.31766684 38.2532632883
141.772055159 38.7325733165
144.226077932 39.1795018579
146.679545805 39.5921050138
149.132269423 39.9684388858
151.584059431 40.3065595751
154.034726473 40.6045231833
156.484081195 40.8603858117
158.931934241 41.0722035616
161.378096257 41.2380325346
163.822377887 41.3559288319
166.264589776 41.4239485551
168.704542568 41.4401478054
171.14204691 41.4025826843
173.576913483 41.30930996
176.009002745 41.159267896
178.438322995 40.9540129775
180.864909854 40.6955855613
183.288798944 40.3860260043
185.710025887 40.0273746633
188.128626304 39.6216718951
190.544635817 39.1709580565
192.958090047 38.6772735045
195.369024616 38.1426585958
197.777475145 37.5691536873
200.183477257 36.9587991358
202.587066572 36.3136352982
204.988278712 35.6357025312
207.387149299 34.9270411918
209.783713955 34.1896916367
212.1780083 33.4256942228
214.570067957 32.6370893069
216.959928547 31.8259172458
219.347625691 30.9942183965
221.733195012 30.1440331157
224.11667213 29.2774017603
226.498092668 28.396364687
228.877492247 27.5029622528
231.254906488 26.5992348145
233.630371013 25.6872227288
236.003921444 24.7689663527
238.375593402 23.846506043
240.745422509 22.9218821565
243.113444386 21.9971350501
245.479694655 21.0743050805
247.844208938 20.1554326047
250.207022855 19.2425579794
252.568172029 18.3377215615
254.927692082 17.4429637078
257.285618634 16.5603247752
259.641987308 15.6918451205
261.996833724 14.8395651005
264.350193505 14.0055250721
266.702102273 13.191765392
269.052595647 12.4003264173
271.401709251 11.6332485046
273.749478706 10.8925720108
276.095939633 10.1803372927
278.441127654 9.49858470727
280.785078391 8.84935461122
283.127827465 8.23468736142
285.469410497 7.65662331471
287.80986311 7.11720282792
290.149220924 6.61846625789
292.48751956 6.16245396145
