-19.7444191903 40.360834205
-19.1049733849 141.438587252
-18.4528783367 142.498673455
-17.7883039474 143.541307308
-17.1114201184 144.566703302
-16.4223967514 145.57507593
-15.7214037477 146.566639683
-15.0086110091 147.541609053
-14.284188437 148.500198534
-13.5483059329 149.442622616
-12.8011333984 150.369095792
-12.0428407351 151.279832555
-11.2735978444 152.175047395
-10.493574628 153.054954806
-9.70294098729 153.919769279
-8.9018668239 154.769705307
-8.09052203934 155.604977381
-7.26907653515 156.425799994
-6.43770021287 157.232387638
-5.59656297405 158.024954805
-4.74583472021 158.803715987
-3.88568535291 159.568885676
-3.01628477367 160.320678364
-2.13780288405 161.059308544
-1.25040958557 161.784990707
-0.354274779774 162.497939346
0.550431631792 163.198368953
1.46353974759 163.886494019
2.38487966609 164.562529037
3.31428148574 165.2266885
4.25157530501 165.879186898
5.19659122235 166.520238725
6.14915933624 167.150058472
7.10910974512 167.768860632
8.07627254746 168.376859696
9.05047784173 168.974270158
10.0315557264 169.561306507
11.0193362999 170.138183238
12.0136496606 170.705114842
13.0143259072 171.262315811
14.021195138 171.810000637
15.0340874514 172.348383813
16.052832946 172.87767983
17.0772617202 173.39810318
18.1072038725 173.909868357
19.1424895013 174.413189851
20.1829487051 174.908282155
21.2284115824 175.395359761
22.2787082315 175.874637161
23.333668751 176.346328848
24.3931232394 176.810649313
25.456901795 177.267813048
26.5248345164 177.718034546
27.5967515021 178.161528299
28.6724828503 178.598508798
29.7518586598 179.029190536
30.8347090288 179.453788005
31.9208640558 179.872515698
33.0101538394 180.285588106
34.102408478 180.693219721
35.19745807 181.095625035
36.2951327139 181.493018541
37.3952625082 181.885614731
38.4976775513 182.273628096
39.6022079416 182.65727313
40.7086837777 183.036764323
41.8169351581 183.412316169
42.926792181 183.784143158
44.0380849451 184.152459784
45.1506435488 184.517480539
46.2642980905 184.879419914
47.3788786688 185.238492402
48.494215382 185.594912494
49.6101383286 185.948894684
50.7264776071 186.300653462
51.843063316 186.650403321
52.9597255537 186.998358754
54.0762944186 187.344734252
55.1926000093 187.689744308
56.3084724242 188.033603413
57.4237417617 188.376526059
58.5382381204 188.71872674
59.6517915986 189.060419946
60.7642322948 189.40182017
61.8753903076 189.743141905
62.9850957353 190.084599641
64.0931786764 190.426407872
65.1994692294 190.768781089
66.3037974928 191.111933785
67.4059935649 191.456080452
68.5058875443 191.801435581
69.6033095294 192.148213665
70.6980896187 192.496629196
71.7900579106 192.846896666
72.8790445037 193.199230567
73.9648794963 193.553845392
75.0473929869 193.910955632
76.1264150741 194.27077578
77.2017758561 194.633520327
78.2733054316 194.999403766
79.340833898 195.368640588
