0.34437092440390416 -34.758992871652794
0.3287498902797097 -34.48367880290476
0.31390119786721016 -34.27196317634477
0.2997412712377354 -34.12131566246515
0.28618360663452336 -34.0292059798868
0.27314358449237375 -33.993103845532005
0.26053967638418385 -34.01047896246527
0.24829385215429056 -34.0788010159703
0.23633174894243325 -34.19553967139615
0.2245827562825582 -34.35816457389896
0.21298007017040277 -34.56414534785344
0.20146073890452953 -34.81095159652949
0.18996571460746736 -35.09605290224337
0.17843992424155886 -35.416918825734
0.16683238078672957 -35.771018906528155
0.1550963729999637 -36.155822662552396
0.14318981446174917 -36.568799589815484
0.13107593919332317 -37.007419161598136
0.11872483012393786 -37.46915082762786
0.10611723874549739 -37.95146401038215
0.09325604285388067 -38.45182809511013
0.08021207647954043 -38.96771239073422
0.06744493852875166 -39.49658585327745
0.05151835138926231 -40.035920777931096
0.36081128794009487 -35.100436105902844
0.2806183958066697 -41.117775697471586
0.5336114490015689 -41.6547454394686
0.793435337662288 -42.191562777613456
1.0599291196580793 -42.725701036688235
1.3329408917958858 -43.254637904791906
1.6122780656155555 -43.77585547523131
1.8976949414675346 -44.28684025658805
2.188888573438817 -44.785083174530484
2.485497124948097 -45.26807957155796
2.787099134999721 -45.73332920450872
3.0932131715433684 -46.17833624052284
3.403297675697786 -46.600609250471024
3.7167509217432553 -46.997661197391125
4.03291107489747 -47.36700941848102
4.351056371345521 -47.706175591922005
4.670405506130521 -48.012685676390305
4.990118447301313 -48.28406978920785
5.3092982564978115 -48.517861938855475
5.626995664467188 -48.711599355635315
5.942222819129654 -48.862820483789136
6.25400829983198 -48.96905695150349
6.561782245742791 -49.02777735640683
6.8602028781662625 -49.037176017870735
0.03497425575099555 -40.58318429013926
7.122996229232854 -48.93083154223311
7.088749186660891 -48.81930500879466
7.048456085731118 -48.66399184625013
7.002368607068377 -48.46719230822126
6.950818684596072 -48.23119491931331
6.894158887865558 -47.9582851771697
6.832747518762972 -47.65074772745214
6.7669436451883485 -47.31086708873812
6.697105116460705 -46.940927942520375
6.623587663803619 -46.543215264234846
6.5467444544039495 -46.120014388407895
6.466925856933756 -45.67361104327054
6.384479315964313 -45.2062913688174
6.29974928994352 -44.720341926572274
6.213077233646175 -44.21804970167514
6.124801623105725 -43.701702100914474
6.035258036158666 -43.17358694084058
5.9447793296891405 -42.63599242442703
5.853696014937327 -42.091207089841674
5.762337100362629 -41.54151969525654
5.671032213888168 -40.989218929178264
5.580117984023161 -40.43659253964407
5.489963579880111 -39.88592384722605
5.4011495149907205 -39.33946733472487
5.312046671280427 -38.799779159545125
7.151443117909082 -48.99619855063412
5.261270257557669 -37.72844690402687
5.29736047378708 -37.20188548778225
5.332913588561212 -36.69156614008148
5.36834686501453 -36.1997596088209
5.4041426205675975 -35.7287267841003
5.440820605802628 -35.28072246813085
5.4789311070190365 -34.85799631657261
5.519052656822964 -34.46279314982243
5.561791131176506 -34.09735307485269
5.607779356433866 -33.763911537675796
5.657676936974781 -33.464699343017855
5.712170198175556 -33.20194265920151
5.771972207383328 -32.97786300772336
5.8378228722796734 -32.79467724077395
5.910489144654264 -32.65459749576917
5.99076540405008 -32.559831113397365
6.0794741893136575 -32.51258048278336
6.177467676202355 -32.51504272934966
6.285630940292265 -32.56940902611203
6.404890125801273 -32.6778628705253
6.536236964796728 -32.842574913922874
6.680826870055341 -33.065682272492325
6.840665619010963 -33.34914370675007
-2.0772973705138895 -35.451679957350024
13.632037481633574 -31.60701673176615
15.822979655552558 -30.56909006501138
17.979422581977303 -29.352620261255936
20.07473723218868 -27.961417661509643
22.0828150950299 -26.404265376289572
23.979254943015576 -24.694762298120423
25.742479332873813 -22.850836098037462
27.354675494958315 -20.893962791876845
28.802475681118324 -18.848165619534257
30.077325271860445 -16.738890556829404
31.175526313786406 -14.591864570411133
32.09798203535286 -12.432035305651823
32.8496977507902 -10.282670385874269
33.43911148091797 -8.164666309748782
33.87733276248275 -6.096087063257784
34.177362295378316 -4.091926088440459
34.3533517064252 -2.1640654143207882
34.419945651194496 -0.3213937641319262
20.5297175009664 27.62909068198448
22.320965529994794 26.203252668163003
24.06523212498695 24.61098444502582
25.73786021621885 22.85603867850216
27.314223093034684 20.946817643898527
28.77083214164088 18.89643274431262
30.086468889704122 16.72245024904163
31.243236417059734 14.44631893495773
32.22742676641019 12.092514899658966
33.03011915077877 9.68747549510016
33.647455783870726 7.2584207549074335
34.08058199618347 4.832171704753819
34.335277202441716 2.434069024143213
34.42133597821686 0.087075010884206
34.35177901709642 -2.188888060952735
34.141980350027836 -4.377342842538042
33.8087912910392 -6.46541445088863
33.369726639742964 -8.443772650399637
32.84225907303215 -10.30640439545445
32.24324743441031 -12.050267526748087
5.2244841229648955 -38.2689433813151
34.338712968413006 17.682195948081755
-14.151957063768748 31.746748926574384
-13.961203546217973 31.52764034126571
-13.797322085457836 31.366215793509667
-13.65885705783603 31.26033955795944
-13.54438097757145 31.207864125709165
-13.452490871048212 31.206631830592386
-13.381807367191527 31.254475257271935
-13.330974390302288 31.349217378895133
-13.29865903186797 31.488671613535587
-13.28355148580036 31.67064185306552
-13.284365006456142 31.89292248072229
-13.299835872387092 32.15329838571142
-13.328723345121858 32.44954497965156
-13.369809611502745 32.77942821811632
-13.421899693564882 33.14070463533179
-13.483821294077046 33.53112140227833
-13.55442451240981 33.948416433795444
-13.632581278092687 34.390318601768456
-13.717184106427823 34.85454820437525
-13.8071429880344 35.338818137171074
-13.901376058762423 35.84083740696718
-13.998772280270828 36.358325187782356
-14.097930203245454 36.88910920962161
-14.200641673926299 37.42981369947094
-14.37109175796374 32.02565411188755
-12.99335257112773 38.3491472167012
-11.642596336078157 38.71835455452771
-10.251105499249576 39.083967707176726
-8.81840692257245 39.44361885718109
-7.344341411985397 39.79499759024918
-5.82910420859713 40.135835641581195
-4.273255108036835 40.46390308036908
-2.6777218288605127 40.77700703436105
-1.0438013536530661 41.07299117590145
0.6268394703384388 41.34973548217897
2.332163643890908 41.6051561071597
4.069763880860592 41.837205300220404
5.8368625622530885 42.043871339458434
7.63031176055631 42.223178460076866
9.446593346012605 42.37318675211631
11.281819226968366 42.491991988365044
13.13173186096867 42.57772529179533
14.99170540225407 42.62855241434636
16.856748588776043 42.64267194205351
18.721513419111773 42.618309919244155
20.58032987611756 42.55369835694768
22.427449011846477 42.44692480402529
24.253760730483066 42.29800194400397
-14.303877828459235 37.978877674234695
26.7086725251022 41.30106826130347
27.334690910831398 40.46013068617066
27.932514446769062 39.58700712230896
28.50155914317355 38.68557526440014
29.041422801210217 37.7595405408253
29.55184737934195 36.81245940266376
30.032709583467636 35.84774514673819
30.48401772922807 34.86866985766483
30.90591048610912 33.878365185716746
31.298656305402233 32.87982270078973
31.66265313346213 31.875894070130755
31.998428256794114 30.86929115478901
32.306638212510336 29.86258606481806
32.58806873454233 28.858211193333574
32.84363471872592 27.858459237479877
33.07438020088438 26.865483213465524
33.281478340406295 25.881296465920173
33.46623140949845 24.907772675942823
33.63007078441831 23.94664586763514
33.77455693755991 22.999510415438294
33.901379428083715 22.067821056572768
34.012356883717075 21.1528929225978
34.10943693735453 20.255901658458527
34.19469580067522 19.377884247805497
34.27034452730379 18.519726848263645
26.055488497222825 42.105606874298104
33.34439186082972 18.022384546532464
32.37633722889649 18.353149870169176
31.435946096585496 18.676277630148206
30.524487199732448 18.99369572142973
29.64310144992527 19.307473328400363
28.792802005535464 19.619820793458842
27.974474295870777 19.93308958044551
27.18887603610915 20.249772257419806
26.436637242421966 20.572502483739243
25.718260251385516 20.90405499675103
25.034119744939176 21.247345593546754
24.384462788572307 21.605431106925806
23.76940888668986 21.98150936771711
23.188950072037073 22.378919147621048
22.642951051378304 22.801140063632687
22.13114945975701 23.25179241299901
21.653156330846798 23.734636868287566
21.20845703532831 24.25357386900984
20.796413342917845 24.81264228505262
20.41626857514376 25.416016077911735
20.067163061340523 26.067994288097708
19.748195956724885 26.772960985707783
19.45885796962773 27.535104937666887
-4.626706732355444 -35.209804898304895
-4.626706732355444 -35.209804898304895
-7.25850850167555 -34.76277938391897
-9.942183062435134 -34.09237117181709
-12.642219084972282 -33.18600718332172
-15.319519945445563 -32.03824409678242
-17.93330629202157 -30.65180747689209
-20.44334677105647 -29.03801558237501
-22.81227530989463 -27.216481612241694
-25.007721669784956 -25.214095919752623
-27.004003800370242 -23.0634029343787
-28.78320194770555 -20.800578400648305
-30.335537081791585 -18.463259899680935
-31.659083874785637 -16.088479865208114
-32.75893657702622 -13.710902614572547
-33.64599913106284 -11.361492799647323
-34.33558508837254 -9.06666271585351
-34.84599482505561 -6.847877102877561
-35.19719922140706 -4.721646231188885
-35.40971312106032 -2.699813483951516
-16.732215800649357 31.323628949475477
-18.946035648251552 30.036386423454815
-21.148766400346005 28.528344780367377
-23.305058343018686 26.79572786457598
-25.37739865298616 24.841988925432986
-27.3280043904343 22.678557101374878
-29.12098535974343 20.324984325738768
-30.724547297373277 17.808396040502657
-32.11297149865217 15.162250416434574
-33.268123353484356 12.42452191037006
-34.18030948235591 9.635518660367438
-34.84840607303275 6.835595828670193
-35.279294033011524 4.0630270361192515
-35.486732771048935 1.352247536540375
-35.489864467515844 -1.2673974283055998
-35.31155777929081 -3.772355148143447
-34.97677935503381 -6.145053467074007
-34.51113631608064 -8.373663853822734
-33.93967801623498 -10.451556454338004
-33.28599346319905 -12.376567186897546
9.249022006904909 -33.15556581478583
