2.4569670875357232 -36.127771530396714
2.542007092940999 -36.770345956172115
2.624868817081932 -37.35721394904662
2.705292711217048 -37.8902035894032
2.7831871242025557 -38.37113135483822
2.8584951533679117 -38.80181117522499
2.931175623207224 -39.18405572650678
3.001198329980042 -39.519676753897365
3.0685424565144785 -39.81048517978458
3.1331959380432863 -40.05829114695674
3.195155173828823 -40.26490403801274
3.2544248828919393 -40.43213248537341
3.311018026191192 -40.5617843763739
3.3649557620612285 -40.65566685649574
3.41626741932663 -40.71558633099731
3.464990480384614 -40.743348466168335
3.5111705701198446 -40.74075819018954
3.5548614483341083 -40.709619693454954
3.596125004415626 -40.65173642914554
3.6350312533677283 -40.56891111331372
3.6716583327464747 -40.462945725311876
3.7060925000740497 -40.33564150769484
3.7384281305784697 -40.188798966911804
3.7687677148672947 -40.024217873015175
3.7972218564612916 -39.84369726020139
3.823909268768716 -39.64903542682031
3.8489567712080515 -39.44202993619155
3.872499283711619 -39.224477617006436
3.894679818590248 -38.998174564133876
3.9156494678438207 -38.76491614014808
3.935567382278279 -38.52649697778941
3.954600735185039 -38.28471098397975
3.9729246551226254 -38.04135134724907
3.9907220918037467 -37.798210553466696
4.008183521100705 -37.55708041874304
4.02550620800281 -37.319752173655296
4.0428919955706135 -37.08801671421428
4.060538461124054 -36.86366560630472
4.078577010247102 -36.64849811861792
4.0979109872517085 -36.44422601401402
2.4569670875357232 -36.127771530396714
3.985715789956231 -36.087819921332496
3.855879448700506 -35.93917017897099
3.7288772734795543 -35.80853916560972
3.6047401426830277 -35.69772951845202
3.483463287567673 -35.60854704056808
3.3650157264683003 -35.542799629456155
3.249342624353801 -35.50229700899974
3.1363660806639757 -35.48885063990805
3.025985330866206 -35.50427233017197
2.9180044879187506 -35.54949189991023
2.812026216463579 -35.62303332737993
2.707641088416551 -35.72301332127291
2.604463450308174 -35.84754682757604
2.502131447977888 -35.99474702875885
2.4003070549841254 -36.16272534138867
2.298676114167762 -36.3495914146918
2.196948408979978 -36.55345312759867
2.0948578019002184 -36.77241658401683
1.9921625355297579 -37.00458610175352
1.8886459825813517 -37.248064186436174
1.7841188931963359 -37.50095145256612
1.678428381512333 -37.76134630843572
1.5715208277447914 -38.027342750878134
1.4625965004235297 -38.29706000126842
4.118253738044189 -36.25269642293583
1.49128590198805 -38.82093388977352
1.632306925466935 -39.071011646078546
1.7749253378386243 -39.3169049803427
1.9189876060397069 -39.556711002346276
2.064328246104594 -39.78852831795463
2.210760093765799 -40.01045737044538
2.3580718779687118 -40.22060052416076
2.5060274196972614 -40.41706209244765
2.6543653215710776 -40.59794834684656
2.80279884066519 -40.76136752013419
2.9510158446054504 -40.905429805239244
3.098678816865288 -41.02824735115108
3.2454249039749072 -41.12793425565685
3.390866014079876 -41.202606552001576
3.534588995957762 -41.25038218706255
3.6761559622638345 -41.26938098212951
3.815104897202474 -41.25772455993146
3.9509508776916107 -41.2135361983056
4.0831887650348335 -41.1349405085056
4.21129993884648 -41.02006262942066
4.334772504296097 -40.86702581194603
4.453182127577691 -40.67394175314482
4.566757896470222 -40.438842937236004
4.668765740911226 -40.16059333782408
1.352071988998972 -38.568573709851854
5.096546881297456 -39.41169853068422
5.417390269638247 -38.93825857775719
5.723078768369476 -38.41491887697806
6.01165127153206 -37.84006561899301
6.281215450417335 -37.212079173918866
6.529874923483135 -36.52934083528201
6.755785293999338 -35.79021826384659
6.957700802649356 -34.99294513114235
9.609558420942733 -33.53849093121975
11.798176189250114 -32.83256044837858
14.000215781762336 -31.95571850315863
16.19171681232251 -30.903111391226837
18.347213658598548 -29.674125731936172
20.440712286230564 -28.272800855602604
22.44678853360432 -26.70797018713089
24.3417171420395 -24.993094917716014
26.104529933744914 -23.145788038587888
27.717905734159274 -21.187064183158572
29.168813834165576 -19.140383655946216
30.448863477078305 -17.03058131548272
31.554348015147752 -14.882778918198087
32.486007170771586 -12.721372767496302
33.24855840523077 -10.569169833197948
33.85006517867288 -8.44671974133268
34.30121505714641 -6.3718625685440955
34.61457573051115 -4.359487812315951
34.80388506405279 -2.4214812485799433
34.88341578179387 -0.566824826129313
21.507383453138402 27.470100909692512
23.27037282521826 25.993532571860342
24.98158100681127 24.353533570904013
26.616979609970315 22.554608917723357
28.152738600428563 20.60575881361716
29.566286495588884 18.520493779858548
30.837381293928217 16.316553003680266
31.949094274985725 14.015325968278255
32.888611793434336 11.641013756962632
33.64777812022629 9.219599479426488
34.223332549930944 6.777720573014166
34.616830808909185 4.341544855967598
34.834277292451816 1.9357459806483739
34.885524358994985 -0.41734540489532446
34.783513438461966 -2.698366147385315
34.543438581822784 -4.891302273715796
34.18190755187743 -6.9836368107116265
33.71616179226879 -8.966293603634313
33.16339853443213 -10.833419803342194
32.54021957053766 -12.582054573487525
-8.227180816197432 35.26423200410538
-8.313067659290184 35.907194652251135
-8.384070157491685 36.496367849346804
-8.441054162474728 37.033409768619194
-8.484724824362296 37.52001564475272
-8.515750454859827 37.95788887638764
-8.53478022214091 38.348736898085576
-8.542448574634193 38.694270148045725
-8.539376715784584 38.996201724140406
-8.526173194102526 39.25624724635574
-8.503434171449427 39.476124793992845
-8.471743557378403 39.6575548745304
-8.431673081540296 39.80226040652721
-8.383782335259454 39.911966710129434
-8.328618796549492 39.98840150103273
-8.26671784593691 40.03329488689883
-8.198602776856376 40.048379365041335
-8.124784802690058 40.0353898205902
-8.04576306183472 39.996063525531
-7.962024621392729 39.93214013766127
-7.874044480131246 39.84536170013548
-7.7822855708637775 39.737472640643105
-7.68719876275857 39.610219771439844
-7.589222863442956 39.46535228842231
-7.488784621480107 39.304621770968694
-7.386298729231939 39.12978218112182
-7.2821678267565915 38.94258986332203
-7.176782507127456 38.74480354330925
-7.070521324367704 38.53818432670736
-6.963750805904212 38.32449569708168
-6.856825473049213 38.10550351269684
-6.750087876552087 37.88297600062815
-6.643868662395732 37.658683745863215
-6.538486703326001 37.43439967044114
-6.4342493877005325 37.21189898593454
-6.331453341735596 36.99295907667294
-6.230386595709263 36.779359147792455
-6.131337248596054 36.572878818085364
-6.034654120396482 36.375288271910925
-5.939925905803307 36.18848154593513
-8.227180816197432 35.26423200410538
-4.704728454272271 35.562214304917205
-3.574013098756012 35.128855874253745
-2.454271786225462 34.715463296964394
-1.3438767206855857 34.3233423526893
-0.24099168783502023 33.953741157973795
0.8564371877770043 33.607851666691374
1.9506837542143387 33.28681004441587
3.0442426036283052 32.991696792272975
4.139829224369976 32.72353554777434
5.240249870257799 32.48248696339239
6.347994025933019 32.26650358113416
7.465281751087389 32.073219834449056
8.59409849126888 31.90032902410757
9.736195095808085 31.745583316350853
10.893087834976654 31.6067937356705
12.066058422289274 31.481830152539928
13.25615405002307 31.368621258948473
14.464187456250613 31.265154519480433
15.690737068613146 31.16947606233515
16.936147361381302 31.079690407651704
18.20052992367164 30.993959651340916
19.4837677296631 30.910500200496664
20.785545026041774 30.827559920876723
22.104943558456682 30.743726874345647
-5.847901926593607 36.01416464172676
23.716478837143768 30.76810367386907
23.99188530759497 30.875935961631626
24.26636017545067 30.97925562140495
24.53867480816234 31.076602594949318
24.80758430976681 31.16653108415819
25.071822897964353 31.24761308642943
25.330102749925373 31.31843927575316
25.581113620865523 31.37761929464616
25.82352269455862 31.423781866992368
26.05597452061528 31.455574845181037
26.277090989932276 31.47166522698865
26.485471331715445 31.470739155058983
26.679692127742754 31.451501902211717
26.858307345682363 31.41267783875752
27.0198484023648 31.353010373252783
27.1628242790851 31.271261844450823
27.28572173966282 31.166213317757585
27.387005769721355 31.036664175450138
27.465120546506853 30.88143121300311
27.518491865885608 30.699346376176557
27.54553442872958 30.489249970368537
27.54468099040662 30.24996349079686
27.514586420754995 29.980099425529964
27.451399537179896 29.680604082558567
23.441385509542357 30.657208321514354
26.64258799988977 29.45466692955273
25.906238807008947 29.515765256974603
25.14617370361077 29.529660573352594
24.362929023342133 29.493492850731876
23.55718396621046 29.404282306159914
22.72973902884621 29.25895243075775
21.88155502031742 29.0543053295043
21.014081909776735 28.78679715388101
21.014081909776735 28.78679715388101
-0.09828054465775438 -35.50578294877516
-2.7477413195978997 -35.39943784174496
-5.5145555936776205 -35.075061774360854
-8.36587433792404 -34.50626650962192
-11.261345567665721 -33.672724538958924
-14.154622408331775 -32.56250829325872
-16.995720370258276 -31.173959821732293
-19.734029019329483 -29.516747458608194
-22.32162965578727 -27.611865771455385
-24.716478841757333 -25.490507165138037
-26.885021753714017 -23.191935822033386
-28.80390295052859 -20.760670911305382
-30.460615258720235 -18.243387841385466
-31.85311899859167 -15.685952056937744
-32.988622536250716 -13.130920189832938
-33.88180819905701 -10.61571264839549
-34.55280768273557 -8.17152146854435
-35.02519247147312 -5.8229008412692576
-35.32417252945197 -3.587912621636983
-35.475115582107016 -1.4786670710945327
-10.488389549826188 33.921438155274146
-12.990639811542273 33.04411534839092
-15.541272943611396 31.923958356744603
-18.10115386433899 30.54535170284535
-20.625747549248715 28.9006716168613
-23.067245836188626 26.99208127217739
-25.37736877723417 24.83262845160076
-27.5105537046219 22.44637424476625
-29.427127540890545 19.867421739197884
-31.09602050925742 17.137905074974388
-32.496642580557776 14.305191465425086
-33.61969466626258 11.418686983110899
-34.466881908094386 8.526683611139049
-35.04968122252475 5.6736344674632555
-35.387443734156804 2.898121431699728
-35.5051634375563 0.23162716465581212
-35.43122157590093 -2.3019164864096133
-35.195345230226614 -4.68593171057325
-34.826927527718546 -6.910528261285931
