20.893848302262025 -28.782676673532592
21.093457878930572 -29.212609137844154
21.274843284891595 -29.621235702706457
21.438529374979503 -30.008927195008255
21.58503573256316 -30.376057948001844
21.714876828306494 -30.723005685728722
21.82856205887123 -31.050151493817197
21.926595759771594 -31.35787981074371
22.00947720984158 -31.646578424462575
22.07770063231445 -31.91663847063002
22.13175519554717 -32.16845443317402
22.17212501200333 -32.40242414388837
22.199289137381406 -32.61894878325407
22.213721569316515 -32.81843288153581
22.215891245123007 -33.001284319417294
22.20626203948718 -33.167914329719
22.185292761363534 -33.31873749948039
22.1534371495166 -33.45417177215771
22.111143867051418 -33.574638451359306
22.05885649337128 -33.68056220519129
21.997013513329 -33.77237107309858
21.92604830124326 -33.85049647531494
21.84638909718714 -33.91537322705574
21.758458970479353 -33.96743956025591
21.662675761776914 -34.007137158699834
21.559451986041875 -34.034911215293675
21.449194663949697 -34.05121053368879
21.332305008388822 -34.05648771583918
21.209177797691478 -34.05119953686267
21.080199997562975 -34.035807770362055
20.945747315833916 -34.01078125078328
20.80617386732864 -33.97660206047479
20.661770834001963 -33.9337902775309
20.512477087063047 -33.88307721000339
20.361767204175024 -33.82307785918303
20.675483314414542 -28.331071802179395
19.822006097230535 -33.7574391547717
19.43470551026014 -33.75262611887905
19.04664403875253 -33.741429668910854
18.65835153214634 -33.724254669161496
18.270277533149706 -33.70155066496193
17.882835086120693 -33.673785656447535
17.49641168880988 -33.64143954275082
17.111372942184268 -33.60500193681449
16.72806400930936 -33.564971290931425
16.3468102782968 -33.52185450076493
15.967917692027687 -33.47616670609196
15.591672925262653 -33.42843118530041
15.218343483969786 -33.3791792946393
14.848177763063852 -33.32895043221018
14.481405080404109 -33.27829201681632
14.118235695223227 -33.2277594744283
13.758860816095662 -33.177916230668814
13.403452599989379 -33.12933370718167
13.052164142464541 -33.082591321757405
12.7051294566573 -33.03827649184481
12.362463436328632 -32.99698464294386
12.024261793095405 -32.95931922369414
11.690600949333778 -32.92589173330282
11.361537848521067 -32.89732177082209
11.037109600764659 -32.874237126585
10.717332772944218 -32.85727396788806
10.402201825122702 -32.847077247016585
10.09168520026411 -32.84430172214772
9.78571359216128 -32.84961502134837
9.484133015821747 -32.8637099004751
9.186376296174572 -32.88739004531544
8.895903175646595 -32.92041037219016
20.20762897894221 -33.755692176121414
8.633479989326425 -32.89624451132951
8.659598389954738 -32.841012549967246
8.688902310033825 -32.798921305214606
8.721695675878223 -32.77051021102852
8.758215129064006 -32.75633622435828
8.798679986367638 -32.756960775856754
8.843304731933216 -32.77294650729655
8.892303183728053 -32.804856183114964
8.945890163059381 -32.853252254091245
9.004282257190425 -32.91869665836174
9.067698204973361 -33.00175071969406
9.136359110611764 -33.10297509190045
9.210488573385355 -33.22292972434428
9.290312775724928 -33.36217383782375
9.376060552732532 -33.52126590615711
9.46796345695067 -33.70076363714071
9.566255830986762 -33.90122395194308
9.671174900948444 -34.123202957519254
9.782960910050335 -34.36725590695417
9.901857324443895 -34.633937137979615
10.028111170410682 -34.92379997240707
10.161973619734326 -35.23739654099964
10.303701073052565 -35.575277458902406
10.453557323780615 -35.93799117815061
10.611818315963689 -36.32608256311735
10.778784036706867 -36.74008932995119
10.954814191369735 -37.180531365413685
11.140470902185768 -37.647868002758145
11.337517595884549 -38.14219895340568
18.5452702509723 -29.146731775536225
20.023290250672417 -35.03367540572745
22.921086669344263 -33.210154332567555
25.769348742520435 -31.052072882223285
28.504498030715894 -28.561935454612666
31.061762511657633 -25.757668267254445
33.37997996566608 -22.673056749990224
35.40649586861986 -19.35641018375955
37.101388879844166 -15.867498482215865
38.440342253925635 -12.27316798131622
39.41574514383345 -8.642314484726626
40.035971534074605 -5.040986829908775
40.32313082039545 -1.528295042791683
40.30981530604427 1.8464438494427213
40.03544324319492 5.045180791355705
39.54272823853884 8.041343690553788
38.874651495763075 10.819058923007674
38.07213470755876 13.371728523494852
37.17245566969825 15.700289945757817
-12.064851156021334 38.50623237191087
-9.099450706011993 39.31272773219132
-5.901091368879548 39.91826255678822
-2.495901107379254 40.274818963699005
1.0770469176670332 40.3377061176474
4.76621367393841 40.069611579236806
8.509593316009884 39.444611628112995
12.238219842934114 38.451482935935786
15.88084335624825 37.095678713171594
19.369145154793884 35.39953080012603
22.64270428896873 33.400576452792876
25.652969395809606 31.14828608566131
28.36571696372988 28.69976769993292
30.761810742201106 26.1151596732156
32.836407745943305 23.453376968758704
34.59699409524926 20.76869192967709
36.06073803540326 18.108388587573643
37.2516282228344 15.511504106445472
38.197764844702945 13.008509744214422
38.92903861768838 10.621700296989815
8.60982618974763 -32.96418661750957
-12.415061126846552 31.7274796286803
-34.77713647389122 5.362813882917948
-34.738740753440965 6.173051290774936
-34.660940537247726 6.997192894484641
-34.54544944151408 7.833654501798094
-34.39394827130947 8.68089903053965
-34.20808482380731 9.537438013326351
-33.989473838936746 10.401831973243702
-33.739696984253754 11.272690548943018
-33.46030284920722 12.14867254432636
-33.152806942501535 13.028485950576822
-32.81869169256928 13.910887957233626
-32.459406447330466 14.794684957357418
-32.07636747547254 15.678732550279989
-31.670957968178833 16.561935542823505
-31.244528040619294 17.44324794915198
-30.79839473478127 18.321672990192383
-30.333842022981862 19.19626309233729
-29.85212081199694 20.066119885092604
-29.354448949342398 20.93039419811015
-28.842011231194146 21.788286056487323
-28.315959414196413 22.639044674445813
-27.777412232145025 23.481968445833644
-27.227455420942412 24.31640492998295
-26.66714175690558 25.141750829846046
-26.097491118221424 25.957451957432937
-25.519490586245734 26.763003175450365
-24.934094623750056 27.55794829640189
-24.342225404875563 28.341879894586782
-23.74477347471813 29.114438930128216
-23.142599200689926 29.875313922651202
-22.536536400001054 30.624238885101335
-21.927403221831057 31.36098712563515
-21.316045675335133 32.08534645553365
-20.703642324488634 32.796945645216965
-20.087608703286385 33.49758713228951
-34.77438265439033 4.568101438334736
-19.2414900375654 34.13085946461317
-19.010354567997112 34.068962383047705
-18.77758648323567 34.00090127150571
-18.543450440281298 33.9272214167936
-18.30826619811862 33.84843584789601
-18.07236249005799 33.76505160836692
-17.836065492706112 33.677576324687266
-17.599694982822182 33.586520395306394
-17.36356280040586 33.4923978653552
-17.127972151503865 33.39572682518633
-16.893217259672483 33.29702960774134
-16.659583180101578 33.19683289586254
-16.427345694238426 33.0956677822397
-16.196771248179513 32.99406980467106
-15.968116916653997 32.892578967960105
-15.741630382236874 32.791739756250934
-15.517549925608575 32.69210114002635
-15.296104424416736 32.59421657854858
-15.077513360760076 32.498644018612424
-14.86198683872843 32.40594588862004
-14.649725616428583 32.316689086913556
-14.440921160706747 32.23144496059879
-14.235755741523029 32.15078926924656
-14.034402599403276 32.075302120004835
-13.837026257849494 32.00556784484377
-13.643783150639251 31.942174755921172
-13.454823002807544 31.885714605239855
-13.27029228454795 31.836781233027438
-13.090344574584904 31.795966512502446
-12.915182015729833 31.763844128905305
-12.745345504632006 31.74085602666051
-12.577793391272522 31.728846826792307
-19.471106233413934 34.18583106034953
-12.394662944109307 31.672033887068437
-12.37958348390081 31.628379307202664
-12.369580250023013 31.5972546563749
-12.364781578572362 31.579253594019548
-12.365377724134298 31.57494555064693
-12.371576727489902 31.58489299662864
-12.38359338079939 31.609655760483378
-12.401645547044467 31.64979246899037
-12.42595268511618 31.70586112422896
-12.456735176279352 31.77841936757696
-12.49421398294455 31.868024612498743
-12.538610459975658 31.975234119046917
-12.59014623972783 32.10060503876926
-12.649043153569131 32.2446944450283
-12.715523170267723 32.40805935791883
-12.78980833745473 32.59125676650288
-12.872120716378973 32.79484365488835
-12.96268229729467 33.01937703540844
-13.061714878305473 33.26541399630534
-13.169439878446418 33.53351177520457
-13.28607803152424 33.82422787986508
-13.411848854261315 34.13812029758091
-13.546969661669962 34.4757478825328
-13.691653600760041 34.837671130300606
-13.846105326629697 35.224453880218135
-14.010510194713362 35.63666757073969
-14.185001839267365 36.07490400485881
-14.369532489053775 36.539826411105395
-14.5629651790994 37.03252686965118
16.581400835596348 -30.30703166273358
16.581400835596348 -30.30703166273358
14.481361260346103 -31.364776388872883
12.257330490357937 -32.29886795426107
9.9256585801532 -33.08988249641999
7.5065297342275255 -33.721076987928626
5.023340694659492 -34.17930763110962
2.5018270553263733 -34.45576705374425
-0.030996320322465465 -34.546462352964255
-2.547989131338298 -34.45238414483434
-5.023030009327606 -34.17935329116169
-7.4320514082667515 -33.73757006278802
-9.753883216967964 -33.14092310220707
-11.970851713499219 -32.40613724481929
-14.069113041454049 -31.551847491128612
-16.038731037584956 -30.59768175173832
-17.873533356267064 -29.563420425232593
-19.57079498881669 -28.46828068890636
-21.13080424073937 -27.330351882407257
-22.5563644508611 -26.16618895897109
-34.469322422436775 2.3075600999210906
-34.54646504148049 0.02783908075969066
-34.46833632607817 -2.322243051235347
-34.222256179638876 -4.72188562460164
-33.79901290840286 -7.1474294885831
-33.19358528548608 -9.57313521119454
-32.4056506796947 -11.972168805285548
-31.439813341191883 -14.317721849081451
-30.305516143590314 -16.58417055951965
-29.01663596040112 -18.74816949513226
-27.590800683489032 -20.789582475861124
-26.048497549368182 -22.692174803160896
-24.412062321571856 -24.444022481669066
-22.704644300618366 -26.03762948232901
-20.949233753734998 -27.469776610085887
-19.16781956805558 -28.741150201116113
-17.380720592615344 -29.855813061413812
-15.606109160875473 -30.82058368583388
-13.85972355685799 -31.644384727849058
-12.154750009134844 -32.33761082844693
14.304312126029558 -37.73164745273746
