100.217004459
9.3752359955
102.572028596
39.7201812973
104.932695055
40.1047428633
107.298846559
40.5269037806
109.670325826
40.984647136
112.046975578
41.4759560165
114.428638535
41.998813509
116.815157417
42.5512027006
119.206374944
43.1311066781
121.602133838
43.7365085284
124.002276817
44.3653913386
126.406646603
45.0157381956
128.815085917
45.6855321863
131.227437477
46.3727563976
133.643544005
47.0753939166
136.063248221
47.79142783
138.486392845
48.518841225
140.912820599
49.2556171884
143.342374201
49.9997388072
145.774896373
50.7491891683
148.210229834
51.5019513586
150.648217306
52.2560084652
153.088701508
53.0093435749
155.531525161
53.7599397747
157.976530985
54.5057801516
160.423561701
55.2448477924
162.872460029
55.9751257842
165.323068689
56.6945972138
167.775230402
57.4012451683
170.228787887
58.0930527345
172.683583866
58.7680029994
175.139461059
59.42407905
177.596262186
60.0592639731
180.053829967
60.6715408558
182.512007123
61.258892785
184.970636375
61.8193028476
187.429560441
62.3507541305
189.888622044
62.8512297208
192.347663903
63.3187127053
194.806528738
63.751186171
197.26505927
64.1466332049
199.72309822
64.5030368938
202.180488307
64.8183803248
204.637072252
65.0906465848
207.092692776
65.3178187606
209.547192598
65.4978799394
212.000414439
65.6288132079
214.45220102
65.7086016532
216.902395061
65.7352283622
219.350839281
65.7066764218
221.79738227
65.6211191971
224.24194205
65.4789815442
226.684482025
65.2821598763
229.124966383
65.0325759997
231.563359309
64.7321517206
233.999624991
64.3828088454
236.433727617
63.9864691803
238.865631373
63.5450545317
241.295300446
63.0604867058
243.722699024
62.534687509
246.147791294
61.9695787475
248.570541442
61.3670822277
250.990913656
60.7291197557
253.408872124
60.057613138
255.824381031
59.3544841808
258.237404565
58.6216546904
260.647906914
57.8610464731
263.055852264
57.0745813353
265.461204802
56.2641810831
267.863928716
55.4317675228
270.263988192
54.5792624609
272.661347418
53.7085877036
275.055970581
52.8216650571
277.447821867
51.9204163278
279.836865465
51.0067633219
282.22306556
50.0826278458
284.606386341
49.1499317057
286.986791994
48.210596708
289.364246706
47.2665446589
291.738714665
46.3196973648
294.110160057
45.3719766319
296.478547069
44.4253042665
298.84383989
43.4816020749
301.206002705
42.5427918634
303.564999702
41.6107954383
305.920795068
40.687534606
308.27335299
39.7749311726
310.622637655
38.8749069445
312.96861325
37.989383728
315.311243963
37.1202833294
317.65049398
36.2695275549
319.986327488
35.4390382109
322.318708675
34.6307371037
324.647601728
33.8465460395
326.972970834
33.0883868247
329.294780179
32.3581812655
331.612993952
31.6578511683
333.927576338
30.9893183393
336.238491526
30.3545045848
338.545703701
29.7553317112
340.84917705
29.1937215246
200.93317476
82.616023786
202.79389203
183.057409852
204.670972099
183.521966452
206.563840381
184.008014507
208.471922293
184.513874939
210.394643251
185.037868668
212.331428669
185.578316615
214.281703964
186.133539701
216.244894551
186.701858848
218.220425847
187.281594976
220.207723266
187.871069006
222.206212224
188.468601859
224.215318138
189.072514457
226.234466422
189.681127719
228.263082493
190.292762568
230.300591765
190.905739924
232.346419656
191.518380708
234.39999158
192.129005841
236.460732953
192.735936244
238.528069191
193.337492838
240.601425709
193.931996544
242.680227923
194.517768283
244.763901249
195.093128976
246.851871103
195.656399544
248.9435629
196.205900908
251.038402056
196.739953988
253.135813986
197.256879707
255.235224106
197.754998985
257.336057832
198.232632742
259.43774058
198.6881019
261.539697765
199.11972738
263.641354803
199.525830103
265.742137109
199.90473099
267.8414701
200.254750961
269.938779191
200.574210938
272.033489797
200.861431842
274.125027334
201.114734594
276.212817219
201.332440114
278.296284866
201.512869324
280.374855691
201.654343145
282.447955111
201.755182497
284.51500854
201.813708302
286.575441394
201.82824148
288.628679089
201.797102953
290.674147041
201.718613642
292.711270666
201.591094467
294.739475378
201.412866349
296.758186594
201.18225021
298.766829729
200.897566971
300.764830431
200.557138426
302.751857255
200.160207677
304.72828215
199.708685606
306.694603641
199.204963187
308.651320257
198.651431392
310.598930525
198.050481195
312.537932972
197.404503569
314.468826125
196.715889487
316.392108511
195.987029924
318.308278658
195.220315851
320.217835093
194.418138243
322.121276343
193.582888073
324.019100936
192.716956313
325.911807399
191.822733938
327.799894259
190.902611921
329.683860043
189.958981234
331.564203278
188.994232852
333.441422493
188.010757746
335.316016213
187.010946892
337.188482967
185.997191262
339.059321282
184.971881829
340.929029685
183.937409567
342.798106702
182.896165449
344.667050863
181.850540447
346.536360693
180.802925537
348.40653472
179.75571169
350.278071471
178.711289881
352.151469473
177.672051082
354.027227255
176.640386266
355.905843343
175.618686408
357.787816263
174.60934248
359.673644545
173.614745455
361.563826714
172.637286308
363.458861299
171.67935601
365.359246825
170.743345536
367.265481822
169.831645859
369.178064815
168.946647952
371.097494333
168.090742789
373.024268901
167.266321342
374.958887049
166.475774585
376.901847303
165.721493491
378.85364819
165.005869034
380.814788237
164.331292187
382.785765972
163.700153923
384.767079922
163.114845215
386.759228615
162.577757037
388.762710577
162.091280362
390.778024336
161.657806164
392.805668418
161.279725415
394.846141353
160.959429089
396.899941666
160.699308159
398.96756788
160.501753599
-19.8232283249
40.043078387
-19.2013170313
141.141699358
-18.5662730599
142.223863418
-17.9182631621
143.289732783
-17.2574540896
144.33946967
-16.5840125938
145.373236298
-15.8981054263
146.391194883
-15.1998993387
147.393507645
-14.4895610824
148.380336799
-13.7672574091
149.351844564
-13.0331550703
150.308193158
-12.2874208175
151.249544797
-11.5302214022
152.176061701
-10.7617235761
153.087906085
-9.98209409059
153.985240168
-9.1914996973
154.868226168
-8.39010714774
155.737026301
-7.57808319347
156.591802787
-6.75559458601
157.432717841
-5.92280807693
158.259933682
-5.07989041775
159.073612528
-4.22700836002
159.873916596
-3.36432865529
160.661008103
-2.49201805509
161.435049267
-1.61024331098
162.196202307
-0.719171174493
162.944629439
0.181031602828
163.68049288
1.09019826944
164.40395485
2.00816207379
165.115177565
2.93475626435
165.814323242
3.86981408957
166.5015541
4.81316879791
167.177032356
5.76465363782
167.840920228
6.72410185777
168.493379933
7.6913467062
169.134573689
8.66622143157
169.764663714
9.64855928235
170.383812224
10.638193507
170.992181438
11.6349573539
171.589933574
12.6386840717
172.177230848
13.6492069086
172.754235479
14.6663591132
173.321109684
15.689973934
173.878015681
16.7198846194
174.425115687
17.7559244179
174.96257192
18.7979265778
175.490546597
19.8457243477
176.009201936
20.8991509761
176.518700156
21.9580397113
177.019203472
23.0222238019
177.510874104
24.0915364963
177.993874268
25.1658110429
178.468366182
26.2448806903
178.934512064
27.3285786868
179.392474131
28.4167382809
179.842414601
29.5091927211
180.284495692
30.6057752559
180.718879621
31.7063191337
181.145728606
32.8106576029
181.565204864
33.918623912
181.977470613
35.0300513095
182.38268807
36.1447730438
182.781019454
37.2626223634
183.172626981
38.3834325168
183.55767287
39.5070367523
183.936319338
40.6332683185
184.308728603
41.7619604638
184.675062881
42.8929464366
185.035484392
44.0260594855
185.390155352
45.1611328589
185.739237979
46.2979998052
186.08289449
47.4364935729
186.421287104
48.5764474104
186.754578037
49.7176945663
187.082929508
50.8600682889
187.406503734
52.0034018268
187.725462933
53.1475284283
188.039969322
54.2922813419
188.350185118
55.4374938162
188.65627254
56.5829990995
188.958393806
57.7286304403
189.256711131
58.874221087
189.551386735
60.0196042882
189.842582835
61.1646132923
190.130461649
62.3090813477
190.415185393
63.4528417029
190.696916286
64.5957276063
190.975816545
65.7375723065
191.252048389
66.8782090518
191.525774033
68.0174710907
191.797155697
69.1551916717
192.066355598
70.2912040432
192.333535952
71.4253414537
192.598858979
72.5574371517
192.862486895
73.6873243855
193.124581918
74.8148364038
193.385306266
75.9398064548
193.644822157
77.0620677871
193.903291807
78.1814536492
194.160877434
79.2977972894
194.417741257
80.410931956
194.674045493
1.2776385066916163
-34.99073767940136
1.4453138859676073
-35.836838258382635
1.617264745383423
-36.609617245681335
1.7920857144839033
-37.3114887985262
1.9689488015593213
-37.94484454107386
2.1471520853011867
-38.51207004362695
2.326055243118674
-39.015547176701574
2.505063434548319
-39.45765469890852
2.683621931243053
-39.84076845293223
2.861213972543723
-40.16726144335946
3.037359796764335
-40.439503871384915
3.2116161671796988
-40.659863150533326
3.3835761354332305
-40.830703913635745
3.552868941473349
-40.95438801137149
3.7191600256417416
-41.033274504187965
3.8821511991038733
-41.06971963729928
4.041581176789464
-41.0660767742657
4.197227264720709
-41.0246961966766
4.348912194333479
-40.947924296656325
4.496552076652989
-40.83809792219735
4.639512476686917
-40.69762029155623
1.2776385066916163
-34.99073767940136
4.667984561915205
-40.35400999922552
4.556071379697215
-40.155327230855264
4.442696849646126
-39.93504539148091
4.32823889402016
-39.69546760134803
4.213065661872037
-39.43889759525313
4.0975280341722
-39.16764060654899
3.981957750047684
-38.88400358785057
3.866666782205982
-38.59029528457103
3.7519470871468457
-38.2888262643745
3.6380704917378637
-37.98190893105746
3.5252886364984874
-37.671857530338535
3.413832945358763
-37.36098815424293
3.303914608589423
-37.05161874293619
3.1957245729877855
-36.74606908541555
3.0894335366406267
-36.44666082089725
2.9851919469845427
-36.15571743896573
2.8831300025636892
-35.875564279106584
2.783357661311726
-35.60852853107036
2.6859646644763586
-35.3569392327863
2.591020611587851
-35.12312726583968
2.498575263251098
-34.90942533552811
2.408660664995807
-34.71816783326242
2.321262593918476
-34.55169269190774
4.7781011650886
-40.528785005875974
2.2929902344116897
-34.28992144454591
2.351349275718661
-34.19936912560485
2.41180334306776
-34.14298679316706
2.474699134922332
-34.122902253702776
2.540219235536881
-34.1388139564135
2.608409879375614
-34.18865934016412
2.679298953827555
-34.27033769568417
2.7528987683911055
-34.38174969365548
2.829206049957463
-34.52079738442293
2.9082019468010856
-34.68538419751279
2.9898520391395493
-34.87341494002868
3.074106357405725
-35.08279579494027
3.1608994116738245
-35.31143431754415
3.250150239435726
-35.557239429779656
3.3417624857367514
-35.818121412028106
3.4356245434206585
-36.09199188646261
3.5316098138801237
-36.376763788287406
3.6295772284881593
-36.67035130712576
3.729372395764301
-36.97066975850008
3.8308304691210537
-37.275635261449246
3.9337847502736167
-37.58316377398196
4.038101102396411
-37.891167231126
4.143918842535982
-38.1975265156704
4.248417872050425
-38.50045420407286
2.236386849030538
-34.41233707792357
4.503585359229305
-39.07477523040424
4.6550043081026615
-39.34176945916909
4.806838476319058
-39.59661962915524
4.958644698902219
-39.83727784367394
5.110006621156458
-40.061694357892414
5.260497657702047
-40.26782173463749
5.409671733476671
-40.453615883879856
5.557060198732131
-40.61703640810691
5.7021705969278855
-40.756046740527076
5.844486107078524
-40.868614207301505
5.983465268142766
-40.95271005809588
6.118541834909081
-41.00630948138517
6.249124701626329
-41.02739161218141
6.374597864532575
-41.01393953498785
6.494320410344017
-40.963940282922735
6.607626526377942
-40.87538483376677
6.713825533773672
-40.74626810181167
6.812201951573456
-40.5745889238784
6.902015608590602
-40.358350035475986
6.982501837212908
-40.09555803060638
7.052871818483027
-39.78422329060606
7.112313227964819
-39.42235985085982
7.159991532257436
-39.00798513470073
7.195052845397413
-38.53911936572261
7.216631074597842
-38.01378409982104
7.22386936201076
-37.429997819578546
7.21600585727947
-36.78575831015204
7.192974134757321
-36.07891929321932
9.444274824756349
-34.769978326216716
11.671418788972858
-34.087001968837306
13.911926559847359
-33.23558362906421
16.1427190865399
-32.21115242061619
18.339350118834204
-31.013125559832286
20.47690334366274
-29.645271953979467
22.530993172531794
-28.115833020389633
24.478790068282308
-26.437370454795072
26.299982703201636
-24.626340158099033
27.97759305675214
-22.702422921835506
29.498576641084753
-20.68767014240983
30.85416556303892
-18.605541840529376
32.03994231705326
-16.479921604516445
33.05566160298406
-14.334188353726569
33.90486132437047
-12.190410097544401
34.59431921460566
-10.068703881288357
35.13341735033811
-7.98678314830633
35.53347413156604
-5.959692602176283
35.80709438255684
-3.9997139459934843
35.96757578765755
-2.116414829426386
24.38773295205607
26.521391389410667
26.050607869045507
24.889988939819375
27.647819708215536
23.102895601052168
29.156775463651456
21.166675797897994
30.555503919524313
19.092063796118005
31.82361945876562
16.89387357342249
32.94326615418288
14.590645457476313
33.89995797060806
12.204039059348922
34.68323684839817
9.758012168931863
35.28708827467
7.277851390812607
35.71008095946928
4.789137462973734
35.955228638650624
2.316733328086311
36.029602203007414
-0.11612434778238878
35.943744280081944
-2.488567238228452
35.71095280359117
-4.782632081896885
35.346504023145656
-6.983578818403448
34.8668799980814
-9.079999943309346
34.289053507707195
-11.063748429745601
33.62986769695647
-12.929722288444939
32.90553164816703
-14.675547918990441
-8.81107146893018
33.88730002629103
-9.38909064063381
34.57744314541518
-9.963735432531323
35.19118661980459
-10.534077406673774
35.73144490930759
-11.098789609298123
36.20122433027516
-11.656556749181888
36.60351640523841
-12.20613379501384
36.94128262730497
-12.746360624604591
37.21745065120055
-13.2761669073559
37.43491302462605
-13.794574055442894
37.59652668196399
-14.300696107184123
37.705112716387
-14.79374016194231
37.76345626933088
-15.273006602141919
37.7743064784207
-15.737889195666284
37.74037645933192
-16.18787510819965
37.66434332224674
-16.62254479805989
37.54884824051088
-17.04157165526229
37.39649664781978
-17.444720838338498
37.20985885296945
-17.831844541558894
36.99147251660947
-18.202848760550836
36.743860017976296
-18.55813953097524
36.469295315244864
-8.81107146893018
33.88730002629103
-18.09921656592053
36.19803704489445
-17.296975689634337
36.20255955386015
-16.493138972002356
36.18564171938494
-15.689772210853903
36.14907999819667
-14.888770427485326
36.09471842275513
-14.091863061625446
36.02444588751751
-13.30061527005472
35.940195470218036
-12.516428359456086
35.843944205584464
-11.740539959535141
35.73771299485382
-10.974024101787052
35.62356656510826
-10.217791258411694
35.50361344788002
-9.472588363485528
35.380005968832364
-8.738998824563481
35.254940241271896
-8.01744252910018
35.13065616191677
-7.308175847897104
35.00943740924942
-6.611291635635865
34.89361144190997
-5.9267192280871654
34.78554949740642
-5.2542244333974395
34.687666592632254
-4.5934095074669585
34.6024215238907
-3.943713078437696
34.532316870049726
-3.3044098424003607
34.47989900475824
-2.6746084310260017
34.447758185773736
-2.0532800837694083
34.438527356930734
-18.89758866311948
36.17034431016488
-0.38267786800491876
33.91384969885546
0.6673024818872477
33.40679005454301
1.7137907077957664
32.93476472746893
2.7601019728220137
32.49854890198273
3.8095442168714726
32.096528947657134
4.865140086120249
31.725470977855366
5.929654406320083
31.38220618585396
7.005596141189898
31.06366896982604
8.095218383661148
30.766896929714193
9.200518353951338
30.489030864025843
10.32323740119071
30.22731476506567
11.464861008229803
29.979095812891245
12.626618799932203
29.741824365567233
13.809484556898724
29.513053943919452
15.014176239031286
29.290441207513815
16.241156025974846
29.071745911004868
17.49063039293631
28.854830825204694
18.762550261781854
28.637661578631025
20.056611333434546
28.41830630960471
21.372254918027295
28.194934796033074
22.70867042639719
27.965815847207814
24.064805333646746
27.729306868616703
25.4394349257081
27.483780819886064
26.83022041215014
27.228612609143127
-1.4391920648880898
34.45488492947716
28.328083147238317
27.28083111281847
28.4114835626159
27.594477270265756
28.4845961590475
27.901385971527226
28.546024560247076
28.200009661446423
28.594413519888008
28.488760988380847
28.628438196947855
28.76602403527413
28.646801475522523
29.030157127607353
28.6482330713647
29.279493768362762
28.63148917549296
29.51234301176254
28.595352293052258
29.726989632340313
28.538631164087803
29.9216942085204
28.46016072249887
30.094693165995608
28.35880207528271
30.244198800611656
28.233442493788687
30.368399289156997
28.082995413475032
30.465458691551724
27.906400441997334
30.53351694589324
27.702623376956694
30.570689855074342
27.470656237694186
30.57506906185366
27.20951731941011
30.544722005263587
26.918251286725706
30.477691845322845
26.595929340288933
30.37199732848609
26.24164952886713
30.225632534650643
25.8545373775529
30.036566369036372
25.433747272546157
29.802741439643086
24.978465929144306
29.522071248139596
24.48792280142527
29.192431756121458
23.961431730227844
28.811627640973153
23.39868250151295
28.377156072672236
23.39868250151295
28.377156072672236
-1.1532482305335776
-34.06210010691905
-3.675414455765349
-33.88285663507955
-6.298478648771109
-33.4945639154472
-8.990808971079787
-32.87433648335057
-11.714262766414294
-32.00519790619022
-14.425671224735737
-30.878093446500777
-17.079044856219866
-29.493437778160633
-19.628309300240787
-27.86191162122736
-22.030256224597437
-26.00431610047819
-24.247325849462598
-23.9504453888646
-26.249851468692384
-21.737109813555975
-28.01749201769711
-19.405586469191853
-29.539729227247975
-16.998854148320543
-30.81546831205027
-14.558968297377021
-31.85191374948944
-12.12486023301254
-32.66296827913207
-9.730732160090263
-33.26741859003049
-7.405099967637
-33.68713743867505
-5.170436767123334
-33.94547000258227
-3.0433060113617216
-34.065902900619875
-1.0348452737204639
-10.873518921060935
32.300514414608514
-13.23833122381376
31.405464995500395
-15.639849568457052
30.281211182035577
-18.04120751987041
28.914900594675657
-20.400995983750704
27.30120891180445
-22.67526271880773
25.44384219822257
-24.82006903715525
23.35638709573574
-26.794339158337692
21.06228938750425
-28.56264538164494
18.593868182209945
-30.097550408698936
15.990437910539839
-31.381190623270683
13.295770765207678
-32.405917339355426
10.555243558055238
-33.173980073090334
7.813046223158366
-33.69639116529807
5.109781561889534
-33.99121761962816
2.480679324314927
-34.081587060237425
-0.04548219938310183
-33.993675114967175
-2.446772844598499
-33.75488082666068
-4.707936443171079
-33.39231896842162
-6.819800516598178
0.20385626967191683
-34.40345671148464
0.2210990295756119
-34.214326285535236
0.23859033584136569
-34.08293052129872
0.2563765706237291
-34.006912120382395
0.2745186491807772
-33.98391374049629
0.29307801452003446
-34.01157807014374
0.3121131407972939
-34.087547848109836
0.3316783733155546
-34.20946586922403
0.35182347138669456
-34.374974986799714
0.37259340949921693
-34.58171811353196
0.3940282901814669
-34.82733822171804
0.41616331471416856
-35.109478342946545
0.4390287929140868
-35.42578156777995
0.462650190822842
-35.77389104429895
0.4870482300075025
-36.151449976074275
0.5122390742664891
-36.55610161885201
0.5382346852345279
-36.98548927349657
0.5650435400187916
-37.437256272445865
0.5926722149300474
-37.90904595008823
0.6211293488837271
-38.39850156828436
0.6504375373407925
-38.90326609191257
0.680680912237591
-39.42098129482298
0.7123382077737688
-39.949281493767046
0.7418357186265041
-40.48587720251578
0.18692827461461548
-34.65267852388229
1.0156365450326632
-41.5542098307763
1.2664066222063184
-42.08068598540254
1.5234962436417732
-42.605446795546584
1.7866798101503605
-43.12614464704953
2.055750815156614
-43.64043519360334
2.330470218304356
-44.14597832765671
2.610553541582874
-44.640438422349575
2.8956665718533827
-45.121484411819125
3.185423647282562
-45.58678982264993
3.4793868862619206
-46.03403278616
3.7770658136469137
-46.46089604335802
4.077917177573227
-46.86506694442258
4.38134487373253
-47.24423744389068
4.6866999483816585
-47.59610409005643
4.993280685886873
-47.91836800539036
5.30033282691727
-48.20873484764067
5.607050045289043
-48.464914733414815
5.91257502777421
-48.68462206689455
6.216002199629713
-48.86557511379863
6.516385924266103
-49.005494720271145
6.812773326556567
-49.102099190463946
7.104434089698827
-49.1530684263013
7.387771344727923
-49.15652696508192
0.7717921028775834
-41.028362415675105
7.544605186370063
-49.05601477813477
7.419512735852777
-48.95581446758254
7.288633253555986
-48.81259373826515
7.152501229317522
-48.62855103411948
7.011681492375374
-48.40587950028785
6.866733638763719
-48.1467725339663
6.71820313908961
-47.853425172066494
6.566618375613928
-47.52803455355672
6.412489458744119
-47.17280010458464
6.256307691306972
-46.789923621778854
6.09854530420273
-46.38160931442266
5.939655319046608
-45.95006382596483
5.780071477443187
-45.497496245694606
5.620208210755038
-45.026118115228115
5.460460640679457
-44.5381434294857
5.30120461291574
-44.03578863529171
5.1427967784871385
-43.5212726237005
4.985574761565601
-42.99681671438202
4.82985750795865
-42.46464462159716
4.675946062536752
-41.926982378427226
4.524125522075622
-41.38605814465089
4.374670903102185
-40.844101631156406
4.227870622891146
-40.30334179245946
4.084190882075575
-39.76599067825504
3.9420511325195093
-39.23446197519462
7.663655468477316
-49.110952068522806
3.925189898013855
-38.15952634183091
4.04428942288564
-37.62158243337885
4.160484781072341
-37.0992584087233
4.274187447794645
-36.59475737330112
4.38588526491742
-36.11027254684814
4.496117048005431
-35.647989757153795
4.605466245528419
-35.21008806212987
4.71455883460942
-34.79873995488751
4.824062491657401
-34.41611144350384
4.93468623199999
-34.06436208325971
5.047180253171291
-33.745644987754474
5.162335884918434
-33.462106828042465
5.28098561274652
-33.21588782020069
5.404003175081755
-33.00912170009252
5.532303762782476
-32.84393567831114
5.66684439326059
-32.72245035690824
5.808624623996025
-32.64677957491912
5.958687993831575
-32.6190300958439
6.118125206882837
-32.64130091973061
6.288082105136596
-32.715681561330626
6.469783600828805
-32.84424688060864
6.664629427416628
-33.02903640448211
6.874864436438884
-33.271909566990345
-2.2007376476657043
-34.89530404059519
14.007028410002931
-31.338693846028235
16.28585809259897
-30.217236853184374
18.528624220616905
-28.89637799698926
20.703805768478503
-27.37997449879805
22.7803386967027
-25.678137504835234
24.72920416342447
-23.80707958354796
26.524935584127206
-21.788491666740498
28.146884130715875
-19.648498430815806
29.58011283522336
-17.41629987997362
30.815842268211497
-15.12264666499965
31.851433967485377
-12.798309695761958
32.689957710055694
-10.472690283231316
33.339433933869884
-8.17268143407307
33.811866840934954
-5.9218441033683575
34.12218653111955
-3.73991486389707
34.287204171750886
-1.6426219706261804
34.324659369579194
0.3582401653584384
34.25241040962533
2.2545416350794483
15.538017137708152
30.60850535851111
17.619941093310047
29.45926429363095
19.688029775026564
28.119247152642345
21.71326433348554
26.586551653757226
23.665328230477485
24.86489124443304
25.514001174215196
22.96402231613314
27.230695861270476
20.899755495333068
28.78998857383357
18.693505149442927
30.170980986891834
16.371392217594973
31.358344956908354
13.96297885185163
32.342943212662306
11.499765267005102
33.121978249638346
9.013608249985197
33.69868625769681
6.53522159984135
34.081649032848304
4.092893359894532
34.28383447569831
1.7115111733890274
34.32149120035791
-0.5880634638123468
34.213016578440715
-2.7892783039803817
33.97789598206231
-4.879873101410709
33.635781494520586
-6.851626092146461
33.2057478039801
-8.699936185523796
3.8030288909024534
-38.7108596768212
34.85521697490219
17.265790896917224
-15.291797731602855
30.818952598395782
-15.21279662636897
30.64725274576182
-15.15938554972243
30.527306404582674
-15.130561701607206
30.456980552440655
-15.12530698319864
30.434149758567514
-15.14259795705243
30.456691242993685
-15.181408333731952
30.52248364404852
-15.240709796130886
30.62940660909777
-15.31947232419671
30.775340633635977
-15.416664335979448
30.958166991377595
-15.53125274933808
31.175767703719487
-15.66220300258334
31.426025529489976
-15.808479047685125
31.70682396880312
-15.969043316508476
32.01604727970903
-16.14285665090432
32.35158051326323
-16.328878171538634
32.71130957961083
-16.526065027817253
33.09312137296547
-16.7333718936583
33.49490402425789
-16.949749854994252
33.91454745877073
-17.174143625664755
34.34994479119723
-17.405483192195447
34.79899651114005
-17.64265039191062
35.259627229845194
-17.884244951953207
35.72990290260333
-18.131701601786318
36.20646903905944
-15.397306617270772
31.0445811695557
-16.947116987523316
37.10504357262346
-15.467871749080189
37.521383181964865
-13.943859067007878
37.93486699305234
-12.374622897252266
38.343372327253206
-10.760037354044329
38.7448180758407
-9.10034297458077
39.1371465280215
-7.396155783178131
39.518318826178415
-5.648470310129369
39.88631344928481
-3.858660795606511
40.23912560386975
-2.028481731579518
40.57476694295053
-0.16006812518196512
40.89126542098214
1.744064371302727
41.186665207823694
3.6810194049018605
41.45902662768967
5.6475199198884525
41.7064261028157
7.6399082116778345
41.92695608441625
9.654146065553505
42.11872494305226
11.685815062208519
42.279856765853225
13.73011727079438
42.40849091978396
15.781876999439646
42.50278097234283
17.835546061812806
42.560891461554036
19.885224859883635
42.580984990132606
21.92480998419876
42.56113190246526
23.945988421385096
42.50053876966274
-18.382127121660886
36.68813961003127
26.621020234719538
41.55749319223983
27.271709487707597
40.681915233891345
27.894624190075774
39.7749279103069
28.489143925484257
38.84038546226719
29.05480962699795
37.88198111935537
29.59130072622662
36.90326108298615
30.098429439535096
35.90762802326293
30.576138862374364
34.898342245449726
31.024502206306806
33.8785221576328
31.443722450954567
32.851144483576036
31.83413216974617
31.819044370462706
32.19619343489711
30.784915447083563
32.53049776247559
29.75130985793976
32.837766079174514
28.720638285018026
33.11884869988074
27.695169961805448
33.37472531292963
26.677032684911296
33.606504967942044
25.668212824129967
33.81542606514233
24.670555335121264
34.002856342018106
23.685763778996147
34.17029285168081
22.715400361493835
34.31936191409693
21.76088602644043
34.451818977617734
20.823500733785835
34.56954806884772
19.904384566079443
34.67455795667104
19.00454547200107
34.76903538217209
18.124751805980054
25.943498143447812
42.39754865905795
33.61035290479742
17.762409214417488
32.39761642909639
18.245141475722107
31.218120790343505
18.71582915313479
30.072793191620008
19.176494862062384
28.96237895042742
19.629333984086543
27.88744209827894
20.076713467376038
26.84836553811334
20.52117152361589
25.845351105503767
20.965417522849975
24.878419604792327
21.412331946612227
23.9474108402178
21.86496635977619
23.051983652263743
22.32654338745968
22.191615967431858
22.800456690030046
21.365604871057485
23.290270929056987
20.573066721856094
23.799721716570787
19.812937341435997
24.332715533477057
19.083972343242692
24.893329587389047
18.38474774352767
25.485811551743666
17.71366118114787
26.11457904409761
17.068934601331023
26.78421848063644
16.448620965033797
27.499482213555638
15.850624377521797
28.265279942989224
15.272780608312075
29.08664436828633
14.713420740175195
29.96849074338573
-4.690670706703116
-34.64856560668434
-4.690670706703116
-34.64856560668434
-7.25720673522747
-34.20319342812306
-9.87097465876758
-33.54235158073149
-12.498039618197993
-32.65462441954256
-15.101242041423234
-31.53534491781852
-17.64197833314782
-30.187515478624192
-20.0822665971167
-28.62216027140093
-22.386877666305594
-26.858019261168522
-24.52528620486882
-24.92059041934408
-26.473218051180424
-22.840626442680758
-28.213634311117374
-20.65227176941977
-29.73708378233843
-18.391066809775225
-31.041450496942616
-16.092042795285266
-32.1312013284149
-13.78808875342412
-33.01628622390393
-11.508706889163648
-33.71085735087311
-9.279201848678412
-34.23195863741836
-7.120287783896856
-34.598304080414465
-5.048053589118069
-34.82922283575488
-3.0742034637873985
-17.639555302755213
30.18893139878375
-19.753376330945798
28.850123289293975
-21.846421957204825
27.299438418165153
-23.884888548660513
25.535026714250705
-25.83332946356566
23.561930716864055
-27.656448078175686
21.392670940735854
-29.3211023379275
19.047268779754603
-30.798308640748417
16.552633480767724
-32.06500839005341
13.941331615926657
-33.10538102437846
11.249854999516828
-33.91155129769709
8.516582581240641
-34.483631759997735
5.7796739458474065
-34.829141228849466
3.0751278900704904
-34.96192352787284
0.43519364724642173
-34.90074178055596
-2.11275020917941
-34.6677367940506
-4.546813813854897
-34.286918530058955
-6.850745068423663
-33.78281877985455
-9.013692116271699
-33.17938402308394
-11.029685676761346
-32.49914096221261
-12.896950298332797
9.460725601618549
-32.997049079343384
20.661491571310233
-29.912111809124013
20.885253550546164
-30.35757131154466
21.0907172165511
-30.77961887840607
21.27837588467734
-31.17868147949622
21.448718743013636
-31.555188755008317
21.602230982975474
-31.90957292382916
21.739393832088798
-32.24226876172165
21.860684564107142
-32.553713593761756
21.966576502821198
-32.8443472918739
22.05753902322723
-33.1146122738252
22.134037551487108
-33.364953502805065
22.196533564850736
-33.59581848823417
22.245484590454208
-33.80765728575571
22.281344204209095
-34.000922498114164
22.304562029200234
-34.176069276102226
22.315583733724438
-34.333555319958535
22.314851028274614
-34.47384088046786
22.302801662430156
-34.59738876174748
22.279869419709648
-34.704664323507714
22.246484111343943
-34.79613548547107
22.203071566722954
-34.87227273238426
22.150053620265094
-34.93354912233323
22.0878480915475
-34.980440298622085
22.016868754654304
-35.01342450786592
21.937525289583693
-35.032982629276404
21.85022320116063
-35.03959822291006
21.755363677525345
-35.03375761427665
21.653343327752772
-35.01595005168096
21.54455365665218
-34.98666801965578
21.42937991029811
-34.94640792944767
21.308198189922503
-34.89567184461205
21.181366794016895
-34.83497265754448
21.049191587384595
-34.76485479534014
20.911683585222676
-34.686039159452605
20.771813169542384
-34.597477438880276
20.418932915031235
-29.442816710060626
20.245424473937447
-34.48406563874448
19.86102946168228
-34.459868038959115
19.475645031447357
-34.42850980956382
19.08980838955221
-34.39042314328978
18.703986748077796
-34.346078935851864
18.318614023925598
-34.295964843668656
17.934100012861197
-34.24057979821899
17.550833447222573
-34.18043217822776
17.16918321799254
-34.116039078052694
16.789498929884036
-34.047925975955025
16.41211117799666
-33.97662656840876
16.037331695543056
-33.90268268069184
15.665453437375
-33.82664421685777
15.29675062826401
-33.749069129640304
14.931478791151385
-33.67052340248594
14.569874762689217
-33.591581038740145
14.212156699669883
-33.51282405517068
13.858524078348687
-33.43484247967791
13.509157685789688
-33.358234351009486
13.164219602290892
-33.28360572268244
12.823853170006181
-33.2115706703415
12.488182940068498
-33.14275130579446
12.157314582171573
-33.07777780169911
11.83133472435776
-33.017288435410734
11.510310654347592
-32.96192967229504
11.19428972040275
-32.91235633172576
10.883298012507403
-32.869231954074934
10.577337064289495
-32.833229718975616
10.276373957159485
-32.8050351990498
9.980301736540966
-32.78535737818831
9.68866232280665
-32.77500577807456
9.40439107337422
-32.77384817555753
20.62796597054069
-34.5008627172102
9.15313466491137
-32.68038035818881
9.183862215107887
-32.590269289472786
9.21792424213718
-32.51337377891292
9.255642993376085
-32.450252717476815
9.297285528269875
-32.401480255585795
9.34310585848111
-32.367634073163
9.39335548540452
-32.34929244724367
9.448286914932453
-32.34703327242815
9.50815506684448
-32.3614336692753
9.573217918980582
-32.39306980406124
9.643736834222445
-32.44251679745554
9.719976742783174
-32.51034867364538
9.802206254153553
-32.59713832780923
9.890697735258527
-32.70345750385903
9.985727373892246
-32.82987677504295
10.087575240705007
-32.97696552485937
10.196525360652757
-33.14529192387877
10.312865807450848
-33.33542289950492
10.436888839889534
-33.54792409040553
10.568891113717171
-33.78335977732743
10.709174029086782
-34.04229276747458
10.858044334734771
-34.32528419394541
11.015815247048039
-34.632893145204946
11.182808684815882
-34.96567592290046
11.359360183636227
-35.32418441110502
11.545831179700343
-35.70896200031453
11.742645858069324
-36.12053135781642
11.95043854442801
-36.55934551411846
12.171085441286806
-37.02544546344933
18.257246134374665
-30.180768117202646
20.43957502606618
-33.82201230486274
23.125975880651907
-32.045186583385345
25.745800656950095
-29.980968832395376
28.247327397591476
-27.636809484630334
30.57951042766186
-25.031945301973536
32.695406749713015
-22.1971872332351
34.55546297651162
-19.173542241208594
36.1302039758844
-16.00978151810517
37.40195166728806
-12.759261541105076
38.365374554930895
-9.476432812843427
39.02687743472168
-6.213499922884495
39.40302881683323
-3.017625499674409
39.51834627967287
0.07106979907132427
39.40279914113225
3.0206230218387304
39.089352657960205
5.807516885734856
38.61179503375149
8.416295376710508
38.00298867404018
10.838708199654093
37.293595230734496
13.072585756559874
-2.4355099447214315
39.443288844943424
0.5059086540449869
39.515171770223105
3.5902439433593543
39.35498560568465
6.783183241930573
38.93190425220513
10.041933620754023
38.2212547249936
13.316723050632461
37.20711801240765
16.553233249508025
35.884470353954754
19.695773829137096
34.260490902320015
22.690840955175958
32.354759778792726
25.490598733287356
30.198246965925108
28.05581515691682
27.83120513878964
30.357883114027075
25.30027028376466
32.37973218091328
22.655191181908037
34.115637173495315
19.94562718599991
35.57010115735912
17.218381086841873
36.756097526292876
14.515303587390832
37.69298742278454
11.871960358015087
38.404397449868185
9.317027428801111
38.916272865297145
6.87229582237353
39.25523901017485
4.55312572311837
9.12506918842363
-32.783245456714155
-10.563210801622311
32.34851848120988
-35.80960747011324
3.177083148530045
-35.82343004179545
4.01853624777408
-35.796078806410364
4.877594247206844
-35.72929055467746
5.752431734738963
-35.62476991922024
6.641275674480369
-35.48418928473652
7.542406764756748
-35.309188766936735
8.4541597774938
-35.101376205310245
9.374923670974653
-34.86232716098653
10.303141634739859
-34.59358491602258
11.237311109681741
-34.296660473300854
12.17598379771303
-33.97303255773018
13.117765666894456
-33.6241476166327
14.061316953724031
-33.25141982113068
15.005352164240918
-32.856231067696456
15.948640074179849
-32.439930980289304
16.890003728536215
-32.0038369124273
17.828320440202447
-31.549233951178163
18.762521788503705
-31.077374921100215
19.69159361630048
-30.589480390872502
20.61457602652453
-30.086738681514053
21.530563376538197
-29.57030587922395
22.438704270487477
-29.041305854023893
23.338201547596043
-28.50083028827069
24.228312264003307
-27.949938722475487
25.108347664052985
-27.389658631105412
25.9776731322263
-26.820985555279893
26.835708109316585
-26.244883349235355
27.681925937145024
-25.66228467214892
28.515853547297894
-25.074092070725456
29.337070777321884
-24.481180684990093
30.14520866110007
-23.884406365229367
30.939944300229996
-23.284638139205313
31.72098034996813
-22.682985481025483
32.48790142090709
-22.077749311074047
33.24210056779384
-35.752842767998104
2.355103228645646
-21.109927570924743
33.968673118126816
-20.747126953602475
33.94711405522423
-20.38320022458414
33.918329700767515
-20.01853616861744
33.882835942226905
-19.653554755440194
33.84112621912834
-19.28867273392275
33.79369326239285
-18.92429503099655
33.741034528659355
-18.560811885499586
33.68365401201518
-18.198597701941342
33.6220629677575
-17.838010530509976
33.556780241701176
-17.479391807823486
33.488332434461256
-17.123066218043405
33.41725398908696
-16.769341615064203
33.34408724142145
-16.418508977060075
33.26938244927911
-16.070842380177883
33.19369781027703
-15.726598984164806
33.11759947253137
-15.386019026258348
33.04166154026396
-15.049325822440355
32.966466076583885
-14.71672577539449
32.89260310213044
-14.388408391843402
32.820670591252934
-14.064546312453647
32.75127446288994
-13.74529536263109
32.68502856478668
-13.430794639259982
32.62255464579573
-13.121166664010737
32.56448230589396
-12.816517669854022
32.51144890344179
-12.516938174716259
32.464099367566206
-12.222504245032255
32.42308578583558
-11.93328065564868
32.389066372968415
-11.649330369877553
32.362702374660614
-11.370752461823862
32.34464568478509
-11.0979475733781
32.33545216220844
-10.828031034542896
32.336752903933785
-21.471485321990837
33.982316377508766
-10.338657415047848
32.307541752162535
-10.119592555643237
32.27853084063216
-9.905551113110484
32.26227338363012
-9.696392616994942
32.25944957730792
-9.492018651144242
32.270724453031335
-9.292332481998486
32.29676105970316
-9.097228963332682
32.33822376052245
-8.906591167812437
32.3957793310899
-8.720289036382432
32.47009740037214
-8.538178759683426
32.56185065075553
-8.36010246337738
32.67171491918543
-8.18588803176057
32.800369252894086
-8.015348997567571
32.94849594166794
-7.848284463746353
33.11678053967461
-7.684479037496146
33.305911880762466
-7.523702763812665
33.51658209191379
-7.365711046430796
33.74948660640038
-7.21024454192856
34.0053241803773
-7.05702900462628
34.28479691421319
-6.905775045372941
34.58861028636906
-6.7561777341225735
34.91747320647073
-6.60791590853195
35.272098107578444
-6.46065089335724
35.65320111756728
-6.3140239416211585
36.06150239906617
-6.16765060793432
36.49772689794429
-6.021106684188112
36.96260621405912
-5.873886008684934
37.45688421041507
-5.725231706310211
37.98133945328311
-5.5729548734885554
38.53694228582259
16.277812877673384
-31.29278844198683
16.277812877673384
-31.29278844198683
14.17166229571833
-32.30123508987867
11.951024469072577
-33.187027807490125
9.63178714600538
-33.932793532651274
7.233151716146578
-34.52372107416436
4.777055915664212
-34.94832667430748
2.287394508674005
-35.199057187901815
-0.21090541389560613
-35.27267099982484
-2.6928792253960516
-35.170359708608686
-5.134506084384377
-34.89760232200652
-7.513596827574219
-34.463773201263976
-9.810522908557264
-33.88155015367755
-12.008742920379849
-33.16618600363512
-14.095108537193486
-32.33471378998475
-16.05995580687627
-31.405152762511364
-17.897007152008147
-30.39577167233074
-19.60312224090229
-29.324450531318334
-21.17794170357541
-28.20816523199366
-22.62346737196061
-27.062603803502128
-35.273090970288905
0.12187681165093522
-35.20786343074016
-2.1475924189297757
-34.98861771561684
-4.472407730285511
-34.60528825149184
-6.832263577077214
-34.05115558904593
-9.204596873632255
-33.32340216596481
-11.565321813113002
-32.42347161184723
-13.889718830531848
-31.357184855590152
-16.153413214792778
-30.134590844696813
-18.333363989683107
-28.769558924206745
-20.408779479971145
-27.279148801005885
-22.361883669496024
-25.68281745114407
-24.17847572380657
-24.001536475678602
-25.848250373326323
-22.25689657196663
-27.364874484277735
-20.47026861407168
-28.725840343204
-18.662075884117723
-29.932135310580946
-16.85121284400591
-30.987778659360288
-15.05462611211173
-31.899279508791693
-13.287055927413608
-32.67506611067952
-11.560923146499096
-33.3249284553806
15.059205414099608
-36.53662649852103
3.5557495669752974
3.5797889757150543
3.601285778729414
3.620453421122142
3.6374781101818248
3.6525234713640637
3.6657342545254483
3.6772393374981878
3.6871541864830264
3.695582890702051
3.7026198601784777
3.7083512547834894
3.712856197414893
3.7162078125896354
3.718474123150479
3.719718830955156
3.7200020023118987
3.7193806748428933
3.7179093988696787
3.7156407209311633
3.712625714642528
3.5557495669752974
3.704336854957276
3.6991507568883724
3.693404356752624
3.68714639157954
3.6804260722828857
3.673293346591185
3.665799144595623
3.657995606453915
3.649936291305298
3.641676365858768
3.6332727704435936
3.6247843598429457
3.6162720155121693
3.6077987253472386
3.5994296267357404
3.5912320081639426
3.58327526448844
3.5756308009368327
3.5683718809134417
3.5615734131992274
3.5553116746972604
3.549663966019143
3.5447081954926993
3.708914109215073
3.53708233508258
3.5345651963884994
3.5330458826956415
3.5325916885398883
3.533195656041577
3.5347959854744633
3.5373270440746643
3.5407211508006897
3.544909175739909
3.5498211021666157
3.5553865435984466
3.561535210324787
3.5681973217665997
3.575303962862448
3.5827873842545217
3.5905812472459226
3.598620815715568
3.606843097824997
3.6151869409782407
3.6235930837464925
3.6320041685729922
3.6403647181798573
3.6486210711541585
3.656721523928266
3.540522405323972
3.6720753185360837
3.6792383124748183
3.686058380036946
3.692490403476967
3.698490095816848
3.7040137968364095
3.7090182531990026
3.713460383985275
3.7172970311338975
3.720484693410944
3.7229792419036896
3.724735614341344
3.7257074848226814
3.725846904655595
3.725103909016983
3.723426082977327
3.720758078978544
3.7170410761167845
3.712212169400317
3.706203674467491
3.698942329807886
3.6903483741680425
3.6803344712528463
3.6688044464569125
3.6556517908141792
3.64075787412467
3.623989789253608
3.6051976953905287
3.5843460779047893
3.5843460779047893
3.5843460779047893
3.5843460779047893
3.5843460779047893
3.5843460779047898
3.5843460779047893
3.5843460779047898
3.5843460779047893
3.5843460779047898
3.584346077904789
3.584346077904789
3.5843460779047898
3.584346077904789
3.584346077904789
3.584346077904789
3.58434607790479
3.5843460779047893
3.5843460779047898
3.584346077904789
3.5843460779047898
3.5843460779047893
3.5843460779047893
3.5843460779047898
3.584346077904789
3.5843460779047898
3.584346077904789
3.5843460779047893
3.5843460779047893
3.584346077904789
3.58434607790479
3.5843460779047898
3.5843460779047884
3.5843460779047893
3.584346077904789
3.584346077904789
3.5843460779047893
3.584346077904789
3.584346077904789
3.5843460779047893
3.5557495669752974
3.5787721712832044
3.5993518702906697
3.6177025497567823
3.634011003199218
3.6484414024742966
3.6611389763981057
3.672233006594277
3.6818392847236328
3.6900621454761615
3.6969961633603177
3.7027275811546247
3.707335522782646
3.710893031851925
3.713467968544047
3.715123790734177
3.7159202401616174
3.7159139505663563
3.7151589920774057
3.71370737023384
3.7116092791823525
3.5557495669752974
3.7005788561909525
3.6919359324449625
3.6830405877597254
3.6739477438120707
3.664712255091689
3.655389139134336
3.6460337901357467
3.636702177616355
3.6274510299268186
3.6183380015001934
3.609421821970086
3.6007624247282446
3.5924210517044677
3.5844603306442386
3.576944320653641
3.5699385212492776
3.5635098399137988
3.557726513043539
3.552657975118057
3.548374671360886
3.5449478095890448
3.5424490472255505
3.540950134965886
3.7089141092150735
3.5238871349184127
3.5089586359959863
3.495880817235383
3.4847890471671614
3.4757424240652517
3.468742031846328
3.4637807504250664
3.460843838978598
3.4599083767145973
3.460942758153087
3.4639062841538593
3.468748888338689
3.475411033111737
3.4838238007541715
3.4939091936549502
3.5055806446374107
3.5187437252520035
3.5332970275400863
3.549133184776263
3.566139989409214
3.5842015619815517
3.603199519193645
3.6230140387716308
3.6435265183986316
3.5405224053239714
3.6719472256701153
3.6789909295300873
3.685700481340864
3.692030772131078
3.697937528677887
3.703377104869514
3.708306260667421
3.7126819272480662
3.7164609572838487
3.7195998588377543
3.7220545108184684
3.7237798572796605
3.724729577135479
3.7248557249937346
3.7241083378136506
3.722435000932135
3.7197803655475448
3.716085608013951
3.7112878191187777
3.705319308834231
3.698106808596558
3.6895705488180526
3.679623183797769
3.6681685289078483
3.65510006567099
3.6402991582524535
3.623632911165823
3.6049516058540902
3.6049516058540902
3.528758160002685
3.528758160002685
3.528758160002685
3.528758160002685
3.528758160002685
3.528758160002685
3.528758160002685
3.528758160002685
3.528758160002685
3.528758160002685
3.528758160002685
3.528758160002685
3.528758160002685
3.5287581600026856
3.5287581600026856
3.528758160002685
3.5287581600026856
3.528758160002685
3.528758160002685
3.528758160002685
3.5287581600026847
3.528758160002685
3.528758160002685
3.528758160002685
3.528758160002685
3.528758160002685
3.5287581600026856
3.528758160002685
3.5287581600026847
3.528758160002685
3.528758160002685
3.528758160002685
3.5287581600026856
3.5287581600026856
3.5287581600026856
3.5287581600026856
3.528758160002685
3.528758160002685
3.528758160002685
3.53817460035352
3.5326653330227793
3.5288211891559675
3.526592218723882
3.5259199125455285
3.526738123151891
3.528974068295307
3.5325493848659435
3.5373812018897905
3.5433832034792836
3.550466655990719
3.558541377750026
3.5675166342455484
3.5773019462553957
3.5878078028692313
3.598946275395791
3.6106315316598074
3.622780253177753
3.6353119599789223
3.648149249520362
3.6612179572247525
3.674447246651072
3.6877696350734652
3.7011210461187734
3.5453895741565247
3.727297433806622
3.7400415114855194
3.7526210220056413
3.7649868694132933
3.7770924181042327
3.7888932906994257
3.8003471520228786
3.8114134857546706
3.822053366326318
3.8322292274377836
3.841904627969587
3.851044015465661
3.8596124869506747
3.8675755464035
3.874898857818305
3.8815479923341205
3.887488167582361
3.8926839768244443
3.8970991050262507
3.9006960280450547
3.9034356888413737
3.905277126402952
3.906177631537501
3.7144404928180488
3.9046516654830787
3.902272740604068
3.899013923899139
3.89491239359997
3.8900037677405317
3.8843224055579113
3.8779016905302477
3.870774297932797
3.8629724499806812
3.8545281612386537
3.8454734766488965
3.835840704069476
3.8256626429325506
3.8149728102712577
3.8038056649684857
3.7921968308398526
3.780183318673665
3.767803747059215
3.7550985613339947
3.7421102495669727
3.7288835539487537
3.7154656755760342
3.7019064705044022
3.6882586406716604
3.674577717514227
3.9061116441854127
3.647038004115779
3.6333227931996985
3.619845982796957
3.6066797476105807
3.593899541861203
3.581583965455338
3.569814553417332
3.5586754824855125
3.5482531883768256
3.538635888393603
3.5299130061015
3.522174497459836
3.515510081010518
3.510008378641622
3.505755977682667
3.5028364295254573
3.50132920462918
3.5013086278162175
3.5028428214517766
3.505992686439482
3.5108109513032253
3.5173413138225174
3.5256176405097284
3.554337036037985
3.535918488523208
3.5359184885232073
3.535918488523208
3.5359184885232073
3.535918488523208
3.535918488523208
3.5359184885232082
3.535918488523208
3.535918488523207
3.5359184885232073
3.5359184885232073
3.5359184885232082
3.5359184885232082
3.5359184885232073
3.535918488523207
3.5359184885232073
3.535918488523208
3.535918488523208
3.5359184885232073
3.5359184885232073
3.535918488523208
3.535918488523208
3.5359184885232082
3.5359184885232073
3.5359184885232082
3.535918488523208
3.5359184885232082
3.5359184885232073
3.5359184885232073
3.535918488523208
3.535918488523208
3.5359184885232087
3.5359184885232073
3.535918488523208
3.535918488523207
3.5359184885232082
3.5359184885232073
3.5359184885232073
3.6609227701956994
3.660922770195699
3.5381777795417375
3.532671429544
3.5288299384305875
3.526603355682028
3.525933171995927
3.5267532398833565
3.528990777111429
3.5325674205976436
3.5374002993992035
3.543403097659893
3.550487081765871
3.5585620700709
3.567537328089286
3.5773223766240307
3.5878277047902545
3.598965383925756
3.610649581893647
3.622796980269518
3.6353270991875872
3.6481625363180585
3.661229127591544
3.674456038111426
3.68777579285741
3.7011242267021256
3.5453895741565242
3.7084865152215096
3.7033885310604076
3.6992356280382728
3.69612220905232
3.6941451698789307
3.6934003540288978
3.693978565567885
3.6959613191209546
3.6994165436797384
3.7043944942080613
3.7109241423787394
3.719010306061312
3.7286317334784105
3.7397402848782466
3.7522612609719785
3.7660948263140686
3.781118382239274
3.797189670686974
3.8141503462724073
3.8318297408116635
3.850048553977671
3.868622158667087
3.887366147838603
3.7144404928180488
3.898995546921125
3.891354518019772
3.883241276104998
3.874705813201383
3.8657956953464003
3.8565562769683592
3.8470308923634295
3.837261036050845
3.8272865381036048
3.817145739015451
3.8068756679362985
3.7965122273908767
3.786090387066651
3.7756443886368167
3.7652079629106456
3.7548145600721345
3.7444975929839464
3.7342906929530852
3.7242279765793604
3.714344321641292
3.704675649197093
3.6952592084593476
3.68613386043301
3.6773403587035784
3.668921522823514
3.9061116441854127
3.6379873157535276
3.615821016870015
3.5945285176822592
3.5742164414119997
3.5549928933859056
3.5369668884769405
3.520247709911552
3.5049442036652767
3.49116401364507
3.4790127640542026
3.468593196699248
3.46000427233883
3.4533402465308263
3.4486897320164416
3.446134761266067
3.4457498644369515
3.4476011798883306
3.451745615966116
3.4582300846460625
3.4670908297980265
3.4783528786802025
3.492029676309331
3.5081232786333127
3.554337036037985
3.554337036037985
3.5543370360379845
3.554337036037985
3.554337036037985
3.5543370360379845
3.554337036037985
3.5543370360379845
3.5543370360379845
3.5543370360379853
3.5543370360379853
3.554337036037985
3.5543370360379845
3.5543370360379845
3.554337036037985
3.5543370360379845
3.554337036037985
3.554337036037985
3.554337036037985
3.5543370360379845
3.5543370360379845
3.554337036037985
3.5543370360379853
3.5543370360379845
3.5543370360379845
3.554337036037985
3.554337036037985
3.5543370360379845
3.5543370360379845
3.5543370360379845
3.554337036037985
3.554337036037985
3.5543370360379845
3.554337036037985
3.554337036037985
3.5543370360379845
3.5543370360379845
3.554337036037985
3.554337036037985
3.554337036037985
3.535918488523208
3.593311181730467
3.60680165528241
3.6193214363111728
3.6309212495060867
3.6416476913269724
3.6515436864088424
3.660648884875112
3.6690000096076893
3.6766311610523443
3.6835740857852177
3.6898584140552804
3.695511870699768
3.7005604630504214
3.705028648990119
3.708939487771242
3.712314775851852
3.715175169645838
3.717540296888722
3.7194288579668684
3.7208587185034023
3.721846994200868
3.7224101289151648
3.7225639667284733
3.722323818725241
3.721704525096415
3.7207205130865026
3.7193858512646556
3.7177143005315134
3.7157193621818436
3.713414323356159
3.710812300075407
3.707926277890439
3.7047691493065114
3.7013537388278928
3.697693086636648
3.578794636006087
3.6885756102825424
3.6832045575750745
3.67770010154821
3.6720758511155283
3.6663455510731664
3.660523117325834
3.654622664565866
3.6486585313290103
3.642645303299574
3.6365978351009494
3.630531270521075
3.624461061072646
3.618402982799294
3.6123731511235686
3.6063880335898566
3.600464460295129
3.5946196317835457
3.5888711242099074
3.583236891480909
3.577735264184648
3.572384945000624
3.5672050003632654
3.5622148481081215
3.5574342408316184
3.5528832447430196
3.5485822136980114
3.544551758160438
3.5408127086137444
3.5373860721417625
3.5342929765856494
3.5315545522374427
3.5291931843111755
3.693799699542237
3.524535022572769
3.5222210217668266
3.520307423788436
3.518815047268761
3.5177643183624245
3.5171751815991996
3.517067010124615
3.5174585148505924
3.518367653254002
3.519811538586829
3.5218063505236525
3.524367248246101
3.5275082869633962
3.5312423389725676
3.535581020226558
3.540534623434068
3.5461120585871826
3.552320801798763
3.5591668531350473
3.5666547041457846
3.5747873155012018
3.5835661051241634
3.592990947016312
3.603060180727788
3.613770631344011
3.625117639531255
3.637095100563379
3.649695508937535
3.6629099831833303
3.5631263470732413
3.6767666439730546
3.676766643973054
3.6767666439730546
3.6767666439730546
3.6767666439730546
3.676766643973054
3.6767666439730546
3.676766643973054
3.6767666439730546
3.676766643973054
3.676766643973054
3.6767666439730546
3.676766643973054
3.676766643973054
3.6767666439730546
3.6767666439730546
3.6767666439730546
3.6767666439730546
3.6767666439730546
3.676766643973054
3.676766643973054
3.6767666439730546
3.6767666439730546
3.6767666439730546
3.6767666439730546
3.676766643973054
3.676766643973054
3.6767666439730546
3.676766643973054
3.6767666439730546
3.676766643973054
3.676766643973054
3.676766643973054
3.676766643973054
3.6767666439730546
3.676766643973054
3.6767666439730546
3.6767666439730546
3.527228313669478
3.527228313669478
3.582136568039724
3.584854642550315
3.5870366981596185
3.5887662590528167
3.5901228100012137
3.5911819787799137
3.5920156351996417
3.5926919189025783
3.593275208156802
3.5938260417327488
3.59440100598775
3.595052599343042
3.5958290861938833
3.5967743521663635
3.5979277720606815
3.59932410104917
3.6009933985208833
3.602960992571681
3.605247491251226
3.607868844829016
3.6108364610872346
3.614157373604826
3.6178344608299677
3.6218667118810606
3.6262495334067464
3.6309750905315377
3.63603267407407
3.6414090857620853
3.6470890331065853
3.653055526096655
3.6592902688746576
3.6657740422729255
3.672487084328697
3.6794095794128343
3.6865189737548705
3.5787946360060876
3.688723115754751
3.6834910954439573
3.678116930429755
3.6726141010873383
3.6669962519777086
3.6612772112801566
3.655471014629679
3.6495919289791297
3.643654475497478
3.6376734512323163
3.631663949316655
3.625641377554438
3.619621475267898
3.6136203281893775
3.6076543812441733
3.6017404490138527
3.595895723654345
3.5901377800730643
3.584484578074079
3.578954461282657
3.573566152543391
3.5683387455688607
3.56329169257545
3.5584447876523213
3.5538181456744655
3.549432176524334
3.545307554563616
3.5414651834611584
3.5379261572388465
3.5347117226512674
3.531843289229257
3.5293411747605465
3.6937996995422364
3.5240476971843355
3.5212784289799774
3.5189416676072303
3.5170583151989927
3.51564888180569
3.5147333908944955
3.514331288210542
3.5144613504348907
3.515141593759794
3.516389182976624
3.5182203420459657
3.5206502671279765
3.523693043062731
3.527361564399671
3.531667461941945
3.5366210358278516
3.5422311960440473
3.548505411250803
3.5554496666022497
3.5630684312597034
3.5713646359995064
3.580339661288164
3.5899933359903016
3.6003239465815264
3.611328256538348
3.623001534843346
3.635337590317061
3.648328797345502
3.661965988565239
3.563126347073241
3.563126347073241
3.563126347073241
3.5631263470732413
3.5631263470732413
3.5631263470732413
3.5631263470732413
3.5631263470732413
3.5631263470732413
3.5631263470732413
3.5631263470732413
3.5631263470732413
3.563126347073241
3.5631263470732413
3.5631263470732413
3.563126347073241
3.5631263470732413
3.563126347073241
3.5631263470732413
3.563126347073241
3.5631263470732413
3.5631263470732413
3.5631263470732413
3.5631263470732413
3.5631263470732413
3.5631263470732413
3.5631263470732413
3.5631263470732413
3.5631263470732413
3.5631263470732413
3.563126347073241
3.563126347073241
3.5631263470732413
3.5631263470732413
3.5631263470732413
3.5631263470732413
3.5631263470732413
3.563126347073241
3.5631263470732413
3.5631263470732413
3.6767666439730546
31.01016823478946
0.0
0.0
0.0
0.0
0.0
0.0
0.0
0.0
0.0
0.0
0.0
0.0
0.0
0.0
0.0
0.0
0.0
0.0
0.0
0.0
31.01016823478946
0.0
0.0
0.0
0.0
0.0
0.0
0.0
0.0
0.0
0.0
0.0
0.0
0.0
0.0
0.0
0.0
0.0
0.0
0.0
0.0
0.0
0.0
0.0
0.0
0.0
0.0
0.0
0.0
0.0
0.0
0.0
0.0
0.0
0.0
0.0
0.0
0.0
0.0
0.0
0.0
0.0
0.0
0.0
0.0
0.0
0.0
0.0
0.0
0.0
0.0
0.0
0.0
0.0
0.0
0.0
0.0
0.0
0.0
0.0
0.0
0.0
0.0
0.0
0.0
0.0
0.0
0.0
0.0
0.0
0.0
0.0
0.0
0.0
0.0
0.0
0.0
0.0
0.0
0.0
0.0
0.0
0.0
0.0
0.0
0.0
0.0
0.0
0.0
0.0
0.0
0.0
0.0
0.0
0.0
0.0
0.0
0.0
46.55114781175442
46.55114781175434
50.68019466926327
50.68019466926327
59.56796803005099
59.56796803005074
69.36673816031967
74.63656453525668
85.97986580730894
0.0
0.0
0.0
0.0
0.0
0.0
0.0
0.0
0.0
0.0
0.0
37.7776511689891
50.39849381308006
51.4464257227238
52.39921804672548
48.92148110011179
49.632555812258225
50.26678693568379
50.827553014254676
42.854360704881394
51.7418912269081
52.10191719677154
47.97476526494554
39.927408445968226
44.1177040262904
48.492809848614776
57.760948128712485
57.806970127442504
57.806606546140586
53.05688156932255
57.6791922516828
57.55830291732391
37.7776511689891
56.92689921633532
61.26497701050543
42.90587271307703
50.91478367855704
46.1852195137755
49.97859042654088
45.330557247298074
40.963044209900495
40.5858365303114
40.21765681243358
36.20326527483907
32.43791699008751
32.16846558403741
31.913398010522812
31.674435738575383
28.264367627050497
25.065625009547414
27.921301961547922
30.91444549524691
30.78231271913091
30.677006526362256
30.600447668061314
30.5546146403253
44.03048483158969
33.235368617446376
32.74289951105789
32.317481637705875
25.957288644400546
28.625788729569603
31.452218638496298
31.296561778533455
31.204781389419217
31.17560414320719
28.205256166366553
31.300490799239125
31.452434291132427
28.616303973815302
28.858061790241127
29.150579279202972
29.492802069763997
29.88358450888426
30.321669406545023
30.805670373711973
31.334056737743968
31.905140891585646
32.51706766771649
33.1678034595911
33.85518318184318
30.54154832057165
34.831174926037214
38.81157097930553
35.31352632806306
35.537780265997526
39.55392862622552
39.76967147753745
39.96618631251453
40.14144818243464
40.29343091357583
40.42010673393916
40.519445900656336
40.589416327507124
40.6279832130991
40.63310866944268
40.60275135068478
40.53486608266016
40.42740349295224
44.34738436479657
44.13512457256137
43.87248818130157
43.55719623826719
43.186963147044445
42.75949626985131
46.34512445712581
45.74340523837518
45.07134713606934
44.32640189207839
47.52030954268532
47.52030954268532
0.0
0.0
0.0
0.0
0.0
0.0
0.0
0.0
0.0
0.0
0.0
0.0
0.0
0.0
0.0
0.0
0.0
0.0
75.83500497718276
70.60088010167712
47.9398585620069
47.9398585620069
44.034073991985835
44.03407399198581
40.314279163394296
40.3142791633943
40.31427916339429
40.31427916339427
40.31427916339433
44.034073991985835
52.040932360529055
47.93985856200688
52.04093236052909
56.34705984897735
60.868493711848
65.61599926786224
75.83500497718276
0.0
0.0
1.157651563473188
0.0
0.0
0.0
0.0
0.0
0.0
0.0
0.0
0.0
0.0
0.0
0.0
0.0
0.0
0.0
0.0
0.0
0.0
0.0
0.0
1.0
0.0
0.0
0.0
0.0
0.0
0.0
0.0
0.0
0.0
0.0
0.0
0.0
0.0
0.0
0.0
0.0
0.0
0.0
0.0
0.0
0.0
0.0
0.0
0.0
0.0
0.0
0.0
0.0
0.0
0.0
0.0
0.0
0.0
0.0
0.0
0.0
0.0
0.0
0.0
0.0
0.0
0.0
0.0
0.0
0.0
0.0
0.0
0.0
0.0
0.0
0.0
0.0
0.0
0.0
0.0
0.0
0.0
0.0
0.0
0.0
0.0
0.0
0.0
0.0
0.0
0.0
0.0
0.0
0.0
0.0
0.0
0.0
0.0
0.0
0.0
0.0
0.0
0.0
0.0
0.0
0.0
0.0
0.0
0.0
0.0
0.0
0.0
0.0
0.0
0.0
0.0
0.0
0.0
0.0
0.0
0.0
0.0
1.6298741887577493
1.6514693695176204
1.658667763104244
1.680262943864115
1.6730645502774912
1.8314292091832123
1.835028405976524
1.838627602769836
1.84266191270059
0.0
0.0
0.0
0.0
0.0
0.0
0.0
0.0
0.0
0.0
0.0
1.1614051721273115
1.1383640827298152
1.1383640827298152
1.6301945764681662
0.9294060802398902
0.9294060802398902
0.9294060802398902
0.9294060802398902
1.6640796579530188
1.6697271715338275
1.6753746851146365
1.686669712276254
1.692317225857063
1.6979647394378716
1.7036122530186804
1.1383640827298152
1.1383640827298152
1.1383640827298152
1.8222100382156647
0.9294060802398902
0.9294060802398902
1.0037536086541234
0.9294060802398902
0.9294060802398902
1.8321611130015616
1.83646467420665
1.83646467420665
1.727052502177169
1.8407682354117378
1.723453305383857
1.7198541085905452
1.7198541085905452
1.7162549117972334
1.7126557150039217
1.7090565182106097
1.705457321417298
1.705457321417298
1.7018581246239861
1.6982589278306741
1.6946597310373623
1.6910605342440506
0.9280160641337631
0.9280160641337631
0.9280160641337631
0.9280160641337631
1.825033795006069
0.9280160641337631
0.9280160641337631
1.064785542279613
1.0791823294528604
1.093579116626108
1.1079759037993553
1.1223726909726026
1.13676947814585
1.1511662653190973
1.3455228921579367
1.179959839665592
1.1943566268388395
1.2087534140120868
1.2231502011853341
1.2375469883585815
1.2519437755318288
1.2591421691184526
1.2735389562916999
1.2879357434649472
1.3023325306381945
1.3167293178114419
1.3311261049846892
1.5146998913717704
1.365769480364929
0.9280160641337631
1.397266139788452
1.3909668079037474
1.4161641354425658
1.428762799211975
1.4224634673272702
1.4350621310966796
1.441361462981384
1.4539601267507933
1.4665587905202024
1.4791574542896115
1.4931047106118993
1.5075014977851469
1.991931380138492
1.5290966785450177
1.5362950721316415
1.543493465718265
1.5506918593048888
1.5578902528915126
1.5578902528915126
1.5650886464781362
1.5794854336513835
1.5866838272380073
1.5938822208246308
1.6082790079978784
1.6010806144112546
1.615477401584502
1.615477401584502
1.6298741887577493
1.6298741887577493
0.0
0.0
0.0
0.0
0.0
0.0
0.0
0.0
0.0
0.0
0.0
0.0
0.0
0.0
0.0
0.0
0.0
0.0
1.7290260641323199
1.7262023073419155
0.9294060802398902
1.5511293863368434
1.4475229893102872
1.299708450297265
1.2146055160707336
1.1694254074242634
1.1355403259394108
1.101655244454558
1.0621226493888967
1.0225900543232351
1.0
1.7120835233898934
1.7149072801802978
1.7177310369707022
1.7205547937611065
1.7233785505515111
1.7290260641323199
0.0
0.0
