31.01016823478946
0.0
0.0
0.0
0.0
0.0
0.0
0.0
0.0
0.0
0.0
0.0
0.0
0.0
0.0
0.0
0.0
0.0
0.0
0.0
0.0
31.01016823478946
0.0
0.0
0.0
0.0
0.0
0.0
0.0
0.0
0.0
0.0
0.0
0.0
0.0
0.0
0.0
0.0
0.0
0.0
0.0
0.0
0.0
0.0
0.0
0.0
0.0
0.0
0.0
0.0
0.0
0.0
0.0
0.0
0.0
0.0
0.0
0.0
0.0
0.0
0.0
0.0
0.0
0.0
0.0
0.0
0.0
0.0
0.0
0.0
0.0
0.0
0.0
0.0
0.0
0.0
0.0
0.0
0.0
0.0
0.0
0.0
0.0
0.0
0.0
0.0
0.0
0.0
0.0
0.0
0.0
0.0
0.0
0.0
0.0
0.0
0.0
0.0
0.0
0.0
0.0
0.0
0.0
0.0
0.0
0.0
0.0
0.0
0.0
0.0
0.0
0.0
0.0
0.0
0.0
0.0
0.0
0.0
0.0
46.55114781175442
46.55114781175434
50.68019466926327
50.68019466926327
59.56796803005099
59.56796803005074
69.36673816031967
74.63656453525668
85.97986580730894
0.0
0.0
0.0
0.0
0.0
0.0
0.0
0.0
0.0
0.0
0.0
37.7776511689891
50.39849381308006
51.4464257227238
52.39921804672548
48.92148110011179
49.632555812258225
50.26678693568379
50.827553014254676
42.854360704881394
51.7418912269081
52.10191719677154
47.97476526494554
39.927408445968226
44.1177040262904
48.492809848614776
57.760948128712485
57.806970127442504
57.806606546140586
53.05688156932255
57.6791922516828
57.55830291732391
37.7776511689891
56.92689921633532
61.26497701050543
42.90587271307703
50.91478367855704
46.1852195137755
49.97859042654088
45.330557247298074
40.963044209900495
40.5858365303114
40.21765681243358
36.20326527483907
32.43791699008751
32.16846558403741
31.913398010522812
31.674435738575383
28.264367627050497
25.065625009547414
27.921301961547922
30.91444549524691
30.78231271913091
30.677006526362256
30.600447668061314
30.5546146403253
44.03048483158969
33.235368617446376
32.74289951105789
32.317481637705875
25.957288644400546
28.625788729569603
31.452218638496298
31.296561778533455
31.204781389419217
31.17560414320719
28.205256166366553
31.300490799239125
31.452434291132427
28.616303973815302
28.858061790241127
29.150579279202972
29.492802069763997
29.88358450888426
30.321669406545023
30.805670373711973
31.334056737743968
31.905140891585646
32.51706766771649
33.1678034595911
33.85518318184318
30.54154832057165
34.831174926037214
38.81157097930553
35.31352632806306
35.537780265997526
39.55392862622552
39.76967147753745
39.96618631251453
40.14144818243464
40.29343091357583
40.42010673393916
40.519445900656336
40.589416327507124
40.6279832130991
40.63310866944268
40.60275135068478
40.53486608266016
40.42740349295224
44.34738436479657
44.13512457256137
43.87248818130157
43.55719623826719
43.186963147044445
42.75949626985131
46.34512445712581
45.74340523837518
45.07134713606934
44.32640189207839
47.52030954268532
47.52030954268532
0.0
0.0
0.0
0.0
0.0
0.0
0.0
0.0
0.0
0.0
0.0
0.0
0.0
0.0
0.0
0.0
0.0
0.0
75.83500497718276
70.60088010167712
47.9398585620069
47.9398585620069
44.034073991985835
44.03407399198581
40.314279163394296
40.3142791633943
40.31427916339429
40.31427916339427
40.31427916339433
44.034073991985835
52.040932360529055
47.93985856200688
52.04093236052909
56.34705984897735
60.868493711848
65.61599926786224
75.83500497718276
0.0
0.0
