1.157651563473188
0.0
0.0
0.0
0.0
0.0
0.0
0.0
0.0
0.0
0.0
0.0
0.0
0.0
0.0
0.0
0.0
0.0
0.0
0.0
0.0
1.0
0.0
0.0
0.0
0.0
0.0
0.0
0.0
0.0
0.0
0.0
0.0
0.0
0.0
0.0
0.0
0.0
0.0
0.0
0.0
0.0
0.0
0.0
0.0
0.0
0.0
0.0
0.0
0.0
0.0
0.0
0.0
0.0
0.0
0.0
0.0
0.0
0.0
0.0
0.0
0.0
0.0
0.0
0.0
0.0
0.0
0.0
0.0
0.0
0.0
0.0
0.0
0.0
0.0
0.0
0.0
0.0
0.0
0.0
0.0
0.0
0.0
0.0
0.0
0.0
0.0
0.0
0.0
0.0
0.0
0.0
0.0
0.0
0.0
0.0
0.0
0.0
0.0
0.0
0.0
0.0
0.0
0.0
0.0
0.0
0.0
0.0
0.0
0.0
0.0
0.0
0.0
0.0
0.0
0.0
0.0
0.0
0.0
1.6298741887577493
1.6514693695176204
1.658667763104244
1.680262943864115
1.6730645502774912
1.8314292091832123
1.835028405976524
1.838627602769836
1.84266191270059
0.0
0.0
0.0
0.0
0.0
0.0
0.0
0.0
0.0
0.0
0.0
1.1614051721273115
1.1383640827298152
1.1383640827298152
1.6301945764681662
0.9294060802398902
0.9294060802398902
0.9294060802398902
0.9294060802398902
1.6640796579530188
1.6697271715338275
1.6753746851146365
1.686669712276254
1.692317225857063
1.6979647394378716
1.7036122530186804
1.1383640827298152
1.1383640827298152
1.1383640827298152
1.8222100382156647
0.9294060802398902
0.9294060802398902
1.0037536086541234
0.9294060802398902
0.9294060802398902
1.8321611130015616
1.83646467420665
1.83646467420665
1.727052502177169
1.8407682354117378
1.723453305383857
1.7198541085905452
1.7198541085905452
1.7162549117972334
1.7126557150039217
1.7090565182106097
1.705457321417298
1.705457321417298
1.7018581246239861
1.6982589278306741
1.6946597310373623
1.6910605342440506
0.9280160641337631
0.9280160641337631
0.9280160641337631
0.9280160641337631
1.825033795006069
0.9280160641337631
0.9280160641337631
1.064785542279613
1.0791823294528604
1.093579116626108
1.1079759037993553
1.1223726909726026
1.13676947814585
1.1511662653190973
1.3455228921579367
1.179959839665592
1.1943566268388395
1.2087534140120868
1.2231502011853341
1.2375469883585815
1.2519437755318288
1.2591421691184526
1.2735389562916999
1.2879357434649472
1.3023325306381945
1.3167293178114419
1.3311261049846892
1.5146998913717704
1.365769480364929
0.9280160641337631
1.397266139788452
1.3909668079037474
1.4161641354425658
1.428762799211975
1.4224634673272702
1.4350621310966796
1.441361462981384
1.4539601267507933
1.4665587905202024
1.4791574542896115
1.4931047106118993
1.5075014977851469
1.991931380138492
1.5290966785450177
1.5362950721316415
1.543493465718265
1.5506918593048888
1.5578902528915126
1.5578902528915126
1.5650886464781362
1.5794854336513835
1.5866838272380073
1.5938822208246308
1.6082790079978784
1.6010806144112546
1.615477401584502
1.615477401584502
1.6298741887577493
1.6298741887577493
0.0
0.0
0.0
0.0
0.0
0.0
0.0
0.0
0.0
0.0
0.0
0.0
0.0
0.0
0.0
0.0
0.0
0.0
1.7290260641323199
1.7262023073419155
0.9294060802398902
1.5511293863368434
1.4475229893102872
1.299708450297265
1.2146055160707336
1.1694254074242634
1.1355403259394108
1.101655244454558
1.0621226493888967
1.0225900543232351
1.0
1.7120835233898934
1.7149072801802978
1.7177310369707022
1.7205547937611065
1.7233785505515111
1.7290260641323199
0.0
0.0
