-19.8232283249 40.043078387
-19.2013170313 141.141699358
-18.5662730599 142.223863418
-17.9182631621 143.289732783
-17.2574540896 144.33946967
-16.5840125938 145.373236298
-15.8981054263 146.391194883
-15.1998993387 147.393507645
-14.4895610824 148.380336799
-13.7672574091 149.351844564
-13.0331550703 150.308193158
-12.2874208175 151.249544797
-11.5302214022 152.176061701
-10.7617235761 153.087906085
-9.98209409059 153.985240168
-9.1914996973 154.868226168
-8.39010714774 155.737026301
-7.57808319347 156.591802787
-6.75559458601 157.432717841
-5.92280807693 158.259933682
-5.07989041775 159.073612528
-4.22700836002 159.873916596
-3.36432865529 160.661008103
-2.49201805509 161.435049267
-1.61024331098 162.196202307
-0.719171174493 162.944629439
0.181031602828 163.68049288
1.09019826944 164.40395485
2.00816207379 165.115177565
2.93475626435 165.814323242
3.86981408957 166.5015541
4.81316879791 167.177032356
5.76465363782 167.840920228
6.72410185777 168.493379933
7.6913467062 169.134573689
8.66622143157 169.764663714
9.64855928235 170.383812224
10.638193507 170.992181438
11.6349573539 171.589933574
12.6386840717 172.177230848
13.6492069086 172.754235479
14.6663591132 173.321109684
15.689973934 173.878015681
16.7198846194 174.425115687
17.7559244179 174.96257192
18.7979265778 175.490546597
19.8457243477 176.009201936
20.8991509761 176.518700156
21.9580397113 177.019203472
23.0222238019 177.510874104
24.0915364963 177.993874268
25.1658110429 178.468366182
26.2448806903 178.934512064
27.3285786868 179.392474131
28.4167382809 179.842414601
29.5091927211 180.284495692
30.6057752559 180.718879621
31.7063191337 181.145728606
32.8106576029 181.565204864
33.918623912 181.977470613
35.0300513095 182.38268807
36.1447730438 182.781019454
37.2626223634 183.172626981
38.3834325168 183.55767287
39.5070367523 183.936319338
40.6332683185 184.308728603
41.7619604638 184.675062881
42.8929464366 185.035484392
44.0260594855 185.390155352
45.1611328589 185.739237979
46.2979998052 186.08289449
47.4364935729 186.421287104
48.5764474104 186.754578037
49.7176945663 187.082929508
50.8600682889 187.406503734
52.0034018268 187.725462933
53.1475284283 188.039969322
54.2922813419 188.350185118
55.4374938162 188.65627254
56.5829990995 188.958393806
57.7286304403 189.256711131
58.874221087 189.551386735
60.0196042882 189.842582835
61.1646132923 190.130461649
62.3090813477 190.415185393
63.4528417029 190.696916286
64.5957276063 190.975816545
65.7375723065 191.252048389
66.8782090518 191.525774033
68.0174710907 191.797155697
69.1551916717 192.066355598
70.2912040432 192.333535952
71.4253414537 192.598858979
72.5574371517 192.862486895
73.6873243855 193.124581918
74.8148364038 193.385306266
75.9398064548 193.644822157
77.0620677871 193.903291807
78.1814536492 194.160877434
79.2977972894 194.417741257
80.410931956 194.674045493
