200.93317476 82.616023786
202.79389203 183.057409852
204.670972099 183.521966452
206.563840381 184.008014507
208.471922293 184.513874939
210.394643251 185.037868668
212.331428669 185.578316615
214.281703964 186.133539701
216.244894551 186.701858848
218.220425847 187.281594976
220.207723266 187.871069006
222.206212224 188.468601859
224.215318138 189.072514457
226.234466422 189.681127719
228.263082493 190.292762568
230.300591765 190.905739924
232.346419656 191.518380708
234.39999158 192.129005841
236.460732953 192.735936244
238.528069191 193.337492838
240.601425709 193.931996544
242.680227923 194.517768283
244.763901249 195.093128976
246.851871103 195.656399544
248.9435629 196.205900908
251.038402056 196.739953988
253.135813986 197.256879707
255.235224106 197.754998985
257.336057832 198.232632742
259.43774058 198.6881019
261.539697765 199.11972738
263.641354803 199.525830103
265.742137109 199.90473099
267.8414701 200.254750961
269.938779191 200.574210938
272.033489797 200.861431842
274.125027334 201.114734594
276.212817219 201.332440114
278.296284866 201.512869324
280.374855691 201.654343145
282.447955111 201.755182497
284.51500854 201.813708302
286.575441394 201.82824148
288.628679089 201.797102953
290.674147041 201.718613642
292.711270666 201.591094467
294.739475378 201.412866349
296.758186594 201.18225021
298.766829729 200.897566971
300.764830431 200.557138426
302.751857255 200.160207677
304.72828215 199.708685606
306.694603641 199.204963187
308.651320257 198.651431392
310.598930525 198.050481195
312.537932972 197.404503569
314.468826125 196.715889487
316.392108511 195.987029924
318.308278658 195.220315851
320.217835093 194.418138243
322.121276343 193.582888073
324.019100936 192.716956313
325.911807399 191.822733938
327.799894259 190.902611921
329.683860043 189.958981234
331.564203278 188.994232852
333.441422493 188.010757746
335.316016213 187.010946892
337.188482967 185.997191262
339.059321282 184.971881829
340.929029685 183.937409567
342.798106702 182.896165449
344.667050863 181.850540447
346.536360693 180.802925537
348.40653472 179.75571169
350.278071471 178.711289881
352.151469473 177.672051082
354.027227255 176.640386266
355.905843343 175.618686408
357.787816263 174.60934248
359.673644545 173.614745455
361.563826714 172.637286308
363.458861299 171.67935601
365.359246825 170.743345536
367.265481822 169.831645859
369.178064815 168.946647952
371.097494333 168.090742789
373.024268901 167.266321342
374.958887049 166.475774585
376.901847303 165.721493491
378.85364819 165.005869034
380.814788237 164.331292187
382.785765972 163.700153923
384.767079922 163.114845215
386.759228615 162.577757037
388.762710577 162.091280362
390.778024336 161.657806164
392.805668418 161.279725415
394.846141353 160.959429089
396.899941666 160.699308159
398.96756788 160.501753599
