100.217004459 9.3752359955
102.572028596 39.7201812973
104.932695055 40.1047428633
107.298846559 40.5269037806
109.670325826 40.984647136
112.046975578 41.4759560165
114.428638535 41.998813509
116.815157417 42.5512027006
119.206374944 43.1311066781
121.602133838 43.7365085284
124.002276817 44.3653913386
126.406646603 45.0157381956
128.815085917 45.6855321863
131.227437477 46.3727563976
133.643544005 47.0753939166
136.063248221 47.79142783
138.486392845 48.518841225
140.912820599 49.2556171884
143.342374201 49.9997388072
145.774896373 50.7491891683
148.210229834 51.5019513586
150.648217306 52.2560084652
153.088701508 53.0093435749
155.531525161 53.7599397747
157.976530985 54.5057801516
160.423561701 55.2448477924
162.872460029 55.9751257842
165.323068689 56.6945972138
167.775230402 57.4012451683
170.228787887 58.0930527345
172.683583866 58.7680029994
175.139461059 59.42407905
177.596262186 60.0592639731
180.053829967 60.6715408558
182.512007123 61.258892785
184.970636375 61.8193028476
187.429560441 62.3507541305
189.888622044 62.8512297208
192.347663903 63.3187127053
194.806528738 63.751186171
197.26505927 64.1466332049
199.72309822 64.5030368938
202.180488307 64.8183803248
204.637072252 65.0906465848
207.092692776 65.3178187606
209.547192598 65.4978799394
212.000414439 65.6288132079
214.45220102 65.7086016532
216.902395061 65.7352283622
219.350839281 65.7066764218
221.79738227 65.6211191971
224.24194205 65.4789815442
226.684482025 65.2821598763
229.124966383 65.0325759997
231.563359309 64.7321517206
233.999624991 64.3828088454
236.433727617 63.9864691803
238.865631373 63.5450545317
241.295300446 63.0604867058
243.722699024 62.534687509
246.147791294 61.9695787475
248.570541442 61.3670822277
250.990913656 60.7291197557
253.408872124 60.057613138
255.824381031 59.3544841808
258.237404565 58.6216546904
260.647906914 57.8610464731
263.055852264 57.0745813353
265.461204802 56.2641810831
267.863928716 55.4317675228
270.263988192 54.5792624609
272.661347418 53.7085877036
275.055970581 52.8216650571
277.447821867 51.9204163278
279.836865465 51.0067633219
282.22306556 50.0826278458
284.606386341 49.1499317057
286.986791994 48.210596708
289.364246706 47.2665446589
291.738714665 46.3196973648
294.110160057 45.3719766319
296.478547069 44.4253042665
298.84383989 43.4816020749
301.206002705 42.5427918634
303.564999702 41.6107954383
305.920795068 40.687534606
308.27335299 39.7749311726
310.622637655 38.8749069445
312.96861325 37.989383728
315.311243963 37.1202833294
317.65049398 36.2695275549
319.986327488 35.4390382109
322.318708675 34.6307371037
324.647601728 33.8465460395
326.972970834 33.0883868247
329.294780179 32.3581812655
331.612993952 31.6578511683
333.927576338 30.9893183393
336.238491526 30.3545045848
338.545703701 29.7553317112
340.84917705 29.1937215246
