0.20385626967191683 -34.40345671148464
0.2210990295756119 -34.214326285535236
0.23859033584136569 -34.08293052129872
0.2563765706237291 -34.006912120382395
0.2745186491807772 -33.98391374049629
0.29307801452003446 -34.01157807014374
0.3121131407972939 -34.087547848109836
0.3316783733155546 -34.20946586922403
0.35182347138669456 -34.374974986799714
0.37259340949921693 -34.58171811353196
0.3940282901814669 -34.82733822171804
0.41616331471416856 -35.109478342946545
0.4390287929140868 -35.42578156777995
0.462650190822842 -35.77389104429895
0.4870482300075025 -36.151449976074275
0.5122390742664891 -36.55610161885201
0.5382346852345279 -36.98548927349657
0.5650435400187916 -37.437256272445865
0.5926722149300474 -37.90904595008823
0.6211293488837271 -38.39850156828436
0.6504375373407925 -38.90326609191257
0.680680912237591 -39.42098129482298
0.7123382077737688 -39.949281493767046
0.7418357186265041 -40.48587720251578
0.18692827461461548 -34.65267852388229
1.0156365450326632 -41.5542098307763
1.2664066222063184 -42.08068598540254
1.5234962436417732 -42.605446795546584
1.7866798101503605 -43.12614464704953
2.055750815156614 -43.64043519360334
2.330470218304356 -44.14597832765671
2.610553541582874 -44.640438422349575
2.8956665718533827 -45.121484411819125
3.185423647282562 -45.58678982264993
3.4793868862619206 -46.03403278616
3.7770658136469137 -46.46089604335802
4.077917177573227 -46.86506694442258
4.38134487373253 -47.24423744389068
4.6866999483816585 -47.59610409005643
4.993280685886873 -47.91836800539036
5.30033282691727 -48.20873484764067
5.607050045289043 -48.464914733414815
5.91257502777421 -48.68462206689455
6.216002199629713 -48.86557511379863
6.516385924266103 -49.005494720271145
6.812773326556567 -49.102099190463946
7.104434089698827 -49.1530684263013
7.387771344727923 -49.15652696508192
0.7717921028775834 -41.028362415675105
7.544605186370063 -49.05601477813477
7.419512735852777 -48.95581446758254
7.288633253555986 -48.81259373826515
7.152501229317522 -48.62855103411948
7.011681492375374 -48.40587950028785
6.866733638763719 -48.1467725339663
6.71820313908961 -47.853425172066494
6.566618375613928 -47.52803455355672
6.412489458744119 -47.17280010458464
6.256307691306972 -46.789923621778854
6.09854530420273 -46.38160931442266
5.939655319046608 -45.95006382596483
5.780071477443187 -45.497496245694606
5.620208210755038 -45.026118115228115
5.460460640679457 -44.5381434294857
5.30120461291574 -44.03578863529171
5.1427967784871385 -43.5212726237005
4.985574761565601 -42.99681671438202
4.82985750795865 -42.46464462159716
4.675946062536752 -41.926982378427226
4.524125522075622 -41.38605814465089
4.374670903102185 -40.844101631156406
4.227870622891146 -40.30334179245946
4.084190882075575 -39.76599067825504
3.9420511325195093 -39.23446197519462
7.663655468477316 -49.110952068522806
3.925189898013855 -38.15952634183091
4.04428942288564 -37.62158243337885
4.160484781072341 -37.0992584087233
4.274187447794645 -36.59475737330112
4.38588526491742 -36.11027254684814
4.496117048005431 -35.647989757153795
4.605466245528419 -35.21008806212987
4.71455883460942 -34.79873995488751
4.824062491657401 -34.41611144350384
4.93468623199999 -34.06436208325971
5.047180253171291 -33.745644987754474
5.162335884918434 -33.462106828042465
5.28098561274652 -33.21588782020069
5.404003175081755 -33.00912170009252
5.532303762782476 -32.84393567831114
5.66684439326059 -32.72245035690824
5.808624623996025 -32.64677957491912
5.958687993831575 -32.6190300958439
6.118125206882837 -32.64130091973061
6.288082105136596 -32.715681561330626
6.469783600828805 -32.84424688060864
6.664629427416628 -33.02903640448211
6.874864436438884 -33.271909566990345
-2.2007376476657043 -34.89530404059519
14.007028410002931 -31.338693846028235
16.28585809259897 -30.217236853184374
18.528624220616905 -28.89637799698926
20.703805768478503 -27.37997449879805
22.7803386967027 -25.678137504835234
24.72920416342447 -23.80707958354796
26.524935584127206 -21.788491666740498
28.146884130715875 -19.648498430815806
29.58011283522336 -17.41629987997362
30.815842268211497 -15.12264666499965
31.851433967485377 -12.798309695761958
32.689957710055694 -10.472690283231316
33.339433933869884 -8.17268143407307
33.811866840934954 -5.9218441033683575
34.12218653111955 -3.73991486389707
34.287204171750886 -1.6426219706261804
34.324659369579194 0.3582401653584384
34.25241040962533 2.2545416350794483
15.538017137708152 30.60850535851111
17.619941093310047 29.45926429363095
19.688029775026564 28.119247152642345
21.71326433348554 26.586551653757226
23.665328230477485 24.86489124443304
25.514001174215196 22.96402231613314
27.230695861270476 20.899755495333068
28.78998857383357 18.693505149442927
30.170980986891834 16.371392217594973
31.358344956908354 13.96297885185163
32.342943212662306 11.499765267005102
33.121978249638346 9.013608249985197
33.69868625769681 6.53522159984135
34.081649032848304 4.092893359894532
34.28383447569831 1.7115111733890274
34.32149120035791 -0.5880634638123468
34.213016578440715 -2.7892783039803817
33.97789598206231 -4.879873101410709
33.635781494520586 -6.851626092146461
33.2057478039801 -8.699936185523796
3.8030288909024534 -38.7108596768212
34.85521697490219 17.265790896917224
-15.291797731602855 30.818952598395782
-15.21279662636897 30.64725274576182
-15.15938554972243 30.527306404582674
-15.130561701607206 30.456980552440655
-15.12530698319864 30.434149758567514
-15.14259795705243 30.456691242993685
-15.181408333731952 30.52248364404852
-15.240709796130886 30.62940660909777
-15.31947232419671 30.775340633635977
-15.416664335979448 30.958166991377595
-15.53125274933808 31.175767703719487
-15.66220300258334 31.426025529489976
-15.808479047685125 31.70682396880312
-15.969043316508476 32.01604727970903
-16.14285665090432 32.35158051326323
-16.328878171538634 32.71130957961083
-16.526065027817253 33.09312137296547
-16.7333718936583 33.49490402425789
-16.949749854994252 33.91454745877073
-17.174143625664755 34.34994479119723
-17.405483192195447 34.79899651114005
-17.64265039191062 35.259627229845194
-17.884244951953207 35.72990290260333
-18.131701601786318 36.20646903905944
-15.397306617270772 31.0445811695557
-16.947116987523316 37.10504357262346
-15.467871749080189 37.521383181964865
-13.943859067007878 37.93486699305234
-12.374622897252266 38.343372327253206
-10.760037354044329 38.7448180758407
-9.10034297458077 39.1371465280215
-7.396155783178131 39.518318826178415
-5.648470310129369 39.88631344928481
-3.858660795606511 40.23912560386975
-2.028481731579518 40.57476694295053
-0.16006812518196512 40.89126542098214
1.744064371302727 41.186665207823694
3.6810194049018605 41.45902662768967
5.6475199198884525 41.7064261028157
7.6399082116778345 41.92695608441625
9.654146065553505 42.11872494305226
11.685815062208519 42.279856765853225
13.73011727079438 42.40849091978396
15.781876999439646 42.50278097234283
17.835546061812806 42.560891461554036
19.885224859883635 42.580984990132606
21.92480998419876 42.56113190246526
23.945988421385096 42.50053876966274
-18.382127121660886 36.68813961003127
26.621020234719538 41.55749319223983
27.271709487707597 40.681915233891345
27.894624190075774 39.7749279103069
28.489143925484257 38.84038546226719
29.05480962699795 37.88198111935537
29.59130072622662 36.90326108298615
30.098429439535096 35.90762802326293
30.576138862374364 34.898342245449726
31.024502206306806 33.8785221576328
31.443722450954567 32.851144483576036
31.83413216974617 31.819044370462706
32.19619343489711 30.784915447083563
32.53049776247559 29.75130985793976
32.837766079174514 28.720638285018026
33.11884869988074 27.695169961805448
33.37472531292963 26.677032684911296
33.606504967942044 25.668212824129967
33.81542606514233 24.670555335121264
34.002856342018106 23.685763778996147
34.17029285168081 22.715400361493835
34.31936191409693 21.76088602644043
34.451818977617734 20.823500733785835
34.56954806884772 19.904384566079443
34.67455795667104 19.00454547200107
34.76903538217209 18.124751805980054
25.943498143447812 42.39754865905795
33.61035290479742 17.762409214417488
32.39761642909639 18.245141475722107
31.218120790343505 18.71582915313479
30.072793191620008 19.176494862062384
28.96237895042742 19.629333984086543
27.88744209827894 20.076713467376038
26.84836553811334 20.52117152361589
25.845351105503767 20.965417522849975
24.878419604792327 21.412331946612227
23.9474108402178 21.86496635977619
23.051983652263743 22.32654338745968
22.191615967431858 22.800456690030046
21.365604871057485 23.290270929056987
20.573066721856094 23.799721716570787
19.812937341435997 24.332715533477057
19.083972343242692 24.893329587389047
18.38474774352767 25.485811551743666
17.71366118114787 26.11457904409761
17.068934601331023 26.78421848063644
16.448620965033797 27.499482213555638
15.850624377521797 28.265279942989224
15.272780608312075 29.08664436828633
14.713420740175195 29.96849074338573
-4.690670706703116 -34.64856560668434
-4.690670706703116 -34.64856560668434
-7.25720673522747 -34.20319342812306
-9.87097465876758 -33.54235158073149
-12.498039618197993 -32.65462441954256
-15.101242041423234 -31.53534491781852
-17.64197833314782 -30.187515478624192
-20.0822665971167 -28.62216027140093
-22.386877666305594 -26.858019261168522
-24.52528620486882 -24.92059041934408
-26.473218051180424 -22.840626442680758
-28.213634311117374 -20.65227176941977
-29.73708378233843 -18.391066809775225
-31.041450496942616 -16.092042795285266
-32.1312013284149 -13.78808875342412
-33.01628622390393 -11.508706889163648
-33.71085735087311 -9.279201848678412
-34.23195863741836 -7.120287783896856
-34.598304080414465 -5.048053589118069
-34.82922283575488 -3.0742034637873985
-17.639555302755213 30.18893139878375
-19.753376330945798 28.850123289293975
-21.846421957204825 27.299438418165153
-23.884888548660513 25.535026714250705
-25.83332946356566 23.561930716864055
-27.656448078175686 21.392670940735854
-29.3211023379275 19.047268779754603
-30.798308640748417 16.552633480767724
-32.06500839005341 13.941331615926657
-33.10538102437846 11.249854999516828
-33.91155129769709 8.516582581240641
-34.483631759997735 5.7796739458474065
-34.829141228849466 3.0751278900704904
-34.96192352787284 0.43519364724642173
-34.90074178055596 -2.11275020917941
-34.6677367940506 -4.546813813854897
-34.286918530058955 -6.850745068423663
-33.78281877985455 -9.013692116271699
-33.17938402308394 -11.029685676761346
-32.49914096221261 -12.896950298332797
9.460725601618549 -32.997049079343384
