1.2776385066916163 -34.99073767940136
1.4453138859676073 -35.836838258382635
1.617264745383423 -36.609617245681335
1.7920857144839033 -37.3114887985262
1.9689488015593213 -37.94484454107386
2.1471520853011867 -38.51207004362695
2.326055243118674 -39.015547176701574
2.505063434548319 -39.45765469890852
2.683621931243053 -39.84076845293223
2.861213972543723 -40.16726144335946
3.037359796764335 -40.439503871384915
3.2116161671796988 -40.659863150533326
3.3835761354332305 -40.830703913635745
3.552868941473349 -40.95438801137149
3.7191600256417416 -41.033274504187965
3.8821511991038733 -41.06971963729928
4.041581176789464 -41.0660767742657
4.197227264720709 -41.0246961966766
4.348912194333479 -40.947924296656325
4.496552076652989 -40.83809792219735
4.639512476686917 -40.69762029155623
1.2776385066916163 -34.99073767940136
4.667984561915205 -40.35400999922552
4.556071379697215 -40.155327230855264
4.442696849646126 -39.93504539148091
4.32823889402016 -39.69546760134803
4.213065661872037 -39.43889759525313
4.0975280341722 -39.16764060654899
3.981957750047684 -38.88400358785057
3.866666782205982 -38.59029528457103
3.7519470871468457 -38.2888262643745
3.6380704917378637 -37.98190893105746
3.5252886364984874 -37.671857530338535
3.413832945358763 -37.36098815424293
3.303914608589423 -37.05161874293619
3.1957245729877855 -36.74606908541555
3.0894335366406267 -36.44666082089725
2.9851919469845427 -36.15571743896573
2.8831300025636892 -35.875564279106584
2.783357661311726 -35.60852853107036
2.6859646644763586 -35.3569392327863
2.591020611587851 -35.12312726583968
2.498575263251098 -34.90942533552811
2.408660664995807 -34.71816783326242
2.321262593918476 -34.55169269190774
4.7781011650886 -40.528785005875974
2.2929902344116897 -34.28992144454591
2.351349275718661 -34.19936912560485
2.41180334306776 -34.14298679316706
2.474699134922332 -34.122902253702776
2.540219235536881 -34.1388139564135
2.608409879375614 -34.18865934016412
2.679298953827555 -34.27033769568417
2.7528987683911055 -34.38174969365548
2.829206049957463 -34.52079738442293
2.9082019468010856 -34.68538419751279
2.9898520391395493 -34.87341494002868
3.074106357405725 -35.08279579494027
3.1608994116738245 -35.31143431754415
3.250150239435726 -35.557239429779656
3.3417624857367514 -35.818121412028106
3.4356245434206585 -36.09199188646261
3.5316098138801237 -36.376763788287406
3.6295772284881593 -36.67035130712576
3.729372395764301 -36.97066975850008
3.8308304691210537 -37.275635261449246
3.9337847502736167 -37.58316377398196
4.038101102396411 -37.891167231126
4.143918842535982 -38.1975265156704
4.248417872050425 -38.50045420407286
2.236386849030538 -34.41233707792357
4.503585359229305 -39.07477523040424
4.6550043081026615 -39.34176945916909
4.806838476319058 -39.59661962915524
4.958644698902219 -39.83727784367394
5.110006621156458 -40.061694357892414
5.260497657702047 -40.26782173463749
5.409671733476671 -40.453615883879856
5.557060198732131 -40.61703640810691
5.7021705969278855 -40.756046740527076
5.844486107078524 -40.868614207301505
5.983465268142766 -40.95271005809588
6.118541834909081 -41.00630948138517
6.249124701626329 -41.02739161218141
6.374597864532575 -41.01393953498785
6.494320410344017 -40.963940282922735
6.607626526377942 -40.87538483376677
6.713825533773672 -40.74626810181167
6.812201951573456 -40.5745889238784
6.902015608590602 -40.358350035475986
6.982501837212908 -40.09555803060638
7.052871818483027 -39.78422329060606
7.112313227964819 -39.42235985085982
7.159991532257436 -39.00798513470073
7.195052845397413 -38.53911936572261
7.216631074597842 -38.01378409982104
7.22386936201076 -37.429997819578546
7.21600585727947 -36.78575831015204
7.192974134757321 -36.07891929321932
9.444274824756349 -34.769978326216716
11.671418788972858 -34.087001968837306
13.911926559847359 -33.23558362906421
16.1427190865399 -32.21115242061619
18.339350118834204 -31.013125559832286
20.47690334366274 -29.645271953979467
22.530993172531794 -28.115833020389633
24.478790068282308 -26.437370454795072
26.299982703201636 -24.626340158099033
27.97759305675214 -22.702422921835506
29.498576641084753 -20.68767014240983
30.85416556303892 -18.605541840529376
32.03994231705326 -16.479921604516445
33.05566160298406 -14.334188353726569
33.90486132437047 -12.190410097544401
34.59431921460566 -10.068703881288357
35.13341735033811 -7.98678314830633
35.53347413156604 -5.959692602176283
35.80709438255684 -3.9997139459934843
35.96757578765755 -2.116414829426386
24.38773295205607 26.521391389410667
26.050607869045507 24.889988939819375
27.647819708215536 23.102895601052168
29.156775463651456 21.166675797897994
30.555503919524313 19.092063796118005
31.82361945876562 16.89387357342249
32.94326615418288 14.590645457476313
33.89995797060806 12.204039059348922
34.68323684839817 9.758012168931863
35.28708827467 7.277851390812607
35.71008095946928 4.789137462973734
35.955228638650624 2.316733328086311
36.029602203007414 -0.11612434778238878
35.943744280081944 -2.488567238228452
35.71095280359117 -4.782632081896885
35.346504023145656 -6.983578818403448
34.8668799980814 -9.079999943309346
34.289053507707195 -11.063748429745601
33.62986769695647 -12.929722288444939
32.90553164816703 -14.675547918990441
-8.81107146893018 33.88730002629103
-9.38909064063381 34.57744314541518
-9.963735432531323 35.19118661980459
-10.534077406673774 35.73144490930759
-11.098789609298123 36.20122433027516
-11.656556749181888 36.60351640523841
-12.20613379501384 36.94128262730497
-12.746360624604591 37.21745065120055
-13.2761669073559 37.43491302462605
-13.794574055442894 37.59652668196399
-14.300696107184123 37.705112716387
-14.79374016194231 37.76345626933088
-15.273006602141919 37.7743064784207
-15.737889195666284 37.74037645933192
-16.18787510819965 37.66434332224674
-16.62254479805989 37.54884824051088
-17.04157165526229 37.39649664781978
-17.444720838338498 37.20985885296945
-17.831844541558894 36.99147251660947
-18.202848760550836 36.743860017976296
-18.55813953097524 36.469295315244864
-8.81107146893018 33.88730002629103
-18.09921656592053 36.19803704489445
-17.296975689634337 36.20255955386015
-16.493138972002356 36.18564171938494
-15.689772210853903 36.14907999819667
-14.888770427485326 36.09471842275513
-14.091863061625446 36.02444588751751
-13.30061527005472 35.940195470218036
-12.516428359456086 35.843944205584464
-11.740539959535141 35.73771299485382
-10.974024101787052 35.62356656510826
-10.217791258411694 35.50361344788002
-9.472588363485528 35.380005968832364
-8.738998824563481 35.254940241271896
-8.01744252910018 35.13065616191677
-7.308175847897104 35.00943740924942
-6.611291635635865 34.89361144190997
-5.9267192280871654 34.78554949740642
-5.2542244333974395 34.687666592632254
-4.5934095074669585 34.6024215238907
-3.943713078437696 34.532316870049726
-3.3044098424003607 34.47989900475824
-2.6746084310260017 34.447758185773736
-2.0532800837694083 34.438527356930734
-18.89758866311948 36.17034431016488
-0.38267786800491876 33.91384969885546
0.6673024818872477 33.40679005454301
1.7137907077957664 32.93476472746893
2.7601019728220137 32.49854890198273
3.8095442168714726 32.096528947657134
4.865140086120249 31.725470977855366
5.929654406320083 31.38220618585396
7.005596141189898 31.06366896982604
8.095218383661148 30.766896929714193
9.200518353951338 30.489030864025843
10.32323740119071 30.22731476506567
11.464861008229803 29.979095812891245
12.626618799932203 29.741824365567233
13.809484556898724 29.513053943919452
15.014176239031286 29.290441207513815
16.241156025974846 29.071745911004868
17.49063039293631 28.854830825204694
18.762550261781854 28.637661578631025
20.056611333434546 28.41830630960471
21.372254918027295 28.194934796033074
22.70867042639719 27.965815847207814
24.064805333646746 27.729306868616703
25.4394349257081 27.483780819886064
26.83022041215014 27.228612609143127
-1.4391920648880898 34.45488492947716
28.328083147238317 27.28083111281847
28.4114835626159 27.594477270265756
28.4845961590475 27.901385971527226
28.546024560247076 28.200009661446423
28.594413519888008 28.488760988380847
28.628438196947855 28.76602403527413
28.646801475522523 29.030157127607353
28.6482330713647 29.279493768362762
28.63148917549296 29.51234301176254
28.595352293052258 29.726989632340313
28.538631164087803 29.9216942085204
28.46016072249887 30.094693165995608
28.35880207528271 30.244198800611656
28.233442493788687 30.368399289156997
28.082995413475032 30.465458691551724
27.906400441997334 30.53351694589324
27.702623376956694 30.570689855074342
27.470656237694186 30.57506906185366
27.20951731941011 30.544722005263587
26.918251286725706 30.477691845322845
26.595929340288933 30.37199732848609
26.24164952886713 30.225632534650643
25.8545373775529 30.036566369036372
25.433747272546157 29.802741439643086
24.978465929144306 29.522071248139596
24.48792280142527 29.192431756121458
23.961431730227844 28.811627640973153
23.39868250151295 28.377156072672236
23.39868250151295 28.377156072672236
-1.1532482305335776 -34.06210010691905
-3.675414455765349 -33.88285663507955
-6.298478648771109 -33.4945639154472
-8.990808971079787 -32.87433648335057
-11.714262766414294 -32.00519790619022
-14.425671224735737 -30.878093446500777
-17.079044856219866 -29.493437778160633
-19.628309300240787 -27.86191162122736
-22.030256224597437 -26.00431610047819
-24.247325849462598 -23.9504453888646
-26.249851468692384 -21.737109813555975
-28.01749201769711 -19.405586469191853
-29.539729227247975 -16.998854148320543
-30.81546831205027 -14.558968297377021
-31.85191374948944 -12.12486023301254
-32.66296827913207 -9.730732160090263
-33.26741859003049 -7.405099967637
-33.68713743867505 -5.170436767123334
-33.94547000258227 -3.0433060113617216
-34.065902900619875 -1.0348452737204639
-10.873518921060935 32.300514414608514
-13.23833122381376 31.405464995500395
-15.639849568457052 30.281211182035577
-18.04120751987041 28.914900594675657
-20.400995983750704 27.30120891180445
-22.67526271880773 25.44384219822257
-24.82006903715525 23.35638709573574
-26.794339158337692 21.06228938750425
-28.56264538164494 18.593868182209945
-30.097550408698936 15.990437910539839
-31.381190623270683 13.295770765207678
-32.405917339355426 10.555243558055238
-33.173980073090334 7.813046223158366
-33.69639116529807 5.109781561889534
-33.99121761962816 2.480679324314927
-34.081587060237425 -0.04548219938310183
-33.993675114967175 -2.446772844598499
-33.75488082666068 -4.707936443171079
-33.39231896842162 -6.819800516598178
