20.661491571310233 -29.912111809124013
20.885253550546164 -30.35757131154466
21.0907172165511 -30.77961887840607
21.27837588467734 -31.17868147949622
21.448718743013636 -31.555188755008317
21.602230982975474 -31.90957292382916
21.739393832088798 -32.24226876172165
21.860684564107142 -32.553713593761756
21.966576502821198 -32.8443472918739
22.05753902322723 -33.1146122738252
22.134037551487108 -33.364953502805065
22.196533564850736 -33.59581848823417
22.245484590454208 -33.80765728575571
22.281344204209095 -34.000922498114164
22.304562029200234 -34.176069276102226
22.315583733724438 -34.333555319958535
22.314851028274614 -34.47384088046786
22.302801662430156 -34.59738876174748
22.279869419709648 -34.704664323507714
22.246484111343943 -34.79613548547107
22.203071566722954 -34.87227273238426
22.150053620265094 -34.93354912233323
22.0878480915475 -34.980440298622085
22.016868754654304 -35.01342450786592
21.937525289583693 -35.032982629276404
21.85022320116063 -35.03959822291006
21.755363677525345 -35.03375761427665
21.653343327752772 -35.01595005168096
21.54455365665218 -34.98666801965578
21.42937991029811 -34.94640792944767
21.308198189922503 -34.89567184461205
21.181366794016895 -34.83497265754448
21.049191587384595 -34.76485479534014
20.911683585222676 -34.686039159452605
20.771813169542384 -34.597477438880276
20.418932915031235 -29.442816710060626
20.245424473937447 -34.48406563874448
19.86102946168228 -34.459868038959115
19.475645031447357 -34.42850980956382
19.08980838955221 -34.39042314328978
18.703986748077796 -34.346078935851864
18.318614023925598 -34.295964843668656
17.934100012861197 -34.24057979821899
17.550833447222573 -34.18043217822776
17.16918321799254 -34.116039078052694
16.789498929884036 -34.047925975955025
16.41211117799666 -33.97662656840876
16.037331695543056 -33.90268268069184
15.665453437375 -33.82664421685777
15.29675062826401 -33.749069129640304
14.931478791151385 -33.67052340248594
14.569874762689217 -33.591581038740145
14.212156699669883 -33.51282405517068
13.858524078348687 -33.43484247967791
13.509157685789688 -33.358234351009486
13.164219602290892 -33.28360572268244
12.823853170006181 -33.2115706703415
12.488182940068498 -33.14275130579446
12.157314582171573 -33.07777780169911
11.83133472435776 -33.017288435410734
11.510310654347592 -32.96192967229504
11.19428972040275 -32.91235633172576
10.883298012507403 -32.869231954074934
10.577337064289495 -32.833229718975616
10.276373957159485 -32.8050351990498
9.980301736540966 -32.78535737818831
9.68866232280665 -32.77500577807456
9.40439107337422 -32.77384817555753
20.62796597054069 -34.5008627172102
9.15313466491137 -32.68038035818881
9.183862215107887 -32.590269289472786
9.21792424213718 -32.51337377891292
9.255642993376085 -32.450252717476815
9.297285528269875 -32.401480255585795
9.34310585848111 -32.367634073163
9.39335548540452 -32.34929244724367
9.448286914932453 -32.34703327242815
9.50815506684448 -32.3614336692753
9.573217918980582 -32.39306980406124
9.643736834222445 -32.44251679745554
9.719976742783174 -32.51034867364538
9.802206254153553 -32.59713832780923
9.890697735258527 -32.70345750385903
9.985727373892246 -32.82987677504295
10.087575240705007 -32.97696552485937
10.196525360652757 -33.14529192387877
10.312865807450848 -33.33542289950492
10.436888839889534 -33.54792409040553
10.568891113717171 -33.78335977732743
10.709174029086782 -34.04229276747458
10.858044334734771 -34.32528419394541
11.015815247048039 -34.632893145204946
11.182808684815882 -34.96567592290046
11.359360183636227 -35.32418441110502
11.545831179700343 -35.70896200031453
11.742645858069324 -36.12053135781642
11.95043854442801 -36.55934551411846
12.171085441286806 -37.02544546344933
18.257246134374665 -30.180768117202646
20.43957502606618 -33.82201230486274
23.125975880651907 -32.045186583385345
25.745800656950095 -29.980968832395376
28.247327397591476 -27.636809484630334
30.57951042766186 -25.031945301973536
32.695406749713015 -22.1971872332351
34.55546297651162 -19.173542241208594
36.1302039758844 -16.00978151810517
37.40195166728806 -12.759261541105076
38.365374554930895 -9.476432812843427
39.02687743472168 -6.213499922884495
39.40302881683323 -3.017625499674409
39.51834627967287 0.07106979907132427
39.40279914113225 3.0206230218387304
39.089352657960205 5.807516885734856
38.61179503375149 8.416295376710508
38.00298867404018 10.838708199654093
37.293595230734496 13.072585756559874
-2.4355099447214315 39.443288844943424
0.5059086540449869 39.515171770223105
3.5902439433593543 39.35498560568465
6.783183241930573 38.93190425220513
10.041933620754023 38.2212547249936
13.316723050632461 37.20711801240765
16.553233249508025 35.884470353954754
19.695773829137096 34.260490902320015
22.690840955175958 32.354759778792726
25.490598733287356 30.198246965925108
28.05581515691682 27.83120513878964
30.357883114027075 25.30027028376466
32.37973218091328 22.655191181908037
34.115637173495315 19.94562718599991
35.57010115735912 17.218381086841873
36.756097526292876 14.515303587390832
37.69298742278454 11.871960358015087
38.404397449868185 9.317027428801111
38.916272865297145 6.87229582237353
39.25523901017485 4.55312572311837
9.12506918842363 -32.783245456714155
-10.563210801622311 32.34851848120988
-35.80960747011324 3.177083148530045
-35.82343004179545 4.01853624777408
-35.796078806410364 4.877594247206844
-35.72929055467746 5.752431734738963
-35.62476991922024 6.641275674480369
-35.48418928473652 7.542406764756748
-35.309188766936735 8.4541597774938
-35.101376205310245 9.374923670974653
-34.86232716098653 10.303141634739859
-34.59358491602258 11.237311109681741
-34.296660473300854 12.17598379771303
-33.97303255773018 13.117765666894456
-33.6241476166327 14.061316953724031
-33.25141982113068 15.005352164240918
-32.856231067696456 15.948640074179849
-32.439930980289304 16.890003728536215
-32.0038369124273 17.828320440202447
-31.549233951178163 18.762521788503705
-31.077374921100215 19.69159361630048
-30.589480390872502 20.61457602652453
-30.086738681514053 21.530563376538197
-29.57030587922395 22.438704270487477
-29.041305854023893 23.338201547596043
-28.50083028827069 24.228312264003307
-27.949938722475487 25.108347664052985
-27.389658631105412 25.9776731322263
-26.820985555279893 26.835708109316585
-26.244883349235355 27.681925937145024
-25.66228467214892 28.515853547297894
-25.074092070725456 29.337070777321884
-24.481180684990093 30.14520866110007
-23.884406365229367 30.939944300229996
-23.284638139205313 31.72098034996813
-22.682985481025483 32.48790142090709
-22.077749311074047 33.24210056779384
-35.752842767998104 2.355103228645646
-21.109927570924743 33.968673118126816
-20.747126953602475 33.94711405522423
-20.38320022458414 33.918329700767515
-20.01853616861744 33.882835942226905
-19.653554755440194 33.84112621912834
-19.28867273392275 33.79369326239285
-18.92429503099655 33.741034528659355
-18.560811885499586 33.68365401201518
-18.198597701941342 33.6220629677575
-17.838010530509976 33.556780241701176
-17.479391807823486 33.488332434461256
-17.123066218043405 33.41725398908696
-16.769341615064203 33.34408724142145
-16.418508977060075 33.26938244927911
-16.070842380177883 33.19369781027703
-15.726598984164806 33.11759947253137
-15.386019026258348 33.04166154026396
-15.049325822440355 32.966466076583885
-14.71672577539449 32.89260310213044
-14.388408391843402 32.820670591252934
-14.064546312453647 32.75127446288994
-13.74529536263109 32.68502856478668
-13.430794639259982 32.62255464579573
-13.121166664010737 32.56448230589396
-12.816517669854022 32.51144890344179
-12.516938174716259 32.464099367566206
-12.222504245032255 32.42308578583558
-11.93328065564868 32.389066372968415
-11.649330369877553 32.362702374660614
-11.370752461823862 32.34464568478509
-11.0979475733781 32.33545216220844
-10.828031034542896 32.336752903933785
-21.471485321990837 33.982316377508766
-10.338657415047848 32.307541752162535
-10.119592555643237 32.27853084063216
-9.905551113110484 32.26227338363012
-9.696392616994942 32.25944957730792
-9.492018651144242 32.270724453031335
-9.292332481998486 32.29676105970316
-9.097228963332682 32.33822376052245
-8.906591167812437 32.3957793310899
-8.720289036382432 32.47009740037214
-8.538178759683426 32.56185065075553
-8.36010246337738 32.67171491918543
-8.18588803176057 32.800369252894086
-8.015348997567571 32.94849594166794
-7.848284463746353 33.11678053967461
-7.684479037496146 33.305911880762466
-7.523702763812665 33.51658209191379
-7.365711046430796 33.74948660640038
-7.21024454192856 34.0053241803773
-7.05702900462628 34.28479691421319
-6.905775045372941 34.58861028636906
-6.7561777341225735 34.91747320647073
-6.60791590853195 35.272098107578444
-6.46065089335724 35.65320111756728
-6.3140239416211585 36.06150239906617
-6.16765060793432 36.49772689794429
-6.021106684188112 36.96260621405912
-5.873886008684934 37.45688421041507
-5.725231706310211 37.98133945328311
-5.5729548734885554 38.53694228582259
16.277812877673384 -31.29278844198683
16.277812877673384 -31.29278844198683
14.17166229571833 -32.30123508987867
11.951024469072577 -33.187027807490125
9.63178714600538 -33.932793532651274
7.233151716146578 -34.52372107416436
4.777055915664212 -34.94832667430748
2.287394508674005 -35.199057187901815
-0.21090541389560613 -35.27267099982484
-2.6928792253960516 -35.170359708608686
-5.134506084384377 -34.89760232200652
-7.513596827574219 -34.463773201263976
-9.810522908557264 -33.88155015367755
-12.008742920379849 -33.16618600363512
-14.095108537193486 -32.33471378998475
-16.05995580687627 -31.405152762511364
-17.897007152008147 -30.39577167233074
-19.60312224090229 -29.324450531318334
-21.17794170357541 -28.20816523199366
-22.62346737196061 -27.062603803502128
-35.273090970288905 0.12187681165093522
-35.20786343074016 -2.1475924189297757
-34.98861771561684 -4.472407730285511
-34.60528825149184 -6.832263577077214
-34.05115558904593 -9.204596873632255
-33.32340216596481 -11.565321813113002
-32.42347161184723 -13.889718830531848
-31.357184855590152 -16.153413214792778
-30.134590844696813 -18.333363989683107
-28.769558924206745 -20.408779479971145
-27.279148801005885 -22.361883669496024
-25.68281745114407 -24.17847572380657
-24.001536475678602 -25.848250373326323
-22.25689657196663 -27.364874484277735
-20.47026861407168 -28.725840343204
-18.662075884117723 -29.932135310580946
-16.85121284400591 -30.987778659360288
-15.05462611211173 -31.899279508791693
-13.287055927413608 -32.67506611067952
-11.560923146499096 -33.3249284553806
15.059205414099608 -36.53662649852103
