39.269821369197494
0.0
0.0
0.0
0.0
0.0
0.0
0.0
0.0
0.0
0.0
0.0
0.0
0.0
0.0
0.0
0.0
0.0
0.0
0.0
0.0
0.0
0.0
0.0
0.0
0.0
0.0
0.0
39.269821369197494
0.0
0.0
0.0
0.0
0.0
0.0
0.0
0.0
0.0
0.0
0.0
0.0
0.0
0.0
0.0
0.0
0.0
0.0
0.0
0.0
0.0
0.0
0.0
0.0
0.0
0.0
0.0
0.0
0.0
0.0
0.0
0.0
0.0
0.0
0.0
0.0
0.0
0.0
0.0
0.0
0.0
0.0
0.0
0.0
0.0
0.0
0.0
0.0
0.0
0.0
0.0
0.0
0.0
0.0
0.0
0.0
0.0
0.0
0.0
0.0
0.0
0.0
0.0
0.0
0.0
0.0
0.0
0.0
0.0
0.0
0.0
0.0
0.0
0.0
0.0
0.0
0.0
0.0
0.0
0.0
0.0
0.0
0.0
0.0
0.0
0.0
0.0
0.0
0.0
0.0
58.75212167125507
58.75212167125509
63.466543917098996
63.46654391709879
68.4166872752349
68.41668727523509
73.61433780127757
0.0
0.0
0.0
0.0
0.0
0.0
0.0
0.0
0.0
0.0
0.0
0.0
0.0
39.26982136919743
43.69235234379225
44.27469543104356
44.80204619511171
45.27625544177674
45.699173209425325
46.072648741975975
50.679718653018
50.98570249510892
46.91490300575211
47.10908713687536
51.6240230018752
51.75030639902197
51.836703289323026
51.885227947738294
47.51380017150307
47.49441030331038
47.44587719668664
51.740872887727
51.63023424335664
51.493799862153146
51.333581371839294
60.45264959923526
60.21421166810199
59.95479586728403
59.676778956139785
46.0015625072126
63.962563857109295
39.26982136919743
57.95086032664599
44.296347090676136
52.00046253669391
47.177703045204865
46.62714147549158
54.49914076405226
49.68854697275825
57.848631580754784
52.966684505375326
52.557866729835446
48.08923743317506
51.9041006119202
51.66261688989659
47.42345078591062
64.75619748043627
60.002296167418166
55.55150781879152
51.3783387044972
51.51879123847345
47.65305440924701
44.01036958525777
44.31222759089102
44.674634732626096
45.095774641300494
54.12472247077001
45.42623510463449
45.322370860974964
45.260454572413266
45.238824388293004
41.432885695927226
45.31014235223533
41.56490886552385
41.67864996840697
41.82249078282558
41.9951611272005
42.19539271218233
38.694035653630806
42.67340658567528
39.17440638399919
43.24598797040518
39.73600890079857
40.04397427980286
40.36816639374721
40.707080771017836
41.05912941837467
41.42263341522219
41.79581577043194
46.24020122240124
46.66429584681015
45.57379509851456
47.20002430763309
47.28428525003486
47.34339222002144
47.3755337295505
47.37889664640418
51.72079966385017
51.655654428686304
51.55311930474908
51.411203019620544
51.22791077756021
51.00124393874501
55.22883617584544
54.88107418815657
54.479533993631954
54.02201948297679
53.50632864773774
52.93025325872534
52.291578584682675
51.588083302023215
50.81754091814077
50.81754091814077
0.0
0.0
0.0
0.0
0.0
0.0
0.0
0.0
0.0
0.0
0.0
0.0
0.0
0.0
0.0
0.0
0.0
0.0
0.0
0.0
38.63206052820749
38.632060528207504
42.35396161455379
38.63206052820749
38.63206052820754
38.63206052820751
46.261957755217416
46.26195775521741
46.26195775521742
50.36535370291424
54.67391944799589
59.19791348033156
63.94810721428411
68.93581063493421
79.67184224788366
0.0
0.0
0.0
0.0
