1.2102020846309174
0.0
0.0
0.0
0.0
0.0
0.0
0.0
0.0
0.0
0.0
0.0
0.0
0.0
0.0
0.0
0.0
0.0
0.0
0.0
0.0
0.0
0.0
0.0
0.0
0.0
0.0
0.0
1.0
0.0
0.0
0.0
0.0
0.0
0.0
0.0
0.0
0.0
0.0
0.0
0.0
0.0
0.0
0.0
0.0
0.0
0.0
0.0
0.0
0.0
0.0
0.0
0.0
0.0
0.0
0.0
0.0
0.0
0.0
0.0
0.0
0.0
0.0
0.0
0.0
0.0
0.0
0.0
0.0
0.0
0.0
0.0
0.0
0.0
0.0
0.0
0.0
0.0
0.0
0.0
0.0
0.0
0.0
0.0
0.0
0.0
0.0
0.0
0.0
0.0
0.0
0.0
0.0
0.0
0.0
0.0
0.0
0.0
0.0
0.0
0.0
0.0
0.0
0.0
0.0
0.0
0.0
0.0
0.0
0.0
0.0
0.0
0.0
0.0
0.0
0.0
0.0
0.0
0.0
1.5794854336513835
1.615477401584502
1.6226757951711255
1.6514693695176204
1.658667763104244
1.680262943864115
1.8314292091832123
0.0
0.0
0.0
0.0
0.0
0.0
0.0
0.0
0.0
0.0
0.0
0.0
0.0
1.2654331382980126
1.299708450297265
1.3668968771213659
0.9294060802398902
0.9294060802398902
1.9913928775898238
0.9294060802398902
1.1383640827298152
1.1383640827298152
1.5793669542408872
1.5906619814025047
1.6019570085641224
1.1383640827298152
1.1383640827298152
1.1383640827298152
1.641489603629784
1.6527846307914014
1.6640796579530188
1.6753746851146365
1.686669712276254
1.692317225857063
1.7036122530186804
0.9294060802398902
0.9294060802398902
0.9294060802398902
0.9294060802398902
1.825033795006069
0.9294060802398902
1.0037536086541234
1.8321611130015616
1.8321611130015616
1.83646467420665
1.83646467420665
1.8407682354117378
1.8450717966168262
1.8450717966168262
1.8493753578219143
1.705457321417298
1.705457321417298
1.7018581246239861
1.6982589278306741
1.6982589278306741
1.6946597310373623
0.9280160641337631
0.9280160641337631
0.9280160641337631
0.9280160641337631
1.0
1.021595180759871
1.0359919679331184
0.9280160641337631
0.9280160641337631
0.9280160641337631
1.8278575517964735
1.068384739072925
1.1223726909726026
1.13676947814585
1.1511662653190973
1.338324498571313
1.1727614460789684
1.1871582332522157
1.201555020425463
1.2087534140120868
1.2159518075987104
1.2303485947719577
1.2447453819452052
1.2519437755318288
1.2663405627050761
1.2735389562916999
1.2879357434649472
1.3023325306381945
1.3095309242248183
1.3239277113980656
1.5075014977851469
1.3527212857445603
1.365769480364929
1.3720688122496336
1.3846674760190427
1.068384739072925
1.4161641354425658
1.4350621310966796
1.441361462981384
1.4539601267507933
1.4602594586354978
1.4665587905202024
1.4665587905202024
1.472858122404907
1.4859063170252758
1.991931380138492
1.991931380138492
1.2843365466716354
1.521898284958394
1.521898284958394
1.5290966785450177
1.5506918593048888
1.5506918593048888
0.9280160641337631
0.9280160641337631
0.9280160641337631
0.9280160641337631
0.0
0.0
0.0
0.0
0.0
0.0
0.0
0.0
0.0
0.0
0.0
0.0
0.0
0.0
0.0
0.0
0.0
0.0
0.0
0.0
1.180720434585881
1.152482866681837
0.9294060802398902
1.0903602172929405
1.0564751358080877
1.0169425407424264
0.9294060802398902
1.7120835233898934
1.7149072801802978
1.7177310369707022
1.7205547937611065
1.7233785505515111
1.7262023073419155
1.7290260641323199
1.7318498209227242
0.0
0.0
0.0
0.0
