82.0034320464 9.8234901445
84.3348666883 30.2769032843
86.672314549 30.7577735441
89.0156151226 31.264504274
91.3646079033 31.7954988239
93.7191323854 32.349160544
96.0790280629 32.9238927843
98.4441344301 33.5180988948
100.814290981 34.1301822257
103.18933721 34.7585461268
105.569112611 35.4015939483
107.953456679 36.0577290403
110.342208907 36.7253547527
112.73520879 37.4028744357
115.132295821 38.0886914392
117.533309496 38.7812091133
119.938089308 39.4788308082
122.346474751 40.1799598737
124.75830532 40.88299966
127.173420508 41.586353517
129.59165981 42.288424795
132.012862721 42.9876168438
134.436868734 43.6823330136
136.863517343 44.3709766544
139.292648042 45.0519511162
141.724100327 45.7236597491
144.15771369 46.3845059032
146.593327627 47.0328929284
149.030781631 47.6672241749
151.469915196 48.2859029927
153.910567817 48.8873327317
156.352578988 49.4699167422
158.795788202 50.0320583741
161.240034955 50.5721609774
163.68515874 51.0886279023
166.130999052 51.5798624987
168.577395384 52.0442681167
171.024187231 52.4802481064
173.471214088 52.8862058178
175.918315447 53.260544601
178.365330804 53.6016678059
180.812099652 53.9079787827
183.258461486 54.1778808814
185.7042558 54.409777452
188.149322088 54.6020718446
190.593499844 54.7531674093
193.036628562 54.861467496
195.478547737 54.9253754549
197.919096863 54.9432946359
200.358115434 54.9136283892
202.795443167 54.8347872434
205.230950032 54.7061543381
207.664566578 54.5290604541
210.096230575 54.3050685578
212.525879794 54.0357416156
214.953452006 53.7226425941
217.378884982 53.3673344596
219.802116492 52.9713801786
222.223084307 52.5363427175
224.641726198 52.0637850427
227.057979936 51.5552701207
229.471783291 51.0123609179
231.883074034 50.4366204008
234.291789935 49.8296115357
236.697868766 49.1928972892
239.101248297 48.5280406276
241.5018663 47.8366045174
243.899660543 47.120151925
246.294568799 46.3802458169
248.686528839 45.6184491595
251.075478432 44.8363249192
253.461355349 44.0354360624
255.844097362 43.2173455557
258.223642241 42.3836163654
260.599927756 41.5358114579
262.972891679 40.6754937998
265.34247178 39.8042263574
267.708605831 38.9235720972
270.0712316 38.0350939856
272.43028686 37.1403549891
274.785709382 36.240918074
277.137436935 35.3383462068
279.48540729 34.434202354
281.829558219 33.530049482
284.169827492 32.6274505572
286.50615288 31.7279685461
288.838472153 30.833166415
291.166723082 29.9446071305
293.490843439 29.0638536589
295.810770992 28.1924689668
298.126443515 27.3320160204
300.437798776 26.4840577864
302.744774547 25.650157231
305.047308599 24.8318773208
307.345338702 24.0307810222
309.638802627 23.2484313015
311.927638145 22.4863911253
314.211783027 21.74622346
316.491175042 21.029491272
318.765751963 20.3377575278
321.03545155 19.6725851937
