200.411445266 14.714437959
202.513157382 214.838733396
204.61541003 214.944165108
206.718082551 215.030835549
208.821054286 215.098847171
210.924204576 215.148302431
213.027412762 215.179303782
215.130558184 215.191953678
217.233520185 215.186354574
219.336178105 215.162608924
221.438411284 215.120819182
223.540099064 215.061087802
225.641120787 214.983517239
227.741355792 214.888209946
229.840683421 214.775268379
231.938983015 214.64479499
234.036133914 214.496892236
236.132015461 214.331662569
238.226506995 214.149208444
240.319487859 213.949632315
242.410837392 213.733036636
244.500434936 213.499523863
246.588159832 213.249196448
248.673891421 212.982156846
250.757509044 212.698507512
252.838892041 212.3983509
254.917919754 212.081789463
256.994471525 211.748925656
259.068426693 211.399861934
261.139664599 211.034700751
263.208064586 210.65354456
265.273505994 210.256495816
267.335868163 209.843656974
269.395030435 209.415130487
271.450872151 208.97101881
273.503272651 208.511424397
275.552111278 208.036449702
277.597267371 207.54619718
279.638620272 207.040769284
281.676049322 206.520268469
283.709433862 205.98479719
285.738653232 205.4344579
287.763586774 204.869353054
289.784113829 204.289585105
291.800113738 203.695256509
293.811465841 203.086469719
295.81804948 202.46332719
297.819743996 201.825931376
299.81642873 201.174384731
301.807995298 200.50880549
303.79449938 199.829522789
305.776113608 199.137016112
307.753013133 198.431768175
309.725373103 197.714261693
311.693368668 196.984979385
313.657174977 196.244403965
315.616967179 195.49301815
317.572920422 194.731304656
319.525209858 193.9597462
321.474010633 193.178825498
323.419497899 192.389025266
325.361846803 191.59082822
327.301232495 190.784717078
329.237830124 189.971174554
331.17181484 189.150683366
333.103361791 188.32372623
335.032646127 187.490785862
336.959842997 186.652344978
338.885127549 185.808886294
340.808674934 184.960892528
342.730660301 184.108846395
344.651258798 183.253230611
346.570645575 182.394527893
348.48899578 181.533220957
350.406484564 180.66979252
352.323287075 179.804725297
354.239578463 178.938502005
356.155533876 178.071605361
358.071328464 177.20451808
359.987137375 176.337722879
361.90313576 175.471702475
363.819498768 174.606939582
365.736401546 173.743916919
367.654019246 172.883117201
369.572527015 172.025023144
371.492100003 171.170117465
373.41291336 170.31888288
375.335142233 169.471802105
377.258961773 168.629357857
379.184547129 167.792032852
381.11207345 166.960309805
383.041715885 166.134671435
384.973649583 165.315600456
386.908049693 164.503579585
388.845091365 163.699091539
390.784949748 162.902619034
392.727799991 162.114644785
394.673817242 161.33565151
396.623176652 160.566121924
398.57605337 159.806538745
400.53262254 159.057384687
