-19.9906607685 39.425062186
-19.2645023594 140.377887684
-18.5297373199 141.321082575
-17.7864573399 142.254695804
-17.0347541093 143.178776322
-16.2747193177 144.093373076
-15.506444655 144.998535015
-14.730021811 145.894311086
-13.9455424754 146.780750239
-13.1530983381 147.65790142
-12.3527810888 148.525813579
-11.5446824174 149.384535663
-10.7288940136 150.234116621
-9.90550756724 151.074605401
-9.07461476811 151.906050952
-8.23630730599 152.72850222
-7.39067687068 153.542008156
-6.53781515196 154.346617706
-5.67781383965 155.14237982
-4.81076462351 155.929343445
-3.93675919336 156.707557529
-3.05588923898 157.477071022
-2.16824645016 158.23793287
-1.2739225167 158.990192022
-0.373009128391 159.733897427
0.534402024974 160.469098033
1.4482192536 161.195842788
2.3683508677 161.914180639
3.29470517748 162.624160536
4.22719049314 163.325831427
5.16571512489 164.019242259
6.11018738294 164.704441982
7.0605155775 165.381479542
8.01660801877 166.050403889
8.97837301696 166.711263971
9.94571888228 167.364108736
10.9185539249 168.008987132
11.8967864551 168.645948107
12.8803247831 169.275040609
13.869077219 169.896313588
14.862952073 170.50981599
15.8618576555 171.115596765
16.8657022765 171.71370486
17.8743942463 172.304189224
18.887841875 172.887098804
19.905953473 173.46248255
20.9286373504 174.030389409
21.9558018174 174.59086833
22.9873551842 175.14396826
24.0232057611 175.689738148
25.0632618582 176.228226943
26.1074317857 176.759483592
27.1556238538 177.283557044
28.2077463729 177.800496246
29.2637076529 178.310350148
30.3234160043 178.813167697
31.3867797371 179.308997842
32.4537071616 179.79788953
33.524106588 180.27989171
34.5978863265 180.755053331
35.6749546873 181.22342334
36.7552199807 181.685050685
37.8385905167 182.139984316
38.9249746056 182.588273179
40.0142805577 183.029966224
41.1064166832 183.465112398
42.2012912921 183.893760651
43.2988126949 184.315959929
44.3988892016 184.731759181
45.5014291224 185.141207356
46.6063407677 185.544353401
47.7135324475 185.941246265
48.8229124721 186.331934897
49.9343891517 186.716468243
51.0478707965 187.094895254
52.1632657167 187.467264875
53.2804822226 187.833626057
54.3994286242 188.194027747
55.5200132319 188.548518894
56.6421443559 188.897148445
57.7657303062 189.239965349
58.8906793933 189.577018554
60.0168999272 189.908357009
61.1443002181 190.23402966
62.2727885764 190.554085458
63.4022733121 190.86857335
64.5326627355 191.177542283
65.6638651568 191.481041208
66.7957888862 191.77911907
67.9283422339 192.07182482
69.0614335102 192.359207405
70.1949710251 192.641315773
71.328863089 192.918198872
72.463018012 193.189905652
73.5973441044 193.456485059
74.7317496763 193.717986042
75.866143038 193.97445755
77.0004324997 194.225948531
78.1345263715 194.472507932
79.2683329637 194.714184702
80.401760586 194.95102779
