0.9492819596872266 -35.300249297396334
0.9295888903532159 -35.15297795698211
0.911313710666434 -35.05600246729543
0.8943487198305036 -35.00722805623707
0.8785810047641007 -35.00456011437009
0.8638988630789299 -35.04590401977953
0.8501934132929421 -35.12916509391346
0.8373591374069917 -35.25224858683339
0.8252941058131569 -35.41305967108403
0.8139000905478895 -35.609503438870206
0.8030826379081475 -35.839484900430875
0.7927511316920572 -36.10090898251079
0.7828188674544947 -36.39168052727155
0.7732031602692757 -36.70970428991345
0.7638255232245683 -37.05288493616493
0.7546119920770593 -37.41912703677795
0.7454937696815591 -37.8063350563518
0.7364086400653491 -38.21241333074593
0.7273045005233882 -38.63526600819557
0.7181499552067407 -39.07279687413154
0.7089766866521074 -39.522908651436154
0.70017605237922 -39.98349809834329
0.688532046691023 -40.45252156843998
0.9704504713013478 -35.49991265176669
0.9030997646374601 -41.389229615440115
1.135608208225392 -41.85228680254161
1.373386247634869 -42.314926912191794
1.616258132941823 -42.775058818271305
1.8640680973592794 -43.230593913933944
2.116634306359799 -43.67944687228672
2.3737373498734655 -44.119535835397755
2.6351164127760853 -44.548782476704474
2.9004677517160644 -44.965112024746134
3.1694440148002627 -45.36645327205977
3.441653918878501 -45.750738576945935
3.7166621021546007 -46.115903861199655
3.993989081459972 -46.45988860199688
4.273111295573187 -46.780635817611454
4.553461253369676 -47.07609204050661
4.834427857641799 -47.3442072671298
5.115357087311452 -47.58293485624077
5.395553524635602 -47.790231306056484
5.674284194225777 -47.96405569448706
5.950790099244159 -48.10236800252093
6.224332385060109 -48.20312240478265
6.494515511587338 -48.26422030531367
6.756942810250564 -48.284141679873215
0.6763790337348041 -40.927843668838904
6.994805069004883 -48.21634131342125
6.971046242957641 -48.13080278958742
6.941840258132515 -48.00607918597578
6.907393512741635 -47.84415718012795
6.867980682888003 -47.647013521619016
6.823894696137586 -47.416622302911094
6.775434226281959 -47.15495677573995
6.7228995269836105 -46.86398995709865
6.666590767744253 -46.545694871079434
6.606807280910573 -46.202044658128756
6.543847189929295 -45.83501262921493
6.478007215918865 -45.44657229410282
6.409582577041192 -45.038697375871976
6.3388669433791165 -44.61336181782545
6.266152432949696 -44.17253978400595
6.191729649859326 -43.718205654454465
6.115887781696756 -43.252334011554495
6.038914802661168 -42.77689961161036
5.9610978968269706 -42.293877326340436
5.882724402732322 -41.8052420111234
5.804084186490911 -41.31296817422569
5.725476772071261 -40.819028983904104
5.647239873703882 -40.32539229335666
5.569949139608923 -39.83399281414117
5.491714477702715 -39.34710876671903
7.01332881074876 -48.26064726169815
5.46327262351781 -38.372039661278876
5.51110790670873 -37.88827004005492
5.558075273991335 -37.417173375559315
5.6045192284325935 -36.96071118108409
5.650851199357135 -36.5208346870258
5.697518729503315 -36.09948913353489
5.744997777133733 -35.69861484186663
5.793790156911427 -35.32014757036552
5.844422524979052 -34.96601865475134
5.897445929379103 -34.63815506985475
5.953435601076251 -34.33847945582559
6.012990864337155 -34.06891012851028
6.076735118730255 -33.831361077289614
6.145315879210841 -33.62774195264953
6.219404882245954 -33.45995804071225
6.299698290049719 -33.329910216916204
6.386917066683168 -33.2394948618803
6.481807690221842 -33.190603704317084
6.585143586987499 -33.18512350387641
6.697728295299726 -33.22493535406892
6.820403381416156 -33.311912937108104
6.954072193844638 -33.44791728855108
7.099794887213363 -33.634775854747716
7.25945359844701 -33.874135891718055
-1.565452603086868 -35.73349129472177
13.39766305324548 -32.30309750635152
15.348253972090106 -31.423217273241974
17.2681386179558 -30.4105059554131
19.14039990406542 -29.268286169600145
20.94859633073719 -28.002567660216016
22.677305594692996 -26.621932588714515
24.31263039457491 -25.13729275578308
25.842631881916077 -23.561533507157975
27.257662642559126 -21.909069150869698
28.55058058823147 -20.195341835880242
29.71683627644643 -18.43629912732024
30.75443735039721 -16.647884762144542
31.66380352297449 -14.845572749194389
32.44753274043279 -13.043968063886695
33.11010330967878 -11.25648891153682
33.65753786064221 -9.495137121315793
34.09705348173105 -7.77035569695019
34.43671892155544 -6.090966566230605
29.532546965282904 18.730086853416168
30.58224690636729 16.962124216947018
31.5458475483328 15.094601228601476
32.40998469460692 13.136985037994805
33.16255398061145 11.101013344563881
33.79318346106368 9.00045750837387
34.2936498108121 6.850771230054221
34.65820630968119 4.668642114012073
34.88379715860185 2.471473162037995
34.970142263256264 0.2768282513984843
34.91968814158963 -1.898121146628057
34.737432434919185 -4.037111792182316
34.43063998660193 -6.125235824534656
34.008476266584296 -8.149296032070879
33.48158827873482 -10.09805575972129
32.86166383764828 -11.962379931040203
32.160997661778595 -13.73527259257068
31.392087921028633 -15.411823375303811
30.56728070260823 -16.989079852690878
29.698473298512795 -18.465864927770838
5.414507569314992 -38.86648039136438
32.72730690003186 21.652795969611134
-2.629853606373473 35.10661950006741
-2.048721427309715 34.899099244552474
-1.4745148836450994 34.74193441807762
-0.9047193465505075 34.632792120529274
-0.3369650166711722 34.569353119358055
0.23097942450704068 34.54931242666794
0.8012084058120479 34.57037944195298
1.3756800019199318 34.630277998137075
1.9562161544827177 34.72674637773321
2.544502782283928 34.85753731732183
3.1420898502809393 35.0204180054794
3.7503914278051695 35.21317007483967
4.370685755029513 35.433589587594525
5.004115337783475 35.679487008939134
5.651687103537796 35.94868716106015
6.314272684165701 36.23902913610087
6.992608976458627 36.54836612140764
7.687299371784036 36.87456501662663
8.3988168266753 37.21550547381466
9.12751307190237 37.5690770189708
9.87365544588883 37.933167538903064
10.637684723188215 38.30558268534901
11.416762321343157 38.68512519652546
-3.2206152972955238 35.36683770860972
13.065094186194273 39.09498275374011
13.93512757848191 39.11265591209633
14.821806682204453 39.12024955751872
15.724278012853745 39.11587634391395
16.641600310985837 39.09771882383757
17.572704508594313 39.064041961866735
18.516383722331284 39.013196260794416
19.471289920282288 38.94361880179622
20.43593259163822 38.85383365759756
21.408678145971294 38.74245207613711
22.387749618557052 38.608172566515435
23.371226520602363 38.449780937150905
24.3570447668032 38.26615030333798
25.342996654487138 38.05624106982617
26.32673088952987 37.81910088018793
27.305752676876182 37.553864510191914
28.277423931101396 37.259753644750646
29.238963762895764 36.93607638128688
30.187449712098157 36.582225980835915
31.119821464492645 36.19767711892737
32.032895733446026 35.781970882319456
32.92347045456319 35.33460974172806
33.78691593828108 34.85647763468856
12.21275246138174 39.06909972465718
34.81980536890637 34.028413792806475
34.98890585085371 33.68172446007057
35.12857095638475 33.308844770813664
35.239655146316125 32.91186382998845
35.3230735677252 32.492801144883515
35.379785924131454 32.05362288485924
35.41079244209408 31.59624594561228
35.41713252728454 31.122539304459025
35.39988422681688 30.634324562171884
35.36016398485543 30.133376188844807
35.29912652086449 29.621421646455275
35.21796476459173 29.10014145407689
35.11790981953851 28.571169223699684
35.000230942610415 28.03609167988907
34.866235533250006 27.496448668478536
34.71726913058035 26.953733156922482
34.55471541778343 26.409391224172367
34.37999623769241 25.864822034574416
34.19457163023418 25.321377780454895
33.99993991851477 24.780363550528733
33.79763792821342 24.243036997107396
33.58924165030135 23.710607334525434
33.37636889451369 23.184231327691123
33.16069787052231 22.664985206679887
32.943715142987344 22.15424562269817
34.62058864812519 34.34664025466009
32.29613609990861 21.43557010545814
31.874396766009795 21.22285660895838
31.463692500373895 21.015846575703563
31.065644367537402 20.815704305976595
30.681870826417367 20.623597636430475
30.31398486476172 20.440702272270983
29.963593283267016 20.26820286852623
29.632296458496626 20.1072933889441
29.321688249447277 19.959177247291194
29.033355957530205 19.825067369098036
28.768880308286327 19.70618621815524
28.5298354463157 19.60376580632689
28.317788937117314 19.51904769125761
28.134301776340806 19.45328296377835
27.98092840845902 19.407732222351314
27.859216760079335 19.383665527013108
27.77070829923349 19.382362316372337
27.716938147162352 19.405111252797923
27.699435300964637 19.45320991123029
27.71972312495734 19.527964095469855
27.7793205775003 19.630686128376738
27.879745891544246 19.76268972403068
28.02253129518357 19.925269478273407
28.209326050367054 20.119557306231286
-4.253294682286935 -35.51397649247542
-4.253294682286935 -35.51397649247542
-7.059814648334623 -35.06411355066072
-9.949806610220804 -34.35599497004381
-12.879804372862907 -33.368303542122874
-15.799730624565711 -32.0889631205751
-18.655538397910902 -30.517272634469492
-21.39262748099864 -28.665110001911557
-23.959627283632642 -26.55690686792937
-26.312019896271153 -24.228302683859226
-28.415078778056085 -21.723635515247793
-30.245726353885516 -19.0926446384031
-31.793129732406555 -16.386883284530825
-33.05809126576 -13.656340791996655
-34.051483397424704 -10.946667090826224
-34.7920838487874 -8.297225043435532
-35.30418090768919 -5.74002198598771
-35.61526056524133 -3.2994328046552255
-35.753991391426325 -0.9925429684809046
-35.74862140750082 1.1700894947146878
-5.76637273307972 35.29988650782977
-8.40960486544833 34.765091513895015
-11.143536957262427 33.98756575638501
-13.929919128878879 32.94374591671934
-16.723075560733832 31.617586652881272
-19.471854625709824 30.00299850677746
-22.122503468851704 28.105655698330764
-24.62220250656705 25.94378896167774
-26.9228189459202 23.547714580563195
-28.98434594738646 20.958070807321235
-30.777525074846835 18.222979784591843
-32.28530228577131 15.394554176033779
-33.50299667422473 12.525264700171164
-34.437297138946064 9.664657662142332
-35.104380997176605 6.856783266775551
-35.52753469498094 4.1385166979720225
-35.73464985165157 1.5387793676569572
-35.7558938784187 -0.9214634652167888
-35.621749333489134 -3.2286245344627105
-35.361511781920626 -5.375548944950481
9.471176705430082 -33.66428813457476
