20.785691272584486 -29.39213471675464
21.031630981605215 -29.85795804935472
21.259117481773213 -30.300891351579196
21.46863337134402 -30.721338312665566
21.66065728572199 -31.119705254784066
21.835664046576607 -31.49640102798935
21.994124698173206 -31.85183698328322
22.136506519885835 -32.18642696491224
22.26327303010517 -32.500587306439286
22.374883988259146 -32.79473683010829
22.47179539490988 -33.069296846093295
22.554459491576818 -33.32469115278572
22.623324760097198 -33.56134603739149
22.67883592124099 -33.779690276296606
22.721433933268685 -33.98015513629619
22.75155598964796 -34.16317437575975
22.769635516234324 -34.32918424659826
22.77610216721774 -34.47862349664102
22.77138181951661 -34.6119333729703
22.75589656501603 -34.729557626936156
22.7300646990752 -34.831942521117824
22.694300703445887 -34.91953683984556
22.649015219850757 -34.99279190524071
22.59461500824756 -35.052161603510385
22.53150287669972 -35.09810242767509
22.460077559147805 -35.131073552856265
22.380733488593847 -35.15153697610158
22.293860343619155 -35.1599577959432
22.19984205049713 -35.15680482669481
22.099054288983808 -35.14255213452594
21.99185701077149 -35.11768364677627
21.87856451112721 -35.08271158491604
21.759235936193964 -35.03830550270362
21.636489423316604 -34.98355891647145
20.520810750568415 -28.90302103878595
21.131486784817376 -34.941150727688324
20.75109052554489 -34.95416021243861
20.3686188023077 -34.959267076813546
19.984621438287377 -34.956871169558184
19.59958564589088 -34.94740763800547
19.213967740338223 -34.9313273943294
18.82820106739483 -34.90909223184954
18.442698645664954 -34.881173197572195
18.057854223020538 -34.84804994138787
17.674042756174796 -34.81021042029937
17.29162064980583 -34.76815075068822
16.91092588471043 -34.72237512930832
16.532278089845306 -34.67339578790802
16.15597858458093 -34.621732966731315
15.782310403592483 -34.56791489836564
15.411538310919731 -34.512477797704406
15.043908806709748 -34.455965856064296
14.679650128073856 -34.39893123801096
14.318972244757404 -34.3419340812699
13.96206684793065 -34.28554249767765
13.60910733102073 -34.23033257825017
13.260248757109018 -34.17688840092379
12.91562780555374 -34.12580204548459
12.575362681056006 -34.07767361795223
12.239552953806673 -34.033111295047576
11.908279261430621 -33.992731406761806
11.581602712079828 -33.95715860199573
11.259563570863143 -33.92702621439125
10.942177974531603 -33.902977175161936
10.629428075901863 -33.8856667549027
10.321222619798498 -33.875773528070766
10.017120975141324 -33.874076129544875
9.720062103923958 -33.880416102108654
21.508973149202685 -34.920010811607995
9.46001801349378 -33.789257050208505
9.494681174635737 -33.69394536534611
9.532305503506478 -33.610625965341
9.573204129415473 -33.53983620081496
9.61763536706048 -33.48212855803317
9.665844647623352 -33.438058995908364
9.718075003867199 -33.40818402978857
9.774570567815566 -33.39305975863911
9.835577972810754 -33.39324147440837
9.901346994734212 -33.40928348355456
9.97213087742059 -33.44173901630461
10.048186513844001 -33.49116017526035
10.12977455776759 -33.55809790376324
10.217159501440307 -33.6431019633051
10.310609738853778 -33.74672091442025
10.410397627314694 -33.86950209698543
10.516799558892728 -34.01199160781596
10.630096054212189 -34.17473426922905
10.75057189866122 -34.358273584478894
10.878516353160805 -34.56315166703922
11.014223500501359 -34.789909124812624
11.157992847412515 -35.03908485872387
11.310130439363775 -35.311215689522385
11.470951087293955 -35.60683561198641
11.640783263798738 -35.92647415449477
11.819981341719199 -36.27065228015138
12.008962306777434 -36.639870088660984
12.208352605936554 -37.034557626747784
12.420016080999275 -37.45473056126437
18.24352308165587 -29.707604272372407
20.718490638831355 -34.164863999626846
23.40963011328536 -32.38028728136155
26.03198768358834 -30.31219892561154
28.535107663036698 -27.968579104474458
30.86939629689107 -25.368763445028804
32.98937937299387 -22.543172692614235
34.85680294378281 -19.531950107519577
36.443154448044396 -16.382621290267366
37.73126589530128 -13.147066608274855
38.71582028418618 -9.878210677391877
39.402773380245634 -6.626857204538766
39.80787420148022 -3.439031553136374
39.954579516134885 -0.35406518212812443
39.871694322010356 2.5964934732265306
39.59103961816514 5.389189959281396
39.14537427039771 8.008336886946381
38.56670691851315 10.44523355056512
37.885049178137166 12.697119170680793
-0.7406389610804496 39.949283352691964
2.2170733026072185 39.89459076660904
5.3039175264611345 39.60255352040875
8.48448543728027 39.0449394074177
11.71555582586737 38.19999395491217
14.947699385169301 37.05482518586413
18.127729455873975 35.60729154595978
21.201795305295647 33.86705866024809
24.11876903107384 31.85559239584245
26.833492820631164 29.605024058586338
29.309460343755674 27.15601813267463
31.520606454651002 24.554941563672145
33.45204480400051 21.850731907546788
35.0997762638778 19.091869806021123
36.46954499702895 16.323788597443354
37.57511249747017 13.586931488264781
38.43624503404553 10.9155327010252
39.076678496447954 8.337084871199494
39.522259061301924 5.872378151624616
39.79938155963853 3.535960114968077
9.427654571438609 -33.896120438306355
-14.616703940915045 32.002806398660994
-33.46081790575121 12.797594752279679
-33.57287810483146 13.477265701717982
-33.647534710170504 14.159910436753961
-33.686235477718085 14.844574378701935
-33.69040168266825 15.530340140857675
-33.661429315833615 16.216324243660864
-33.60068938206409 16.901676292846503
-33.509528001157605 17.585578705827373
-33.389266447383605 18.267246601480736
-33.24120116873668 18.945927750300314
-33.066603796191345 19.620902548835375
-32.86672114950123 20.291484005840573
-32.64277524105911 20.957017734068643
-32.395963278373 21.616881944665806
-32.12745766679281 22.27048744342312
-31.83840601188214 22.91727762748681
-31.529931122478985 23.556728482476274
-31.20313101423056 24.18834857922431
-30.859078914299356 24.811679069868205
-30.49882326812009 25.426293682942628
-30.12338774878775 26.03179871635001
-29.7337712710938 26.62783302719191
-29.330948012926427 27.214068016168994
-28.915867449950436 27.79020760336121
-28.489454412383168 28.35598818726828
-28.05260918471851 28.911178573743598
-27.606207690840343 29.455579844266282
-27.151101864069716 29.989025092681885
-26.688120460594778 30.51137884569988
-26.218071093213347 31.022535614712893
-25.741746333208717 31.52241555265971
-25.25994811440806 32.01094707828929
-24.773658566760844 32.487945253693994
-24.281749028449504 32.9547428347704
-33.30987150859552 12.121912353667796
-23.510935348677677 33.416722911165294
-23.23223030292323 33.414834155533214
-22.950366792795982 33.405363565511124
-22.66574730720795 33.38877960589295
-22.378798867398633 33.36553170445811
-22.08994716616525 33.336068663792275
-21.799610102788012 33.30084326365082
-21.508195628586922 33.26031379515479
-21.216100885581007 33.21494467427374
-20.92371181536336 33.16520672032894
-20.63140296406132 33.111577294937604
-20.33953737814656 33.05454037682108
-20.048466545380844 32.99458660369976
-19.758530360595223 32.932213297344646
-19.470057105536938 32.86792447863397
-19.183363437385452 32.802230876397715
-18.898754383337877 32.7356499323549
-18.616523339853213 32.66870580291979
-18.336952076810395 32.60192935912539
-18.060310746182793 32.5358581826186
-17.786857898499377 32.47103655950232
-17.516840509348654 32.408015468011996
-17.250494023988495 32.34735255911846
-16.98804243211542 32.28961212207304
-16.729698400188013 32.23536502448019
-16.47566351760939 32.18518859988575
-16.226128789729195 32.13966642249238
-15.98127572346987 32.099387812055426
-15.741279040839078 32.064946593719355
-15.506314821339899 32.03693737993149
-15.276593070569753 32.01594069469914
-15.05258570321785 32.002418847155724
-14.831948090386856 31.998121958813414
-23.7862850027264 33.41041344828008
-14.20736893067523 32.01662485648481
-13.80510317999611 32.04044768662098
-13.409403068664979 32.075093074714914
-13.020030476016025 32.12125304504451
-12.636770310473366 32.17960420408309
-12.259395868482777 32.25082356079102
-11.887660171778336 32.335592482185376
-11.521293076830275 32.434598012248244
-11.160000114846405 32.548533399359
-10.803461960211912 32.6780983367768
-10.451334159191106 32.82399908346508
-10.10324697659064 32.986948529301
-9.758805298985173 33.16766623356057
-9.417588564184207 33.366878449096276
-9.079150700011859 33.58531813890957
-8.74302006044283 33.82372498863808
-8.408699348175979 34.082845418821904
-8.075665508799801 34.36343259701303
-7.743369575203495 34.666246454497724
-7.411236423897606 34.99205370922627
-7.078664373302665 35.34162790274908
-6.745024484122624 35.71574946345649
-6.409659262753436 36.11520582273232
-6.071880070398166 36.54079164604991
-5.730961425147825 36.99330934010061
-5.386126759435967 37.473570321350564
-5.036505694070144 37.98239881864484
-4.680963137151281 38.5206470848365
-4.316902980220306 39.089301875593094
16.137452982190915 -30.902273335183082
16.137452982190915 -30.902273335183082
13.872254446569764 -31.983252533230825
11.461744628078783 -32.92409901752055
8.925378955380666 -33.70022991817174
6.287881674337772 -34.2903839302554
3.578430183918833 -34.67798615049047
0.8294326057130341 -34.85225857225569
-1.9249999479635846 -34.80893938681744
-4.6507360349514 -34.55052156434104
-7.315287076752469 -34.08598628497478
-9.889283169597267 -33.430075746643325
-12.347628230765306 -32.602207948382855
-14.670254699566552 -31.625172143162104
-16.84245752676848 -30.523753217679342
-18.854840394312713 -29.323418623001373
-20.702945444808496 -28.049169968897004
-22.386657826280814 -26.724622306102106
-23.909479276097823 -25.371335928181608
-25.277754998866346 -24.00839412064201
-33.48177831147537 9.712796051395685
-34.07520842372453 7.3653280249099
-34.51682221781242 4.894575570845859
-34.78478739393965 2.320873110104742
-34.86056015969926 -0.33050171978183585
-34.730196522719964 -3.0300718684611923
-34.385451976308474 -5.745309253623702
-33.82452808545054 -8.442107902139014
-33.05236092591444 -11.086447729452146
-32.08040492954734 -13.646080228075178
-30.92593482566794 -16.092061433928507
-29.61095313758118 -18.39998207387066
-28.160837502875143 -20.55079358982158
-26.602882701941777 -22.531189892713556
-24.964885718790388 -24.333564619318025
-23.273893939172044 -25.955611087835337
-21.555196042005083 -27.399660757489656
-19.83159214047117 -28.67186494124148
-18.122942129941794 -29.781317207094304
-16.445963563649837 -30.739195963751115
15.318564508887974 -36.90305363857277
