1.5580440135207567 -36.36370435146792
1.674458726021939 -36.89727198445744
1.7919411932271885 -37.38255153607851
1.9097447899308975 -37.821147815021476
2.0275045535122302 -38.21464870698737
2.144932384269424 -38.56463823357076
2.2617735022764975 -38.87269841801022
2.377795561341017 -39.140409752105924
2.4927850200325565 -39.36935135069593
2.606545690034423 -39.5611010150386
2.7188980761381174 -39.717235260069
2.829679046336338 -39.83932932910302
2.938741654302021 -39.92895720109837
3.045955038308435 -39.987691595020344
3.151204361196122 -40.01710397241741
3.254390773845344 -40.0187645385407
3.3554313932800994 -39.994242243555696
3.454259290812587 -39.945104782087405
3.550823488855386 -39.87291859325058
3.6450889673845097 -39.77924885901138
3.737036685349665 -39.66565950139727
3.8266636310459603 -39.53371317659243
3.913982939242345 -39.38497126063727
3.9990241900017907 -39.22099381561725
4.081834310612663 -39.04333948569616
4.162481189715862 -38.85356508127428
4.241078986329768 -38.65322267185604
4.317446698737996 -38.44389881270778
1.5580440135207567 -36.36370435146792
4.279815183560544 -38.019624307532524
4.168279129637085 -37.8075949228775
4.05745284528507 -37.592586356224174
3.9475117224922656 -37.37614748281106
3.838622388095672 -37.159827773574754
3.7309388045248113 -36.9451777431571
3.62460129539636 -36.73374906168334
3.5197362212774976 -36.527094592155784
3.4164558507170284 -36.32676840542956
3.314858302579495 -36.134325786719316
3.215027518611379 -35.951323238972336
3.1170332506854947 -35.77931848461554
3.020931056545237 -35.619870466122585
2.926762302119073 -35.47453934629581
2.8345541710475572 -35.34488650801764
2.7443196850762774 -35.23247455291083
2.6560577446430784 -35.13886729960257
2.5697532118738593 -35.065629778435685
2.485377094860013 -35.01432822147283
2.402887009581633 -34.98653003581311
2.322228116613786 -34.98379693642892
2.2432784772325363 -35.00674411653736
2.1658390904293867 -35.0540725548781
2.089233996497825 -35.12427927383049
4.391904147096028 -38.22712309406372
2.118420249103252 -35.311049018366795
2.2251155941414993 -35.42443464167792
2.333613593193661 -35.55442392539086
2.4439365988700956 -35.69946469632767
2.556098094059138 -35.85800589881998
2.6700966902706966 -36.028497937040164
2.7859146307543767 -36.20939276098625
2.9035172959230806 -36.39914389404528
3.0228530113347176 -36.59620644329437
3.143852968334585 -36.79903710341542
3.2664311954675327 -37.00609415682976
3.390484559378706 -37.21583747235033
3.515892789906303 -37.42672850037283
3.642518534317162 -37.63723026583949
3.770207456313784 -37.84580735488773
3.8987884151268304 -38.0509258918788
4.028073802081138 -38.25105349583889
4.157860216823792 -38.44465919426356
4.2879299572217064 -38.63021323175894
4.418054746260395 -38.806186592865146
4.548006914683015 -38.97104957050343
4.677604133475768 -39.123266037530954
4.807022545104985 -39.2612533509448
4.932590766894805 -39.38392092233836
2.0135383667933695 -35.21581794280155
5.187812626989057 -39.56698658710857
5.3176426275254585 -39.624206276288675
5.445132570556041 -39.65964580816542
5.569768583802727 -39.67182170600355
5.691086488903636 -39.65924476059728
5.808623100602347 -39.620426264719974
5.921904068810136 -39.55387956878712
6.030439849770687 -39.45812059430905
6.133724128971778 -39.331668032913385
6.231233155856216 -39.17304342672118
6.3224254918253 -38.98077119174741
6.406742007798243 -38.75337860553855
6.4836061149008515 -38.489395753585825
6.552424337021478 -38.187355412238
6.612587551026593 -37.84579280177048
6.663473783209213 -37.463245034261845
6.70445525357195 -37.0382497279238
6.734919553858617 -36.56934084083336
6.754354406678829 -36.055032003751705
6.762941043602893 -35.49369983779236
8.979232412674378 -34.38318855336754
11.132916860055104 -33.7474211163512
13.298395503920858 -32.95425536768421
15.454660624839335 -31.999745855057785
17.579559348500595 -30.88348042125097
19.65056688195824 -29.608875207189698
21.645640816430614 -28.18326637321017
23.54409229200371 -26.617775789176278
25.327403702480865 -24.926951107361806
26.97992592332406 -23.12820501009956
28.48940057558758 -21.241099892918808
29.847272500126735 -19.286539195003957
31.048780927737653 -17.285932798625602
32.09284080421304 -15.260401008252884
32.98174482408655 -13.23007098152105
33.72072957875167 -11.213503756362176
34.31745496549286 -9.227272322231425
34.781445156199936 -7.285694384442817
35.123533491530054 -5.400709665091648
35.35534460270327 -3.5818818854544467
26.117918347455202 24.097398428313983
27.58774349533843 22.399702646523213
28.98253783114683 20.56314107045397
30.282487181204374 18.595731766656545
31.468720543860968 16.509085291124652
32.52412024273423 14.318235654346996
33.43409059672132 12.04125640402517
34.187218779125146 9.698677330722955
34.77576889169427 7.312740102637118
35.19596621993435 4.906549873636816
35.44805077212868 2.5031912179923843
35.53610382586845 0.12487871854826338
35.46767418155446 -2.207794820254179
35.25324859027944 -4.476464413932952
34.90562115531236 -6.665424336008829
34.43921883581555 -8.761876271441745
33.86943546211813 -10.756003500123127
33.2120168906132 -12.64089410899683
32.48252748002773 -14.412344650558746
31.69591520596464 -16.0685789375896
-12.183958484472456 34.297195963484924
-12.416617086439771 34.78795293907484
-12.63401241280944 35.23304724808415
-12.836857452694801 35.633884105240426
-13.02556768829298 35.991974214629266
-13.20051613001786 36.30884316872257
-13.362069750743643 36.58601850534959
-13.510598595014187 36.825026472216095
-13.646478815434719 37.02739094718105
-13.77009388807447 37.19463300776999
-13.881835164591834 37.32827073398471
-13.982102148772341 37.42981911071679
-14.071302645187657 37.50078997464209
-14.149852844043536 37.542691984218855
-14.218177371679857 37.557030601904465
-14.276709321239622 37.54530808301831
-14.325890271448486 37.50902346971979
-14.366170296573728 37.449672587024416
-14.398007969684912 37.36874804249435
-14.421870357682252 37.267739228244224
-14.438233004366907 37.1481323280978
-14.447579890161663 37.01141033418283
-14.450403337646435 36.85905308441543
-14.447203771234399 36.692537360023124
-14.438488990484075 36.51333717770594
-14.424771257956053 36.322924960514975
-14.406546907407858 36.122779740870854
-14.384571173317653 35.91427661546369
-12.183958484472456 34.297195963484924
-13.287476048533904 35.54995916085548
-12.22546587901499 35.39624917579424
-11.174028298225636 35.239235139178554
-10.133816038505074 35.08035703817235
-9.105315952224288 34.921065074989905
-8.08885215348755 34.76281840297158
-7.084586803134073 34.607084810311626
-6.0925203699700035 34.45534061465578
-5.112491734626133 34.30907062081963
-4.1441782358533885 34.16976810109593
-3.1870956924814777 34.038934785250255
-2.240598413440381 33.918080854670805
-1.3038792007293694 33.80872493800871
-0.3759693468845171 33.71239410753658
0.5442613738542832 33.63062387484889
1.4581047240430394 33.56495818409201
2.3670140395382475 33.51694940122613
3.2726043040799198 33.48815829163035
4.176652314748679 33.480153973004235
5.081097096824152 33.49451379645629
5.988039988409156 33.53281648436649
6.899563361813989 33.59573806949077
7.81742730295602 33.68210876116009
8.742771500533223 33.7906521201886
-14.359218200223381 35.69894416876153
10.382983025833084 33.59103778573948
11.098508466655034 33.27673217591256
11.824297013114005 32.97489946237455
12.560755059317216 32.68352456310773
13.308178314906257 32.40066521366726
14.066746427626782 32.12445349984654
14.836521640304653 31.853096240447314
15.61744834421063 31.584875112993807
16.40935290192465 31.318146702312895
17.211943568921242 31.051342520554734
18.024810456929544 30.782969013731694
18.847425518457868 30.511607561290468
19.679142543472807 30.235914468340795
20.519197167193852 29.954620950992293
21.366706890243393 29.66653310887274
22.220671119340636 29.370531876268068
23.079971246015447 29.065572929935136
23.943370807228064 28.750686504919635
24.809515839789015 28.424976987623012
25.676935768838405 28.087621899086038
26.54404607493558 27.73786884445503
27.409158962715992 27.375023308808395
28.270558046319138 26.998363229633746
29.12549218569262 26.60828987738728
9.677241258963079 33.91989345134968
29.93559216588801 26.383609709446453
29.883084072987742 26.55043837490483
29.813890489354947 26.70306803856169
29.72702323506371 26.840302377617668
29.621527470655053 26.96090858792676
29.496470082418796 27.063630669261656
29.35093678501306 27.147192741228594
29.18403116379301 27.210300140251608
28.99487430435113 27.251639846879115
28.782604642820218 27.269880662201956
28.546377919850386 27.263673267207185
28.285367205582645 27.231650208762318
27.998762998934694 27.172425808942258
27.68577344803009 27.08459595704296
27.345624814726705 26.96673766603522
26.97756251451483 26.81740807646151
26.58085373243722 26.635141950483533
26.154795283021997 26.418444135752313
25.698745069909705 26.165759405399655
25.212342329245644 25.875261305327932
25.212342329245644 25.875261305327932
-0.9651609044201166 -35.792950727660276
-3.587960364460855 -35.62574066299809
-6.310635726654326 -35.24546402148241
-9.101236120806291 -34.62996330401561
-11.92165454779763 -33.76301245752685
-14.729110806216084 -32.63617857872373
-17.478284480796304 -31.25022286276519
-20.123912687020947 -29.615789632040787
-22.623561235566868 -27.753222054109205
-24.940223382615713 -25.691479423913407
-27.04441718517264 -23.466281266499728
-28.915538851976358 -21.117728814055333
-30.54236177734893 -18.687723093669614
-31.922713033076562 -16.217498264898357
-33.06247604385607 -13.745527825935987
-33.97413772188951 -11.30596406407792
-34.675115423848546 -8.927666420006844
-35.18607315365865 -6.633785750950889
-35.5293845360294 -4.441811776189088
-35.72783982325572 -2.363962547909704
-14.30934717993145 32.82239236631488
-16.678311927107814 31.68439313962366
-19.06001954120009 30.31142544409959
-21.416543729470774 28.694921363331936
-23.706473766760112 26.83411930565361
-25.886987068348844 24.73723424086203
-27.916351761244343 22.421957133725122
-29.75659332266828 19.915120165177782
-31.375994697671928 17.25148730097785
-32.75109985229391 14.471776526370583
-33.86796270347872 11.620153169382583
-34.72251040228592 8.741517529999186
-35.32003834195697 5.878924126643142
-35.67398576995983 3.07141606573272
-35.804226440164584 0.3524576365415619
-35.735136777151595 -2.250967987867668
-35.493680624907796 -4.718632541444876
-35.1076923657629 -7.03681704430991
-34.60446970456952 -9.197691766398123
