85.9951073317
2.3814482683
88.3267485429
32.7794816693
90.6639602444
33.2105818288
93.0065900288
33.6729615302
95.3544854888
34.1648335573
97.707494217
34.6844106936
100.065463806
35.2299057227
102.428241848
35.7995314282
104.795675936
36.3915005938
107.167613663
37.0040260031
109.543902621
37.6353204397
111.924390403
38.2835966871
114.308924602
38.947067529
116.697352809
39.623945749
119.089522619
40.3124441308
121.485281622
41.0107754578
123.884477412
41.7171525139
126.286957582
42.4297880824
128.692569724
43.1468949471
131.101161431
43.8666858916
133.512580295
44.5873736995
135.92667391
45.3071711544
138.343289866
46.0242910398
140.762275758
46.7369461395
143.183479178
47.443349237
145.606747718
48.1417131159
148.031928972
48.8302505599
150.458870531
49.5071743526
152.887419988
50.1706972775
155.317424936
50.8190321183
157.748732968
51.4503916586
160.181191675
52.0629886819
162.614648652
52.655035972
165.04895149
53.2247463124
167.483947782
53.7703324868
169.91948512
54.2900072787
172.355411098
54.7819834717
174.791573307
55.2444738495
177.227819341
55.6756911957
179.663996792
56.0738482938
182.099953252
56.4371579276
184.535536315
56.7638328806
186.970593573
57.0520859363
189.404972618
57.3001298786
191.838521043
57.5061774908
194.271086441
57.6684415567
196.702516405
57.7851348599
199.132658526
57.8544701839
201.561360398
57.8746603124
203.988469613
57.843918029
206.413837311
57.7605562828
208.837379237
57.6247124184
211.25906752
57.4381159334
213.67887618
57.202549772
216.096779237
56.9197968785
218.512750712
56.5916401973
220.926764624
56.2198626727
223.338794995
55.8062472489
225.748815845
55.3525768702
228.156801194
54.860634481
230.562725062
54.3322030255
232.96656147
53.7690654481
235.368284438
53.1730046931
237.767867986
52.5458037046
240.165286136
51.8892454272
242.560512907
51.2051128049
244.95352232
50.4951887822
247.344288395
49.7612563034
249.732785152
49.0050983127
252.118986612
48.2284977545
254.502866796
47.433237573
256.884399723
46.6211007125
259.263559414
45.7938701174
261.640319889
44.9533287319
264.014655169
44.1012595004
266.386539274
43.2394453672
268.755946225
42.3696692765
271.122850042
41.4937141726
273.487224745
40.6133629999
275.849044354
39.7303987026
278.208282891
38.846604225
280.564914375
37.9637625116
282.918912827
37.0836565064
285.270252267
36.2080691539
287.618906715
35.3387833984
289.964850192
34.4775821841
292.308056719
33.6262484553
294.648500315
32.7865651564
296.986155002
31.9603152317
299.320994799
31.1492816253
301.652993726
30.3552472818
303.982125805
29.5799951453
306.308365055
28.8253081601
308.631685498
28.0929692706
310.952061152
27.384761421
313.269466039
26.7024675556
315.58387418
26.0478706188
317.895259594
25.4227535549
320.203596301
24.8288993081
322.508858323
24.2680908227
324.8110196
23.7421110431
200.113772751
74.445639362
202.474390062
273.776870763
204.793604604
273.045729804
207.072716125
272.254228507
209.313024377
271.404378896
211.515829111
270.498192995
213.682430078
269.537682827
215.814127027
268.524860416
217.91221971
267.461737785
219.978007877
266.350326957
222.012791279
265.192639957
224.017869666
263.990688808
225.99454279
262.746485533
227.9441104
261.462042155
229.867872248
260.139370699
231.767128084
258.780483187
233.643177658
257.387391644
235.497320722
255.962108093
237.330857026
254.506644557
239.145086321
253.023013059
240.941308357
251.513225624
242.720822884
249.979294275
244.484929655
248.423231035
246.234928419
246.847047928
247.972118926
245.252756977
249.697800928
243.642370206
251.413274176
242.017899639
253.119838419
240.381357298
254.818793408
238.734755207
256.511438895
237.080105391
258.19907463
235.419419872
259.883000363
233.754710673
261.564515845
232.087989819
263.244920826
230.421269333
264.925515058
228.756561238
266.607598291
227.095877559
268.292470276
225.441230317
269.981430763
223.794631538
271.675779502
222.158093244
273.376816246
220.533627459
275.085840743
218.923246206
276.804152746
217.32896151
278.533052004
215.752785393
280.273838268
214.196729878
282.027811288
212.662806991
283.796270817
211.153028753
285.580516603
209.669407189
287.381848398
208.213954321
289.201565953
206.788682175
291.040969017
205.395602772
292.901357342
204.036728137
294.784030679
202.714070293
296.690288777
201.429641263
298.621431388
200.185453071
300.578755466
198.983513336
302.562873708
197.824751529
304.572824556
196.707616662
306.607425869
195.630210189
308.665495509
194.590633563
310.745851335
193.586988238
312.847311206
192.617375667
314.968692984
191.679897303
317.108814528
190.772654601
319.266493698
189.893749013
321.440548354
189.041281993
323.629796357
188.213354995
325.833055566
187.408069471
328.049143841
186.623526876
330.276879042
185.857828663
332.51507903
185.109076285
334.762561664
184.375371196
337.018144804
183.654814848
339.280646312
182.945508697
341.548884045
182.245554194
343.821675865
181.553052795
346.097839632
180.866105951
348.376193205
180.182815116
350.655554445
179.501281745
352.934741212
178.81960729
355.212571365
178.135893204
357.487862765
177.448240942
359.759433272
176.754751957
362.026100746
176.053527702
364.286683046
175.342669631
366.539998034
174.620279196
368.784863568
173.884457852
371.020097509
173.133307053
373.244517718
172.36492825
375.456942053
171.577422899
377.656188376
170.768892452
379.841074545
169.937438363
382.010418422
169.081162085
384.163037866
168.198165072
386.297750737
167.286548777
388.413374895
166.344414654
390.5087282
165.369864156
392.582628513
164.360998737
394.633893693
163.315919849
396.661341601
162.232728948
398.663790096
161.109527485
400.64005703
159.944416914
-20.1294823951
40.429709864
-19.5091755336
141.521559047
-18.8757500696
142.596282304
-18.2293774156
143.654069471
-17.5702289843
144.695110382
-16.8984761883
145.719594873
-16.2142904402
146.727712779
-15.5178431526
147.719653935
-14.8093057382
148.695608177
-14.0888496096
149.65576534
-13.3566461793
150.600315258
-12.6128668601
151.529447768
-11.8576830646
152.443352704
-11.0912662053
153.342219902
-10.3137876949
154.226239197
-9.52541894602
155.095600424
-8.72633137126
155.950493418
-7.91669638325
156.791108014
-7.09668539461
157.617634048
-6.26646981797
158.430261356
-5.42622106595
159.229179771
-4.57611055117
160.01457913
-3.71630968624
160.786649268
-2.8469898838
161.545580019
-1.96832255646
162.291561219
-1.08047911685
163.024782704
-0.183630977575
163.745434308
0.722050448728
164.453705867
1.63639374944
165.149787217
2.55922751195
165.833868191
3.49038032362
166.506138625
4.42968077184
167.166788356
5.37695744399
167.816007217
6.33203892744
168.453985044
7.29475380957
169.080911672
8.26493067776
169.696976937
9.24239811939
170.302370674
10.2269847218
170.897282718
11.2185190725
171.481902904
12.2168297587
172.056421067
13.2217453679
172.621027043
14.2330944874
173.175910667
15.2507057046
173.721261774
16.2744076069
174.2572702
17.3040287817
174.784125778
18.3393978163
175.302018346
19.3803432982
175.811137738
20.4266938146
176.311673788
21.478277953
176.803816334
22.5349243008
177.287755208
23.5964614454
177.763680248
24.662717974
178.231781288
25.7335224742
178.692248163
26.8087035332
179.145270709
27.8880897384
179.59103876
28.9715096773
180.029742152
30.0587919372
180.461570721
31.1497651055
180.886714301
32.2442577696
181.305362728
33.3420985168
181.717705836
34.4431159346
182.123933462
35.5471386102
182.52423544
36.6539951311
182.918801606
37.7635140847
183.307821794
38.8755240583
183.69148584
39.9898536393
184.06998358
41.1063314152
184.443504847
42.2247859732
184.812239479
43.3450459007
185.176377309
44.4669397852
185.536108174
45.590296214
185.891621908
46.7149437745
186.243108346
47.840711054
186.590757324
48.96742664
186.934758678
50.0949191198
187.275302241
51.2230170808
187.61257785
52.3515491104
187.946775339
53.480343796
188.278084545
54.6092297249
188.606695301
55.7380354845
188.932797444
56.8665896622
189.256580808
57.9947208453
189.578235229
59.1222576214
189.897950542
60.2490285776
190.215916583
61.3748623015
190.532323185
62.4995873803
190.847360186
63.6230324015
191.161217419
64.7450259525
191.474084721
65.8653966206
191.786151925
66.9839729931
192.097608869
68.1005836576
192.408645386
69.2150572013
192.719451312
70.3272222117
193.030216482
71.436907276
193.341130732
72.5439409818
193.652383896
73.6481519163
193.964165811
74.749368667
194.27666631
75.8474198212
194.59007523
76.9421339664
194.904582405
78.0333396898
195.220377671
79.120865578
195.537650863
2.489477294491266
-35.358299374803046
2.6036960056468246
-36.10492476522702
2.7161873373235608
-36.78762386840544
2.8264813576460313
-37.40847585443922
2.9343586998856352
-37.969541928031404
3.0396533478746477
-38.47287921360546
3.1422244622393123
-38.920542739542896
3.2419493365639767
-39.314585933319975
3.338721049191136
-39.65706078754266
3.432447523538684
-39.95001792561083
3.5230511006596004
-40.19550663212081
3.610468325122426
-40.39557486785112
3.694649829298058
-40.55226927792466
3.7755602667224935
-40.667635196322806
3.853178271553574
-40.74371664937549
3.927496432283121
-40.78255635696432
3.998521273554374
-40.786195734289784
4.066273242000989
-40.756674892711835
4.130786693222802
-40.6960326415207
4.192109876189562
-40.60630648880334
4.250304909166459
-40.48953264447899
4.305447732449437
-40.34774602549459
4.357627995461797
-40.18298026914471
4.406948723027114
-39.997267771979864
4.453524986158612
-39.79263984543976
4.497474606180674
-39.571127804681176
4.539043513738875
-39.33474828441473
2.489477294491266
-35.358299374803046
4.46563945214541
-38.83935944772543
4.353029156370496
-38.58421607916327
4.240778238423388
-38.32212144499329
4.1291529331714685
-38.055092620164174
4.018400199477384
-37.78514849153671
3.9087491564478114
-37.514309588841705
3.800411442566542
-37.24459804321562
3.6935813353495917
-36.97803757308254
3.5884357991423883
-36.716653478150825
3.485134506882872
-36.46247263746479
3.383819850852916
-36.21752350773838
3.2846169484018333
-35.98383612267783
3.1876336450966107
-35.76344209280315
3.092960516354509
-35.55837460503742
3.000670868102759
-35.37066842289964
2.9108207364058956
-35.20235988608695
2.8234488857479505
-35.05548691096034
2.738576804324339
-34.93208899033366
2.6562086917590193
-34.83420719476649
2.576331421542534
-34.763884174916846
2.498914390209933
-34.72316417111951
2.4239020409998204
-34.714001139698134
2.351105366274709
-34.73643053308219
4.578313560364563
-39.08553746468182
2.3391841587214515
-34.857452751071705
2.400187534507836
-34.9522728137018
2.4631982174442157
-35.07125277850202
2.5281951910228884
-35.21251377692471
2.59514559669077
-35.37417795269997
2.6640048998868053
-35.554368450951536
2.734716934194637
-35.75120941486835
2.8072139194169665
-35.9628259848414
2.881416473001167
-36.18734429696913
2.9572336208828176
-36.42289148210652
3.034562810636686
-36.667595664920285
3.1132899293942273
-36.91958596140894
3.193289330147394
-37.17699247662592
3.274423871889752
-37.43794630012199
3.3565449836160326
-37.700579499351406
3.439492770746284
-37.96302510816613
3.5230962012678617
-38.22341710713938
3.6071734513187437
-38.479890386845746
3.6915325963148007
-38.73058067452388
3.7759731313925045
-38.97362437231427
3.860289772649196
-39.20715815354197
3.9442838609595015
-39.42931775064798
4.027808977796667
-39.638233108563924
4.111090256619661
-39.831994454142155
4.19043454438588
-40.00910813397493
2.28019611786209
-34.788672546573004
4.463652542580746
-40.28153226444826
4.658510462185632
-40.37289958155019
4.851712125444919
-40.43978468025962
5.042593845450995
-40.48039253148577
5.230527738954436
-40.492926075033225
5.41487223300544
-40.47559147849104
5.594959703126733
-40.42659944846012
5.770092368658197
-40.34416566468011
5.939540673351189
-40.22651094909457
6.102542581929583
-40.07186133527125
6.258303277954269
-39.878448092878166
6.405995079317677
-39.64450772386508
6.544757519651341
-39.368281932839125
6.673697624636475
-39.04801756073626
6.791890511847953
-38.68196645252977
6.898380650395097
-38.26838518526692
6.992184677145872
-37.80553446634989
7.072298473181604
-37.29167762429081
7.137718425172238
-36.725076077331735
7.187526503786728
-36.103971204474156
7.221485858696099
-35.426457439324906
9.548478325322094
-34.13566971589565
11.743610864394327
-33.444057605911716
13.951228402028676
-32.58497523946105
16.148257116764228
-31.553940758211727
18.31025853662203
-30.350482987984265
20.412336721203303
-28.97850746436189
22.430150592118082
-27.446415607448024
24.34095051522081
-25.76694613836557
26.124549414231353
-23.95673815829787
27.764142709772045
-22.035647593689504
29.24690806828096
-20.025877102573613
30.564342354029463
-17.950998906677675
31.712324314577018
-15.834957273354132
32.6909217198812
-13.701132157105146
33.50398600186219
-11.571530031455755
34.15859281049643
-9.466146126516591
34.66439244551043
-7.40251860284744
35.03293094213046
-5.395473555285093
35.27699307252391
-3.4570428176349353
35.41000552838375
-1.5965255280437454
23.42535995928614
26.60206563520463
25.10234173171699
25.025783201849272
26.71784153856487
23.29322495495201
28.249128578362104
21.41037411735317
29.673984540788865
19.387419290738166
30.971679734220288
17.238690197423637
32.123936727564
14.982325400461846
33.11579521407839
12.6396792926515
33.936297027263265
10.234506796090642
34.57892787468484
7.791991550252568
35.04177971966817
5.33770169268686
35.327429941061155
2.896563315599625
35.44256460153764
0.49193469860735917
35.39739808492459
-1.855153389679952
35.20495655378528
-4.1265505362169606
34.88029704893404
-6.307318214580903
34.439728759882996
-8.385849284810025
33.90009073379417
-10.353802853173482
33.278124368808676
-12.205892993794572
32.58996254907646
-13.93957410868982
-9.381670274111244
34.18173627459322
-9.769749009091512
34.84196303047162
-10.14774144836251
35.438175317887485
-10.515490761089922
35.97260389803384
-10.87266862858641
36.447523140200815
-11.21895332950983
36.86520214351818
-11.55405518126939
37.22789775481367
-11.877722900559888
37.53785282203972
-12.189745724253314
37.79729561288081
-12.489954257939885
38.00843958132946
-12.77822086218869
38.17348326196297
-13.054459846007148
38.29461021671457
-13.318627571448573
38.37398900612078
-13.570722513786578
38.41377317253753
-13.810785298409954
38.41610123053807
-14.03889872424449
38.383096659614274
-14.255187780201638
38.31686789983649
-14.459819657525244
38.21950834775689
-14.653003761182077
38.09309635320197
-14.834991722373445
37.93969521381714
-15.0060774178245
37.76135316758272
-15.1665970064998
37.560103376805166
-15.316929016855141
37.33796389005956
-15.457494603649238
37.09693752865244
-15.588758570066574
36.839011434289624
-15.711236514551956
36.56615390495302
-15.825398550940236
36.28035702333163
-9.381670274111244
34.18173627459322
-14.814604062372865
35.850411011741485
-13.707429369533799
35.70775710728576
-12.611717282867602
35.557387250003394
-11.528614034988976
35.40112978975272
-10.459056463818513
35.240833297138536
-9.403770908082436
35.078367051693775
-8.363272931452315
34.915621164666916
-7.337867230505282
34.75450661967868
-6.327647597873778
34.596955288652026
-5.332496905698463
34.44491993978981
-4.352087097261773
34.300374240920505
-3.385879182626752
34.165312761515565
-2.4331232362952733
34.04175097405767
-1.4928583959810169
33.93172525460473
-0.5639128622487988
33.83729288362596
0.35509610104907097
33.76053204613244
1.265762165021357
33.70354183271465
2.1698899312858657
33.668442240236956
3.0694949203597446
33.657374175027535
3.9668035363927174
33.67249946073199
4.8642529255647275
33.71600086963159
5.764474716652273
33.789992848053124
6.669945577906617
33.894734429751345
-15.931893463668786
35.983537411188095
8.2878031121854
33.70691727307654
9.002489246418378
33.40837342301011
9.727816302742525
33.130431320418914
10.464663894491139
32.87052643380241
11.21376356423832
32.62617874041107
11.975698938389428
32.39499269098236
12.750905766723378
32.17465719955852
13.539671936897662
31.96294563943635
14.34213748135403
31.75771583948005
15.158294582238256
31.556910080950075
15.987987576235753
31.358555093838966
16.83091295992071
31.160762050901262
17.686619397611224
30.961726560211915
18.554507732568027
30.759728652981735
19.433831004854056
30.553132764844946
20.323694480571504
30.340387704409267
21.223055703016342
30.12002659875263
22.130724587409503
29.890666792188554
23.045363610264303
29.651009643994776
23.965488225631418
29.39984008318691
24.88946790603086
29.136025496051715
25.815529264692998
28.858512388054415
26.741768545681794
28.566313032600853
27.66623905260036
28.258412008830867
28.58577447281624
27.935024069580642
7.582729140645256
34.02871215118499
29.395801561323594
27.88224279990375
29.27532069760997
28.1552988394262
29.13614749701611
28.412366518180868
28.977299496371927
28.651818104514312
28.797851609557995
28.871970591710976
28.596922578192334
29.07110018470911
28.373671588977743
29.24744591694523
28.127297154049472
29.399210850477196
27.857036674175163
29.524562547788506
27.562166256111198
29.621633273429545
27.242000646398537
29.688520075871963
26.895893235189703
29.723284800672094
26.523236124840196
29.723954046874628
26.123460287833325
29.688519050373607
25.696035885643596
29.614935440757684
25.24047292452883
29.50112273501528
24.756322714402245
29.34496320943202
24.24318152913156
29.144299064919753
23.700701601781986
28.896923909010336
23.128635123794027
28.600548666972564
22.527142272187007
28.252562931620144
22.527142272187007
28.252562931620144
-0.00606088446455999
-34.62571926834244
-2.579462192892592
-34.529506894536155
-5.264389958306154
-34.22318906752068
-8.029272886794047
-33.681912779617726
-10.835542280231024
-32.886646151252755
-13.639081246324707
-31.8263402599252
-16.39245040048695
-30.49964002167824
-19.047704226282633
-28.91583364339401
-21.559475356906702
-27.09482411678132
-23.88792429745908
-25.066063598882984
-26.001158798606802
-22.866574135930687
-27.876822313630832
-20.538336088364996
-29.502707524446578
-18.12541641759839
-30.876423453237443
-15.671213938963078
-32.00428798486619
-13.21612735131329
-32.89970251226133
-10.795834668476893
-33.581285179227024
-8.440246281703466
-34.071006086324125
-6.173088031937198
-34.3925037974578
-4.012001261992861
-34.56968972793106
-1.9690159214591105
-11.492843991185111
32.66274649472488
-13.888587010487683
31.71825377344242
-16.31983764598776
30.538555479802618
-18.74856756737438
29.11067992603366
-21.132078491508082
27.429468281633234
-23.42508650870684
25.499133193973144
-25.582389323306288
23.334134397812285
-27.56183809687044
20.95914006600183
-29.32723760031986
18.40797670355888
-30.850775363648665
15.72164530340482
-32.11464740556345
12.945651532492242
-33.11169033795491
10.127015085787377
-33.84500745151914
7.31135706903968
-34.326740789059635
4.5404116977529085
-34.576252753653804
1.8501938006136456
-34.61802200211957
-0.7300850944564665
-34.47953508522233
-3.1783851074569576
-34.18938894633797
-5.479612674305088
-33.77573596193967
-7.624967659847343
1.0377851761741965
-35.72331332959001
1.0254689483947743
-35.61477543046723
1.0144270847561643
-35.54929753149764
1.0045840892804279
-35.52517273332458
0.9958622004227209
-35.54069420879108
0.9881842716139602
-35.594155118329866
0.981474493108351
-35.683848588921734
0.9756586347659777
-35.80806770709842
0.970664145980038
-35.96510551573945
0.9664202049163748
-36.15325501316542
0.9628577484147911
-36.37080915181363
0.9599094957825969
-36.61606083771866
0.9575099740001178
-36.88730293019344
0.9555955511700347
-37.182828240838944
0.9541044879083245
-37.50092953225442
0.9529770243206315
-37.839899516140434
0.9521555393780545
-38.198030849651985
0.9515848680127306
-38.573616128251956
0.9512129973491881
-38.96494786960679
0.9509928060873278
-39.370318474059985
0.9508872814529639
-39.78802010518339
0.9508903857426674
-40.21634421361898
0.9511731201629345
-40.65357820102054
0.9501220834581545
-41.09805021593985
1.0514288442878126
-35.876618790971236
1.1518550103641019
-41.984120446112144
1.3593721535075645
-42.421910965618196
1.571169960621262
-42.85969391133534
1.7871360498367608
-43.29576488376193
2.0071581202050197
-43.72842159112122
2.2311014671850558
-44.155964361792115
2.458803362262927
-44.57669627336145
2.690071180327209
-44.98892319494382
2.9246816517068623
-45.390953803958496
3.1623805236291673
-45.78109959377318
3.4028823928304632
-46.15767487672156
3.645870618121137
-46.51899678631813
3.890997274011397
-46.86338527658367
4.137883128239366
-47.18916312183228
4.386117635465894
-47.49465591499103
4.635258944902716
-47.77819206444906
4.884833923734618
-48.0381027893834
5.1343382027958455
-48.27272211142085
5.383236258995964
-48.48038684153147
5.630961564309473
-48.65943655534619
5.876916866820068
-48.808213549326155
6.120474756171404
-48.92506275024894
6.360978911307768
-49.008331518353856
6.597747223222882
-49.056369153765075
6.830081167079982
-49.06752541523511
7.05730329584685
-49.04014459652009
7.2790197033226605
-48.97252405664264
7.491592595507939
-48.86348668427922
0.9488883895186575
-41.54802526454864
7.6141272672876426
-48.54930339065751
7.526744934483645
-48.34806524862353
7.434440740393256
-48.110916514018754
7.337587780033573
-47.84005436860775
7.23660600944811
-47.53766845991794
7.1319217272516084
-47.20594730301619
7.023957448676242
-46.84707988040873
6.913128534892621
-46.46325617475725
6.799841851040128
-46.056667381434096
6.684495165121746
-45.6295060036291
6.5674768608229215
-45.18396589804246
6.449165804009851
-44.722242297321316
6.329931301145166
-44.24653181742258
6.21013313552686
-43.759032454746915
6.090121704587375
-43.26194356900933
5.970238342774678
-42.75746584115552
5.850816067628671
-42.24780117568392
5.732181473385651
-41.73515245181699
5.614660436720271
-41.22172277257948
5.498600965298522
-40.70971245789016
5.384533173296916
-40.20129799099516
5.271009025028945
-39.69891632535203
7.696545155837896
-48.712381406966614
5.220198083548382
-38.69286833324216
5.279664255202249
-38.19425572944439
5.338216193166659
-37.71098138438697
5.396265350846818
-37.24523073896768
5.454286768698239
-36.79917976418642
5.512794152437152
-36.374998239860304
5.572333654559202
-35.97485057271743
5.633481817222446
-35.60089606452104
5.696844771735584
-35.25528901597974
5.7630579065606184
-34.94017876629579
5.832785749607183
-34.65770970326463
5.906721980853888
-34.41002125320023
5.985589565130624
-34.199247848119654
6.070141052346969
-34.02751886078812
6.161159179036474
-33.896958477569456
6.259458102376811
-33.80968543913221
6.3658861393410575
-33.767812468767374
6.481332634638704
-33.77344483766754
6.6067485851312995
-33.82867605966749
6.743229161688362
-33.935570665515655
6.8925914044290835
-34.096043615708766
-1.450820183011274
-36.06295595629999
12.325068115211081
-32.794696034910004
14.036828340116074
-32.09932775334789
15.725935313803063
-31.306458607974434
17.381816393859765
-30.418281524716065
18.994182409728182
-29.438417529695897
20.553273236323207
-28.371858440006633
22.05008792703444
-27.224860228783285
23.47658803537479
-26.00479198694029
24.825864531579043
-24.719948267066002
26.092261259966108
-23.37933477258082
27.27145090479661
-21.99243864636213
28.36046261037319
-20.56899493393783
29.35766341249132
-19.118760185367762
30.262698209054463
-17.65130276139493
31.076394934841176
-16.175817442111338
31.800642812601552
-14.70096965414416
32.43825202775986
-13.234772285546399
32.99280299333344
-11.784495861504837
33.951570493767576
8.642352288206382
34.349912128474216
6.890785792116532
34.66203618691014
5.0933917426471
34.882352813673776
3.2589652114006924
35.006390144784575
1.3971546435033417
35.03094818609452
-0.48172736054112875
34.95421375148101
-2.36692481555977
34.77582921322596
-4.247480971031621
34.49691061759944
-6.112491301269017
34.1200139674674
-7.951354534075676
33.64905183929466
-9.754009554188173
33.08916563679901
-11.511147185542086
32.446561376269074
-13.214387875446135
31.728318717984394
-14.856418929093763
30.94218388153223
-16.43108787354572
30.096357103731975
-17.93345145674357
29.199284514376814
-19.359782434604256
28.259462892543638
-20.70753846046614
27.28526394281255
-21.9752989430813
26.284782721738964
-23.16267664450092
5.15964432784989
-39.204601317630335
25.837969158660883
29.933627308101904
20.272104985787706
28.716313178799794
20.85210929944293
27.482994444163694
21.454175521213898
26.288523497149527
22.07957347626774
25.127533896381124
22.72944761486997
23.99488048343295
23.40481865799501
22.88563830158239
24.10658400879271
21.795102326490678
24.83551788974748
20.718787377832086
25.59227139723933
19.652428085769543
26.37737252668103
18.591978879048156
27.191226184418298
17.533613982960276
28.03411419416392
16.473727425001982
28.906195300536723
15.408933048252152
29.807505170384758
14.33606453528148
30.737956392754995
13.252175450041136
31.697338477482134
12.154539312640992
32.68531785133649
11.040649739189433
33.70143784961249
9.908220722376257
34.745118696653066
8.755187249420175
35.81565745726388
7.579706847897484
36.91222788973809
6.380164223798829
38.03387985896447
5.15518981506662
39.17953522492667
3.903789667346132
40.34804269542053
2.6236126677248137
19.71275585994161
29.994074996465713
41.90083797619289
1.789231527056529
42.26372971671506
2.27385649075066
42.62502362921617
2.768561941701961
42.98302596600013
3.273189157138603
43.336056827435584
3.7875325259742283
43.682450793817566
4.311319555493185
44.02055708429765
4.844205873187917
44.34873960919822
5.38577356084221
44.66537699083034
5.935530488426707
44.96886257303464
6.492910011725456
45.257604425254726
7.057270821583842
45.53002534545686
7.627896863546653
45.78456286012323
8.203997292639855
46.01966922479653
8.784706447612223
46.233811423464715
9.36908383651297
46.42547116703901
9.956114129799602
46.59314489126649
10.544707159535648
46.73534375268997
11.133697924622936
46.85059362287359
11.721846604355449
46.93743507686622
12.30783858502545
46.99442337406265
12.890284512073208
47.020128417615695
13.467720395170716
47.01313466793192
14.03860784072296
46.972040925813474
14.601334632801041
46.8954596825148
15.154216474851324
46.78201452308298
15.695503954430308
46.63032194905486
16.223431288548824
46.43926399303638
16.735527954648973
41.53805157217104
1.314938837740499
45.44046680185835
18.04103728405525
44.64148765210308
18.830441411996844
43.81509822601737
19.597774821149102
42.96462180057608
20.34203068842382
42.09326790176681
21.06237060558348
41.20413511331128
21.758117049141305
40.300211780870995
22.42875149513293
39.38437624921613
23.0739137878995
38.459396960360834
23.69340188452543
37.52793250195583
24.28717173448652
36.592531637292666
24.85533721390422
35.65563333097856
25.39817008232143
34.71956677761341
25.916099944531737
33.78655144522179
26.40971420573854
32.85869715007851
26.879758001878372
31.93800420252012
27.3271340700623
31.026363725347665
27.75290247144838
30.12555844742991
28.15827990461105
29.237265082138663
28.54463765099797
28.36306383968656
28.9134933631548
27.504505011124877
29.266453590859555
26.662209743604535
29.60598996856467
46.20857899818577
17.230790366145783
26.027307433189208
28.775244581624918
26.212462959145967
27.645743343642835
26.395371860732325
26.546001547039936
26.578174409451208
25.47664303037888
26.763142386532706
24.438100219718336
26.952668704502173
23.43062308975854
27.14926481169499
22.454281409378382
27.355559824346756
21.508965494973552
27.574300178072406
20.594386519808722
27.808349465632602
19.71007666364781
28.06068835178445
18.85538920152092
28.33441452125055
18.029498572312974
28.632742638022364
17.23140045055655
28.959004303913957
16.459911846657434
29.316647999974464
15.713671274546243
29.709238982138174
14.991139072745028
30.14045906401668
14.290598099806857
30.614106080861006
13.610155460229464
31.134092292179048
12.947747670511575
31.70443800215469
12.301161306628302
32.32922692022015
11.668177507059966
-4.167489882272946
-35.85071407365018
-4.167489882272946
-35.85071407365018
-7.0731193433655335
-35.3922682836799
-10.134105065488114
-34.64017300810019
-13.30157910760201
-33.551597052207086
-16.51182352965074
-32.093634185538065
-19.688905855064036
-30.24877944215092
-22.749696449203242
-28.019510755517757
-25.61083456470675
-25.43082429668152
-28.19658537673206
-22.529852298719675
-30.446132940833024
-19.382328561310374
-32.31888861300595
-16.066459172125633
-33.79688294449767
-12.665400694229447
-34.884062001409546
-9.259799662588819
-35.60303007543314
-5.921648499976072
-35.990227381916185
-2.710203775998309
-36.09062004367411
0.329873267504297
-35.95278220069915
3.168457596143014
-35.624914525143396
5.788534925669296
-35.15200853058528
8.184006828878239
17.680062069949315
31.465172440528647
15.25575151301365
32.70938271020481
12.541423689901848
33.84308442414539
9.5408032406811
34.808256851386204
6.273031316551766
35.54280165674936
2.7750981627597184
35.98528173707291
-0.897528367439719
36.08096609486927
-4.6727715345109
35.78836232206959
-8.46654683888903
35.085028945896056
-12.189651999544424
33.97137111803801
-15.755830089973472
32.47145653778642
-19.089504011173148
30.630581256595008
-22.131758213243785
28.510120131279393
-24.843652669532844
26.18080582306584
-27.20667222151934
23.715789216053395
-29.220761748117667
21.184634865137696
-30.900780496431764
18.64895268428785
-32.27228395289515
16.15986881051856
-33.367386320897396
13.757150926752786
-34.22119495918233
11.469589664634896
8.875811685424082
-33.89128736108478
21.23453247414246
-29.351969138323028
21.369797159204754
-29.729866979904173
21.489365613928623
-30.089910501084233
21.593716785280535
-30.432399966024576
21.68332386021487
-30.757639394782643
21.758654615594907
-31.065936307574816
21.82017150553899
-31.357601661575714
21.868331689886936
-31.632949829838353
21.903587045345617
-31.892298593433694
21.926384169835202
-32.13596913778679
21.93716438425256
-32.36428605124888
21.93636373304916
-32.57757732488231
21.924412983583224
-32.776174352124
21.9017376255994
-32.9604119298026
21.86875786945405
-33.13062825829411
21.825888644398816
-33.28716494280647
21.773539596200447
-33.43036699493723
21.712115083694577
-33.56058283426967
21.6420141744171
-33.67816429084036
21.56363063884725
-33.78346660874091
21.477352941958316
-33.876848450332574
21.383564232027275
-33.9586719033928
21.282642323483053
-34.02930249004032
21.17495967209739
-34.089109181266565
21.06088333635448
-34.13846441862185
20.940774916127296
-34.17774414935121
20.81499045022113
-34.207327884180984
20.683880237536087
-34.227598798787255
20.547788505236355
-34.23894392230176
20.407052745050315
-34.24175451377363
20.262002253545962
-34.23642689051991
20.11295448276872
-34.22336449828691
19.960204093443505
-34.20298412307497
19.803979166846347
-34.175740735758495
19.64413469028023
-34.1423014063071
19.484272942738166
-34.10120742577553
21.083084395625022
-28.955922255632544
18.96353198665212
-34.05724195970433
18.60380760607641
-34.05527868902104
18.243846779796606
-34.048540437256605
17.884088047537247
-34.03738213526037
17.524889524010106
-34.02220185297185
17.166575309245058
-34.00341446754567
16.80944709001252
-33.981445079379284
16.45378800689694
-33.95672681858068
16.099864200324802
-33.92969996741715
15.74792551248952
-33.900811561411416
15.398205837631195
-33.87051519044232
15.050923309690166
-33.83927089211116
14.706280407927455
-33.807545090464544
14.364464018890828
-33.77581056027634
14.025645472860678
-33.744546405243455
13.689980564331218
-33.714238044632225
13.357609561218297
-33.6853772052402
13.028657205087939
-33.65846191810297
12.70323270156695
-33.633996517947
12.381429699144121
-33.612491647625234
12.063326249397058
-33.59446426637152
11.7489847374341
-33.58043766770365
11.438451756437388
-33.570941511040445
11.131757872337737
-33.56651188257899
10.82891715102108
-33.56769141848892
10.52992611608461
-33.57502957663448
10.234761141298513
-33.58908331652711
9.943370626726335
-33.610419142024796
9.655643700054142
-33.63962127000107
9.371191124212984
-33.67734881779717
9.092303628985086
-33.723563622563006
19.322176084202326
-34.05430278856207
8.895861045458453
-33.71170225652236
8.976912966365653
-33.65519347093007
9.060773357740707
-33.610183189674984
9.147737291110325
-33.57712008912867
9.238058371421467
-33.556463435863776
9.331982089951389
-33.54867438072489
9.429754164621777
-33.55421378161364
9.531623322523195
-33.5735414767955
9.637842415952363
-33.6071159935189
9.748668933160644
-33.65539441378817
9.864365258385654
-33.71883230614361
9.985198817595993
-33.79788368664009
10.111442169392802
-33.89300099393509
10.243373069754355
-34.00463507075884
10.381274526535663
-34.13323514740637
10.525434854518593
-34.279248824003645
10.676147741018355
-34.44312204892452
10.833712333797195
-34.625299088277984
10.998433369945332
-34.82622248152086
11.170621376635268
-35.046332971365075
11.350593001581984
-35.286069387619335
11.538671588645457
-35.5458684460576
11.735188243662137
-35.82616437354025
11.940483964726383
-36.12738816098209
12.154914326398284
-36.449965918399585
12.37886118911186
-36.794314764508215
12.612767825378796
-37.1608304943731
12.857279423528894
-37.54983825222163
13.114226610990542
-37.9612472395452
18.97804193997319
-29.85695423720803
21.695123944275466
-34.3950293141007
24.460432867545208
-32.48666908760629
27.153665964064146
-30.27168428064988
29.718500036125377
-27.758011457561878
32.09921271766754
-24.966717593253037
34.244585114726846
-21.931822423035186
36.11167126831636
-18.698760458500317
37.668885156649694
-15.32160355610526
38.897956075882405
-11.859403762164561
39.79451109882518
-8.372175994375652
40.36729871415808
-4.917076265144942
40.63629744776968
-1.5452424443135726
40.630100299502516
1.7004099881166042
40.38300797846841
4.786346319091081
39.932214294953994
7.6886088453759385
39.315360696734615
10.392249889267276
38.56861322186569
12.890248974222573
37.72530469896796
15.182154980283485
-6.444809801383386
40.15172313985184
-3.413572716071144
40.52214167325582
-0.2028247528178042
40.6651608455563
3.154834382825044
40.54310625115281
6.616599927081737
40.123771630795915
10.130716586898188
39.38356289000865
13.638875272750482
38.310279635754114
17.079599051761562
36.90506388974805
20.392248282400104
35.183130253919586
23.52111681221662
33.17308409511213
26.419047110559518
30.91488952342152
29.05008151529293
28.456795470153622
31.390862674560353
25.851695979610582
33.430737629706314
23.153449548805014
35.170737808051655
20.413614244239255
36.62175111876928
17.67890803953233
37.80225439783422
14.989529909798506
38.73594669310495
12.378322918079476
39.44954564055294
9.870653130834427
39.970912535356746
7.484824351057341
8.81704759935571
-33.779332397288215
-12.222476610560989
32.70160074186094
-35.61724076008419
4.06885178479402
-35.53331289102408
4.866231699102599
-35.416819073901216
5.676094690069675
-35.269147387833584
6.497082956858208
-35.09166003495015
7.327876745782731
-34.88569306732973
8.167197312918773
-34.65255631972802
9.013807664564723
-34.3935333872743
9.866512803726948
-34.109881617328696
10.724159828530333
-33.802832105830326
11.585637976569558
-33.47358969608382
12.449878646816586
-33.123332978869854
13.315855411197958
-32.75321429249807
14.182584020649557
-32.36435972433327
15.04912240868049
-31.95786911155323
15.914570692745627
-31.534816043197893
16.77807117481757
-31.096247862666146
17.63880834108906
-30.64318567053963
18.496008860693053
-30.17662432865637
19.348941583701986
-29.697532465833508
20.196917538260635
-29.206852485068705
21.0392899259638
-28.705500574760897
21.87545411584526
-28.194366723700224
22.704847634672433
-27.674314744477574
23.526950153106213
-27.14618230891226
24.341283463896218
-26.610781005005222
25.147411447379483
-26.06889643113422
25.944940013559176
-25.521288361075506
26.73351700110271
-24.96869105038929
27.512831989993458
-24.41181384862853
28.282615926620196
-23.851342546145258
29.042640299301382
-23.287942740419282
29.792715076764495
-22.722269935737373
30.532682525080844
-22.155009939687677
31.262392473657258
-21.5871616393191
31.981529179685708
-21.016238365566345
32.69193712178591
-35.66719063430858
3.285330053917505
-20.164899983774973
33.381413433763186
-19.884149299658258
33.36516896937201
-19.602720990732198
33.34416816486808
-19.320855596090727
33.318872835924736
-19.038842574632604
33.2897134696513
-18.756977489981114
33.25711544026751
-18.475551306545277
33.22150556162978
-18.19484682259276
33.18331427210447
-17.915137243862972
33.142976507948674
-17.63668553574119
33.10093209981315
-17.35974410027994
33.057625970995076
-17.08455460331051
33.013508243994636
-16.81134787646329
32.96903430027393
-16.540343860212808
32.92466481611166
-16.271751570260346
32.880865784171135
-16.005769078522615
32.8381085263552
-15.742583504236231
32.79686970063955
-15.482371013813644
32.75763130416141
-15.2252968289272
32.72088067149198
-14.97151524600368
32.687110469389864
-14.721169671361903
32.65681868376089
-14.474392684302835
32.63050859751203
-14.231306149746487
32.60868874854563
-13.99202143011614
32.59187285095629
-13.756639811203968
32.580579636372136
-13.525253440688516
32.57533250340842
-13.297947675950265
32.5766586399088
-13.074808129928542
32.58508639038945
-12.855948855143495
32.60113472141188
-12.641709636792356
32.62523948217063
-12.429992695491265
32.65874883276362
-20.445081136566298
33.392224908849755
-12.06982073235374
32.70434145870723
-11.921786824758918
32.71745600228073
-11.778099102526419
32.74158489893432
-11.638725960309898
32.777276833795895
-11.50366974354801
32.82506722527302
-11.37293671369369
32.88548945046037
-11.24652953719874
32.9590776520358
-11.124444779089423
33.04636767443543
-11.00667189724522
33.14789743940875
-10.893192781080572
33.26420711715602
-10.783981516031787
33.395839213544036
-10.679004250232346
33.543338618326885
-10.578219109924689
33.70725263472727
-10.481576137411466
33.88813099983125
-10.389017236744905
34.0865259009731
-10.300476116634584
34.30299199137639
-10.215878220639347
34.53808640839287
-10.135140631454036
34.792368796594474
-10.058171929805319
35.066401341888934
-9.984871973353904
35.36074882385006
-9.915131531726658
35.67597870119033
-9.84883165104982
36.01266126161764
-9.785842475521143
36.371369897264344
-9.72602089309163
36.75268165703517
-9.669205357085048
37.157178459183285
-9.61520294220962
37.58545012376004
-9.563750513648259
38.03810346785605
-9.514359405556263
38.51579868775926
-9.46522817228255
39.01950403100943
16.989091604322674
-31.03183137776513
16.989091604322674
-31.03183137776513
14.865265663099189
-32.10339030326236
12.618767608971046
-33.05102867126678
10.26581246777697
-33.85582500212557
7.826289122580553
-34.50149258753733
5.323157135796102
-34.97524539307392
2.7816099037644797
-35.26849073240015
0.2280662436132488
-35.37727770740196
-2.3109247165971105
-35.30245627647369
-4.80976979166822
-35.04953504326801
-7.2448170004768535
-34.628260407183575
-9.595164104909411
-34.05196937033119
-11.8432402945487
-33.33678826047425
-13.975140361759482
-32.50075759220448
-15.980718710514768
-31.56295964724346
-17.85347290614219
-30.54271267238329
-19.590260927880298
-29.458877591919247
-21.190902488669497
-28.32930362564207
-22.657713892797528
-27.1704212950452
-35.36342677048583
1.015794884118634
-35.354331872727116
-1.2942217859343543
-35.18743305648866
-3.6671988074338913
-34.85128098518469
-6.082105382991983
-34.337924013175055
-8.51532539974437
-33.64355470453077
-10.941435876582261
-32.768944822485466
-13.33416841872858
-31.719611882707863
-15.667482701713581
-30.505688070811136
-17.916662287504522
-29.141496203499177
-20.05933675921412
-27.64487142610194
-22.076341998447305
-26.036295267600654
-23.952351052379626
-24.33792574641817
-25.676237313125753
-22.572611264278994
-27.241163941907118
-20.76296777389251
-28.644422867609265
-18.93058124343138
-29.887068875752263
-17.09537509676476
-30.973407021169493
-15.27515944449232
-31.910394797674513
-13.485358989850038
-32.70701583931171
-11.73890156792687
-33.37367199120648
16.156245165892145
-37.3185233713086
3.568005602655634
3.5890228034476457
3.6078798275487607
3.624743637470276
3.6397616745619015
3.653064963697046
3.6647706440610466
3.6749840553496043
3.6838004728593337
3.69130656254596
3.6975816111029447
3.70269857398532
3.706724975233687
3.709723685964286
3.711753603041916
3.712870245182713
3.7131262805457483
3.712571997151009
3.7112557254459757
3.709224220550739
3.706523010431984
3.7031967150019804
3.6992893402346327
3.694844550523821
3.6899059218413113
3.6845171778704637
3.6787224017591598
3.568005602655634
3.6660007163179404
3.6591671753230353
3.652113094176361
3.644887157866128
3.63753940777985
3.6301213440747824
3.6226860053999297
3.6152880233818214
3.6079836490401993
3.6008307481108166
3.5938887620398625
3.587218631488666
3.5808826792566375
3.5749444497814213
3.569468502851258
3.564520159730875
3.560165200804709
3.5564695147857224
3.5534987008745205
3.5513176265707753
3.549989945455608
3.5495749323057355
3.550074348030946
3.6725662653230944
3.553513596183878
3.5563357689721706
3.559842137556578
3.5639723946708752
3.5686659454585072
3.5738622558542543
3.579501161349244
3.5855231349550496
3.591869514105873
3.5984826871831856
3.6053062409822427
3.6122850709434142
3.6193654564444984
3.626495103583249
3.6336231580876452
3.6407001909475247
3.6476781593315635
3.654510345178697
3.661151273664006
3.667556613466817
3.673683060481814
3.679488206124922
3.6849303903389443
3.6899685313171773
3.694562186520471
3.551435253275536
3.7019953007155557
3.7047719176969482
3.7069596156713147
3.7085168328550027
3.709401083897429
3.7095686779996893
3.7089744066245767
3.7075711996692022
3.7053097452861805
3.702138066879302
3.6980010492760895
3.6928399042107367
3.6865915630602757
3.679187981962738
3.6705553409374985
3.6606131140882647
3.6492729821909298
3.636437551173983
3.621998829309431
3.6058363979666783
3.587815144414626
3.5680098024734344
3.5680098024734344
3.5680098024734344
3.5680098024734344
3.568009802473435
3.568009802473435
3.5680098024734344
3.5680098024734344
3.5680098024734344
3.568009802473435
3.568009802473434
3.568009802473435
3.5680098024734352
3.5680098024734344
3.568009802473434
3.5680098024734352
3.5680098024734352
3.5680098024734352
3.5680098024734344
3.5680098024734352
3.5680098024734344
3.5680098024734344
3.5680098024734344
3.5680098024734344
3.5680098024734352
3.5680098024734344
3.568009802473434
3.5680098024734344
3.5680098024734352
3.5680098024734352
3.568009802473434
3.5680098024734344
3.5680098024734352
3.5680098024734357
3.5680098024734344
3.5680098024734344
3.5680098024734344
3.5680098024734344
3.5680098024734344
3.568009802473435
3.568005602655634
3.588666112978379
3.6071936776618396
3.6237552664254418
3.6384983693936706
3.6515540626705496
3.6630395335094015
3.673060165083498
3.6817112710828974
3.6890795505615697
3.6952443179099568
3.7002785508185263
3.7042497900644915
3.707220917977848
3.709250837098932
3.710395066272212
3.710706268234003
3.7102347200309254
3.7090287355907257
3.707135047974794
3.7045991575616797
3.7014656511553534
3.697778496103419
3.693581312625586
3.6889176267853543
3.683831105162745
3.6783657956330655
3.568005602655634
3.6581825397575445
3.644100852670085
3.6303959263403245
3.6171423142463275
3.6044142172563545
3.592285289035822
3.5808284315150853
3.5701155844702113
3.5602175133239093
3.551203598771435
3.54314163095313
3.536097609998501
3.530135553610643
3.5253173111893084
3.5217023829214567
3.5193477412464875
3.518307651460306
3.51863348774534
3.520373541025165
3.5235728153931802
3.5282728108467922
3.5345086432500894
3.5422561897975515
3.672566265323095
3.5470526687613093
3.5438554476571262
3.5418012484915997
3.5408461830962477
3.540945054762454
3.542051562869631
3.544118473684902
3.547097758720255
3.5509407029662667
3.555597986159147
3.561019740674695
3.5671555898649556
3.5739546707702394
3.581365644852594
3.589336700137115
3.5978155476047458
3.6067494141398684
3.61608503365614
3.625768637348464
3.6357459432733217
3.6459621446406585
3.656361894725621
3.6668892811850693
3.6774877354980813
3.6881013715086777
3.5514352532755367
3.7016928022696445
3.704194143442806
3.706133806543213
3.7074703125239226
3.708161260213135
3.7081630353296924
3.7074304958562854
3.705916627391699
3.703572162617778
3.7003451581217885
3.696180520483603
3.691019471729255
3.6847989420868843
3.677450875184322
3.6689014273429246
3.6590700381348884
3.6478683437357757
3.6351988972704707
3.6209536515024165
3.6050121513621125
3.587239418245831
3.587239418245831
3.5445967527041606
3.544596752704161
3.5445967527041606
3.5445967527041606
3.5445967527041606
3.5445967527041606
3.5445967527041606
3.5445967527041606
3.5445967527041606
3.544596752704161
3.5445967527041606
3.5445967527041606
3.5445967527041606
3.5445967527041606
3.5445967527041606
3.5445967527041606
3.5445967527041606
3.5445967527041606
3.5445967527041606
3.5445967527041606
3.5445967527041606
3.5445967527041606
3.5445967527041606
3.5445967527041606
3.5445967527041606
3.544596752704161
3.5445967527041606
3.5445967527041606
3.5445967527041606
3.544596752704161
3.544596752704161
3.5445967527041606
3.544596752704161
3.5445967527041606
3.5445967527041606
3.5445967527041606
3.5445967527041606
3.5445967527041606
3.544596752704161
3.5762253020270456
3.5731749489028286
3.571327375853878
3.5706412017323568
3.5710707712937673
3.5725666732726276
3.5750762779172343
3.578544281869782
3.582913249075811
3.5881241375811403
3.594116803354477
3.600830473876441
3.6082041857460063
3.6161771820980833
3.624689267133972
3.6336811163981246
3.643094542610467
3.6528727178846614
3.6629603539686566
3.6733038428126723
3.6838513602040366
3.6945529356389577
3.705360492437104
3.7162278397150152
3.580515056062718
3.7376676737213534
3.748178145725117
3.758603318343927
3.768906007951842
3.779050591937651
3.7890029109959675
3.7987301622487695
3.8082007859730873
3.8173843473796625
3.82625141440407
3.8347734321685163
3.8429225945999157
3.850671713378207
3.857994084323518
3.8648633510355657
3.871253365465772
3.8771380449292403
3.8824912248509627
3.8872865063986155
3.8914970978860093
3.8950956487113877
3.898054074220325
3.9003433697248924
3.901933411421304
3.902792741332258
3.902888331362167
3.902185304758513
3.900647435758402
3.727110720596939
3.8947293107329233
3.8903995607003945
3.8853081014406596
3.8794893542057514
3.872977017281474
3.865804319318662
3.8580042624458954
3.849609856895244
3.840654348907461
3.8311714433665216
3.8211955223030416
3.8107618600656217
3.7999068355503556
3.7886681415945596
3.7770849911740147
3.7651983196591328
3.7530509819436295
3.7406879427647826
3.7281564580608246
3.715506244976398
3.7027896406891116
3.6900616471655376
3.8982619459760035
3.6646743216560873
3.652149025710354
3.6398713276567136
3.6279110519604822
3.6163408721511185
3.6052361525888146
3.5946747198566067
3.584736558812197
3.5755034285956855
3.5670583950148558
3.559485277817236
3.552868013745905
3.5472899391802284
3.5428329995851375
3.5395768965060603
3.537598186585776
3.536969350745796
3.5377578546838184
3.540025224067517
3.5438261561302875
3.5492076563038335
3.586074768312915
3.556326447326604
3.556326447326604
3.556326447326604
3.556326447326604
3.5563264473266036
3.556326447326604
3.556326447326604
3.5563264473266045
3.5563264473266036
3.556326447326604
3.5563264473266036
3.556326447326604
3.556326447326604
3.5563264473266045
3.556326447326604
3.5563264473266036
3.5563264473266036
3.5563264473266045
3.556326447326604
3.556326447326604
3.5563264473266036
3.556326447326604
3.556326447326603
3.556326447326603
3.5563264473266045
3.556326447326604
3.5563264473266036
3.5563264473266045
3.556326447326603
3.5563264473266036
3.5563264473266036
3.5563264473266036
3.5563264473266036
3.5563264473266045
3.556326447326605
3.556326447326604
3.5563264473266045
3.556326447326604
3.677380323898376
3.677380323898376
3.559649863269557
3.540906998616766
3.5243530897224447
3.5100509038368877
3.4980579918266597
3.4884251285074455
3.4811945857244324
3.476398307419266
3.474056079446103
3.4741738043898684
3.476742000245669
3.4817346394324833
3.489108429765059
3.4988026125126943
3.5107393170205277
3.524824470534865
3.540949220892334
3.5589917936257827
3.578819677905559
3.6002920203625735
3.6232621035602097
3.6475798006663585
3.6730939855106666
3.6996525235329156
3.5805150560627186
3.736216707950856
3.7453744804095845
3.7545464058795703
3.763696385696769
3.772789798137936
3.781793401061237
3.7906752234409185
3.79940445023119
3.8079513023443807
3.8162869128045354
3.8243831997734468
3.8322127369539296
3.839748621555832
3.846964339941053
3.853833630766198
3.860330345306885
3.8664283044727417
3.8721011518081787
3.877322201630848
3.882064281190809
3.8862995656139536
3.889999404021753
3.8931341350721
3.8956728897143047
3.8975833784897356
3.8988316595235437
3.899381875037383
3.8991965115344587
3.72711072059694
3.8895902280469623
3.880542017785368
3.8711653348295867
3.8615062686826964
3.85160917059081
3.841516817338104
3.831270568976641
3.820910526305771
3.8104756918347666
3.8000041371217192
3.789533178777475
3.7790995648149766
3.768739672336492
3.758489716974515
3.74838597373761
3.7384650082400435
3.7287639165998923
3.7193205716519158
3.7101738729136144
3.7013640000884114
3.692932700106466
3.6849226107329125
3.8982619459760035
3.6584187297793873
3.640135170400801
3.622615596518795
3.6059475981754545
3.590220178061762
3.575523423937444
3.561948118002409
3.5495852852278182
3.5385256800465568
3.5288592111188426
3.520674305407795
3.514057214593725
3.5090912691024414
3.5058560877368827
3.5044267536882208
3.504872970747001
3.5072582166317243
3.511638913176928
3.518063636647107
3.5265723994957408
3.537196102767664
3.5860747683129155
3.5860747683129155
3.586074768312915
3.5860747683129146
3.586074768312915
3.586074768312915
3.5860747683129155
3.586074768312915
3.5860747683129146
3.5860747683129146
3.586074768312915
3.586074768312915
3.5860747683129146
3.586074768312915
3.586074768312915
3.5860747683129146
3.5860747683129146
3.586074768312915
3.586074768312915
3.586074768312915
3.586074768312914
3.586074768312914
3.586074768312914
3.586074768312915
3.586074768312914
3.586074768312915
3.5860747683129146
3.586074768312915
3.586074768312915
3.586074768312914
3.586074768312915
3.5860747683129146
3.586074768312915
3.5860747683129146
3.5860747683129155
3.586074768312914
3.5860747683129146
3.586074768312914
3.586074768312915
3.586074768312915
3.556326447326604
3.589822958366108
3.600411370056471
3.610258437918358
3.6193991061780073
3.6278658704588698
3.635689022675248
3.6428968679299247
3.649515917256549
3.655571059501828
3.6610857150834564
3.666081973998532
3.6705807200891662
3.6746017432566567
3.67816384115321
3.6812849115593784
3.6839820366103537
3.6862715597987568
3.6881691565750003
3.689689899289564
3.690848317109503
3.69165845143519
3.6921339073520936
3.692287901478238
3.6921333066431123
3.6916826936835494
3.6909483706714754
3.689942419797604
3.688676732151883
3.6871630405850304
3.6854129507913287
3.683437970730045
3.6812495383712696
3.6788590474659366
3.6762778691690987
3.673517349907285
3.6705893559208085
3.578455532265294
3.663072016368878
3.658560937864938
3.653983657327308
3.64935243507138
3.6446796380356474
3.6399777657540007
3.635259466925489
3.63053755300542
3.6258250099637066
3.6211350085009677
3.61648091277468
3.6118762875789243
3.607334903871602
3.602870742600807
3.598497996694859
3.594231071105718
3.590084580783272
3.5860733464888113
3.582212388285155
3.5785169166439563
3.5750023209830784
3.5716841556094403
3.568578122895289
3.5657000536346923
3.5630658844787746
3.56069163231271
3.5585933653075474
3.5567871698245614
3.555289108810664
3.554115133026371
3.553282055588784
3.667504646698762
3.5515027877923497
3.550531884705681
3.549907147846601
3.5496438472322205
3.5497569006066616
3.5502608169123957
3.5511696410733107
3.5524968989982684
3.554255542980604
3.5564578978677153
3.5591156085189204
3.562239589025316
3.5658399742200046
3.569926073986785
3.5745063308654603
3.57958828142704
3.58517852187793
3.5912826782680978
3.597905381700564
3.605050248817578
3.6127198678026162
3.6209157901116473
3.6296385279587415
3.6388875576410227
3.648661328504508
3.6589572772231573
3.6697718461521327
3.6811005005115787
3.6929376999768015
3.5660905208351914
3.705384165305852
3.7053841653058517
3.7053841653058517
3.7053841653058517
3.7053841653058517
3.7053841653058517
3.7053841653058517
3.7053841653058517
3.7053841653058517
3.7053841653058517
3.7053841653058517
3.7053841653058517
3.705384165305852
3.7053841653058517
3.705384165305852
3.7053841653058517
3.7053841653058512
3.7053841653058517
3.705384165305852
3.705384165305852
3.7053841653058517
3.7053841653058517
3.705384165305852
3.7053841653058517
3.705384165305852
3.7053841653058517
3.705384165305852
3.7053841653058517
3.705384165305852
3.7053841653058517
3.7053841653058517
3.7053841653058517
3.7053841653058526
3.7053841653058517
3.7053841653058517
3.7053841653058517
3.705384165305852
3.7053841653058517
3.5528043060737433
3.5528043060737438
3.5793127909636016
3.5797612330275657
3.579867180372022
3.57969448986126
3.5793046157006696
3.578756628820233
3.578107190500263
3.5774104857647564
3.576718123196137
3.576079008225799
3.57553919737423
3.575141741189672
3.5749265237965098
3.574930107075191
3.5751855872081357
3.5757224710503235
3.5765665790427295
3.57773998050774
3.5792609660739654
3.581144060650961
3.583400078910396
3.5860362238074965
3.5890562270710453
3.592460529308738
3.596246496011343
3.600408664756923
3.6049390180594183
3.609827275830558
3.615061201165735
3.620626913224856
3.6265092014279015
3.6326918361759453
3.6391578742489665
3.6458899701754715
3.652870830943052
3.6600798033967368
3.578455532265294
3.663542564303166
3.6594732785294215
3.6553085744178193
3.651060423241487
3.646740945689687
3.6423624196719686
3.6379372925882
3.633478193682096
3.628997945462002
3.6245095738891657
3.6200263171885725
3.615561633149699
3.611129204778122
3.606742944234157
3.602416994915194
3.5981657315673243
3.5940037583016364
3.5899459044225863
3.586007217905969
3.582202956468115
3.578548576041731
3.57505971663901
3.5717521854403977
3.568641937078181
3.565745051065225
3.5630777063659904
3.5606561532442007
3.5584966830346163
3.5566155988227415
3.5550292144639024
3.5537531095987918
3.6675046466987617
3.5513544087940754
3.5502449358698978
3.5494914461630986
3.5491092257710415
3.549113208734023
3.549517919350827
3.5503374166681736
3.551585239382827
3.553274351197638
3.5554170869691015
3.558025100152333
3.561109312012522
3.5646798631291325
3.568746067699968
3.5733163711426714
3.5783983114665276
3.5839984848732644
3.5901225159613253
3.5967750329301533
3.6039596480584644
3.6116789436930516
3.619934463956445
3.628726712187481
3.6380551541741823
3.6479182269139367
3.6583133523738995
3.6692369542826837
3.680684469069658
3.6926502739625855
3.5660905208351914
3.5660905208351914
3.5660905208351914
3.5660905208351914
3.5660905208351914
3.5660905208351914
3.5660905208351914
3.5660905208351914
3.5660905208351914
3.5660905208351914
3.566090520835192
3.5660905208351914
3.5660905208351914
3.5660905208351914
3.5660905208351914
3.5660905208351914
3.5660905208351914
3.5660905208351914
3.5660905208351914
3.5660905208351914
3.5660905208351914
3.5660905208351914
3.5660905208351914
3.5660905208351914
3.5660905208351914
3.5660905208351914
3.5660905208351914
3.566090520835192
3.5660905208351914
3.5660905208351914
3.5660905208351914
3.5660905208351914
3.5660905208351914
3.5660905208351914
3.5660905208351914
3.5660905208351914
3.566090520835192
3.5660905208351914
3.566090520835192
3.5660905208351914
3.7053841653058517
45.796661057141804
0.0
0.0
0.0
0.0
0.0
0.0
0.0
0.0
0.0
0.0
0.0
0.0
0.0
0.0
0.0
0.0
0.0
0.0
0.0
0.0
0.0
0.0
0.0
0.0
0.0
0.0
45.796661057141804
0.0
0.0
0.0
0.0
0.0
0.0
0.0
0.0
0.0
0.0
0.0
0.0
0.0
0.0
0.0
0.0
0.0
0.0
0.0
0.0
0.0
0.0
0.0
0.0
0.0
0.0
0.0
0.0
0.0
0.0
0.0
0.0
0.0
0.0
0.0
0.0
0.0
0.0
0.0
0.0
0.0
0.0
0.0
0.0
0.0
0.0
0.0
0.0
0.0
0.0
0.0
0.0
0.0
0.0
0.0
0.0
0.0
0.0
0.0
0.0
0.0
0.0
0.0
0.0
0.0
0.0
0.0
0.0
0.0
0.0
0.0
0.0
0.0
0.0
0.0
0.0
0.0
0.0
0.0
0.0
0.0
0.0
0.0
0.0
0.0
0.0
0.0
0.0
0.0
0.0
0.0
49.85899498532386
54.12424365497712
54.12424365497701
58.602754758112866
58.6027547581128
63.30519141640524
63.30519141640545
68.2427499076122
78.87084455993597
0.0
0.0
0.0
0.0
0.0
0.0
0.0
0.0
0.0
0.0
0.0
49.85878558706893
50.899608484221055
47.626973017909826
48.42231927864135
49.14150299077507
49.78728577915082
50.36241267736381
46.57238332517933
51.3116003455542
51.69107487774897
52.01072259292386
52.27321685845786
48.0478484899368
48.19081707757021
48.28873989268926
48.344024900943126
48.359071997554786
48.33627373971301
48.27801608166104
39.91940480872256
48.064637779154204
47.91426265250948
47.73792063686992
51.924300366634746
51.68270554132365
51.42048779554613
51.14022547136213
49.85878558706893
54.56385452237338
45.24302074340424
53.06858030027259
44.03962875568365
51.70752571163658
46.92219817724649
50.502232852332625
49.96409778229188
53.70413084442626
53.22222160518109
57.16338285291646
56.762137635212234
60.95239135278554
60.6594143390253
70.1044893007174
69.93961253763392
69.86690687774548
69.889675760392
65.06813414498174
65.27663831190183
60.83895840785163
61.21952529853493
61.69566850955913
50.84449456276385
57.38738876675994
57.20420159727147
52.72415281287788
48.522873328211574
48.527671102724646
48.581397082856995
44.715672563875586
44.849091946488485
45.02177610159349
41.41095892039434
41.6360887216907
41.89234685962281
42.178146802717684
42.49188908752601
42.83194779743035
39.400703421761
39.754281103731294
40.12714971794232
40.51761262593363
37.1689389127608
37.55061057497455
37.94316523763544
38.344717541203586
38.75327348463699
43.12356042705117
57.63944577521292
43.71367246208759
43.82315213677414
43.90823677901172
43.966959633050884
43.997348999733596
43.99742710022538
43.96520905008379
43.89870186083378
43.79590345141121
47.860605122057464
47.66169752111163
47.416346854471435
47.122307551583575
46.77731873581913
46.37910317626806
50.162895566297266
49.60412159045256
48.97962916750203
48.28684844350931
47.52318677106871
46.68603116326378
46.68603116326378
0.0
0.0
0.0
0.0
0.0
0.0
0.0
0.0
0.0
0.0
0.0
0.0
0.0
0.0
0.0
0.0
0.0
0.0
0.0
77.04568717533616
44.737064247083836
44.7370642470838
40.9578840544231
44.73706424708386
40.95788405442313
37.35866482331763
40.95788405442309
44.73706424708379
48.70520344937756
44.73706424708382
48.70520344937754
52.871749611785994
57.246623082314834
61.84024022637014
66.66353822762814
77.04568717533616
82.62925752404246
0.0
0.0
1.2026948673226703
0.0
0.0
0.0
0.0
0.0
0.0
0.0
0.0
0.0
0.0
0.0
0.0
0.0
0.0
0.0
0.0
0.0
0.0
0.0
0.0
0.0
0.0
0.0
0.0
0.0
0.0
1.0
0.0
0.0
0.0
0.0
0.0
0.0
0.0
0.0
0.0
0.0
0.0
0.0
0.0
0.0
0.0
0.0
0.0
0.0
0.0
0.0
0.0
0.0
0.0
0.0
0.0
0.0
0.0
0.0
0.0
0.0
0.0
0.0
0.0
0.0
0.0
0.0
0.0
0.0
0.0
0.0
0.0
0.0
0.0
0.0
0.0
0.0
0.0
0.0
0.0
0.0
0.0
0.0
0.0
0.0
0.0
0.0
0.0
0.0
0.0
0.0
0.0
0.0
0.0
0.0
0.0
0.0
0.0
0.0
0.0
0.0
0.0
0.0
0.0
0.0
0.0
0.0
0.0
0.0
0.0
0.0
0.0
0.0
0.0
0.0
0.0
0.0
0.0
0.0
0.0
0.0
0.0
1.5794854336513835
1.5866838272380073
1.615477401584502
1.6226757951711255
1.6514693695176204
1.658667763104244
1.680262943864115
1.8314292091832123
1.835028405976524
0.0
0.0
0.0
0.0
0.0
0.0
0.0
0.0
0.0
0.0
0.0
1.1383640827298152
1.1383640827298152
0.9294060802398902
0.9294060802398902
0.9294060802398902
0.9294060802398902
1.1383640827298152
1.6019570085641224
1.1383640827298152
1.6188995493065486
1.1383640827298152
1.635842090048975
0.9294060802398902
0.9294060802398902
0.9294060802398902
0.9294060802398902
0.9294060802398902
1.686669712276254
0.9294060802398902
1.7036122530186804
0.9294060802398902
0.9294060802398902
0.9294060802398902
0.9294060802398902
0.9294060802398902
1.825033795006069
0.9294060802398902
1.1383640827298152
0.9294060802398902
1.8321611130015616
1.83646467420665
1.83646467420665
1.8407682354117378
1.8407682354117378
1.8450717966168262
1.8450717966168262
1.8493753578219143
1.8493753578219143
1.8536789190270024
1.8536789190270024
1.8579824802320906
1.8579824802320906
1.8622860414371787
1.8622860414371787
1.8622860414371787
0.9280160641337631
0.9280160641337631
0.9280160641337631
0.9280160641337631
0.9280160641337631
0.9280160641337631
0.9294060802398902
0.9280160641337631
0.9280160641337631
0.9280160641337631
0.9280160641337631
0.9280160641337631
0.9280160641337631
0.9280160641337631
0.9280160641337631
0.9280160641337631
0.9280160641337631
0.9280160641337631
0.9280160641337631
1.2663405627050761
1.2807373498783234
1.2879357434649472
1.3023325306381945
1.3167293178114419
1.3239277113980656
1.338324498571313
1.3527212857445603
1.365769480364929
1.5290966785450177
1.3909668079037474
1.4035654716731565
1.4098648035578611
0.9280160641337631
1.428762799211975
1.4350621310966796
1.441361462981384
1.4539601267507933
1.4602594586354978
1.4791574542896115
1.4859063170252758
1.4931047106118993
1.5003031041985229
1.5146998913717704
1.5075014977851469
1.5075014977851469
1.5146998913717704
1.991931380138492
1.5362950721316415
1.5506918593048888
1.543493465718265
1.543493465718265
1.5506918593048888
1.5578902528915126
1.5650886464781362
1.5650886464781362
0.0
0.0
0.0
0.0
0.0
0.0
0.0
0.0
0.0
0.0
0.0
0.0
0.0
0.0
0.0
0.0
0.0
0.0
0.0
1.7318498209227242
0.9294060802398902
1.254138111136395
1.1920154617474985
0.9294060802398902
1.1129502716161757
1.0734176765505141
1.0338850814848526
1.203310488909116
1.709259766599489
1.7149072801802978
1.7177310369707022
1.7205547937611065
1.7233785505515111
1.7262023073419155
1.7290260641323199
1.7318498209227242
1.7346735777131286
0.0
0.0
