45.796661057141804
0.0
0.0
0.0
0.0
0.0
0.0
0.0
0.0
0.0
0.0
0.0
0.0
0.0
0.0
0.0
0.0
0.0
0.0
0.0
0.0
0.0
0.0
0.0
0.0
0.0
0.0
45.796661057141804
0.0
0.0
0.0
0.0
0.0
0.0
0.0
0.0
0.0
0.0
0.0
0.0
0.0
0.0
0.0
0.0
0.0
0.0
0.0
0.0
0.0
0.0
0.0
0.0
0.0
0.0
0.0
0.0
0.0
0.0
0.0
0.0
0.0
0.0
0.0
0.0
0.0
0.0
0.0
0.0
0.0
0.0
0.0
0.0
0.0
0.0
0.0
0.0
0.0
0.0
0.0
0.0
0.0
0.0
0.0
0.0
0.0
0.0
0.0
0.0
0.0
0.0
0.0
0.0
0.0
0.0
0.0
0.0
0.0
0.0
0.0
0.0
0.0
0.0
0.0
0.0
0.0
0.0
0.0
0.0
0.0
0.0
0.0
0.0
0.0
0.0
0.0
0.0
0.0
0.0
0.0
49.85899498532386
54.12424365497712
54.12424365497701
58.602754758112866
58.6027547581128
63.30519141640524
63.30519141640545
68.2427499076122
78.87084455993597
0.0
0.0
0.0
0.0
0.0
0.0
0.0
0.0
0.0
0.0
0.0
49.85878558706893
50.899608484221055
47.626973017909826
48.42231927864135
49.14150299077507
49.78728577915082
50.36241267736381
46.57238332517933
51.3116003455542
51.69107487774897
52.01072259292386
52.27321685845786
48.0478484899368
48.19081707757021
48.28873989268926
48.344024900943126
48.359071997554786
48.33627373971301
48.27801608166104
39.91940480872256
48.064637779154204
47.91426265250948
47.73792063686992
51.924300366634746
51.68270554132365
51.42048779554613
51.14022547136213
49.85878558706893
54.56385452237338
45.24302074340424
53.06858030027259
44.03962875568365
51.70752571163658
46.92219817724649
50.502232852332625
49.96409778229188
53.70413084442626
53.22222160518109
57.16338285291646
56.762137635212234
60.95239135278554
60.6594143390253
70.1044893007174
69.93961253763392
69.86690687774548
69.889675760392
65.06813414498174
65.27663831190183
60.83895840785163
61.21952529853493
61.69566850955913
50.84449456276385
57.38738876675994
57.20420159727147
52.72415281287788
48.522873328211574
48.527671102724646
48.581397082856995
44.715672563875586
44.849091946488485
45.02177610159349
41.41095892039434
41.6360887216907
41.89234685962281
42.178146802717684
42.49188908752601
42.83194779743035
39.400703421761
39.754281103731294
40.12714971794232
40.51761262593363
37.1689389127608
37.55061057497455
37.94316523763544
38.344717541203586
38.75327348463699
43.12356042705117
57.63944577521292
43.71367246208759
43.82315213677414
43.90823677901172
43.966959633050884
43.997348999733596
43.99742710022538
43.96520905008379
43.89870186083378
43.79590345141121
47.860605122057464
47.66169752111163
47.416346854471435
47.122307551583575
46.77731873581913
46.37910317626806
50.162895566297266
49.60412159045256
48.97962916750203
48.28684844350931
47.52318677106871
46.68603116326378
46.68603116326378
0.0
0.0
0.0
0.0
0.0
0.0
0.0
0.0
0.0
0.0
0.0
0.0
0.0
0.0
0.0
0.0
0.0
0.0
0.0
77.04568717533616
44.737064247083836
44.7370642470838
40.9578840544231
44.73706424708386
40.95788405442313
37.35866482331763
40.95788405442309
44.73706424708379
48.70520344937756
44.73706424708382
48.70520344937754
52.871749611785994
57.246623082314834
61.84024022637014
66.66353822762814
77.04568717533616
82.62925752404246
0.0
0.0
