85.9951073317 2.3814482683
88.3267485429 32.7794816693
90.6639602444 33.2105818288
93.0065900288 33.6729615302
95.3544854888 34.1648335573
97.707494217 34.6844106936
100.065463806 35.2299057227
102.428241848 35.7995314282
104.795675936 36.3915005938
107.167613663 37.0040260031
109.543902621 37.6353204397
111.924390403 38.2835966871
114.308924602 38.947067529
116.697352809 39.623945749
119.089522619 40.3124441308
121.485281622 41.0107754578
123.884477412 41.7171525139
126.286957582 42.4297880824
128.692569724 43.1468949471
131.101161431 43.8666858916
133.512580295 44.5873736995
135.92667391 45.3071711544
138.343289866 46.0242910398
140.762275758 46.7369461395
143.183479178 47.443349237
145.606747718 48.1417131159
148.031928972 48.8302505599
150.458870531 49.5071743526
152.887419988 50.1706972775
155.317424936 50.8190321183
157.748732968 51.4503916586
160.181191675 52.0629886819
162.614648652 52.655035972
165.04895149 53.2247463124
167.483947782 53.7703324868
169.91948512 54.2900072787
172.355411098 54.7819834717
174.791573307 55.2444738495
177.227819341 55.6756911957
179.663996792 56.0738482938
182.099953252 56.4371579276
184.535536315 56.7638328806
186.970593573 57.0520859363
189.404972618 57.3001298786
191.838521043 57.5061774908
194.271086441 57.6684415567
196.702516405 57.7851348599
199.132658526 57.8544701839
201.561360398 57.8746603124
203.988469613 57.843918029
206.413837311 57.7605562828
208.837379237 57.6247124184
211.25906752 57.4381159334
213.67887618 57.202549772
216.096779237 56.9197968785
218.512750712 56.5916401973
220.926764624 56.2198626727
223.338794995 55.8062472489
225.748815845 55.3525768702
228.156801194 54.860634481
230.562725062 54.3322030255
232.96656147 53.7690654481
235.368284438 53.1730046931
237.767867986 52.5458037046
240.165286136 51.8892454272
242.560512907 51.2051128049
244.95352232 50.4951887822
247.344288395 49.7612563034
249.732785152 49.0050983127
252.118986612 48.2284977545
254.502866796 47.433237573
256.884399723 46.6211007125
259.263559414 45.7938701174
261.640319889 44.9533287319
264.014655169 44.1012595004
266.386539274 43.2394453672
268.755946225 42.3696692765
271.122850042 41.4937141726
273.487224745 40.6133629999
275.849044354 39.7303987026
278.208282891 38.846604225
280.564914375 37.9637625116
282.918912827 37.0836565064
285.270252267 36.2080691539
287.618906715 35.3387833984
289.964850192 34.4775821841
292.308056719 33.6262484553
294.648500315 32.7865651564
296.986155002 31.9603152317
299.320994799 31.1492816253
301.652993726 30.3552472818
303.982125805 29.5799951453
306.308365055 28.8253081601
308.631685498 28.0929692706
310.952061152 27.384761421
313.269466039 26.7024675556
315.58387418 26.0478706188
317.895259594 25.4227535549
320.203596301 24.8288993081
322.508858323 24.2680908227
324.8110196 23.7421110431
