-20.1294823951 40.429709864
-19.5091755336 141.521559047
-18.8757500696 142.596282304
-18.2293774156 143.654069471
-17.5702289843 144.695110382
-16.8984761883 145.719594873
-16.2142904402 146.727712779
-15.5178431526 147.719653935
-14.8093057382 148.695608177
-14.0888496096 149.65576534
-13.3566461793 150.600315258
-12.6128668601 151.529447768
-11.8576830646 152.443352704
-11.0912662053 153.342219902
-10.3137876949 154.226239197
-9.52541894602 155.095600424
-8.72633137126 155.950493418
-7.91669638325 156.791108014
-7.09668539461 157.617634048
-6.26646981797 158.430261356
-5.42622106595 159.229179771
-4.57611055117 160.01457913
-3.71630968624 160.786649268
-2.8469898838 161.545580019
-1.96832255646 162.291561219
-1.08047911685 163.024782704
-0.183630977575 163.745434308
0.722050448728 164.453705867
1.63639374944 165.149787217
2.55922751195 165.833868191
3.49038032362 166.506138625
4.42968077184 167.166788356
5.37695744399 167.816007217
6.33203892744 168.453985044
7.29475380957 169.080911672
8.26493067776 169.696976937
9.24239811939 170.302370674
10.2269847218 170.897282718
11.2185190725 171.481902904
12.2168297587 172.056421067
13.2217453679 172.621027043
14.2330944874 173.175910667
15.2507057046 173.721261774
16.2744076069 174.2572702
17.3040287817 174.784125778
18.3393978163 175.302018346
19.3803432982 175.811137738
20.4266938146 176.311673788
21.478277953 176.803816334
22.5349243008 177.287755208
23.5964614454 177.763680248
24.662717974 178.231781288
25.7335224742 178.692248163
26.8087035332 179.145270709
27.8880897384 179.59103876
28.9715096773 180.029742152
30.0587919372 180.461570721
31.1497651055 180.886714301
32.2442577696 181.305362728
33.3420985168 181.717705836
34.4431159346 182.123933462
35.5471386102 182.52423544
36.6539951311 182.918801606
37.7635140847 183.307821794
38.8755240583 183.69148584
39.9898536393 184.06998358
41.1063314152 184.443504847
42.2247859732 184.812239479
43.3450459007 185.176377309
44.4669397852 185.536108174
45.590296214 185.891621908
46.7149437745 186.243108346
47.840711054 186.590757324
48.96742664 186.934758678
50.0949191198 187.275302241
51.2230170808 187.61257785
52.3515491104 187.946775339
53.480343796 188.278084545
54.6092297249 188.606695301
55.7380354845 188.932797444
56.8665896622 189.256580808
57.9947208453 189.578235229
59.1222576214 189.897950542
60.2490285776 190.215916583
61.3748623015 190.532323185
62.4995873803 190.847360186
63.6230324015 191.161217419
64.7450259525 191.474084721
65.8653966206 191.786151925
66.9839729931 192.097608869
68.1005836576 192.408645386
69.2150572013 192.719451312
70.3272222117 193.030216482
71.436907276 193.341130732
72.5439409818 193.652383896
73.6481519163 193.964165811
74.749368667 194.27666631
75.8474198212 194.59007523
76.9421339664 194.904582405
78.0333396898 195.220377671
79.120865578 195.537650863
