200.113772751 74.445639362
202.474390062 273.776870763
204.793604604 273.045729804
207.072716125 272.254228507
209.313024377 271.404378896
211.515829111 270.498192995
213.682430078 269.537682827
215.814127027 268.524860416
217.91221971 267.461737785
219.978007877 266.350326957
222.012791279 265.192639957
224.017869666 263.990688808
225.99454279 262.746485533
227.9441104 261.462042155
229.867872248 260.139370699
231.767128084 258.780483187
233.643177658 257.387391644
235.497320722 255.962108093
237.330857026 254.506644557
239.145086321 253.023013059
240.941308357 251.513225624
242.720822884 249.979294275
244.484929655 248.423231035
246.234928419 246.847047928
247.972118926 245.252756977
249.697800928 243.642370206
251.413274176 242.017899639
253.119838419 240.381357298
254.818793408 238.734755207
256.511438895 237.080105391
258.19907463 235.419419872
259.883000363 233.754710673
261.564515845 232.087989819
263.244920826 230.421269333
264.925515058 228.756561238
266.607598291 227.095877559
268.292470276 225.441230317
269.981430763 223.794631538
271.675779502 222.158093244
273.376816246 220.533627459
275.085840743 218.923246206
276.804152746 217.32896151
278.533052004 215.752785393
280.273838268 214.196729878
282.027811288 212.662806991
283.796270817 211.153028753
285.580516603 209.669407189
287.381848398 208.213954321
289.201565953 206.788682175
291.040969017 205.395602772
292.901357342 204.036728137
294.784030679 202.714070293
296.690288777 201.429641263
298.621431388 200.185453071
300.578755466 198.983513336
302.562873708 197.824751529
304.572824556 196.707616662
306.607425869 195.630210189
308.665495509 194.590633563
310.745851335 193.586988238
312.847311206 192.617375667
314.968692984 191.679897303
317.108814528 190.772654601
319.266493698 189.893749013
321.440548354 189.041281993
323.629796357 188.213354995
325.833055566 187.408069471
328.049143841 186.623526876
330.276879042 185.857828663
332.51507903 185.109076285
334.762561664 184.375371196
337.018144804 183.654814848
339.280646312 182.945508697
341.548884045 182.245554194
343.821675865 181.553052795
346.097839632 180.866105951
348.376193205 180.182815116
350.655554445 179.501281745
352.934741212 178.81960729
355.212571365 178.135893204
357.487862765 177.448240942
359.759433272 176.754751957
362.026100746 176.053527702
364.286683046 175.342669631
366.539998034 174.620279196
368.784863568 173.884457852
371.020097509 173.133307053
373.244517718 172.36492825
375.456942053 171.577422899
377.656188376 170.768892452
379.841074545 169.937438363
382.010418422 169.081162085
384.163037866 168.198165072
386.297750737 167.286548777
388.413374895 166.344414654
390.5087282 165.369864156
392.582628513 164.360998737
394.633893693 163.315919849
396.661341601 162.232728948
398.663790096 161.109527485
400.64005703 159.944416914
