21.23453247414246 -29.351969138323028
21.369797159204754 -29.729866979904173
21.489365613928623 -30.089910501084233
21.593716785280535 -30.432399966024576
21.68332386021487 -30.757639394782643
21.758654615594907 -31.065936307574816
21.82017150553899 -31.357601661575714
21.868331689886936 -31.632949829838353
21.903587045345617 -31.892298593433694
21.926384169835202 -32.13596913778679
21.93716438425256 -32.36428605124888
21.93636373304916 -32.57757732488231
21.924412983583224 -32.776174352124
21.9017376255994 -32.9604119298026
21.86875786945405 -33.13062825829411
21.825888644398816 -33.28716494280647
21.773539596200447 -33.43036699493723
21.712115083694577 -33.56058283426967
21.6420141744171 -33.67816429084036
21.56363063884725 -33.78346660874091
21.477352941958316 -33.876848450332574
21.383564232027275 -33.9586719033928
21.282642323483053 -34.02930249004032
21.17495967209739 -34.089109181266565
21.06088333635448 -34.13846441862185
20.940774916127296 -34.17774414935121
20.81499045022113 -34.207327884180984
20.683880237536087 -34.227598798787255
20.547788505236355 -34.23894392230176
20.407052745050315 -34.24175451377363
20.262002253545962 -34.23642689051991
20.11295448276872 -34.22336449828691
19.960204093443505 -34.20298412307497
19.803979166846347 -34.175740735758495
19.64413469028023 -34.1423014063071
19.484272942738166 -34.10120742577553
21.083084395625022 -28.955922255632544
18.96353198665212 -34.05724195970433
18.60380760607641 -34.05527868902104
18.243846779796606 -34.048540437256605
17.884088047537247 -34.03738213526037
17.524889524010106 -34.02220185297185
17.166575309245058 -34.00341446754567
16.80944709001252 -33.981445079379284
16.45378800689694 -33.95672681858068
16.099864200324802 -33.92969996741715
15.74792551248952 -33.900811561411416
15.398205837631195 -33.87051519044232
15.050923309690166 -33.83927089211116
14.706280407927455 -33.807545090464544
14.364464018890828 -33.77581056027634
14.025645472860678 -33.744546405243455
13.689980564331218 -33.714238044632225
13.357609561218297 -33.6853772052402
13.028657205087939 -33.65846191810297
12.70323270156695 -33.633996517947
12.381429699144121 -33.612491647625234
12.063326249397058 -33.59446426637152
11.7489847374341 -33.58043766770365
11.438451756437388 -33.570941511040445
11.131757872337737 -33.56651188257899
10.82891715102108 -33.56769141848892
10.52992611608461 -33.57502957663448
10.234761141298513 -33.58908331652711
9.943370626726335 -33.610419142024796
9.655643700054142 -33.63962127000107
9.371191124212984 -33.67734881779717
9.092303628985086 -33.723563622563006
19.322176084202326 -34.05430278856207
8.895861045458453 -33.71170225652236
8.976912966365653 -33.65519347093007
9.060773357740707 -33.610183189674984
9.147737291110325 -33.57712008912867
9.238058371421467 -33.556463435863776
9.331982089951389 -33.54867438072489
9.429754164621777 -33.55421378161364
9.531623322523195 -33.5735414767955
9.637842415952363 -33.6071159935189
9.748668933160644 -33.65539441378817
9.864365258385654 -33.71883230614361
9.985198817595993 -33.79788368664009
10.111442169392802 -33.89300099393509
10.243373069754355 -34.00463507075884
10.381274526535663 -34.13323514740637
10.525434854518593 -34.279248824003645
10.676147741018355 -34.44312204892452
10.833712333797195 -34.625299088277984
10.998433369945332 -34.82622248152086
11.170621376635268 -35.046332971365075
11.350593001581984 -35.286069387619335
11.538671588645457 -35.5458684460576
11.735188243662137 -35.82616437354025
11.940483964726383 -36.12738816098209
12.154914326398284 -36.449965918399585
12.37886118911186 -36.794314764508215
12.612767825378796 -37.1608304943731
12.857279423528894 -37.54983825222163
13.114226610990542 -37.9612472395452
18.97804193997319 -29.85695423720803
21.695123944275466 -34.3950293141007
24.460432867545208 -32.48666908760629
27.153665964064146 -30.27168428064988
29.718500036125377 -27.758011457561878
32.09921271766754 -24.966717593253037
34.244585114726846 -21.931822423035186
36.11167126831636 -18.698760458500317
37.668885156649694 -15.32160355610526
38.897956075882405 -11.859403762164561
39.79451109882518 -8.372175994375652
40.36729871415808 -4.917076265144942
40.63629744776968 -1.5452424443135726
40.630100299502516 1.7004099881166042
40.38300797846841 4.786346319091081
39.932214294953994 7.6886088453759385
39.315360696734615 10.392249889267276
38.56861322186569 12.890248974222573
37.72530469896796 15.182154980283485
-6.444809801383386 40.15172313985184
-3.413572716071144 40.52214167325582
-0.2028247528178042 40.6651608455563
3.154834382825044 40.54310625115281
6.616599927081737 40.123771630795915
10.130716586898188 39.38356289000865
13.638875272750482 38.310279635754114
17.079599051761562 36.90506388974805
20.392248282400104 35.183130253919586
23.52111681221662 33.17308409511213
26.419047110559518 30.91488952342152
29.05008151529293 28.456795470153622
31.390862674560353 25.851695979610582
33.430737629706314 23.153449548805014
35.170737808051655 20.413614244239255
36.62175111876928 17.67890803953233
37.80225439783422 14.989529909798506
38.73594669310495 12.378322918079476
39.44954564055294 9.870653130834427
39.970912535356746 7.484824351057341
8.81704759935571 -33.779332397288215
-12.222476610560989 32.70160074186094
-35.61724076008419 4.06885178479402
-35.53331289102408 4.866231699102599
-35.416819073901216 5.676094690069675
-35.269147387833584 6.497082956858208
-35.09166003495015 7.327876745782731
-34.88569306732973 8.167197312918773
-34.65255631972802 9.013807664564723
-34.3935333872743 9.866512803726948
-34.109881617328696 10.724159828530333
-33.802832105830326 11.585637976569558
-33.47358969608382 12.449878646816586
-33.123332978869854 13.315855411197958
-32.75321429249807 14.182584020649557
-32.36435972433327 15.04912240868049
-31.95786911155323 15.914570692745627
-31.534816043197893 16.77807117481757
-31.096247862666146 17.63880834108906
-30.64318567053963 18.496008860693053
-30.17662432865637 19.348941583701986
-29.697532465833508 20.196917538260635
-29.206852485068705 21.0392899259638
-28.705500574760897 21.87545411584526
-28.194366723700224 22.704847634672433
-27.674314744477574 23.526950153106213
-27.14618230891226 24.341283463896218
-26.610781005005222 25.147411447379483
-26.06889643113422 25.944940013559176
-25.521288361075506 26.73351700110271
-24.96869105038929 27.512831989993458
-24.41181384862853 28.282615926620196
-23.851342546145258 29.042640299301382
-23.287942740419282 29.792715076764495
-22.722269935737373 30.532682525080844
-22.155009939687677 31.262392473657258
-21.5871616393191 31.981529179685708
-21.016238365566345 32.69193712178591
-35.66719063430858 3.285330053917505
-20.164899983774973 33.381413433763186
-19.884149299658258 33.36516896937201
-19.602720990732198 33.34416816486808
-19.320855596090727 33.318872835924736
-19.038842574632604 33.2897134696513
-18.756977489981114 33.25711544026751
-18.475551306545277 33.22150556162978
-18.19484682259276 33.18331427210447
-17.915137243862972 33.142976507948674
-17.63668553574119 33.10093209981315
-17.35974410027994 33.057625970995076
-17.08455460331051 33.013508243994636
-16.81134787646329 32.96903430027393
-16.540343860212808 32.92466481611166
-16.271751570260346 32.880865784171135
-16.005769078522615 32.8381085263552
-15.742583504236231 32.79686970063955
-15.482371013813644 32.75763130416141
-15.2252968289272 32.72088067149198
-14.97151524600368 32.687110469389864
-14.721169671361903 32.65681868376089
-14.474392684302835 32.63050859751203
-14.231306149746487 32.60868874854563
-13.99202143011614 32.59187285095629
-13.756639811203968 32.580579636372136
-13.525253440688516 32.57533250340842
-13.297947675950265 32.5766586399088
-13.074808129928542 32.58508639038945
-12.855948855143495 32.60113472141188
-12.641709636792356 32.62523948217063
-12.429992695491265 32.65874883276362
-20.445081136566298 33.392224908849755
-12.06982073235374 32.70434145870723
-11.921786824758918 32.71745600228073
-11.778099102526419 32.74158489893432
-11.638725960309898 32.777276833795895
-11.50366974354801 32.82506722527302
-11.37293671369369 32.88548945046037
-11.24652953719874 32.9590776520358
-11.124444779089423 33.04636767443543
-11.00667189724522 33.14789743940875
-10.893192781080572 33.26420711715602
-10.783981516031787 33.395839213544036
-10.679004250232346 33.543338618326885
-10.578219109924689 33.70725263472727
-10.481576137411466 33.88813099983125
-10.389017236744905 34.0865259009731
-10.300476116634584 34.30299199137639
-10.215878220639347 34.53808640839287
-10.135140631454036 34.792368796594474
-10.058171929805319 35.066401341888934
-9.984871973353904 35.36074882385006
-9.915131531726658 35.67597870119033
-9.84883165104982 36.01266126161764
-9.785842475521143 36.371369897264344
-9.72602089309163 36.75268165703517
-9.669205357085048 37.157178459183285
-9.61520294220962 37.58545012376004
-9.563750513648259 38.03810346785605
-9.514359405556263 38.51579868775926
-9.46522817228255 39.01950403100943
16.989091604322674 -31.03183137776513
16.989091604322674 -31.03183137776513
14.865265663099189 -32.10339030326236
12.618767608971046 -33.05102867126678
10.26581246777697 -33.85582500212557
7.826289122580553 -34.50149258753733
5.323157135796102 -34.97524539307392
2.7816099037644797 -35.26849073240015
0.2280662436132488 -35.37727770740196
-2.3109247165971105 -35.30245627647369
-4.80976979166822 -35.04953504326801
-7.2448170004768535 -34.628260407183575
-9.595164104909411 -34.05196937033119
-11.8432402945487 -33.33678826047425
-13.975140361759482 -32.50075759220448
-15.980718710514768 -31.56295964724346
-17.85347290614219 -30.54271267238329
-19.590260927880298 -29.458877591919247
-21.190902488669497 -28.32930362564207
-22.657713892797528 -27.1704212950452
-35.36342677048583 1.015794884118634
-35.354331872727116 -1.2942217859343543
-35.18743305648866 -3.6671988074338913
-34.85128098518469 -6.082105382991983
-34.337924013175055 -8.51532539974437
-33.64355470453077 -10.941435876582261
-32.768944822485466 -13.33416841872858
-31.719611882707863 -15.667482701713581
-30.505688070811136 -17.916662287504522
-29.141496203499177 -20.05933675921412
-27.64487142610194 -22.076341998447305
-26.036295267600654 -23.952351052379626
-24.33792574641817 -25.676237313125753
-22.572611264278994 -27.241163941907118
-20.76296777389251 -28.644422867609265
-18.93058124343138 -29.887068875752263
-17.09537509676476 -30.973407021169493
-15.27515944449232 -31.910394797674513
-13.485358989850038 -32.70701583931171
-11.73890156792687 -33.37367199120648
16.156245165892145 -37.3185233713086
