2.489477294491266 -35.358299374803046
2.6036960056468246 -36.10492476522702
2.7161873373235608 -36.78762386840544
2.8264813576460313 -37.40847585443922
2.9343586998856352 -37.969541928031404
3.0396533478746477 -38.47287921360546
3.1422244622393123 -38.920542739542896
3.2419493365639767 -39.314585933319975
3.338721049191136 -39.65706078754266
3.432447523538684 -39.95001792561083
3.5230511006596004 -40.19550663212081
3.610468325122426 -40.39557486785112
3.694649829298058 -40.55226927792466
3.7755602667224935 -40.667635196322806
3.853178271553574 -40.74371664937549
3.927496432283121 -40.78255635696432
3.998521273554374 -40.786195734289784
4.066273242000989 -40.756674892711835
4.130786693222802 -40.6960326415207
4.192109876189562 -40.60630648880334
4.250304909166459 -40.48953264447899
4.305447732449437 -40.34774602549459
4.357627995461797 -40.18298026914471
4.406948723027114 -39.997267771979864
4.453524986158612 -39.79263984543976
4.497474606180674 -39.571127804681176
4.539043513738875 -39.33474828441473
2.489477294491266 -35.358299374803046
4.46563945214541 -38.83935944772543
4.353029156370496 -38.58421607916327
4.240778238423388 -38.32212144499329
4.1291529331714685 -38.055092620164174
4.018400199477384 -37.78514849153671
3.9087491564478114 -37.514309588841705
3.800411442566542 -37.24459804321562
3.6935813353495917 -36.97803757308254
3.5884357991423883 -36.716653478150825
3.485134506882872 -36.46247263746479
3.383819850852916 -36.21752350773838
3.2846169484018333 -35.98383612267783
3.1876336450966107 -35.76344209280315
3.092960516354509 -35.55837460503742
3.000670868102759 -35.37066842289964
2.9108207364058956 -35.20235988608695
2.8234488857479505 -35.05548691096034
2.738576804324339 -34.93208899033366
2.6562086917590193 -34.83420719476649
2.576331421542534 -34.763884174916846
2.498914390209933 -34.72316417111951
2.4239020409998204 -34.714001139698134
2.351105366274709 -34.73643053308219
4.578313560364563 -39.08553746468182
2.3391841587214515 -34.857452751071705
2.400187534507836 -34.9522728137018
2.4631982174442157 -35.07125277850202
2.5281951910228884 -35.21251377692471
2.59514559669077 -35.37417795269997
2.6640048998868053 -35.554368450951536
2.734716934194637 -35.75120941486835
2.8072139194169665 -35.9628259848414
2.881416473001167 -36.18734429696913
2.9572336208828176 -36.42289148210652
3.034562810636686 -36.667595664920285
3.1132899293942273 -36.91958596140894
3.193289330147394 -37.17699247662592
3.274423871889752 -37.43794630012199
3.3565449836160326 -37.700579499351406
3.439492770746284 -37.96302510816613
3.5230962012678617 -38.22341710713938
3.6071734513187437 -38.479890386845746
3.6915325963148007 -38.73058067452388
3.7759731313925045 -38.97362437231427
3.860289772649196 -39.20715815354197
3.9442838609595015 -39.42931775064798
4.027808977796667 -39.638233108563924
4.111090256619661 -39.831994454142155
4.19043454438588 -40.00910813397493
2.28019611786209 -34.788672546573004
4.463652542580746 -40.28153226444826
4.658510462185632 -40.37289958155019
4.851712125444919 -40.43978468025962
5.042593845450995 -40.48039253148577
5.230527738954436 -40.492926075033225
5.41487223300544 -40.47559147849104
5.594959703126733 -40.42659944846012
5.770092368658197 -40.34416566468011
5.939540673351189 -40.22651094909457
6.102542581929583 -40.07186133527125
6.258303277954269 -39.878448092878166
6.405995079317677 -39.64450772386508
6.544757519651341 -39.368281932839125
6.673697624636475 -39.04801756073626
6.791890511847953 -38.68196645252977
6.898380650395097 -38.26838518526692
6.992184677145872 -37.80553446634989
7.072298473181604 -37.29167762429081
7.137718425172238 -36.725076077331735
7.187526503786728 -36.103971204474156
7.221485858696099 -35.426457439324906
9.548478325322094 -34.13566971589565
11.743610864394327 -33.444057605911716
13.951228402028676 -32.58497523946105
16.148257116764228 -31.553940758211727
18.31025853662203 -30.350482987984265
20.412336721203303 -28.97850746436189
22.430150592118082 -27.446415607448024
24.34095051522081 -25.76694613836557
26.124549414231353 -23.95673815829787
27.764142709772045 -22.035647593689504
29.24690806828096 -20.025877102573613
30.564342354029463 -17.950998906677675
31.712324314577018 -15.834957273354132
32.6909217198812 -13.701132157105146
33.50398600186219 -11.571530031455755
34.15859281049643 -9.466146126516591
34.66439244551043 -7.40251860284744
35.03293094213046 -5.395473555285093
35.27699307252391 -3.4570428176349353
35.41000552838375 -1.5965255280437454
23.42535995928614 26.60206563520463
25.10234173171699 25.025783201849272
26.71784153856487 23.29322495495201
28.249128578362104 21.41037411735317
29.673984540788865 19.387419290738166
30.971679734220288 17.238690197423637
32.123936727564 14.982325400461846
33.11579521407839 12.6396792926515
33.936297027263265 10.234506796090642
34.57892787468484 7.791991550252568
35.04177971966817 5.33770169268686
35.327429941061155 2.896563315599625
35.44256460153764 0.49193469860735917
35.39739808492459 -1.855153389679952
35.20495655378528 -4.1265505362169606
34.88029704893404 -6.307318214580903
34.439728759882996 -8.385849284810025
33.90009073379417 -10.353802853173482
33.278124368808676 -12.205892993794572
32.58996254907646 -13.93957410868982
-9.381670274111244 34.18173627459322
-9.769749009091512 34.84196303047162
-10.14774144836251 35.438175317887485
-10.515490761089922 35.97260389803384
-10.87266862858641 36.447523140200815
-11.21895332950983 36.86520214351818
-11.55405518126939 37.22789775481367
-11.877722900559888 37.53785282203972
-12.189745724253314 37.79729561288081
-12.489954257939885 38.00843958132946
-12.77822086218869 38.17348326196297
-13.054459846007148 38.29461021671457
-13.318627571448573 38.37398900612078
-13.570722513786578 38.41377317253753
-13.810785298409954 38.41610123053807
-14.03889872424449 38.383096659614274
-14.255187780201638 38.31686789983649
-14.459819657525244 38.21950834775689
-14.653003761182077 38.09309635320197
-14.834991722373445 37.93969521381714
-15.0060774178245 37.76135316758272
-15.1665970064998 37.560103376805166
-15.316929016855141 37.33796389005956
-15.457494603649238 37.09693752865244
-15.588758570066574 36.839011434289624
-15.711236514551956 36.56615390495302
-15.825398550940236 36.28035702333163
-9.381670274111244 34.18173627459322
-14.814604062372865 35.850411011741485
-13.707429369533799 35.70775710728576
-12.611717282867602 35.557387250003394
-11.528614034988976 35.40112978975272
-10.459056463818513 35.240833297138536
-9.403770908082436 35.078367051693775
-8.363272931452315 34.915621164666916
-7.337867230505282 34.75450661967868
-6.327647597873778 34.596955288652026
-5.332496905698463 34.44491993978981
-4.352087097261773 34.300374240920505
-3.385879182626752 34.165312761515565
-2.4331232362952733 34.04175097405767
-1.4928583959810169 33.93172525460473
-0.5639128622487988 33.83729288362596
0.35509610104907097 33.76053204613244
1.265762165021357 33.70354183271465
2.1698899312858657 33.668442240236956
3.0694949203597446 33.657374175027535
3.9668035363927174 33.67249946073199
4.8642529255647275 33.71600086963159
5.764474716652273 33.789992848053124
6.669945577906617 33.894734429751345
-15.931893463668786 35.983537411188095
8.2878031121854 33.70691727307654
9.002489246418378 33.40837342301011
9.727816302742525 33.130431320418914
10.464663894491139 32.87052643380241
11.21376356423832 32.62617874041107
11.975698938389428 32.39499269098236
12.750905766723378 32.17465719955852
13.539671936897662 31.96294563943635
14.34213748135403 31.75771583948005
15.158294582238256 31.556910080950075
15.987987576235753 31.358555093838966
16.83091295992071 31.160762050901262
17.686619397611224 30.961726560211915
18.554507732568027 30.759728652981735
19.433831004854056 30.553132764844946
20.323694480571504 30.340387704409267
21.223055703016342 30.12002659875263
22.130724587409503 29.890666792188554
23.045363610264303 29.651009643994776
23.965488225631418 29.39984008318691
24.88946790603086 29.136025496051715
25.815529264692998 28.858512388054415
26.741768545681794 28.566313032600853
27.66623905260036 28.258412008830867
28.58577447281624 27.935024069580642
7.582729140645256 34.02871215118499
29.395801561323594 27.88224279990375
29.27532069760997 28.1552988394262
29.13614749701611 28.412366518180868
28.977299496371927 28.651818104514312
28.797851609557995 28.871970591710976
28.596922578192334 29.07110018470911
28.373671588977743 29.24744591694523
28.127297154049472 29.399210850477196
27.857036674175163 29.524562547788506
27.562166256111198 29.621633273429545
27.242000646398537 29.688520075871963
26.895893235189703 29.723284800672094
26.523236124840196 29.723954046874628
26.123460287833325 29.688519050373607
25.696035885643596 29.614935440757684
25.24047292452883 29.50112273501528
24.756322714402245 29.34496320943202
24.24318152913156 29.144299064919753
23.700701601781986 28.896923909010336
23.128635123794027 28.600548666972564
22.527142272187007 28.252562931620144
22.527142272187007 28.252562931620144
-0.00606088446455999 -34.62571926834244
-2.579462192892592 -34.529506894536155
-5.264389958306154 -34.22318906752068
-8.029272886794047 -33.681912779617726
-10.835542280231024 -32.886646151252755
-13.639081246324707 -31.8263402599252
-16.39245040048695 -30.49964002167824
-19.047704226282633 -28.91583364339401
-21.559475356906702 -27.09482411678132
-23.88792429745908 -25.066063598882984
-26.001158798606802 -22.866574135930687
-27.876822313630832 -20.538336088364996
-29.502707524446578 -18.12541641759839
-30.876423453237443 -15.671213938963078
-32.00428798486619 -13.21612735131329
-32.89970251226133 -10.795834668476893
-33.581285179227024 -8.440246281703466
-34.071006086324125 -6.173088031937198
-34.3925037974578 -4.012001261992861
-34.56968972793106 -1.9690159214591105
-11.492843991185111 32.66274649472488
-13.888587010487683 31.71825377344242
-16.31983764598776 30.538555479802618
-18.74856756737438 29.11067992603366
-21.132078491508082 27.429468281633234
-23.42508650870684 25.499133193973144
-25.582389323306288 23.334134397812285
-27.56183809687044 20.95914006600183
-29.32723760031986 18.40797670355888
-30.850775363648665 15.72164530340482
-32.11464740556345 12.945651532492242
-33.11169033795491 10.127015085787377
-33.84500745151914 7.31135706903968
-34.326740789059635 4.5404116977529085
-34.576252753653804 1.8501938006136456
-34.61802200211957 -0.7300850944564665
-34.47953508522233 -3.1783851074569576
-34.18938894633797 -5.479612674305088
-33.77573596193967 -7.624967659847343
