1.0377851761741965 -35.72331332959001
1.0254689483947743 -35.61477543046723
1.0144270847561643 -35.54929753149764
1.0045840892804279 -35.52517273332458
0.9958622004227209 -35.54069420879108
0.9881842716139602 -35.594155118329866
0.981474493108351 -35.683848588921734
0.9756586347659777 -35.80806770709842
0.970664145980038 -35.96510551573945
0.9664202049163748 -36.15325501316542
0.9628577484147911 -36.37080915181363
0.9599094957825969 -36.61606083771866
0.9575099740001178 -36.88730293019344
0.9555955511700347 -37.182828240838944
0.9541044879083245 -37.50092953225442
0.9529770243206315 -37.839899516140434
0.9521555393780545 -38.198030849651985
0.9515848680127306 -38.573616128251956
0.9512129973491881 -38.96494786960679
0.9509928060873278 -39.370318474059985
0.9508872814529639 -39.78802010518339
0.9508903857426674 -40.21634421361898
0.9511731201629345 -40.65357820102054
0.9501220834581545 -41.09805021593985
1.0514288442878126 -35.876618790971236
1.1518550103641019 -41.984120446112144
1.3593721535075645 -42.421910965618196
1.571169960621262 -42.85969391133534
1.7871360498367608 -43.29576488376193
2.0071581202050197 -43.72842159112122
2.2311014671850558 -44.155964361792115
2.458803362262927 -44.57669627336145
2.690071180327209 -44.98892319494382
2.9246816517068623 -45.390953803958496
3.1623805236291673 -45.78109959377318
3.4028823928304632 -46.15767487672156
3.645870618121137 -46.51899678631813
3.890997274011397 -46.86338527658367
4.137883128239366 -47.18916312183228
4.386117635465894 -47.49465591499103
4.635258944902716 -47.77819206444906
4.884833923734618 -48.0381027893834
5.1343382027958455 -48.27272211142085
5.383236258995964 -48.48038684153147
5.630961564309473 -48.65943655534619
5.876916866820068 -48.808213549326155
6.120474756171404 -48.92506275024894
6.360978911307768 -49.008331518353856
6.597747223222882 -49.056369153765075
6.830081167079982 -49.06752541523511
7.05730329584685 -49.04014459652009
7.2790197033226605 -48.97252405664264
7.491592595507939 -48.86348668427922
0.9488883895186575 -41.54802526454864
7.6141272672876426 -48.54930339065751
7.526744934483645 -48.34806524862353
7.434440740393256 -48.110916514018754
7.337587780033573 -47.84005436860775
7.23660600944811 -47.53766845991794
7.1319217272516084 -47.20594730301619
7.023957448676242 -46.84707988040873
6.913128534892621 -46.46325617475725
6.799841851040128 -46.056667381434096
6.684495165121746 -45.6295060036291
6.5674768608229215 -45.18396589804246
6.449165804009851 -44.722242297321316
6.329931301145166 -44.24653181742258
6.21013313552686 -43.759032454746915
6.090121704587375 -43.26194356900933
5.970238342774678 -42.75746584115552
5.850816067628671 -42.24780117568392
5.732181473385651 -41.73515245181699
5.614660436720271 -41.22172277257948
5.498600965298522 -40.70971245789016
5.384533173296916 -40.20129799099516
5.271009025028945 -39.69891632535203
7.696545155837896 -48.712381406966614
5.220198083548382 -38.69286833324216
5.279664255202249 -38.19425572944439
5.338216193166659 -37.71098138438697
5.396265350846818 -37.24523073896768
5.454286768698239 -36.79917976418642
5.512794152437152 -36.374998239860304
5.572333654559202 -35.97485057271743
5.633481817222446 -35.60089606452104
5.696844771735584 -35.25528901597974
5.7630579065606184 -34.94017876629579
5.832785749607183 -34.65770970326463
5.906721980853888 -34.41002125320023
5.985589565130624 -34.199247848119654
6.070141052346969 -34.02751886078812
6.161159179036474 -33.896958477569456
6.259458102376811 -33.80968543913221
6.3658861393410575 -33.767812468767374
6.481332634638704 -33.77344483766754
6.6067485851312995 -33.82867605966749
6.743229161688362 -33.935570665515655
6.8925914044290835 -34.096043615708766
-1.450820183011274 -36.06295595629999
12.325068115211081 -32.794696034910004
14.036828340116074 -32.09932775334789
15.725935313803063 -31.306458607974434
17.381816393859765 -30.418281524716065
18.994182409728182 -29.438417529695897
20.553273236323207 -28.371858440006633
22.05008792703444 -27.224860228783285
23.47658803537479 -26.00479198694029
24.825864531579043 -24.719948267066002
26.092261259966108 -23.37933477258082
27.27145090479661 -21.99243864636213
28.36046261037319 -20.56899493393783
29.35766341249132 -19.118760185367762
30.262698209054463 -17.65130276139493
31.076394934841176 -16.175817442111338
31.800642812601552 -14.70096965414416
32.43825202775986 -13.234772285546399
32.99280299333344 -11.784495861504837
33.951570493767576 8.642352288206382
34.349912128474216 6.890785792116532
34.66203618691014 5.0933917426471
34.882352813673776 3.2589652114006924
35.006390144784575 1.3971546435033417
35.03094818609452 -0.48172736054112875
34.95421375148101 -2.36692481555977
34.77582921322596 -4.247480971031621
34.49691061759944 -6.112491301269017
34.1200139674674 -7.951354534075676
33.64905183929466 -9.754009554188173
33.08916563679901 -11.511147185542086
32.446561376269074 -13.214387875446135
31.728318717984394 -14.856418929093763
30.94218388153223 -16.43108787354572
30.096357103731975 -17.93345145674357
29.199284514376814 -19.359782434604256
28.259462892543638 -20.70753846046614
27.28526394281255 -21.9752989430813
26.284782721738964 -23.16267664450092
5.15964432784989 -39.204601317630335
25.837969158660883 29.933627308101904
20.272104985787706 28.716313178799794
20.85210929944293 27.482994444163694
21.454175521213898 26.288523497149527
22.07957347626774 25.127533896381124
22.72944761486997 23.99488048343295
23.40481865799501 22.88563830158239
24.10658400879271 21.795102326490678
24.83551788974748 20.718787377832086
25.59227139723933 19.652428085769543
26.37737252668103 18.591978879048156
27.191226184418298 17.533613982960276
28.03411419416392 16.473727425001982
28.906195300536723 15.408933048252152
29.807505170384758 14.33606453528148
30.737956392754995 13.252175450041136
31.697338477482134 12.154539312640992
32.68531785133649 11.040649739189433
33.70143784961249 9.908220722376257
34.745118696653066 8.755187249420175
35.81565745726388 7.579706847897484
36.91222788973809 6.380164223798829
38.03387985896447 5.15518981506662
39.17953522492667 3.903789667346132
40.34804269542053 2.6236126677248137
19.71275585994161 29.994074996465713
41.90083797619289 1.789231527056529
42.26372971671506 2.27385649075066
42.62502362921617 2.768561941701961
42.98302596600013 3.273189157138603
43.336056827435584 3.7875325259742283
43.682450793817566 4.311319555493185
44.02055708429765 4.844205873187917
44.34873960919822 5.38577356084221
44.66537699083034 5.935530488426707
44.96886257303464 6.492910011725456
45.257604425254726 7.057270821583842
45.53002534545686 7.627896863546653
45.78456286012323 8.203997292639855
46.01966922479653 8.784706447612223
46.233811423464715 9.36908383651297
46.42547116703901 9.956114129799602
46.59314489126649 10.544707159535648
46.73534375268997 11.133697924622936
46.85059362287359 11.721846604355449
46.93743507686622 12.30783858502545
46.99442337406265 12.890284512073208
47.020128417615695 13.467720395170716
47.01313466793192 14.03860784072296
46.972040925813474 14.601334632801041
46.8954596825148 15.154216474851324
46.78201452308298 15.695503954430308
46.63032194905486 16.223431288548824
46.43926399303638 16.735527954648973
41.53805157217104 1.314938837740499
45.44046680185835 18.04103728405525
44.64148765210308 18.830441411996844
43.81509822601737 19.597774821149102
42.96462180057608 20.34203068842382
42.09326790176681 21.06237060558348
41.20413511331128 21.758117049141305
40.300211780870995 22.42875149513293
39.38437624921613 23.0739137878995
38.459396960360834 23.69340188452543
37.52793250195583 24.28717173448652
36.592531637292666 24.85533721390422
35.65563333097856 25.39817008232143
34.71956677761341 25.916099944531737
33.78655144522179 26.40971420573854
32.85869715007851 26.879758001878372
31.93800420252012 27.3271340700623
31.026363725347665 27.75290247144838
30.12555844742991 28.15827990461105
29.237265082138663 28.54463765099797
28.36306383968656 28.9134933631548
27.504505011124877 29.266453590859555
26.662209743604535 29.60598996856467
46.20857899818577 17.230790366145783
26.027307433189208 28.775244581624918
26.212462959145967 27.645743343642835
26.395371860732325 26.546001547039936
26.578174409451208 25.47664303037888
26.763142386532706 24.438100219718336
26.952668704502173 23.43062308975854
27.14926481169499 22.454281409378382
27.355559824346756 21.508965494973552
27.574300178072406 20.594386519808722
27.808349465632602 19.71007666364781
28.06068835178445 18.85538920152092
28.33441452125055 18.029498572312974
28.632742638022364 17.23140045055655
28.959004303913957 16.459911846657434
29.316647999974464 15.713671274546243
29.709238982138174 14.991139072745028
30.14045906401668 14.290598099806857
30.614106080861006 13.610155460229464
31.134092292179048 12.947747670511575
31.70443800215469 12.301161306628302
32.32922692022015 11.668177507059966
-4.167489882272946 -35.85071407365018
-4.167489882272946 -35.85071407365018
-7.0731193433655335 -35.3922682836799
-10.134105065488114 -34.64017300810019
-13.30157910760201 -33.551597052207086
-16.51182352965074 -32.093634185538065
-19.688905855064036 -30.24877944215092
-22.749696449203242 -28.019510755517757
-25.61083456470675 -25.43082429668152
-28.19658537673206 -22.529852298719675
-30.446132940833024 -19.382328561310374
-32.31888861300595 -16.066459172125633
-33.79688294449767 -12.665400694229447
-34.884062001409546 -9.259799662588819
-35.60303007543314 -5.921648499976072
-35.990227381916185 -2.710203775998309
-36.09062004367411 0.329873267504297
-35.95278220069915 3.168457596143014
-35.624914525143396 5.788534925669296
-35.15200853058528 8.184006828878239
17.680062069949315 31.465172440528647
15.25575151301365 32.70938271020481
12.541423689901848 33.84308442414539
9.5408032406811 34.808256851386204
6.273031316551766 35.54280165674936
2.7750981627597184 35.98528173707291
-0.897528367439719 36.08096609486927
-4.6727715345109 35.78836232206959
-8.46654683888903 35.085028945896056
-12.189651999544424 33.97137111803801
-15.755830089973472 32.47145653778642
-19.089504011173148 30.630581256595008
-22.131758213243785 28.510120131279393
-24.843652669532844 26.18080582306584
-27.20667222151934 23.715789216053395
-29.220761748117667 21.184634865137696
-30.900780496431764 18.64895268428785
-32.27228395289515 16.15986881051856
-33.367386320897396 13.757150926752786
-34.22119495918233 11.469589664634896
8.875811685424082 -33.89128736108478
