106.373225287
2.4172562523
108.731263764
42.6981315007
111.094045742
43.0224534963
113.461435483
43.3880931389
115.833297254
43.7929213286
118.209495317
44.2348089653
120.589893938
44.7116269488
122.97435738
45.2212461793
125.362749909
45.7615375566
127.754935788
46.3303719807
130.150779282
46.9256203514
132.550144655
47.5451535689
134.952896172
48.1868425329
137.358898097
48.8485581435
139.768014694
49.5281713005
142.180110227
50.2235529041
144.595048962
50.932573854
147.012695161
51.6531050502
149.432913091
52.3830173927
151.855567015
53.1201817815
154.280521197
53.8624691164
156.707639901
54.6077502974
159.136787393
55.3538962245
161.567827937
56.0987777976
164.000625796
56.8402659167
166.435045236
57.5762314816
168.87095052
58.3045453924
171.308205913
59.023078549
173.74667568
59.7297018513
176.186224084
60.4222861994
178.62671539
61.098702493
181.068013862
61.7568216322
183.509983766
62.394514517
185.952489364
63.0096520472
188.395394922
63.6001051228
190.838564703
64.1637446437
193.281862973
64.69844151
195.725153996
65.2020666215
198.168302035
65.6724908783
200.611171356
66.1075851801
203.053626222
66.5052204271
205.495530898
66.8632675191
207.936749649
67.179597356
210.377146738
67.4520808379
212.81658643
67.6785888647
215.25493299
67.8569923362
217.692050681
67.9851621526
220.127803769
68.0609692136
222.562056517
68.0822844193
224.994673202
68.0469790628
227.425543693
67.953798387
229.854637819
67.8042178907
232.28194098
67.6002447641
234.707438575
67.3438861975
237.131116004
67.0371493813
239.552958666
66.6820415056
241.97295196
66.2805697607
244.391081286
65.8347413369
246.807332044
65.3465634246
249.221689633
64.8180432138
251.634139453
64.251187895
254.044666902
63.6480046583
256.453257381
63.0105006941
258.859896289
62.3406831926
261.264569025
61.640559344
263.66726099
60.9121363388
266.067957582
60.157421367
268.466644201
59.378421619
270.863306246
58.5771442851
273.257929117
57.7555965555
275.650498214
56.9157856205
278.040998936
56.0597186703
280.429416682
55.1894028953
282.815736852
54.3068454857
285.199944845
53.4140536317
287.582026062
52.5130345237
289.961965901
51.6057953519
292.339749761
50.6943433065
294.715363043
49.7806855779
297.088791146
48.8668293563
299.460019469
47.954781832
301.829033412
47.0465501952
304.195818375
46.1441416362
306.560359756
45.2495633453
308.922642956
44.3648225127
311.282653373
43.4919263288
313.640376408
42.6328819838
315.995797459
41.7896966679
318.348901927
40.9643775714
320.699675211
40.1589318846
323.04810271
39.3753667978
325.394169823
38.6156895012
327.737861951
37.8819071851
330.079164493
37.1760270398
332.418062848
36.5000562555
334.754542415
35.8560020225
337.088588595
35.245871531
339.420186787
34.6716719715
341.74932239
34.135410534
344.075980803
33.6390944089
346.40014742
33.1847307864
200.493156133
93.485525535
202.441983576
193.852578291
204.403471103
194.225526728
206.377121622
194.603361262
208.362438047
194.985072308
210.358923286
195.369650282
212.366080252
195.756085598
214.383411855
196.143368673
216.410421006
196.530489921
218.446610616
196.916439758
220.491483595
197.3002086
222.544542855
197.680786861
224.605291306
198.057164957
226.67323186
198.428333303
228.747867426
198.793282315
230.828700917
199.151002408
232.915235242
199.500483997
235.006973313
199.840717498
237.10341804
200.170693326
239.204072335
200.489401897
241.308439108
200.795833625
243.41602127
201.088978926
245.526321732
201.367828216
247.638843405
201.63137191
249.7530892
201.878600423
251.868562027
202.10850417
253.984764797
202.320073567
256.101200422
202.51229903
258.217371811
202.684170973
260.332781877
202.834679812
262.446933529
202.962815962
264.559329679
203.067569839
266.669473238
203.147931858
268.776867116
203.202892434
270.881014224
203.231441983
272.981417473
203.232570919
275.077579775
203.20526966
277.169004039
203.148528619
279.255193176
203.061338212
281.335650098
202.942688854
283.409877716
202.791570962
285.47737894
202.606974949
287.537656681
202.387891232
289.59021385
202.133310226
291.634553357
201.842222346
293.670178115
201.513618007
295.696591032
201.146487626
297.713295022
200.739821617
299.719792993
200.292610395
301.715611329
199.803911077
303.700766328
199.274173008
305.675737973
198.705163224
307.641024469
198.09870054
309.59712402
197.456603771
311.544534831
196.78069173
313.483755106
196.072783233
315.415283049
195.334697093
317.339616865
194.568252126
319.257254758
193.775267146
321.168694932
192.957560967
323.074435592
192.116952405
324.974974943
191.255260272
326.870811188
190.374303385
328.762442532
189.475900557
330.650367179
188.561870603
332.535083334
187.634032338
334.417089201
186.694204576
336.296882984
185.744206132
338.174962888
184.785855819
340.051827117
183.820972453
341.927973876
182.851374848
343.803901369
181.878881819
345.6801078
180.90531218
347.557091373
179.932484746
349.435350294
178.962218331
351.315382766
177.99633175
353.197686993
177.036643817
355.082761181
176.084973346
356.971103533
175.143139153
358.863212254
174.212960052
360.759585548
173.296254857
362.66072162
172.394842383
364.567118674
171.510541444
366.479274914
170.645170855
368.397688544
169.80054943
370.32285777
168.978495985
372.255280795
168.180829332
374.195455824
167.409368288
376.143881061
166.665931666
378.101054711
165.952338281
380.067474977
165.270406948
382.043640065
164.62195648
384.030048178
164.008805693
386.027197522
163.432773401
388.0355863
162.895678419
390.055712716
162.39933956
392.088074976
161.945575641
394.133171283
161.536205474
396.191499842
161.173047875
398.263558857
160.857921658
400.34984653
160.592645638
-20.5433932507
39.447522559
-19.9081345619
140.580633704
-19.2589617562
141.693836268
-18.5960669069
142.787386371
-17.9196420873
143.861540138
-17.2298793705
144.916553688
-16.5269708298
145.952683144
-15.8111085383
146.970184628
-15.0824845694
147.969314262
-14.3412909963
148.950328168
-13.5877198921
149.913482467
-12.8219633301
150.859033281
-12.0442133836
151.787236732
-11.2546621258
152.698348943
-10.4535016298
153.592626034
-9.64092396899
154.470324128
-8.81712121651
155.331699347
-7.98228544562
156.177007812
-7.13660872954
157.006505646
-6.2802831415
157.82044897
-5.41350075472
158.619093906
-4.53645364244
159.402696576
-3.64933387788
160.171513102
-2.75233353427
160.925799606
-1.84564468484
161.665812209
-0.929459402811
162.391807034
-0.00396976142227
163.104040202
0.930632166103
163.802767835
1.87415430654
164.488246055
2.82640458665
165.160730984
3.78719093322
165.820478744
4.75632127301
166.467745457
5.73360353279
167.102787244
6.71884563934
167.725860228
7.71185551944
168.33722053
8.71244109984
168.937124271
9.72041030733
169.525827575
10.7355710687
170.103586563
11.7577313106
170.670657357
12.78669896
171.227296078
13.8222819435
171.773758848
14.864288188
172.31030179
15.9125256202
172.837181025
16.9668021669
173.354652675
18.0269257548
173.862972862
19.0927043108
174.362397708
20.1639457615
174.853183335
21.2404580339
175.335585864
22.3220490545
175.809861417
23.4085267503
176.276266117
24.499699048
176.735056084
25.5953738744
177.186487442
26.6953591561
177.630816312
27.7994628201
178.068298815
28.9074927931
178.499191074
30.0192570018
178.923749211
31.134563373
179.342229346
32.2532198335
179.754887603
33.3750343101
180.161980103
34.4998147295
180.563762968
35.6273690185
180.96049232
36.7575051039
181.35242428
37.8900309124
181.739814971
39.0247543709
182.122920515
40.1614834061
182.501997032
41.3000259447
182.877300646
42.4401899135
183.249087478
43.5817832394
183.617613649
44.724613849
183.983135283
45.8684896692
184.3459085
47.0132186268
184.706189422
48.1586086484
185.064234172
49.3044676609
185.420298871
50.450603591
185.77463964
51.5968243655
186.127512603
52.7429379113
186.479173881
53.8887521549
186.829879595
55.0340750233
187.179885868
56.1787144432
187.529448822
57.3224783414
187.878824577
58.4651746446
188.228269257
59.6066112796
188.578038983
60.7465961733
188.928389876
61.8849372522
189.279578059
63.0214424433
189.631859654
64.1559196733
189.985490783
65.288176869
190.340727566
66.4180219571
190.697826127
67.5452628644
191.057042587
68.6697075178
191.418633068
69.7911638439
191.782853692
70.9094397695
192.14996058
72.0243432214
192.520209855
73.1356821264
192.893857639
74.2432644112
193.271160052
75.3468980027
193.652373218
76.4463908275
194.037753258
77.5415508126
194.427556293
78.6321858845
194.822038446
79.7181039702
195.221455839
80.799112996
195.626064594
1.4127521468674331
-35.939759500565934
1.6361812812914565
-36.560831964591706
1.8651582319718045
-37.12486716860252
2.0978270478536842
-37.63386117733167
2.3331990470858273
-38.08977392499489
2.5704643856811487
-38.49455627584301
2.808893711507352
-38.8501538900446
3.0478135797063715
-39.15850819016933
3.286598261074218
-39.42155668227201
3.5246664715073166
-39.641233083440035
3.7614798973219195
-39.819467378456515
3.996542482566724
-39.958185844199754
4.229400101264474
-40.0593110550055
4.459640514688118
-40.12476186533409
4.68689379769873
-40.15645333706077
4.910834514531103
-40.1562964276365
5.131197508855223
-40.12619578887989
5.347565955564477
-40.06807923514884
1.4127521468674331
-35.939759500565934
5.405593358648048
-39.90830777127049
5.249030881582286
-39.81025281259553
5.090624965773628
-39.69150711345998
4.930822148097377
-39.55391249885422
4.770046011074356
-39.399312799561166
4.608694689776229
-39.22955419922405
4.447140248355538
-39.046485320426065
4.285728472205278
-38.85195725438389
4.124778784551637
-38.64782357202091
3.964584208330365
-38.43594032913876
3.8054113468623427
-38.21816606956585
3.6475003729035222
-37.996361826112
3.491065021739672
-37.772391121631514
3.3362925859312895
-37.54811996969637
3.1833439101690715
-37.3254168749473
3.0323533846910493
-37.10615283344739
2.88342893477369
-36.89220133348858
2.7366520008960435
-36.68543835633565
2.5920774961663255
-36.48774237898379
2.449733700514116
-36.30099437864987
2.309621944211841
-36.127077849035174
2.1717153425504705
-35.96787886338097
2.03594993953115
-35.82528651451694
1.9023437396052998
-35.70118699449002
5.5598603571392005
-39.98382974413254
1.8718430339721976
-35.49503530130705
1.9737409580335452
-35.41686029723271
2.0767550224602473
-35.364806134642095
2.1812369399225133
-35.34072524282035
2.2875587544475025
-35.34646665158906
2.3960518821259313
-35.3829557780844
2.5068836758252075
-35.448639717986474
2.620172806960454
-35.541555204025556
2.7360147715093035
-35.659740988334185
2.854481920911468
-35.80123783972893
2.9756234875796963
-35.964088541596084
3.0994656132635328
-36.14633788846115
3.2260113875723277
-36.34603268181499
3.355240906364287
-36.56122172275923
3.4871113670495504
-36.789955799985336
3.6215572340873905
-37.03028766975658
3.7584905451543875
-37.28027201678321
3.8978015229632206
-37.53796537870458
4.039359920378047
-37.80142597742417
4.183018382813941
-38.06871329927452
4.328622534779072
-38.33788683435642
4.476051325650701
-38.607001035524604
4.625499449069764
-38.87407002845386
4.773684834960477
-39.137541505626274
1.7707203704096628
-35.59747733987588
5.073135081999624
-39.63462460339975
5.224541739730512
-39.8641584299444
5.376064440101402
-40.08194216301266
5.527244447557052
-40.286077345318475
5.677660537571853
-40.47466197616384
5.826885657193316
-40.6457959273963
5.974476090630844
-40.797582296556826
6.119967848605199
-40.92812785855996
6.26287522490793
-41.03554324542346
6.4026901415692805
-41.117943028108684
6.53888182306423
-41.173445757071335
6.670896623019132
-41.20017398335168
6.798157928162254
-41.19625427016986
6.920066104750617
-41.15981719910744
7.03599847058706
-41.08899737208859
7.1453092849595805
-40.98193341168812
7.247329753233373
-40.836767958142715
7.341368046880973
-40.65164766391853
7.426709342977688
-40.424723183933025
7.502615892387041
-40.15414915955546
7.568327134464425
-39.838084192414705
7.6230598928590325
-39.47469080061424
7.66600872168317
-39.06213533992946
7.696346552107514
-38.59858785893693
7.713225988379634
-38.08222180786408
7.715782161815014
-37.51121339757621
7.703139868381925
-36.88373999685405
7.674434983918502
-36.19797532435372
7.6289001270217796
-35.452070216137756
7.566464299886093
-34.644017996820345
9.70511895752702
-33.207557824934604
11.864676740641016
-32.49862576350296
14.036160689029828
-31.621470930174333
16.196057674900544
-30.571538176340127
18.31942676727789
-29.348421313496054
20.38085160316325
-27.956253658277664
22.355507259536864
-26.403835438150274
24.220253980198038
-24.704463722388876
25.954660067841587
-22.875463961172827
27.54186060414628
-20.937457943549404
28.96917726906787
-18.913434353111196
30.228454011954625
-16.827709253587386
31.316097950231153
-14.704871296534797
32.23284814782204
-12.568799901166834
32.9833213073328
-10.441826766106207
33.57539951397217
-8.344086418133706
34.019530203186946
-6.293075196640864
34.328003937863
-4.303414495280084
34.514264225481895
-2.38679610560801
34.59228877137599
-0.5520762935156753
21.496485458978157
27.107791197146
23.230067869456718
25.63776857405027
24.91134610991503
24.00741688870646
26.516822702853858
22.221371344305958
28.023239975305387
20.288648352282408
29.408609391843243
18.222648663520786
30.653247860882686
16.040873612600336
31.740726890418728
13.764355674857327
32.65864375039945
11.416839276289181
33.39914128593085
9.023779254755539
33.959132077062634
6.611246421722818
34.34021791812404
4.204838167144736
34.54833047305442
1.8286859218428262
34.59314732593231
-0.49536730056630063
34.48735534801483
-2.7483725686080795
34.24583893603352
-4.914646095435369
33.88486543294988
-6.981914154943738
33.421326914778945
-8.941260421864506
32.87208023766391
-10.786916682941076
32.253409274118894
-12.51594266814558
-7.068850940172496
35.26603930089995
-7.685928120064162
35.72742062303858
-8.306187330866592
36.12845020265956
-8.92878532719952
36.471511064424206
-9.552197897826701
36.75910899700566
-10.174870960533198
36.99374204473527
-10.7953135758398
37.17788186419657
-11.412121200086816
37.313969064339084
-12.023983434761135
37.40441165385537
-12.629687122499888
37.45158442242399
-13.228117746428552
37.45782866420142
-13.818260112181491
37.42545204808998
-14.39919867459669
37.35672856806535
-14.970117618665483
37.25389856630624
-15.53030057708692
37.119168909004415
-16.07912905258374
36.95471377693343
-16.616070843315725
36.76268030959608
-17.140835663417306
36.5451129449807
-7.068850940172496
35.26603930089995
-17.12685513518943
36.370851230318415
-16.593473582870274
36.416376593441015
-16.054465481430157
36.44215468288653
-15.511318898079452
36.449670956058334
-14.965428561315235
36.44043960395705
-14.418097690677627
36.41600266192486
-13.870538454034687
36.37792978666832
-13.323872120513613
36.32781818282958
-12.779129121534481
36.26729257283581
-12.237249078836555
36.19800518327448
-11.699080818979809
36.12163573855107
-11.165382381351662
36.03989145669442
-10.63682102358652
35.95450704731841
-10.113973225883285
35.867244710235646
-9.597324695453295
35.7798941341932
-9.087270372566621
35.69427249558781
-8.584114440642423
35.612224457048185
-8.088070345344192
35.53562216437166
-7.599260836176796
35.46636524133807
-7.117718069372643
35.40638077481154
-6.643383916685309
35.35762327309085
-6.17611119958147
35.32207449774282
-5.71567232770127
35.30174228559157
-5.261643279807032
35.29867636351119
-17.653015926146253
36.30412809736507
-3.6036099042466674
34.81907995823758
-2.401496323184091
34.34883191772454
-1.2049301552919758
33.9051596590765
-0.01126787406340668
33.48894855101325
1.1823850671849243
33.100997043037495
2.379113440515539
32.74116549038757
3.5818796803757778
32.40700626445404
4.7933839480706695
32.09576931152695
6.016064049536595
31.80479293155237
7.252095459079044
31.53150377666212
8.503391334736108
31.273416847443755
9.771602531369865
31.02813548561906
11.058117615599286
30.793351363033167
12.364062886179823
30.566844463158986
13.690302405746849
30.346483050430336
15.037438055133066
30.13022361748814
16.405809632324548
29.916110785742084
17.795495050372494
29.70227710895945
19.206310770942594
29.48694263934449
20.6378128880815
29.268413844536234
22.089300378134112
29.04508035805069
23.559828099268543
28.815401982797567
25.048297785179557
28.577817714290028
26.552228459870207
28.33197509618801
-4.813672714722685
35.31493166620453
28.085046514425926
28.404041035436876
28.09069637505951
28.727019497997006
28.086203430528485
29.043439786650545
28.07034347672038
29.35180264230626
28.04194510532227
29.650561474774122
27.999875740545463
29.93813632417765
27.943038148016853
30.21291735061601
27.870369271879326
30.47326599777496
27.780839769470788
30.717515457587652
27.67345380058879
30.943970881418707
27.54724892280933
31.150909485184492
27.40129603593664
31.336580605091314
27.234699351816403
31.499205728674887
27.046596378341974
31.63697851213707
26.83615791198207
31.748064788692616
26.602588037752923
31.830602571645407
26.345124135097365
31.882702051602983
26.063036891658157
31.90244558831388
25.755630327374945
31.88788769465331
25.42224183482915
31.83705500911544
25.06224224663083
31.747946249507905
24.675035950641245
31.618532133940043
24.260061093219804
31.446755239048265
23.816789960740493
31.23052973595842
23.344729745175528
30.967740858911313
22.843424232049358
30.65624373323481
22.312458025023204
30.293860441812306
21.751469225968265
29.87837122010425
21.160200164158482
29.407479229109896
20.53885251717378
28.87856395076387
20.53885251717378
28.87856395076387
-1.1071932862761855
-35.25249334746832
-3.7357291945824187
-35.07147689463929
-6.474856232314437
-34.67045429407195
-9.291174974664528
-34.024083114415305
-12.14398220114623
-33.11325807716173
-14.986836163344776
-31.927400551869773
-17.769955894529957
-30.46625726427408
-20.443251077690277
-28.740870716820474
-22.959628287683103
-26.773487503085867
-25.27813238473091
-24.596344999338648
-27.366491457372078
-22.249478859066663
-29.202742058339098
-19.777866934039835
-30.775787240000554
-17.228322145371344
-32.08493137371532
-14.646547133384416
-33.13859204070782
-12.074679364107762
-33.95247843451753
-9.549522100089355
-34.54754166486832
-7.101515972006311
-34.947960347257506
-4.754390786734874
-35.1793504621336
-2.525364379422122
-35.267306698410366
-0.42572576470362833
-9.356854610013315
34.00607939756575
-11.869326071556245
33.21269731282825
-14.4376160239905
32.17948737519425
-17.023306720308952
30.889661579446887
-19.582346049786665
29.334210188325805
-22.067106801985915
27.51375949550006
-24.42914135321371
25.43975662091085
-26.622354708089446
23.134701078318265
-28.606196698900206
20.631279034764283
-30.348430484877014
17.970446051533074
-31.82709128055029
15.198698128655401
-33.03139523958997
12.364913776992793
-33.961552027287965
9.517202744729452
-34.627620806866105
6.700152344713295
-35.04768152814151
3.9527438177095746
-35.245648760595614
1.3070606838237495
-35.24903777343519
-1.2122294475108006
-35.08692469835121
-3.5877401520601566
-34.788253184947294
-5.8087524070558345
0.6418478665094938
-33.978496769358856
0.6416235458207211
-33.84092023732592
0.6424576979036658
-33.75914724875608
0.644308271733621
-33.730852841415356
0.6471389938235461
-33.753711945163786
0.6509147843054848
-33.82539946742304
0.6556006167096768
-33.943590315425666
0.6611611451200758
-34.105959402916966
0.6675605646053668
-34.310181652760065
0.6747625609759496
-34.5539319976499
0.6827303046797795
-34.834885380581255
0.6914264760880542
-35.150716754100586
0.7008133249513548
-35.49910107897182
0.7108527806671532
-35.87771332210929
0.7215066522317386
-36.284228452279336
0.7327370042439156
-36.716321432601205
0.7445069121852725
-37.171667204787695
0.7567821265499788
-37.647940655587405
0.7695352351855149
-38.14281653110197
0.7827581522593619
-38.65396918150182
0.7965120762168283
-39.17907153834847
0.8112771989342775
-39.71578795838576
0.8232846591782277
-40.26186975341969
0.6432106093834875
-34.17420109432618
1.092413224968709
-41.34981812917732
1.3570520148787182
-41.88639664474289
1.628566149873052
-42.42235752970069
1.9067388383226103
-42.955383391516335
2.191373825482856
-43.48316042154383
2.482241093482685
-44.003379505736774
2.77906328949382
-44.51373650149671
3.081511206126777
-45.011932330114035
3.389201979453844
-45.49567301161753
3.701698278404365
-45.962669679848574
4.018507911868312
-46.41063858776204
4.339083636068153
-46.837301107214955
4.662823074525875
-47.24038372367892
4.989068720089961
-47.61761802470275
5.317108024396191
-47.96674067821675
5.646173621947071
-48.28549339095042
5.975443819749216
-48.57162282410377
6.304043706171399
-48.822880407186375
6.631047949128686
-49.03702187307303
6.955489213589885
-49.21180586073311
7.276391855680856
-49.34498832780051
7.593007814468422
-49.43428343787846
7.901646325224192
-49.47788921622481
0.8352672258689324
-40.81493518053054
8.081164351639416
-49.463960483253345
7.952479095068384
-49.408283200635026
7.817272886972603
-49.30846886079735
7.676113068273764
-49.166612809926704
7.52959804452189
-48.98480461532671
7.3783207701371225
-48.765134119440745
7.222859620689746
-48.5096929541798
7.06377535153166
-48.22057504450373
6.901609883263006
-47.899876810874986
6.736885751995146
-47.5496972595343
6.570105838358245
-47.17213802900383
6.4017532266367425
-46.769303412961136
6.232291132364708
-46.343300373559146
6.0621628711316475
-45.89623854786055
5.891791858827105
-45.43023024962659
5.721581645077549
-44.947390467172454
5.551915994661158
-44.449836856133544
5.383159055304191
-43.9396897225258
5.215655706162067
-43.41907198694423
5.04973233506729
-42.89010910490745
4.8856987906413565
-42.35492886492344
4.723854247467273
-41.81566078224736
4.564510676257385
-41.27443367194681
4.408157149129295
-40.73335865803378
4.253235931825998
-40.19475915035221
8.203047996648763
-49.47335720028806
4.221249216485717
-39.091904077323875
4.337663906449222
-38.533015296656174
4.450697951990378
-37.98610847312307
4.560709778519481
-37.45329745118133
4.668131868435637
-36.93668609783353
4.773445416004847
-36.43837092338052
4.8771739964203675
-35.96044173469849
4.979881462314779
-35.50498185207999
5.082171111022092
-35.07406819386827
5.184685317526942
-34.66977131205152
5.288105366814705
-34.29415540716357
5.393151385868805
-33.94927833042442
5.500582337876324
-33.637191578401826
5.611196069018149
-33.359940277807254
5.725829418219291
-33.11956315857489
5.845358422815991
-32.918092505622894
5.970698694631153
-32.75755407331238
6.102806130443923
-32.63996692513507
6.242678342628892
-32.56734311140866
6.391357815523975
-32.54168696007926
6.549939804946746
-32.56499330124541
6.719596046985146
-32.6392421393582
6.901669607746442
-32.766377341348345
7.098338858269926
-32.948157442750215
-1.7441900974940836
-34.392211548385774
14.011086939833945
-30.969064868690424
16.213331658469883
-29.875096863595246
18.37851954649983
-28.594117495660925
20.4778533695399
-27.13026091751354
22.483089066337584
-25.49321953210054
24.367906848997507
-23.69807274601294
26.109201980539524
-21.764721638838637
27.68816514365392
-19.716973577465893
29.091047997069836
-17.581366912413813
30.309552047017803
-15.385856842758471
31.340829288879945
-13.15849366614674
32.18713086429682
-10.926213561951442
32.85517657474111
-8.713834306396024
33.35533857727705
-6.543311430151562
33.700736369994274
-4.433272402738737
33.906330196152
-2.3988140207719937
33.98808116261836
-0.4515251488067804
33.9622238994296
1.4003156364734934
17.459806869167494
29.164167743450378
19.40187787622591
27.90986691033757
21.31550606821287
26.477211657059343
23.173898887061284
24.866924748528902
24.949612918138314
23.08485112171627
26.615801886315694
21.142200122625212
28.147546085192005
19.055424043004933
29.523136991803767
16.845709193736212
30.72518549183826
14.538105535759172
31.741438787270283
12.160370051553315
32.56522746260009
9.741637253863274
33.195513108926264
7.311049549267352
33.636558166326495
4.896477386864376
33.89728314450207
2.5234364462367864
33.99040486840107
0.2142730942426283
33.93145999679382
-2.012351500787389
33.737812231867736
-4.1416858746136995
33.42772386678689
-6.162857548457964
33.01954832098835
-8.068640824491695
32.531075406446405
-9.85508340790878
4.101346961417562
-39.660632643634074
34.630276852564634
19.761850968620053
-11.550811683394954
31.94349860168569
-11.290480173965278
31.874407014629753
-11.05013735199799
31.857490933999884
-10.827988024166928
31.89084723375879
-10.622290399360082
31.97255819438405
-10.431359858011348
32.10069011023208
-10.25356988929073
32.27329294342351
-10.087352396450854
32.48840020931226
-9.931197809954796
32.74402893259267
-9.783655126370633
33.03817962964203
-9.643331910024614
33.36883630373745
-9.508894266805157
33.73396644744517
-9.379066786752958
34.13152105243287
-9.252632439342733
34.559434629579584
-9.128432384368807
35.015625245777414
-9.005365617093958
35.49799459425029
-8.882388255692206
36.00442813552388
-8.75851197187481
36.53279540944152
-8.63280006533327
37.080950814136884
-8.504355685897309
37.64673594526428
-8.372274719957801
38.227988952092886
-8.235315992904333
38.82261003366247
-8.09630051816768
39.427687775490085
-11.832954056514353
32.06666397709449
-6.6897486113983575
40.27550543378936
-5.39010082291702
40.50345728046602
-4.053128672237904
40.72297748631354
-2.6787944222146507
40.93183415239122
-1.267297023320964
41.12787995675299
0.18087667700751808
41.309041982825846
1.6649391337681436
41.473319174733035
3.1837978398426685
41.618781487960064
4.736053623335238
41.74356954598008
6.319999878091153
41.84589448121949
7.933622185495096
41.924037850264995
9.574598120768826
41.97635158061195
11.240297157989232
42.001257928051956
12.927780639220714
41.99724943120302
14.633801801262791
41.962888848438695
16.35480587963167
41.896809051763455
18.086930355182517
41.79771282241006
19.826005526017752
41.66437240757722
21.567555961488324
41.495628418656025
23.306804884568464
41.290386529589654
25.038691723475438
41.04760427834333
26.75799500224923
40.76619868715295
28.45766328330626
40.44630088307403
-7.951987987309934
40.04150961413916
30.633065403471846
39.48067743313612
31.10400680250899
38.839071088290325
31.545329342025468
38.164995951111564
31.956995583324954
37.46166492535443
32.33908331421907
36.732170375613066
32.69176652038959
35.979498430645265
33.015310628033774
35.2065325607108
33.310070916715745
34.41605476986322
33.57649188476262
33.61074607425573
33.81510695931985
32.793186718867304
34.02653835220792
31.965856287366364
34.21149698089636
31.13113376026024
34.37078242393096
30.291297548843573
34.505282893979825
29.448525515104933
34.61597522104324
28.604894983450862
34.70392484223294
27.762382747212683
34.770285796369365
26.922865070928538
34.81630072240523
26.088117687256442
34.84330086343408
25.259815785610385
34.85270608196288
24.439533983263942
34.8460249021777
23.628746248491467
34.82485464241057
22.82882566693948
34.79088195004363
22.041043502953357
34.745886553695414
21.2665626232843
34.69169169257265
20.50652436329773
30.132790998300493
40.08638142505953
33.535531845858486
20.088949212020083
32.46565295392742
20.404385150413873
31.421965392460947
20.709748960920848
30.405662900703078
21.00675270391565
29.417803691965673
21.29723742406162
28.459309879795512
21.583174162674425
27.53096733897928
21.866664207765382
26.63342566570043
22.149939174558824
25.7671981689237
22.435361033699763
24.932661875868916
22.72542211886031
24.130057548077616
23.022745124254868
23.359489707328578
23.330083093465277
22.62092667697391
23.65031940018781
21.914200645468043
23.986467715990045
21.239007768631097
24.34167195861866
20.59490833901168
24.719206204921562
19.98132708204247
25.122474538982345
19.39755370519623
25.555010770367602
18.842743995146805
26.02047787075861
18.31592223130201
26.522666736004652
17.815987218163855
27.06549309112961
17.341730382152946
27.652988206428148
16.8919081601411
28.28926176438995
16.465748718819782
28.978241924665014
-4.248820271446164
-34.17329279694982
-4.248820271446164
-34.17329279694982
-6.841459655767125
-33.749975467600365
-9.491426050007476
-33.10255648469396
-12.162551031071303
-32.21705707698487
-14.814613756763578
-31.086872366370784
-17.405345335590965
-29.71397597148416
-19.892826689822357
-28.10946211818731
-22.238012660945344
-26.293292056658657
-24.40707220778708
-24.2932344600093
-26.373254727702033
-22.143121942329145
-28.118072698247317
-19.880653963619892
-29.63170951156863
-17.545033647933792
-30.91268691711673
-15.174722463670832
-31.966928851161782
-12.805540758198248
-32.80641874053629
-10.469255164800671
-33.447661588933954
-8.192700929319159
-33.91013867017773
-5.997408578247274
-34.21489637566435
-3.899651303343177
-34.38335705631087
-1.9108039730314772
-14.136085362448682
31.401234130375826
-16.38946517737449
30.28616590928513
-18.650466711843762
28.94868746101494
-20.88334232891856
27.381607466661166
-23.049316492235334
25.585062507757982
-25.10852142620928
23.56753203190152
-27.02230236942549
21.34623125847878
-28.755648354480144
18.946743836306013
-30.27945111834714
16.401867401510742
-31.572299488086912
13.749775246150875
-32.62158357231698
11.031713353756686
-33.42379709905853
8.289523615147175
-33.98405761405053
5.563294201281195
-34.31497989371678
2.8893890667284836
-34.43511291988594
0.29901919640715846
-34.36717530014138
-2.1825847462280024
-34.13630344277868
-4.5364304852661235
-33.768476317609924
-6.7495497236580775
-33.289218229796006
-8.814440647830935
-32.72262174313113
-10.728300915852344
9.605646537995085
-32.6055990692372
21.55131900559293
-29.69149057906361
21.647839520608176
-30.042283050260323
21.729684020631286
-30.376702176431195
21.797317660960022
-30.695011612428374
21.851199433267467
-30.997479014958714
21.891782626885064
-31.284375705457492
21.919514943075587
-31.555976585423366
21.934838533298752
-31.81256010953932
21.93819001321177
-32.05440827416888
21.930000469025206
-32.281806613278405
21.910695459769475
-32.49504419633604
21.88069501788783
-32.69441362765079
21.84041364873937
-32.88021104634487
21.79026032947885
-33.052736126975006
21.73063850733685
-33.21229208064324
21.661946096863506
-33.359185656024664
21.58457547663063
-33.49372714139392
21.49891348476314
-33.61623036731133
21.405341412506182
-33.72701270972199
21.304234995737737
-33.82639509488237
21.19596440291998
-33.91470200626691
21.080894217264557
-33.99226149400384
20.959383410565017
-34.059405189621344
20.831785302810253
-34.11646832857289
20.698447497612193
-34.16378978595961
20.559711774814595
-34.20171213601904
20.415913903012306
-34.23058175652483
20.267383291052326
-34.250749021645674
20.114442292104442
-34.262568688900814
19.957404671959736
-34.26640074875269
19.796571780839923
-34.26261254965908
19.632221069004718
-34.251585172679455
19.464560149135547
-34.23373892856412
19.293405235490553
-34.209711839451415
19.122502950803224
-34.177960831824294
21.43964792411638
-29.324067472737738
18.604798820908886
-34.13845503339377
18.258884201227396
-34.13165394284468
17.912597228321538
-34.12001644254434
17.566358466735704
-34.103864498845894
17.22050652162919
-34.083563452924665
16.87534676469271
-34.05949497604891
16.531163514808366
-34.03205030803025
16.188224097961655
-34.00162800406315
15.846780470300974
-33.968633033064094
15.507069955503606
-33.93347636868671
15.169315612426288
-33.89657478466793
14.833726432096611
-33.85835074501108
14.500497448950508
-33.81923234149485
14.16980980600108
-33.779653256866766
13.84183079324163
-33.740052742230375
13.51671386937571
-33.700875603101224
13.194598672206897
-33.66257219183373
12.87561101916232
-33.62559840341592
12.559862898298078
-33.59041567526509
12.247452447157372
-33.55749099104165
11.938463913504712
-33.527296889812305
11.63296758542765
-33.500311482970034
11.331019666012018
-33.4770184866303
11.032662037555198
-33.45790728251936
10.737921788028068
-33.44347304217942
10.446810166533183
-33.434216999377156
10.159319970830737
-33.43064713475695
9.875417707080771
-33.433280228351606
9.595012227392864
-33.442650073747274
9.317735187612492
-33.45936497467375
9.045907300090725
-33.48333089428505
18.94949748000111
-34.14033044052641
8.831376246374262
-33.43580767418314
8.88700507206844
-33.365902819139365
8.945029978551936
-33.306199153381584
9.005707178052383
-33.257116921085554
9.069249905168718
-33.219087487337646
9.135861804974873
-33.192544593697335
9.205745281596528
-33.177922171807694
9.279104282743269
-33.17565361376003
9.356145415705605
-33.18617147991148
9.437078456993376
-33.20990736461488
9.522116610541346
-33.24729182884866
9.611476650524452
-33.298754361812286
9.70537900828031
-33.36472335771822
9.804047831363398
-33.44562609975358
9.907711029429151
-33.541888746020305
10.016600317086471
-33.653936317430805
10.130951260445158
-33.78219268296982
10.251003335271918
-33.927080540162336
10.377000007946208
-34.08902138932359
10.509188855258984
-34.268435493663816
10.647821752455798
-34.46574181641927
10.79315518408923
-34.68135791744987
10.945450785839014
-34.91569977268449
11.104976348809245
-35.169181438396464
11.2720078272622
-35.44221438160832
11.446833754026912
-35.735206005495144
11.62976627859149
-36.048555964462736
11.821174280638942
-36.38264510910551
12.021615823425165
-36.73779126490737
12.232765328459294
-37.113939685877796
19.33891907967795
-30.284652221386636
20.674223772056976
-33.69009393247538
23.4518292987308
-31.81913984222848
26.170118410744195
-29.62382251033327
28.767378006152214
-27.10874250877842
31.181285197057505
-24.293484954116053
33.35356345119756
-21.21286786040585
35.23466387701784
-17.91547987718093
36.78773712897764
-14.460579334360716
37.991256751666796
-10.913769659701984
38.8399187567003
-7.3421160934039165
39.34379332515182
-3.8094467503614453
39.526032185795415
-0.3724747019132053
39.419648554016774
2.9218599613778053
39.063947772253684
6.037710013137115
38.50111456854144
8.950426511409773
37.77331063434967
11.64572717682438
36.920463515187166
14.118262342789734
35.97877905714567
16.369893564504196
-12.532524226394443
37.48842213632011
-9.64508088139688
38.33299326360273
-6.527246812688247
38.98513828117518
-3.2037961496496052
39.3977365845754
0.28789002219519944
39.526738761137636
3.898244194804988
39.33509438089311
7.567400185461906
38.79665465203374
11.228541941956962
37.89941692973406
14.812394489894373
36.64749551104205
18.2522557881192
35.06139067979433
21.488814863663066
33.17644938071754
24.474036644067567
31.039772681205932
27.173607422588418
28.706114634327434
29.567751873325378
26.233452058651437
31.65054951881193
23.678865532650292
33.42810918422252
21.095200262709
34.916064172031426
18.528745788387397
36.13683708726411
16.017957519129368
37.11703053204917
13.593086560418499
37.885174872489486
11.276501347359044
8.777610603896143
-33.51556580267692
-12.142464776737185
32.44842289130389
-36.069278964760315
3.818955757422117
-35.90457073006377
4.65926265531769
-35.7095584057231
5.5114642400649245
-35.48558023749143
6.374232630600233
-35.233948960495184
7.246275897517535
-34.95595149419927
8.126341763604984
-34.65284886590123
9.013218528482014
-34.3258761869306
9.905735376741433
-33.97624264248094
10.802762500603137
-33.60513148846785
11.703211155552424
-33.21370005010699
12.606033687688239
-32.80307972191042
13.51022354807759
-32.37437596835382
14.414815300477215
-31.92866832528916
15.318884625499805
-31.467010401980648
16.221548322665512
-30.990429883290417
17.121964310766742
-30.499928533162787
18.019331627317484
-29.996482199188712
18.912890426970904
-29.48104081826416
19.801921978488792
-28.954528424976324
20.685748660468903
-28.417843163358018
21.563733955001197
-27.871857303412686
22.435282437892937
-27.317417266321716
23.299839764323252
-26.755343663057925
24.156892646551228
-26.186431355794813
25.005968818100996
-25.61144956010941
25.84663697411733
-25.031142023923742
26.678506667341935
-24.446227358905013
27.501228114320952
-23.857399704025497
28.314491808952397
-23.265330183949764
29.118027671201475
-22.67067055557095
29.91160291999526
-22.074064146926982
30.695015691854593
-21.476189611587575
31.468069514769496
-20.8780672100458
32.23039462803092
-20.276944077209816
32.98384846138754
-36.20232149331948
2.9918814732675116
-19.422387542609
33.70292495570283
-19.168288237224075
33.673445769068934
-18.913362577278072
33.63916970636345
-18.657810062500058
33.60053518079323
-18.401886088734994
33.55794700846195
-18.145855537809656
33.511803484062625
-17.889981175199274
33.46250314903375
-17.634519783379478
33.410447047883
-17.37972061542624
33.356039629900835
-17.125824693095883
33.29968915940901
-16.87306445641548
33.24180792018828
-16.621663575981305
33.18281232528858
-16.371836846825683
33.123122979240435
-16.12379012637081
33.06316471503624
-15.877720297566981
33.003366616281056
-15.633815247756274
32.94416203035988
-15.392253858762194
32.88598857631723
-15.153206005467624
32.82928814745361
-14.916832563477406
32.77450691019584
-14.683285427923053
32.722095298405634
-14.452707548743373
32.67250800128912
-14.225232993189415
32.62620394024614
-14.0009870588013
32.58364622740859
-13.780086485493072
32.5453020863352
-13.56263988242867
32.51164269319929
-13.348748668304594
32.48314282430238
-13.138509424981319
32.460279976248955
-12.932020959239885
32.44353172288277
-12.729412553155633
32.433365144519854
-12.531041718398281
32.430162826128964
-12.334822753825712
32.435222533715006
-19.675841766175566
33.72694572779048
-12.156464044081702
32.377136930412604
-12.174280614677677
32.315098587425666
-12.195797466503514
32.26285679242329
-12.22115216434193
32.22086516676424
-12.25052634530946
32.18956079925647
-12.284115644148322
32.16937550030633
-12.322122173280711
32.16073861622681
-12.364752014485298
32.1640779677474
-12.412214213813435
32.17982022655866
-12.464720322197309
32.208391086833814
-12.522484163186029
32.25021535297719
-12.585721703936215
32.305716987622105
-12.654650976941745
32.37531914147581
-12.729492026889403
32.459444173991784
-12.81046686863921
32.5585136688814
-12.897799448830597
32.67294845023633
-12.991715603475264
32.80316859958097
-13.092443004505526
32.94959347701703
-13.200211086392414
33.11264175237616
-13.315250936611818
33.292731450386924
-13.437795123650211
33.49028002174995
-13.568077413063854
33.70570446133408
-13.706332272418095
33.93942151418176
-13.85279395304213
34.19184805674013
-14.007694655296213
34.4634018603864
-14.171260492381002
34.75450326917735
-14.343701401109982
35.06557939532644
-14.525180874540077
35.397076705126636
-14.715694892238396
35.7495113615131
-14.914224432919966
36.12382162514186
17.32565600208062
-31.47976485678123
17.32565600208062
-31.47976485678123
15.176035972523415
-32.57056774914042
12.90235588476016
-33.53629621713861
10.52094262010871
-34.35787708408438
8.051813736990873
-35.018884146778234
5.5180730323854945
-35.50640535663854
2.945072813978804
-35.811736867415874
0.3594047601116763
-35.9308332711486
-2.212196155335274
-35.864469039858804
-4.743939566871028
-35.618099173405454
-7.2119676700685496
-35.20144135779893
-9.595167640856861
-34.62783142624619
-11.875758271736682
-33.91342384384019
-14.039629806728346
-33.076316999186815
-16.076443794191793
-32.1356796454169
-17.979522094817074
-31.110942393033596
-19.745568702830152
-30.021100378608466
-21.37427438737775
-28.884153886755243
-22.867853450249182
-27.716695869432158
-35.92583988076608
0.698555797504838
-35.89507099331746
-1.6425071462157348
-35.70417409575485
-4.045479388243024
-35.341849842487974
-6.489036989546491
-34.800344442105384
-8.949300422462898
-34.07608776559607
-11.400622523882788
-33.17011781374542
-13.816556574013617
-32.088235770749534
-16.170933073309655
-30.840863628915752
-18.43895555510919
-29.442610081716968
-20.59821989679324
-27.91158406623636
-22.62956973196998
-26.268522866104295
-24.51772130059453
-24.535818392167915
-26.2516202769891
-22.736529043431613
-27.824525124390917
-20.893456178549254
-29.23384066891849
-19.0283467696005
-30.480747539332185
-17.16126155339239
-31.56968566895665
-15.310125252706325
-32.507753168853654
-13.490455622617244
-33.304077204373414
-11.715253233814199
-33.96920359690931
15.1620394039263
-36.50422604123921
3.582616187871613
3.5999778851666866
3.615547464546338
3.6294554445943024
3.64181843770976
3.6527413138581046
3.662318926581323
3.670637550834529
3.677776095639707
3.6838071356405298
3.688797795359247
3.6928105127434656
3.6959037032412514
3.6981323414423066
3.6995484740684352
3.700201675305353
3.700139452039591
3.6994076525676136
3.582616187871613
3.6956747767787776
3.6927421682436474
3.6892949687511867
3.6853750144785606
3.6810240651261603
3.6762840042405256
3.67119702434036
3.6658057973206315
3.6601536301803925
3.6542846058724794
3.6482437086869117
3.642076933202782
3.6358313756204295
3.6295553059401873
3.6232982192225536
3.6171108639634872
3.6110452454622717
3.605154601931976
3.599493351137565
3.594117005309367
3.589082052371974
3.5844458016351424
3.5802661919607086
3.576601580319661
3.69805066640681
3.5707814145545123
3.568738432428103
3.567438423488545
3.566937061969249
3.5672882814923748
3.5685178303731107
3.570579219478795
3.573412644871182
3.5769571275468692
3.581150954879595
3.5859320871815403
3.591238525381453
3.5970086372435026
3.603181440714074
3.609696844123949
3.6164958438985053
3.6235206810903935
3.630714958771177
3.6380237225351544
3.6453935067248553
3.6527723487630923
3.6601097726769134
3.6673567289040077
3.6744659436683897
3.5735104221378116
3.68782840236928
3.6939928936485753
3.69984096538174
3.705330347992901
3.7104194032612883
3.71506695145891
3.719232082750075
3.7228739544743235
3.7259515738326607
3.728423564852102
3.730247917866616
3.73138171918766
3.7317808580177165
3.7313997069112856
3.7301907712216926
3.72810430202088
3.725087865678918
3.7210858618821603
3.716038979993889
3.709883581418621
3.702550992779114
3.693966691117605
3.684049357673508
3.6727097709626846
3.6598495020522206
3.6453593648187006
3.629117560416536
3.610987436628865
3.5908147551310936
3.568424293654504
3.5437581262545934
3.543758126254594
3.543758126254594
3.543758126254594
3.5437581262545943
3.5437581262545934
3.5437581262545934
3.5437581262545943
3.5437581262545943
3.543758126254593
3.5437581262545934
3.543758126254594
3.543758126254593
3.543758126254594
3.5437581262545934
3.543758126254594
3.5437581262545934
3.543758126254593
3.543758126254593
3.5437581262545943
3.5437581262545934
3.543758126254593
3.543758126254594
3.5437581262545943
3.5437581262545934
3.543758126254594
3.543758126254594
3.5437581262545943
3.543758126254593
3.5437581262545943
3.5437581262545943
3.543758126254593
3.5437581262545943
3.5437581262545943
3.543758126254593
3.5437581262545943
3.5437581262545934
3.5437581262545947
3.543758126254594
3.5437581262545934
3.5826161878716127
3.5985387810671705
3.612834491072819
3.625635017495171
3.6370583809044197
3.647210710820723
3.656187913644649
3.6640770929170126
3.6709577541267078
3.676902832017482
3.681979572536327
3.6862502954675174
3.689773058789512
3.6926022417261777
3.69478906033091
3.6963820271087435
3.697427367198333
3.6979693030873233
3.5826161878716127
3.6939065927178416
3.6893466887816637
3.6844147357999453
3.679154083661862
3.6736078674729438
3.6678192044173854
3.6618313751931475
3.6556879910131035
3.6494331463393355
3.643111557195749
3.6367686844969764
3.6304508414457977
3.6242052838230188
3.618080281644075
3.6121251704213635
3.6063903800666433
3.600927439308447
3.595788953369721
3.5910285526861325
3.586700810416655
3.5828611268348864
3.5795655790549965
3.57687073703055
3.574833380070158
3.69805066640681
3.555492666487048
3.539006107814428
3.5241982904282967
3.511215547008916
3.500200975439263
3.4912662735398627
3.4844458458792884
3.4797538292388746
3.4771943595786583
3.476760254879985
3.478431870295089
3.4821762102153544
3.4879463705936677
3.4956813656929633
3.5053063683722083
3.516733364544945
3.5298621937003656
3.5445819218733594
3.5607724732636146
3.578306434099213
3.5970509366152674
3.6168695272821476
3.6376238616450194
3.6591774743315595
3.5735104221378116
3.6874898326225836
3.6933372951004477
3.6988898912030583
3.7041054097855874
3.7089422744928373
3.713359364731839
3.717315825498508
3.7207708641122923
3.7236835326642774
3.7260124948587814
3.727715775421625
3.72875048972329
3.7290725506598115
3.728636349090996
3.7273944032720685
3.725296971764893
3.7222916230152867
3.7183227533756593
3.7133310434778455
3.7072528406192413
3.7000194519749994
3.691556329854854
3.681782125571004
3.6706075826724818
3.657934232510836
3.6436528451091186
3.6276415751125355
3.609763725514379
3.5898650322770176
3.5677703873236335
3.5677703873236335
3.56302923298007
3.56302923298007
3.56302923298007
3.56302923298007
3.56302923298007
3.56302923298007
3.56302923298007
3.56302923298007
3.56302923298007
3.56302923298007
3.56302923298007
3.5630292329800706
3.5630292329800706
3.56302923298007
3.5630292329800706
3.56302923298007
3.56302923298007
3.5630292329800697
3.5630292329800706
3.56302923298007
3.56302923298007
3.5630292329800706
3.56302923298007
3.56302923298007
3.56302923298007
3.56302923298007
3.5630292329800706
3.56302923298007
3.56302923298007
3.56302923298007
3.5630292329800706
3.56302923298007
3.56302923298007
3.5630292329800706
3.56302923298007
3.56302923298007
3.5630292329800706
3.56302923298007
3.56302923298007
3.525906257502156
3.521850436474598
3.5194324597652877
3.518595332576133
3.51927415113925
3.521397103246741
3.5248865269481553
3.529659995116437
3.5356313957502716
3.542711981052498
3.550811362426779
3.559838433025154
3.5697022042385926
3.5803125470826527
3.5915808336288175
3.6034204773897214
3.615747374631813
3.6284802511238956
3.641540920590135
3.6548544624950736
3.668349327459538
3.6819573792985127
3.695613882803412
3.5316480989852432
3.7224168783166194
3.7354856645379013
3.748411851618235
3.7611461958879238
3.7736420108640254
3.7858549692644967
3.7977428904179615
3.8092655203529375
3.8203843073777435
3.831062174830489
3.8412632918958005
3.850952842900633
3.8600967950334883
3.8686616640313014
3.876614276991467
3.8839215310821174
3.890550146542764
3.8964664119628467
3.9016359193427097
3.906023285593972
3.9095918548043276
3.912303356154341
3.91411811698668
3.709257431822653
3.9144149954702403
3.912906299278812
3.9105076829008096
3.90725605910206
3.9031865667183925
3.898332869100768
3.892727432156849
3.8864017849224797
3.879386765947368
3.8717127582883486
3.8634099156781554
3.854508381894994
3.8450385051957072
3.8350310492488746
3.8245174017551986
3.8135297816524343
3.8021014454978634
3.7902668932894072
3.778062073682266
3.7655245882053774
3.7526938936673453
3.739611501671493
3.726321174289574
3.7128691209933145
3.6993039862638732
3.9149947703394163
3.671711791589518
3.6578116143157082
3.6440378287957462
3.630454362135903
3.617128355620766
3.604130138847905
3.5915331457038855
3.5794137661853496
3.5678511268302673
3.5569267928679884
3.5467243861436697
3.5373291142395087
3.5288272083298486
3.5213052697437965
3.514849528407273
3.5095450198084204
3.5054746911268
3.502718451226619
3.5013521832664978
3.501446742424374
3.503066964088857
3.5062707091685774
3.511107968580392
3.517619991961845
3.539114468851898
3.526098144399331
3.526098144399331
3.52609814439933
3.5260981443993304
3.5260981443993313
3.526098144399331
3.5260981443993304
3.526098144399331
3.526098144399331
3.52609814439933
3.52609814439933
3.526098144399331
3.5260981443993313
3.52609814439933
3.5260981443993304
3.526098144399331
3.5260981443993296
3.5260981443993304
3.5260981443993304
3.526098144399331
3.52609814439933
3.5260981443993304
3.5260981443993304
3.5260981443993304
3.52609814439933
3.526098144399331
3.5260981443993304
3.5260981443993313
3.526098144399331
3.5260981443993296
3.5260981443993304
3.526098144399331
3.5260981443993304
3.526098144399331
3.52609814439933
3.5260981443993304
3.52609814439933
3.526098144399331
3.685677608078834
3.6856776080788345
3.525411680876254
3.5209038526506924
3.5180765617810374
3.5168729200326263
3.5172281183382372
3.519070427999332
3.5223222594987753
3.526901247065359
3.53272132894581
3.5396937964477355
3.547728288903178
3.5567337161876638
3.5666190951865073
3.577294291157989
3.5886706591379895
3.6006615842809344
3.613182923079159
3.6261533498872085
3.6394946147738927
3.653131719428324
3.6669930149121797
3.681010189678359
3.695119307555495
3.531648098985244
3.709351170016432
3.710164658256319
3.711721157670391
3.7140450691473283
3.717160748952719
3.721090996286345
3.7258554638864703
3.7314690683431078
3.7379404639499287
3.745270642757315
3.7534517203247173
3.7624659595712595
3.7722850736533418
3.7828698336707918
3.794169989402458
3.8061244927988844
3.8186619963551283
3.8317015833188464
3.8451536750648625
3.8589210528650466
3.8728999225970098
3.88698088777651
3.901051886465177
3.709257431822653
3.9114443880777627
3.9071862226487406
3.9022633144472065
3.896716262888731
3.890583586681004
3.883902015537648
3.876706755988913
3.869031739571653
3.8609098578537684
3.8523731874874407
3.843453208056378
3.8341810148653073
3.824587528618969
3.814703703484248
3.804560734756491
3.7941902670386853
3.783624603515865
3.7728969165527744
3.762041459514479
3.7510937793262316
3.7400909288182684
3.729071677461529
3.718076718370071
3.707148866995195
3.6963333089011132
3.914994770339416
3.6659221981581314
3.646630442475991
3.627878120135644
3.6097434136017226
3.592306803726553
3.575650923277406
3.5598603601582046
3.54502140431819
3.5312217326730235
3.5185500268997885
3.507095519826871
3.4969474673116547
3.488194544353165
3.4809241663162496
3.475221739003256
3.471169844427175
3.4688473727893427
3.4683286149174424
3.4696823332743327
3.4729708334971345
3.4782490623606837
3.4855637645475515
3.4949527555777706
3.5064446081485925
3.539114468851897
3.539114468851897
3.5391144688518974
3.539114468851897
3.539114468851897
3.539114468851898
3.539114468851898
3.539114468851898
3.539114468851897
3.539114468851898
3.539114468851898
3.539114468851898
3.5391144688518974
3.539114468851898
3.539114468851898
3.539114468851898
3.539114468851897
3.539114468851898
3.5391144688518974
3.5391144688518974
3.5391144688518974
3.5391144688518974
3.539114468851898
3.539114468851898
3.539114468851897
3.539114468851897
3.5391144688518974
3.539114468851898
3.539114468851897
3.539114468851898
3.539114468851897
3.539114468851898
3.539114468851897
3.539114468851898
3.5391144688518974
3.5391144688518974
3.5391144688518974
3.5391144688518974
3.539114468851898
3.539114468851898
3.52609814439933
3.602462586071686
3.611709005544482
3.6202973204747178
3.6282568632795518
3.6356150433621366
3.6423975308302006
3.6486284203655477
3.654330377944947
3.6595247725322406
3.6642317947221583
3.66847056389774
3.6722592253231228
3.675615038368929
3.6785544569212982
3.6810932028780563
3.6832463335033747
3.685028303359796
3.6864530214047826
3.687533903764843
3.6882839226809816
3.688715652018157
3.688841309682799
3.688672797294614
3.6882217373737762
3.6874995082861592
3.686517277166547
3.6852860310168896
3.683816606109033
3.6821197158673624
3.680205977255602
3.6780859356791233
3.6757700879535973
3.6732689007846844
3.6705928014566758
3.667752816612442
3.592526599728849
3.6604529393583776
3.656062110976358
3.651597369406625
3.6470699275130474
3.642491088503596
3.637872271220832
3.6332250262081685
3.6285610489853526
3.6238921917243747
3.6192304736700356
3.614588090312727
3.6099774213095475
3.6054110370855033
3.6009017040483937
3.5964623883138778
3.592106257851433
3.5878466829734528
3.583697235020915
3.5796716831757105
3.5757839892858985
3.572048300598996
3.568478940280682
3.5650903956543165
3.56189730402514
3.558914436024195
3.556156676265475
3.5536390011183663
3.5513764526440905
3.5493841045636545
3.5476769825746404
3.546271016779631
3.6647586399799144
3.543346575963787
3.541803949494373
3.5405670102690885
3.539650571184293
3.5390692058235547
3.5388371993997003
3.538968500055534
3.539476669633277
3.540374834057892
3.541675633616438
3.543391173575444
3.5455329754917813
3.5481119297072246
3.551138249457211
3.554621427009908
3.5585701923590527
3.562992474832287
3.5678953680384784
3.5732850986012927
3.5791669989616577
3.5855454845883954
3.592424035879844
3.599805184954612
3.6076905074635066
3.616080619549438
3.624975179869544
3.6343728965052686
3.644271537915121
3.6546679441020293
3.6655580059880855
3.5816458167099503
3.6770038969881575
3.6770038969881575
3.677003896988158
3.6770038969881575
3.677003896988158
3.677003896988158
3.677003896988158
3.6770038969881575
3.6770038969881575
3.677003896988158
3.677003896988158
3.677003896988158
3.6770038969881575
3.6770038969881575
3.677003896988158
3.6770038969881575
3.677003896988158
3.6770038969881575
3.6770038969881575
3.6770038969881575
3.6770038969881575
3.677003896988158
3.6770038969881575
3.6770038969881575
3.6770038969881575
3.6770038969881575
3.677003896988158
3.6770038969881575
3.6770038969881575
3.6770038969881575
3.6770038969881575
3.6770038969881575
3.6770038969881575
3.6770038969881575
3.677003896988158
3.6770038969881575
3.677003896988158
3.677003896988157
3.5451798974476905
3.545179897447691
3.591015432924838
3.5892143585349197
3.5871893837245983
3.585004863487107
3.5827234269923527
3.5804058627154216
3.57811095581178
3.575895282876694
3.573812971125922
3.571915430466737
3.5702510678393358
3.5688649941825146
3.5677987349847875
3.5670899557071727
3.5667722132584005
3.566874744137762
3.5674222988828705
3.568435030929281
3.5699284460989387
3.571913416772177
3.574396262345655
3.5773788951073677
3.5808590283116897
3.5848304410115603
3.5892832923745
3.594204476795442
3.5995780101859722
3.60538543735157
3.6116062505376334
3.618218309770602
3.625198257171833
3.632521921009125
3.6401647206416774
3.648102226302194
3.656306341382404
3.592526599728849
3.6609632851679135
3.6570514067879953
3.653033774048769
3.648921323621805
3.6447251242854835
3.6404563842669404
3.636126463025735
3.6317468832666413
3.6273293422429336
3.62288572211308
3.618428099164272
3.613968751824015
3.6095201673592223
3.60509504718125
3.600706310645717
3.5963670972538586
3.592090767175598
3.587890899946884
3.583781291271434
3.5797759478141384
3.5758890798835816
3.57213509188592
3.5685285704952565
3.565084270425349
3.5618170977863053
3.558742090945766
3.5558743990739035
3.5532292588028467
3.5508219717749356
3.5486679075425958
3.5467818386611643
3.6647586399799144
3.543393470779329
3.541894682664192
3.540698556302373
3.539819909689524
3.5392733172873694
3.5390730640565096
3.539233097529858
3.5397669788399058
3.54068783320548
3.5420083002584724
3.543740484685298
3.545895907551203
3.548485458803073
3.55151935138384
3.5550070773759765
3.5589573666983902
3.563378148719092
3.5682765172078104
3.573658699076686
3.5795300271930977
3.5858949176063066
3.592756851475226
3.600118361904424
3.607981025839512
3.6163454611933483
3.625211329233213
3.6345773424022627
3.644441278003561
3.6548000002791428
3.6656495159769977
3.5816458167099503
3.5816458167099503
3.5816458167099503
3.5816458167099503
3.5816458167099503
3.5816458167099503
3.58164581670995
3.5816458167099503
3.58164581670995
3.5816458167099503
3.5816458167099503
3.5816458167099503
3.58164581670995
3.5816458167099503
3.58164581670995
3.58164581670995
3.5816458167099503
3.5816458167099503
3.5816458167099503
3.5816458167099503
3.58164581670995
3.5816458167099503
3.5816458167099503
3.58164581670995
3.58164581670995
3.58164581670995
3.58164581670995
3.58164581670995
3.5816458167099503
3.5816458167099503
3.5816458167099507
3.5816458167099503
3.5816458167099503
3.5816458167099503
3.5816458167099503
3.5816458167099503
3.5816458167099503
3.5816458167099503
3.58164581670995
3.5816458167099503
3.677003896988158
31.854599381429068
0.0
0.0
0.0
0.0
0.0
0.0
0.0
0.0
0.0
0.0
0.0
0.0
0.0
0.0
0.0
0.0
0.0
31.854599381429068
0.0
0.0
0.0
0.0
0.0
0.0
0.0
0.0
0.0
0.0
0.0
0.0
0.0
0.0
0.0
0.0
0.0
0.0
0.0
0.0
0.0
0.0
0.0
0.0
0.0
0.0
0.0
0.0
0.0
0.0
0.0
0.0
0.0
0.0
0.0
0.0
0.0
0.0
0.0
0.0
0.0
0.0
0.0
0.0
0.0
0.0
0.0
0.0
0.0
0.0
0.0
0.0
0.0
0.0
0.0
0.0
0.0
0.0
0.0
0.0
0.0
0.0
0.0
0.0
0.0
0.0
0.0
0.0
0.0
0.0
0.0
0.0
0.0
0.0
0.0
0.0
0.0
0.0
0.0
0.0
0.0
0.0
0.0
0.0
0.0
0.0
0.0
0.0
0.0
0.0
0.0
0.0
0.0
0.0
0.0
0.0
0.0
0.0
0.0
0.0
40.92355008823498
44.699562288994976
44.69956228899498
48.66437509979309
48.66437509979294
52.82742855113105
57.19863467503591
66.60765585674115
71.6678733459262
0.0
0.0
0.0
0.0
0.0
0.0
0.0
0.0
0.0
0.0
0.0
42.545060262280806
43.227909890956965
43.85032186543428
44.41523696081636
44.92551736376982
45.38393912474003
50.0185279990689
50.41469379011725
55.26539105930033
55.59492670074957
55.87788536389751
56.11703463692142
56.31507027982966
56.474621509125825
56.59825639640268
56.688487386930156
56.74777711898177
56.77853911078377
42.545060262280806
61.38582850632908
61.106552245667025
51.45050712685204
46.85705814879216
46.597898117427356
46.32893779750236
50.301603650523376
45.77030685284485
54.08853629801989
45.19828416023586
44.912504487769866
44.629648793174475
40.45431876162643
40.20729325921054
39.96856588542486
36.09368335896756
35.897043310538905
35.71305996099832
32.123702201007006
31.984979491721358
35.254339236536616
31.757571531959652
28.46098302517305
38.50551593052322
56.78315898914318
37.767947318474306
40.72954195378067
36.60432534728302
36.132172335789086
35.73637570431348
32.16869476235069
31.950037024062514
31.8004780596372
31.7191897726912
28.65493977233276
28.702879868914074
28.81055466755655
28.977276732522693
29.20228492280932
29.484714003394956
29.823568072357723
27.154033240488307
30.66578423969391
31.166321246483758
31.717609310351808
32.31774718910925
32.964628355273874
33.655936277734554
30.902616909808746
31.56585547420249
31.790046201199484
31.9764818600607
32.15452820087099
32.322668829359785
32.479387914430134
32.6231696163585
32.75249757883108
32.865854436058875
36.68064104644574
33.03857738869105
36.828844891777514
36.86697194620341
36.87884726990149
36.86276416685854
36.817011028367865
36.739870795893715
36.62962042452722
36.48453034836643
40.167513106604126
39.92410729793372
39.636362652609655
39.30233074522933
38.920053009441176
38.48756016286198
38.00287163704244
41.2487565050044
40.593570702901886
39.87429367220261
39.088689504548285
41.91811008678213
41.91811008678213
0.0
0.0
0.0
0.0
0.0
0.0
0.0
0.0
0.0
0.0
0.0
0.0
0.0
0.0
0.0
0.0
0.0
78.47899945350768
73.0623863291598
67.90370716311409
41.71984024243831
45.569326062450145
41.719840242438266
45.56932606245022
41.719840242438266
41.71984024243835
41.71984024243832
41.7198402424383
41.71984024243828
41.7198402424383
45.5693260624502
49.611286173462595
53.85534429002573
53.855344290025734
58.31160531241688
62.99067938592771
67.90370716311408
73.06238632915978
0.0
1.1351299115484468
0.0
0.0
0.0
0.0
0.0
0.0
0.0
0.0
0.0
0.0
0.0
0.0
0.0
0.0
0.0
0.0
0.0
1.0
0.0
0.0
0.0
0.0
0.0
0.0
0.0
0.0
0.0
0.0
0.0
0.0
0.0
0.0
0.0
0.0
0.0
0.0
0.0
0.0
0.0
0.0
0.0
0.0
0.0
0.0
0.0
0.0
0.0
0.0
0.0
0.0
0.0
0.0
0.0
0.0
0.0
0.0
0.0
0.0
0.0
0.0
0.0
0.0
0.0
0.0
0.0
0.0
0.0
0.0
0.0
0.0
0.0
0.0
0.0
0.0
0.0
0.0
0.0
0.0
0.0
0.0
0.0
0.0
0.0
0.0
0.0
0.0
0.0
0.0
0.0
0.0
0.0
0.0
0.0
0.0
0.0
0.0
0.0
0.0
0.0
0.0
0.0
0.0
0.0
0.0
0.0
0.0
0.0
0.0
0.0
0.0
0.0
0.0
0.0
0.0
0.0
0.0
0.0
0.0
1.6226757951711255
1.6298741887577493
1.6514693695176204
1.658667763104244
1.680262943864115
1.8314292091832123
1.835028405976524
1.838627602769836
1.84266191270059
0.0
0.0
0.0
0.0
0.0
0.0
0.0
0.0
0.0
0.0
0.0
1.65843214437221
1.6640796579530188
1.6697271715338275
1.6753746851146365
1.6810221986954452
1.686669712276254
1.692317225857063
0.9294060802398902
0.9294060802398902
0.9294060802398902
0.9294060802398902
0.9294060802398902
0.9294060802398902
0.9294060802398902
0.9294060802398902
0.9294060802398902
0.9294060802398902
0.9294060802398902
1.65843214437221
1.8278575517964735
0.9294060802398902
1.8321611130015616
1.8321611130015616
1.83646467420665
1.83646467420665
1.8407682354117378
1.8407682354117378
1.8450717966168262
1.7198541085905452
1.7162549117972334
1.7162549117972334
1.7126557150039217
1.7090565182106097
1.7090565182106097
1.705457321417298
1.7018581246239861
1.7018581246239861
1.6982589278306741
1.6946597310373623
1.6946597310373623
1.6910605342440506
1.6874613374507388
0.9280160641337631
0.9294060802398902
0.9280160641337631
0.9280160641337631
0.9280160641337631
0.9280160641337631
0.9280160641337631
1.093579116626108
1.1079759037993553
0.9280160641337631
1.1439678717324737
1.158364658905721
1.1727614460789684
1.1871582332522157
1.201555020425463
1.2087534140120868
1.2231502011853341
1.2375469883585815
1.2519437755318288
1.2591421691184526
1.2735389562916999
1.2879357434649472
1.295134137051571
1.3095309242248183
1.3239277113980656
1.3527212857445603
1.1655630524923446
1.3846674760190427
1.3909668079037474
1.4035654716731565
1.4098648035578611
1.4224634673272702
1.428762799211975
1.441361462981384
1.4476607948660887
1.4539601267507933
1.4665587905202024
1.472858122404907
1.472858122404907
1.4859063170252758
1.5003031041985229
1.991931380138492
1.521898284958394
1.5290966785450177
1.5362950721316415
1.5506918593048888
1.543493465718265
1.5506918593048888
1.5578902528915126
1.5722870400647597
1.5722870400647597
1.5794854336513835
1.5938822208246308
1.5866838272380073
1.5938822208246308
1.6010806144112546
1.6082790079978784
1.6082790079978784
0.0
0.0
0.0
0.0
0.0
0.0
0.0
0.0
0.0
0.0
0.0
0.0
0.0
0.0
0.0
0.0
0.0
1.7290260641323199
1.7262023073419155
1.7233785505515111
1.6245470628873573
0.9294060802398902
1.5737194406600783
1.5415867868640287
1.434085303945467
1.2862707649324447
1.2146055160707336
1.1694254074242634
1.1242452987777931
1.0734176765505141
1.0338850814848526
1.1976629753283072
1.709259766599489
1.7149072801802978
1.7177310369707022
1.7205547937611065
1.7233785505515111
1.7262023073419155
0.0
