31.854599381429068
0.0
0.0
0.0
0.0
0.0
0.0
0.0
0.0
0.0
0.0
0.0
0.0
0.0
0.0
0.0
0.0
0.0
31.854599381429068
0.0
0.0
0.0
0.0
0.0
0.0
0.0
0.0
0.0
0.0
0.0
0.0
0.0
0.0
0.0
0.0
0.0
0.0
0.0
0.0
0.0
0.0
0.0
0.0
0.0
0.0
0.0
0.0
0.0
0.0
0.0
0.0
0.0
0.0
0.0
0.0
0.0
0.0
0.0
0.0
0.0
0.0
0.0
0.0
0.0
0.0
0.0
0.0
0.0
0.0
0.0
0.0
0.0
0.0
0.0
0.0
0.0
0.0
0.0
0.0
0.0
0.0
0.0
0.0
0.0
0.0
0.0
0.0
0.0
0.0
0.0
0.0
0.0
0.0
0.0
0.0
0.0
0.0
0.0
0.0
0.0
0.0
0.0
0.0
0.0
0.0
0.0
0.0
0.0
0.0
0.0
0.0
0.0
0.0
0.0
0.0
0.0
0.0
0.0
0.0
40.92355008823498
44.699562288994976
44.69956228899498
48.66437509979309
48.66437509979294
52.82742855113105
57.19863467503591
66.60765585674115
71.6678733459262
0.0
0.0
0.0
0.0
0.0
0.0
0.0
0.0
0.0
0.0
0.0
42.545060262280806
43.227909890956965
43.85032186543428
44.41523696081636
44.92551736376982
45.38393912474003
50.0185279990689
50.41469379011725
55.26539105930033
55.59492670074957
55.87788536389751
56.11703463692142
56.31507027982966
56.474621509125825
56.59825639640268
56.688487386930156
56.74777711898177
56.77853911078377
42.545060262280806
61.38582850632908
61.106552245667025
51.45050712685204
46.85705814879216
46.597898117427356
46.32893779750236
50.301603650523376
45.77030685284485
54.08853629801989
45.19828416023586
44.912504487769866
44.629648793174475
40.45431876162643
40.20729325921054
39.96856588542486
36.09368335896756
35.897043310538905
35.71305996099832
32.123702201007006
31.984979491721358
35.254339236536616
31.757571531959652
28.46098302517305
38.50551593052322
56.78315898914318
37.767947318474306
40.72954195378067
36.60432534728302
36.132172335789086
35.73637570431348
32.16869476235069
31.950037024062514
31.8004780596372
31.7191897726912
28.65493977233276
28.702879868914074
28.81055466755655
28.977276732522693
29.20228492280932
29.484714003394956
29.823568072357723
27.154033240488307
30.66578423969391
31.166321246483758
31.717609310351808
32.31774718910925
32.964628355273874
33.655936277734554
30.902616909808746
31.56585547420249
31.790046201199484
31.9764818600607
32.15452820087099
32.322668829359785
32.479387914430134
32.6231696163585
32.75249757883108
32.865854436058875
36.68064104644574
33.03857738869105
36.828844891777514
36.86697194620341
36.87884726990149
36.86276416685854
36.817011028367865
36.739870795893715
36.62962042452722
36.48453034836643
40.167513106604126
39.92410729793372
39.636362652609655
39.30233074522933
38.920053009441176
38.48756016286198
38.00287163704244
41.2487565050044
40.593570702901886
39.87429367220261
39.088689504548285
41.91811008678213
41.91811008678213
0.0
0.0
0.0
0.0
0.0
0.0
0.0
0.0
0.0
0.0
0.0
0.0
0.0
0.0
0.0
0.0
0.0
78.47899945350768
73.0623863291598
67.90370716311409
41.71984024243831
45.569326062450145
41.719840242438266
45.56932606245022
41.719840242438266
41.71984024243835
41.71984024243832
41.7198402424383
41.71984024243828
41.7198402424383
45.5693260624502
49.611286173462595
53.85534429002573
53.855344290025734
58.31160531241688
62.99067938592771
67.90370716311408
73.06238632915978
0.0
