1.1351299115484468
0.0
0.0
0.0
0.0
0.0
0.0
0.0
0.0
0.0
0.0
0.0
0.0
0.0
0.0
0.0
0.0
0.0
1.0
0.0
0.0
0.0
0.0
0.0
0.0
0.0
0.0
0.0
0.0
0.0
0.0
0.0
0.0
0.0
0.0
0.0
0.0
0.0
0.0
0.0
0.0
0.0
0.0
0.0
0.0
0.0
0.0
0.0
0.0
0.0
0.0
0.0
0.0
0.0
0.0
0.0
0.0
0.0
0.0
0.0
0.0
0.0
0.0
0.0
0.0
0.0
0.0
0.0
0.0
0.0
0.0
0.0
0.0
0.0
0.0
0.0
0.0
0.0
0.0
0.0
0.0
0.0
0.0
0.0
0.0
0.0
0.0
0.0
0.0
0.0
0.0
0.0
0.0
0.0
0.0
0.0
0.0
0.0
0.0
0.0
0.0
0.0
0.0
0.0
0.0
0.0
0.0
0.0
0.0
0.0
0.0
0.0
0.0
0.0
0.0
0.0
0.0
0.0
0.0
1.6226757951711255
1.6298741887577493
1.6514693695176204
1.658667763104244
1.680262943864115
1.8314292091832123
1.835028405976524
1.838627602769836
1.84266191270059
0.0
0.0
0.0
0.0
0.0
0.0
0.0
0.0
0.0
0.0
0.0
1.65843214437221
1.6640796579530188
1.6697271715338275
1.6753746851146365
1.6810221986954452
1.686669712276254
1.692317225857063
0.9294060802398902
0.9294060802398902
0.9294060802398902
0.9294060802398902
0.9294060802398902
0.9294060802398902
0.9294060802398902
0.9294060802398902
0.9294060802398902
0.9294060802398902
0.9294060802398902
1.65843214437221
1.8278575517964735
0.9294060802398902
1.8321611130015616
1.8321611130015616
1.83646467420665
1.83646467420665
1.8407682354117378
1.8407682354117378
1.8450717966168262
1.7198541085905452
1.7162549117972334
1.7162549117972334
1.7126557150039217
1.7090565182106097
1.7090565182106097
1.705457321417298
1.7018581246239861
1.7018581246239861
1.6982589278306741
1.6946597310373623
1.6946597310373623
1.6910605342440506
1.6874613374507388
0.9280160641337631
0.9294060802398902
0.9280160641337631
0.9280160641337631
0.9280160641337631
0.9280160641337631
0.9280160641337631
1.093579116626108
1.1079759037993553
0.9280160641337631
1.1439678717324737
1.158364658905721
1.1727614460789684
1.1871582332522157
1.201555020425463
1.2087534140120868
1.2231502011853341
1.2375469883585815
1.2519437755318288
1.2591421691184526
1.2735389562916999
1.2879357434649472
1.295134137051571
1.3095309242248183
1.3239277113980656
1.3527212857445603
1.1655630524923446
1.3846674760190427
1.3909668079037474
1.4035654716731565
1.4098648035578611
1.4224634673272702
1.428762799211975
1.441361462981384
1.4476607948660887
1.4539601267507933
1.4665587905202024
1.472858122404907
1.472858122404907
1.4859063170252758
1.5003031041985229
1.991931380138492
1.521898284958394
1.5290966785450177
1.5362950721316415
1.5506918593048888
1.543493465718265
1.5506918593048888
1.5578902528915126
1.5722870400647597
1.5722870400647597
1.5794854336513835
1.5938822208246308
1.5866838272380073
1.5938822208246308
1.6010806144112546
1.6082790079978784
1.6082790079978784
0.0
0.0
0.0
0.0
0.0
0.0
0.0
0.0
0.0
0.0
0.0
0.0
0.0
0.0
0.0
0.0
0.0
1.7290260641323199
1.7262023073419155
1.7233785505515111
1.6245470628873573
0.9294060802398902
1.5737194406600783
1.5415867868640287
1.434085303945467
1.2862707649324447
1.2146055160707336
1.1694254074242634
1.1242452987777931
1.0734176765505141
1.0338850814848526
1.1976629753283072
1.709259766599489
1.7149072801802978
1.7177310369707022
1.7205547937611065
1.7233785505515111
1.7262023073419155
0.0
