106.373225287 2.4172562523
108.731263764 42.6981315007
111.094045742 43.0224534963
113.461435483 43.3880931389
115.833297254 43.7929213286
118.209495317 44.2348089653
120.589893938 44.7116269488
122.97435738 45.2212461793
125.362749909 45.7615375566
127.754935788 46.3303719807
130.150779282 46.9256203514
132.550144655 47.5451535689
134.952896172 48.1868425329
137.358898097 48.8485581435
139.768014694 49.5281713005
142.180110227 50.2235529041
144.595048962 50.932573854
147.012695161 51.6531050502
149.432913091 52.3830173927
151.855567015 53.1201817815
154.280521197 53.8624691164
156.707639901 54.6077502974
159.136787393 55.3538962245
161.567827937 56.0987777976
164.000625796 56.8402659167
166.435045236 57.5762314816
168.87095052 58.3045453924
171.308205913 59.023078549
173.74667568 59.7297018513
176.186224084 60.4222861994
178.62671539 61.098702493
181.068013862 61.7568216322
183.509983766 62.394514517
185.952489364 63.0096520472
188.395394922 63.6001051228
190.838564703 64.1637446437
193.281862973 64.69844151
195.725153996 65.2020666215
198.168302035 65.6724908783
200.611171356 66.1075851801
203.053626222 66.5052204271
205.495530898 66.8632675191
207.936749649 67.179597356
210.377146738 67.4520808379
212.81658643 67.6785888647
215.25493299 67.8569923362
217.692050681 67.9851621526
220.127803769 68.0609692136
222.562056517 68.0822844193
224.994673202 68.0469790628
227.425543693 67.953798387
229.854637819 67.8042178907
232.28194098 67.6002447641
234.707438575 67.3438861975
237.131116004 67.0371493813
239.552958666 66.6820415056
241.97295196 66.2805697607
244.391081286 65.8347413369
246.807332044 65.3465634246
249.221689633 64.8180432138
251.634139453 64.251187895
254.044666902 63.6480046583
256.453257381 63.0105006941
258.859896289 62.3406831926
261.264569025 61.640559344
263.66726099 60.9121363388
266.067957582 60.157421367
268.466644201 59.378421619
270.863306246 58.5771442851
273.257929117 57.7555965555
275.650498214 56.9157856205
278.040998936 56.0597186703
280.429416682 55.1894028953
282.815736852 54.3068454857
285.199944845 53.4140536317
287.582026062 52.5130345237
289.961965901 51.6057953519
292.339749761 50.6943433065
294.715363043 49.7806855779
297.088791146 48.8668293563
299.460019469 47.954781832
301.829033412 47.0465501952
304.195818375 46.1441416362
306.560359756 45.2495633453
308.922642956 44.3648225127
311.282653373 43.4919263288
313.640376408 42.6328819838
315.995797459 41.7896966679
318.348901927 40.9643775714
320.699675211 40.1589318846
323.04810271 39.3753667978
325.394169823 38.6156895012
327.737861951 37.8819071851
330.079164493 37.1760270398
332.418062848 36.5000562555
334.754542415 35.8560020225
337.088588595 35.245871531
339.420186787 34.6716719715
341.74932239 34.135410534
344.075980803 33.6390944089
346.40014742 33.1847307864
