200.493156133 93.485525535
202.441983576 193.852578291
204.403471103 194.225526728
206.377121622 194.603361262
208.362438047 194.985072308
210.358923286 195.369650282
212.366080252 195.756085598
214.383411855 196.143368673
216.410421006 196.530489921
218.446610616 196.916439758
220.491483595 197.3002086
222.544542855 197.680786861
224.605291306 198.057164957
226.67323186 198.428333303
228.747867426 198.793282315
230.828700917 199.151002408
232.915235242 199.500483997
235.006973313 199.840717498
237.10341804 200.170693326
239.204072335 200.489401897
241.308439108 200.795833625
243.41602127 201.088978926
245.526321732 201.367828216
247.638843405 201.63137191
249.7530892 201.878600423
251.868562027 202.10850417
253.984764797 202.320073567
256.101200422 202.51229903
258.217371811 202.684170973
260.332781877 202.834679812
262.446933529 202.962815962
264.559329679 203.067569839
266.669473238 203.147931858
268.776867116 203.202892434
270.881014224 203.231441983
272.981417473 203.232570919
275.077579775 203.20526966
277.169004039 203.148528619
279.255193176 203.061338212
281.335650098 202.942688854
283.409877716 202.791570962
285.47737894 202.606974949
287.537656681 202.387891232
289.59021385 202.133310226
291.634553357 201.842222346
293.670178115 201.513618007
295.696591032 201.146487626
297.713295022 200.739821617
299.719792993 200.292610395
301.715611329 199.803911077
303.700766328 199.274173008
305.675737973 198.705163224
307.641024469 198.09870054
309.59712402 197.456603771
311.544534831 196.78069173
313.483755106 196.072783233
315.415283049 195.334697093
317.339616865 194.568252126
319.257254758 193.775267146
321.168694932 192.957560967
323.074435592 192.116952405
324.974974943 191.255260272
326.870811188 190.374303385
328.762442532 189.475900557
330.650367179 188.561870603
332.535083334 187.634032338
334.417089201 186.694204576
336.296882984 185.744206132
338.174962888 184.785855819
340.051827117 183.820972453
341.927973876 182.851374848
343.803901369 181.878881819
345.6801078 180.90531218
347.557091373 179.932484746
349.435350294 178.962218331
351.315382766 177.99633175
353.197686993 177.036643817
355.082761181 176.084973346
356.971103533 175.143139153
358.863212254 174.212960052
360.759585548 173.296254857
362.66072162 172.394842383
364.567118674 171.510541444
366.479274914 170.645170855
368.397688544 169.80054943
370.32285777 168.978495985
372.255280795 168.180829332
374.195455824 167.409368288
376.143881061 166.665931666
378.101054711 165.952338281
380.067474977 165.270406948
382.043640065 164.62195648
384.030048178 164.008805693
386.027197522 163.432773401
388.0355863 162.895678419
390.055712716 162.39933956
392.088074976 161.945575641
394.133171283 161.536205474
396.191499842 161.173047875
398.263558857 160.857921658
400.34984653 160.592645638
