0.6418478665094938 -33.978496769358856
0.6416235458207211 -33.84092023732592
0.6424576979036658 -33.75914724875608
0.644308271733621 -33.730852841415356
0.6471389938235461 -33.753711945163786
0.6509147843054848 -33.82539946742304
0.6556006167096768 -33.943590315425666
0.6611611451200758 -34.105959402916966
0.6675605646053668 -34.310181652760065
0.6747625609759496 -34.5539319976499
0.6827303046797795 -34.834885380581255
0.6914264760880542 -35.150716754100586
0.7008133249513548 -35.49910107897182
0.7108527806671532 -35.87771332210929
0.7215066522317386 -36.284228452279336
0.7327370042439156 -36.716321432601205
0.7445069121852725 -37.171667204787695
0.7567821265499788 -37.647940655587405
0.7695352351855149 -38.14281653110197
0.7827581522593619 -38.65396918150182
0.7965120762168283 -39.17907153834847
0.8112771989342775 -39.71578795838576
0.8232846591782277 -40.26186975341969
0.6432106093834875 -34.17420109432618
1.092413224968709 -41.34981812917732
1.3570520148787182 -41.88639664474289
1.628566149873052 -42.42235752970069
1.9067388383226103 -42.955383391516335
2.191373825482856 -43.48316042154383
2.482241093482685 -44.003379505736774
2.77906328949382 -44.51373650149671
3.081511206126777 -45.011932330114035
3.389201979453844 -45.49567301161753
3.701698278404365 -45.962669679848574
4.018507911868312 -46.41063858776204
4.339083636068153 -46.837301107214955
4.662823074525875 -47.24038372367892
4.989068720089961 -47.61761802470275
5.317108024396191 -47.96674067821675
5.646173621947071 -48.28549339095042
5.975443819749216 -48.57162282410377
6.304043706171399 -48.822880407186375
6.631047949128686 -49.03702187307303
6.955489213589885 -49.21180586073311
7.276391855680856 -49.34498832780051
7.593007814468422 -49.43428343787846
7.901646325224192 -49.47788921622481
0.8352672258689324 -40.81493518053054
8.081164351639416 -49.463960483253345
7.952479095068384 -49.408283200635026
7.817272886972603 -49.30846886079735
7.676113068273764 -49.166612809926704
7.52959804452189 -48.98480461532671
7.3783207701371225 -48.765134119440745
7.222859620689746 -48.5096929541798
7.06377535153166 -48.22057504450373
6.901609883263006 -47.899876810874986
6.736885751995146 -47.5496972595343
6.570105838358245 -47.17213802900383
6.4017532266367425 -46.769303412961136
6.232291132364708 -46.343300373559146
6.0621628711316475 -45.89623854786055
5.891791858827105 -45.43023024962659
5.721581645077549 -44.947390467172454
5.551915994661158 -44.449836856133544
5.383159055304191 -43.9396897225258
5.215655706162067 -43.41907198694423
5.04973233506729 -42.89010910490745
4.8856987906413565 -42.35492886492344
4.723854247467273 -41.81566078224736
4.564510676257385 -41.27443367194681
4.408157149129295 -40.73335865803378
4.253235931825998 -40.19475915035221
8.203047996648763 -49.47335720028806
4.221249216485717 -39.091904077323875
4.337663906449222 -38.533015296656174
4.450697951990378 -37.98610847312307
4.560709778519481 -37.45329745118133
4.668131868435637 -36.93668609783353
4.773445416004847 -36.43837092338052
4.8771739964203675 -35.96044173469849
4.979881462314779 -35.50498185207999
5.082171111022092 -35.07406819386827
5.184685317526942 -34.66977131205152
5.288105366814705 -34.29415540716357
5.393151385868805 -33.94927833042442
5.500582337876324 -33.637191578401826
5.611196069018149 -33.359940277807254
5.725829418219291 -33.11956315857489
5.845358422815991 -32.918092505622894
5.970698694631153 -32.75755407331238
6.102806130443923 -32.63996692513507
6.242678342628892 -32.56734311140866
6.391357815523975 -32.54168696007926
6.549939804946746 -32.56499330124541
6.719596046985146 -32.6392421393582
6.901669607746442 -32.766377341348345
7.098338858269926 -32.948157442750215
-1.7441900974940836 -34.392211548385774
14.011086939833945 -30.969064868690424
16.213331658469883 -29.875096863595246
18.37851954649983 -28.594117495660925
20.4778533695399 -27.13026091751354
22.483089066337584 -25.49321953210054
24.367906848997507 -23.69807274601294
26.109201980539524 -21.764721638838637
27.68816514365392 -19.716973577465893
29.091047997069836 -17.581366912413813
30.309552047017803 -15.385856842758471
31.340829288879945 -13.15849366614674
32.18713086429682 -10.926213561951442
32.85517657474111 -8.713834306396024
33.35533857727705 -6.543311430151562
33.700736369994274 -4.433272402738737
33.906330196152 -2.3988140207719937
33.98808116261836 -0.4515251488067804
33.9622238994296 1.4003156364734934
17.459806869167494 29.164167743450378
19.40187787622591 27.90986691033757
21.31550606821287 26.477211657059343
23.173898887061284 24.866924748528902
24.949612918138314 23.08485112171627
26.615801886315694 21.142200122625212
28.147546085192005 19.055424043004933
29.523136991803767 16.845709193736212
30.72518549183826 14.538105535759172
31.741438787270283 12.160370051553315
32.56522746260009 9.741637253863274
33.195513108926264 7.311049549267352
33.636558166326495 4.896477386864376
33.89728314450207 2.5234364462367864
33.99040486840107 0.2142730942426283
33.93145999679382 -2.012351500787389
33.737812231867736 -4.1416858746136995
33.42772386678689 -6.162857548457964
33.01954832098835 -8.068640824491695
32.531075406446405 -9.85508340790878
4.101346961417562 -39.660632643634074
34.630276852564634 19.761850968620053
-11.550811683394954 31.94349860168569
-11.290480173965278 31.874407014629753
-11.05013735199799 31.857490933999884
-10.827988024166928 31.89084723375879
-10.622290399360082 31.97255819438405
-10.431359858011348 32.10069011023208
-10.25356988929073 32.27329294342351
-10.087352396450854 32.48840020931226
-9.931197809954796 32.74402893259267
-9.783655126370633 33.03817962964203
-9.643331910024614 33.36883630373745
-9.508894266805157 33.73396644744517
-9.379066786752958 34.13152105243287
-9.252632439342733 34.559434629579584
-9.128432384368807 35.015625245777414
-9.005365617093958 35.49799459425029
-8.882388255692206 36.00442813552388
-8.75851197187481 36.53279540944152
-8.63280006533327 37.080950814136884
-8.504355685897309 37.64673594526428
-8.372274719957801 38.227988952092886
-8.235315992904333 38.82261003366247
-8.09630051816768 39.427687775490085
-11.832954056514353 32.06666397709449
-6.6897486113983575 40.27550543378936
-5.39010082291702 40.50345728046602
-4.053128672237904 40.72297748631354
-2.6787944222146507 40.93183415239122
-1.267297023320964 41.12787995675299
0.18087667700751808 41.309041982825846
1.6649391337681436 41.473319174733035
3.1837978398426685 41.618781487960064
4.736053623335238 41.74356954598008
6.319999878091153 41.84589448121949
7.933622185495096 41.924037850264995
9.574598120768826 41.97635158061195
11.240297157989232 42.001257928051956
12.927780639220714 41.99724943120302
14.633801801262791 41.962888848438695
16.35480587963167 41.896809051763455
18.086930355182517 41.79771282241006
19.826005526017752 41.66437240757722
21.567555961488324 41.495628418656025
23.306804884568464 41.290386529589654
25.038691723475438 41.04760427834333
26.75799500224923 40.76619868715295
28.45766328330626 40.44630088307403
-7.951987987309934 40.04150961413916
30.633065403471846 39.48067743313612
31.10400680250899 38.839071088290325
31.545329342025468 38.164995951111564
31.956995583324954 37.46166492535443
32.33908331421907 36.732170375613066
32.69176652038959 35.979498430645265
33.015310628033774 35.2065325607108
33.310070916715745 34.41605476986322
33.57649188476262 33.61074607425573
33.81510695931985 32.793186718867304
34.02653835220792 31.965856287366364
34.21149698089636 31.13113376026024
34.37078242393096 30.291297548843573
34.505282893979825 29.448525515104933
34.61597522104324 28.604894983450862
34.70392484223294 27.762382747212683
34.770285796369365 26.922865070928538
34.81630072240523 26.088117687256442
34.84330086343408 25.259815785610385
34.85270608196288 24.439533983263942
34.8460249021777 23.628746248491467
34.82485464241057 22.82882566693948
34.79088195004363 22.041043502953357
34.745886553695414 21.2665626232843
34.69169169257265 20.50652436329773
30.132790998300493 40.08638142505953
33.535531845858486 20.088949212020083
32.46565295392742 20.404385150413873
31.421965392460947 20.709748960920848
30.405662900703078 21.00675270391565
29.417803691965673 21.29723742406162
28.459309879795512 21.583174162674425
27.53096733897928 21.866664207765382
26.63342566570043 22.149939174558824
25.7671981689237 22.435361033699763
24.932661875868916 22.72542211886031
24.130057548077616 23.022745124254868
23.359489707328578 23.330083093465277
22.62092667697391 23.65031940018781
21.914200645468043 23.986467715990045
21.239007768631097 24.34167195861866
20.59490833901168 24.719206204921562
19.98132708204247 25.122474538982345
19.39755370519623 25.555010770367602
18.842743995146805 26.02047787075861
18.31592223130201 26.522666736004652
17.815987218163855 27.06549309112961
17.341730382152946 27.652988206428148
16.8919081601411 28.28926176438995
16.465748718819782 28.978241924665014
-4.248820271446164 -34.17329279694982
-4.248820271446164 -34.17329279694982
-6.841459655767125 -33.749975467600365
-9.491426050007476 -33.10255648469396
-12.162551031071303 -32.21705707698487
-14.814613756763578 -31.086872366370784
-17.405345335590965 -29.71397597148416
-19.892826689822357 -28.10946211818731
-22.238012660945344 -26.293292056658657
-24.40707220778708 -24.2932344600093
-26.373254727702033 -22.143121942329145
-28.118072698247317 -19.880653963619892
-29.63170951156863 -17.545033647933792
-30.91268691711673 -15.174722463670832
-31.966928851161782 -12.805540758198248
-32.80641874053629 -10.469255164800671
-33.447661588933954 -8.192700929319159
-33.91013867017773 -5.997408578247274
-34.21489637566435 -3.899651303343177
-34.38335705631087 -1.9108039730314772
-14.136085362448682 31.401234130375826
-16.38946517737449 30.28616590928513
-18.650466711843762 28.94868746101494
-20.88334232891856 27.381607466661166
-23.049316492235334 25.585062507757982
-25.10852142620928 23.56753203190152
-27.02230236942549 21.34623125847878
-28.755648354480144 18.946743836306013
-30.27945111834714 16.401867401510742
-31.572299488086912 13.749775246150875
-32.62158357231698 11.031713353756686
-33.42379709905853 8.289523615147175
-33.98405761405053 5.563294201281195
-34.31497989371678 2.8893890667284836
-34.43511291988594 0.29901919640715846
-34.36717530014138 -2.1825847462280024
-34.13630344277868 -4.5364304852661235
-33.768476317609924 -6.7495497236580775
-33.289218229796006 -8.814440647830935
-32.72262174313113 -10.728300915852344
9.605646537995085 -32.6055990692372
