1.4127521468674331 -35.939759500565934
1.6361812812914565 -36.560831964591706
1.8651582319718045 -37.12486716860252
2.0978270478536842 -37.63386117733167
2.3331990470858273 -38.08977392499489
2.5704643856811487 -38.49455627584301
2.808893711507352 -38.8501538900446
3.0478135797063715 -39.15850819016933
3.286598261074218 -39.42155668227201
3.5246664715073166 -39.641233083440035
3.7614798973219195 -39.819467378456515
3.996542482566724 -39.958185844199754
4.229400101264474 -40.0593110550055
4.459640514688118 -40.12476186533409
4.68689379769873 -40.15645333706077
4.910834514531103 -40.1562964276365
5.131197508855223 -40.12619578887989
5.347565955564477 -40.06807923514884
1.4127521468674331 -35.939759500565934
5.405593358648048 -39.90830777127049
5.249030881582286 -39.81025281259553
5.090624965773628 -39.69150711345998
4.930822148097377 -39.55391249885422
4.770046011074356 -39.399312799561166
4.608694689776229 -39.22955419922405
4.447140248355538 -39.046485320426065
4.285728472205278 -38.85195725438389
4.124778784551637 -38.64782357202091
3.964584208330365 -38.43594032913876
3.8054113468623427 -38.21816606956585
3.6475003729035222 -37.996361826112
3.491065021739672 -37.772391121631514
3.3362925859312895 -37.54811996969637
3.1833439101690715 -37.3254168749473
3.0323533846910493 -37.10615283344739
2.88342893477369 -36.89220133348858
2.7366520008960435 -36.68543835633565
2.5920774961663255 -36.48774237898379
2.449733700514116 -36.30099437864987
2.309621944211841 -36.127077849035174
2.1717153425504705 -35.96787886338097
2.03594993953115 -35.82528651451694
1.9023437396052998 -35.70118699449002
5.5598603571392005 -39.98382974413254
1.8718430339721976 -35.49503530130705
1.9737409580335452 -35.41686029723271
2.0767550224602473 -35.364806134642095
2.1812369399225133 -35.34072524282035
2.2875587544475025 -35.34646665158906
2.3960518821259313 -35.3829557780844
2.5068836758252075 -35.448639717986474
2.620172806960454 -35.541555204025556
2.7360147715093035 -35.659740988334185
2.854481920911468 -35.80123783972893
2.9756234875796963 -35.964088541596084
3.0994656132635328 -36.14633788846115
3.2260113875723277 -36.34603268181499
3.355240906364287 -36.56122172275923
3.4871113670495504 -36.789955799985336
3.6215572340873905 -37.03028766975658
3.7584905451543875 -37.28027201678321
3.8978015229632206 -37.53796537870458
4.039359920378047 -37.80142597742417
4.183018382813941 -38.06871329927452
4.328622534779072 -38.33788683435642
4.476051325650701 -38.607001035524604
4.625499449069764 -38.87407002845386
4.773684834960477 -39.137541505626274
1.7707203704096628 -35.59747733987588
5.073135081999624 -39.63462460339975
5.224541739730512 -39.8641584299444
5.376064440101402 -40.08194216301266
5.527244447557052 -40.286077345318475
5.677660537571853 -40.47466197616384
5.826885657193316 -40.6457959273963
5.974476090630844 -40.797582296556826
6.119967848605199 -40.92812785855996
6.26287522490793 -41.03554324542346
6.4026901415692805 -41.117943028108684
6.53888182306423 -41.173445757071335
6.670896623019132 -41.20017398335168
6.798157928162254 -41.19625427016986
6.920066104750617 -41.15981719910744
7.03599847058706 -41.08899737208859
7.1453092849595805 -40.98193341168812
7.247329753233373 -40.836767958142715
7.341368046880973 -40.65164766391853
7.426709342977688 -40.424723183933025
7.502615892387041 -40.15414915955546
7.568327134464425 -39.838084192414705
7.6230598928590325 -39.47469080061424
7.66600872168317 -39.06213533992946
7.696346552107514 -38.59858785893693
7.713225988379634 -38.08222180786408
7.715782161815014 -37.51121339757621
7.703139868381925 -36.88373999685405
7.674434983918502 -36.19797532435372
7.6289001270217796 -35.452070216137756
7.566464299886093 -34.644017996820345
9.70511895752702 -33.207557824934604
11.864676740641016 -32.49862576350296
14.036160689029828 -31.621470930174333
16.196057674900544 -30.571538176340127
18.31942676727789 -29.348421313496054
20.38085160316325 -27.956253658277664
22.355507259536864 -26.403835438150274
24.220253980198038 -24.704463722388876
25.954660067841587 -22.875463961172827
27.54186060414628 -20.937457943549404
28.96917726906787 -18.913434353111196
30.228454011954625 -16.827709253587386
31.316097950231153 -14.704871296534797
32.23284814782204 -12.568799901166834
32.9833213073328 -10.441826766106207
33.57539951397217 -8.344086418133706
34.019530203186946 -6.293075196640864
34.328003937863 -4.303414495280084
34.514264225481895 -2.38679610560801
34.59228877137599 -0.5520762935156753
21.496485458978157 27.107791197146
23.230067869456718 25.63776857405027
24.91134610991503 24.00741688870646
26.516822702853858 22.221371344305958
28.023239975305387 20.288648352282408
29.408609391843243 18.222648663520786
30.653247860882686 16.040873612600336
31.740726890418728 13.764355674857327
32.65864375039945 11.416839276289181
33.39914128593085 9.023779254755539
33.959132077062634 6.611246421722818
34.34021791812404 4.204838167144736
34.54833047305442 1.8286859218428262
34.59314732593231 -0.49536730056630063
34.48735534801483 -2.7483725686080795
34.24583893603352 -4.914646095435369
33.88486543294988 -6.981914154943738
33.421326914778945 -8.941260421864506
32.87208023766391 -10.786916682941076
32.253409274118894 -12.51594266814558
-7.068850940172496 35.26603930089995
-7.685928120064162 35.72742062303858
-8.306187330866592 36.12845020265956
-8.92878532719952 36.471511064424206
-9.552197897826701 36.75910899700566
-10.174870960533198 36.99374204473527
-10.7953135758398 37.17788186419657
-11.412121200086816 37.313969064339084
-12.023983434761135 37.40441165385537
-12.629687122499888 37.45158442242399
-13.228117746428552 37.45782866420142
-13.818260112181491 37.42545204808998
-14.39919867459669 37.35672856806535
-14.970117618665483 37.25389856630624
-15.53030057708692 37.119168909004415
-16.07912905258374 36.95471377693343
-16.616070843315725 36.76268030959608
-17.140835663417306 36.5451129449807
-7.068850940172496 35.26603930089995
-17.12685513518943 36.370851230318415
-16.593473582870274 36.416376593441015
-16.054465481430157 36.44215468288653
-15.511318898079452 36.449670956058334
-14.965428561315235 36.44043960395705
-14.418097690677627 36.41600266192486
-13.870538454034687 36.37792978666832
-13.323872120513613 36.32781818282958
-12.779129121534481 36.26729257283581
-12.237249078836555 36.19800518327448
-11.699080818979809 36.12163573855107
-11.165382381351662 36.03989145669442
-10.63682102358652 35.95450704731841
-10.113973225883285 35.867244710235646
-9.597324695453295 35.7798941341932
-9.087270372566621 35.69427249558781
-8.584114440642423 35.612224457048185
-8.088070345344192 35.53562216437166
-7.599260836176796 35.46636524133807
-7.117718069372643 35.40638077481154
-6.643383916685309 35.35762327309085
-6.17611119958147 35.32207449774282
-5.71567232770127 35.30174228559157
-5.261643279807032 35.29867636351119
-17.653015926146253 36.30412809736507
-3.6036099042466674 34.81907995823758
-2.401496323184091 34.34883191772454
-1.2049301552919758 33.9051596590765
-0.01126787406340668 33.48894855101325
1.1823850671849243 33.100997043037495
2.379113440515539 32.74116549038757
3.5818796803757778 32.40700626445404
4.7933839480706695 32.09576931152695
6.016064049536595 31.80479293155237
7.252095459079044 31.53150377666212
8.503391334736108 31.273416847443755
9.771602531369865 31.02813548561906
11.058117615599286 30.793351363033167
12.364062886179823 30.566844463158986
13.690302405746849 30.346483050430336
15.037438055133066 30.13022361748814
16.405809632324548 29.916110785742084
17.795495050372494 29.70227710895945
19.206310770942594 29.48694263934449
20.6378128880815 29.268413844536234
22.089300378134112 29.04508035805069
23.559828099268543 28.815401982797567
25.048297785179557 28.577817714290028
26.552228459870207 28.33197509618801
-4.813672714722685 35.31493166620453
28.085046514425926 28.404041035436876
28.09069637505951 28.727019497997006
28.086203430528485 29.043439786650545
28.07034347672038 29.35180264230626
28.04194510532227 29.650561474774122
27.999875740545463 29.93813632417765
27.943038148016853 30.21291735061601
27.870369271879326 30.47326599777496
27.780839769470788 30.717515457587652
27.67345380058879 30.943970881418707
27.54724892280933 31.150909485184492
27.40129603593664 31.336580605091314
27.234699351816403 31.499205728674887
27.046596378341974 31.63697851213707
26.83615791198207 31.748064788692616
26.602588037752923 31.830602571645407
26.345124135097365 31.882702051602983
26.063036891658157 31.90244558831388
25.755630327374945 31.88788769465331
25.42224183482915 31.83705500911544
25.06224224663083 31.747946249507905
24.675035950641245 31.618532133940043
24.260061093219804 31.446755239048265
23.816789960740493 31.23052973595842
23.344729745175528 30.967740858911313
22.843424232049358 30.65624373323481
22.312458025023204 30.293860441812306
21.751469225968265 29.87837122010425
21.160200164158482 29.407479229109896
20.53885251717378 28.87856395076387
20.53885251717378 28.87856395076387
-1.1071932862761855 -35.25249334746832
-3.7357291945824187 -35.07147689463929
-6.474856232314437 -34.67045429407195
-9.291174974664528 -34.024083114415305
-12.14398220114623 -33.11325807716173
-14.986836163344776 -31.927400551869773
-17.769955894529957 -30.46625726427408
-20.443251077690277 -28.740870716820474
-22.959628287683103 -26.773487503085867
-25.27813238473091 -24.596344999338648
-27.366491457372078 -22.249478859066663
-29.202742058339098 -19.777866934039835
-30.775787240000554 -17.228322145371344
-32.08493137371532 -14.646547133384416
-33.13859204070782 -12.074679364107762
-33.95247843451753 -9.549522100089355
-34.54754166486832 -7.101515972006311
-34.947960347257506 -4.754390786734874
-35.1793504621336 -2.525364379422122
-35.267306698410366 -0.42572576470362833
-9.356854610013315 34.00607939756575
-11.869326071556245 33.21269731282825
-14.4376160239905 32.17948737519425
-17.023306720308952 30.889661579446887
-19.582346049786665 29.334210188325805
-22.067106801985915 27.51375949550006
-24.42914135321371 25.43975662091085
-26.622354708089446 23.134701078318265
-28.606196698900206 20.631279034764283
-30.348430484877014 17.970446051533074
-31.82709128055029 15.198698128655401
-33.03139523958997 12.364913776992793
-33.961552027287965 9.517202744729452
-34.627620806866105 6.700152344713295
-35.04768152814151 3.9527438177095746
-35.245648760595614 1.3070606838237495
-35.24903777343519 -1.2122294475108006
-35.08692469835121 -3.5877401520601566
-34.788253184947294 -5.8087524070558345
