115.246898929
7.8253574553
117.610087099
48.1265207599
119.978201241
48.4688235447
122.351103269
48.8502315561
124.728655098
49.2687105406
127.110718643
49.7222262447
129.497155817
50.2087444149
131.887828537
50.7262307976
134.282598716
51.2726511393
136.68132827
51.8459711865
139.083879112
52.4441566856
141.490113159
53.0651733833
143.899892324
53.7069870258
146.313078521
54.3675633598
148.729533667
55.0448681316
151.149119675
55.7368670878
153.571698461
56.4415259749
155.997131938
57.1568105393
158.425282022
57.8806865275
160.856010627
58.6111196859
163.289179668
59.3460757611
165.72465106
60.0835204996
168.162286717
60.8214196478
170.601948554
61.5577389522
173.043498486
62.2904441592
175.486798427
63.0175010154
177.931710293
63.7368752672
180.378095997
64.4465326612
182.825817455
65.1444389437
185.274736581
65.8285598613
187.72471529
66.4968611604
190.175615497
67.1473085876
192.627299116
67.7778678893
195.079628062
68.3865048119
197.532464249
68.9711851021
199.985669594
69.5298745061
202.439106009
70.0605387706
204.89263541
70.5611436419
207.346119711
71.0296548667
209.799420828
71.4640381913
212.252400675
71.8622593622
214.704921166
72.222284126
217.156844216
72.542078229
219.608031741
72.8196074178
222.058345654
73.0528374388
224.50764787
73.2397340386
226.955800305
73.3782629636
229.402664872
73.4663899603
231.848103486
73.5020807751
234.291978063
73.4833011545
236.734155607
73.4082073687
239.174563408
73.2772123543
241.613168189
73.0922050734
244.049937356
72.8551000081
246.484838312
72.5678116404
248.917838462
72.2322544524
251.348905211
71.8503429262
253.778005962
71.4239915439
256.205108122
70.9551147875
258.630179094
70.4456271392
261.053186283
69.8974430809
263.474097092
69.3124770948
265.892878928
68.692643663
268.309499195
68.0398572676
270.723925296
67.3560323905
273.136124637
66.6430835139
275.546064622
65.9029251199
277.953712655
65.1374716905
280.359036142
64.3486377078
282.762002486
63.5383376539
285.162579093
62.7084860109
287.560733367
61.8609972608
289.956432711
60.9977858858
292.349644532
60.1207663678
294.740336233
59.231853189
297.12847522
58.3329608315
299.514028895
57.4260037773
301.896964665
56.5128965085
304.277249934
55.5955535072
306.654852106
54.6758892554
309.029738585
53.7558182353
311.401876777
52.8372549288
313.771234085
51.9221138182
316.137777915
51.0123093854
318.501475671
50.1097561126
320.862294757
49.2163684817
323.220202579
48.334060975
325.57516654
47.4647480744
327.927154045
46.6103442621
330.276132498
45.7727640201
332.622069305
44.9539218305
334.96493187
44.1557321754
337.304687597
43.3801095368
339.64130389
42.6289683968
341.974748156
41.9042232376
344.304987797
41.2077885411
346.631990218
40.5415787895
348.955722825
39.9075084648
351.276153021
39.3074920491
353.593248211
38.7434440245
355.906975
38.2172788731
200.426248901
14.563329361
202.504274584
214.620575488
204.583944117
214.664155174
206.665095831
214.694007617
208.747568056
214.710072014
210.831199121
214.712287564
212.915827358
214.700593463
215.001291097
214.674928908
217.087428666
214.635233098
219.174078398
214.581445231
221.26107862
214.513504502
223.348267665
214.431350111
225.435483862
214.334921254
227.52256554
214.22415713
229.609351031
214.098996935
231.695678664
213.959379867
233.78138677
213.805245124
235.866313678
213.636531903
237.950297719
213.453179402
240.033177222
213.255126818
242.114790519
213.042313349
244.194975939
212.814678192
246.273571811
212.572160545
248.350416468
212.314699605
250.425348237
212.04223457
252.498205451
211.754704638
254.568826438
211.452049005
256.637049529
211.13420687
258.702713053
210.80111743
260.765655342
210.452719882
262.825714726
210.088953424
264.882729533
209.709757254
266.936538095
209.315070569
268.986978742
208.904832566
271.033889803
208.478982444
273.07710961
208.037459399
275.116476491
207.58020263
277.151828778
207.107151333
279.1830048
206.618244706
281.209842887
206.113421947
283.23218137
205.592622253
285.249858578
205.055784822
287.262712842
204.502848851
289.270582492
203.933753538
291.273305858
203.34843808
293.270721271
202.746841676
295.262667059
202.128903521
297.248981555
201.494562815
299.229503086
200.843758754
301.204071524
200.176433315
303.172666698
199.492781196
305.135518369
198.793448377
307.092882173
198.079127565
309.045013747
197.350511463
310.992168728
196.60829278
312.934602754
195.853164221
314.872571462
195.085818492
316.806330489
194.306948298
318.736135471
193.517246347
320.662242047
192.717405343
322.584905853
191.908117994
324.504382526
191.090077004
326.420927703
190.263975081
328.334797022
189.43050493
330.246246119
188.590359257
332.155530632
187.744230768
334.062906199
186.892812169
335.968628455
186.036796167
337.872953038
185.176875467
339.776135585
184.313742775
341.678431734
183.448090797
343.580097121
182.580612239
345.481387384
181.711999808
347.38255816
180.84294621
349.283865085
179.974144149
351.185563797
179.106286333
353.087909934
178.240065468
354.991159131
177.376174259
356.895567027
176.515305412
358.801389258
175.658151634
360.708881462
174.805405631
362.618299275
173.957760108
364.529898335
173.115907771
366.443934279
172.280541328
368.360662744
171.452353482
370.280339368
170.632036942
372.203219786
169.820284412
374.129559637
169.017788599
376.059614557
168.225242209
377.993640184
167.443337947
379.931892155
166.672768521
381.874626106
165.914226635
383.822097675
165.168404995
385.7745625
164.435996309
387.732276217
163.717693282
389.695494462
163.014188619
391.664472875
162.326175028
393.639467091
161.654345213
395.620732748
160.999391882
397.608525482
160.362007739
399.60310093
159.742885491
-20.4867307783
40.084736358
-19.8431284491
141.154747716
-19.1870470643
142.209288234
-18.5186438519
143.248505424
-17.8380760399
144.2725468
-17.145500856
145.281559873
-16.4410755282
146.275692154
-15.7249572845
147.255091157
-14.9973033528
148.219904394
-14.2582709609
149.170279377
-13.5080173368
150.106363617
-12.7466997084
151.028304627
-11.9744753036
151.93624992
-11.1915013504
152.830347007
-10.3979350765
153.710743401
-9.59393371009
154.577586613
-8.77965447891
155.431024156
-7.95525461091
156.271203543
-7.12089133402
157.098272284
-6.27672187614
157.912377893
-5.42290346519
158.713667882
-4.55959332909
159.502289762
-3.68694869575
160.278391046
-2.80512679308
161.042119247
-1.914284849
161.793621875
-1.01458009142
162.533046445
-0.106169748261
163.260540466
0.810788952564
163.976251453
1.73613878314
164.680326916
2.66972251556
165.372914369
3.6113829219
166.054161323
4.56096277424
166.72421529
5.51830484469
167.383223783
6.48325190531
168.031334314
7.45564672819
168.668694395
8.43533208543
169.295451537
9.4221507491
169.911753255
10.4159454913
170.517747058
11.4165590841
171.113580461
12.4238342996
171.699400974
13.4376139098
172.27535611
14.457740687
172.841593381
15.4840574031
173.3982603
16.5164068302
173.945504378
17.5546317404
174.483473128
18.5985749058
175.012314061
19.6480790986
175.532174691
20.7029870907
176.043202529
21.7631416542
176.545545087
22.8283855613
177.039349878
23.8985615841
177.524764413
24.9735124945
178.001936206
26.0530810648
178.471012767
27.1371100669
178.932141609
28.225442273
179.385470245
29.3179204552
179.831146187
30.4143873855
180.269316946
31.514685836
180.700130035
32.6186585789
181.123732966
33.7261483861
181.540273251
34.8369980299
181.949898403
35.9510502822
182.352755933
37.0681479152
182.748993354
38.1881337009
183.138758178
39.3108504114
183.522197917
40.4361408188
183.899460083
41.5638476953
184.270692189
42.6938138128
184.636041746
43.8258819435
184.995656267
44.9598948594
185.349683264
46.0956953327
185.698270249
47.2331261354
186.041564734
48.3720300397
186.379714232
49.5122498175
186.712866254
50.653628241
187.041168313
51.7960080822
187.364767921
52.9392321133
187.68381259
54.0831431064
187.998449833
55.2275838334
188.30882716
56.3723970666
188.615092086
57.517425578
188.917392121
58.6625121396
189.215874778
59.8074995236
189.51068757
60.9522305021
189.801978007
62.0965478471
190.089893603
63.2402943307
190.37458187
64.383312725
190.65619032
65.5254458021
190.934866464
66.6665363341
191.210757816
67.806427093
191.484011887
68.944960851
191.75477619
70.0819803801
192.023198236
71.2173284525
192.289425538
72.3508478401
192.553605608
73.4823813151
192.815885958
74.6117716496
193.076414101
75.7388616157
193.335337548
76.8634939854
193.592803812
77.9855115308
193.848960404
79.104757024
194.103954838
80.221073237
194.357934625
1.9301527460447119
-36.239366931566515
2.1291716537258196
-36.74449953592612
2.331490144251859
-37.20476873185463
2.535693565817681
-37.621710002559254
2.7411012589131616
-37.9968187792894
2.9471774202113465
-38.33158181998749
3.1534469293953578
-38.62748169343774
3.3594742872044776
-38.88599790211024
3.5648565596748085
-39.108607261083655
3.769220480996921
-39.296784058890026
3.9722209509025106
-39.45200015345296
4.173539717821399
-39.575725090755846
4.37288232328811
-39.66942646082791
4.569958929947745
-39.73457227218555
4.764736392619511
-39.772599537566684
1.9301527460447119
-36.239366931566515
4.819796401045352
-39.801336344175944
4.679979920672878
-39.79494004379073
4.537841617075287
-39.76720061987149
4.393767100317831
-39.719526115637215
4.248118006966649
-39.653326735848566
4.101235025785087
-39.57001446977088
3.953438654705991
-39.47100299671578
3.8050294539496576
-39.357707655086394
3.6562881481902423
-39.23154542925742
3.507475674424569
-39.09393494397831
3.3588332079204406
-38.94629646159078
3.210582179164902
-38.790051879800444
3.062924288399131
-38.626624730987714
2.916041522222713
-38.457440180969705
2.7700961779092665
-38.28392502767647
2.625230905378487
-38.10750769937726
2.4815687888520586
-37.92961825151885
2.33921352465984
-37.75168835853076
2.1982498645310216
-37.57515129630618
2.0587449440184287
-37.40144188711014
1.9207535949922203
-37.231996280568204
1.7843555312925616
-37.06825042060997
1.6491558757363691
-36.9116606349576
4.956860297783578
-39.784986277468704
1.6538636107911486
-36.60208913820662
1.7917590124186233
-36.452167476825345
1.9292825833034897
-36.31531470394491
2.0666579651312986
-36.19295057473703
2.2041395607612912
-36.08649244634784
2.342006772558136
-35.997355514877015
2.480562565571063
-35.92695287436646
2.620132993166692
-35.876695535549
2.7610670133782094
-35.84799243276833
2.903725137398993
-35.84211124198289
3.0483507843582913
-35.85869820161234
3.1950891948492597
-35.89635449693934
3.3440622898818333
-35.95366581924402
3.4953700576948563
-36.02921984938222
3.6490906276209785
-36.121606246697375
3.8052804045597384
-36.22941663034222
3.963974322102615
-36.35124454263381
4.1251863515802825
-36.48568537744006
4.288910623896868
-36.6313362214702
4.455124235890196
-36.78679545822378
4.623795670781249
-36.950661578485814
4.794918481768832
-37.12152842422937
4.968747078973536
-37.29795189257731
5.142627176632914
-37.47889750947579
1.5154438497654894
-36.76365587158025
5.407551431755508
-37.85098231456296
5.497932856582963
-38.03929162599861
5.588919557555698
-38.22629818449933
5.680225471239169
-38.41062981290561
5.771605968359154
-38.590908756974926
5.862821791956264
-38.7657567772615
5.9536300422641375
-38.93379642262946
6.043781171925048
-39.09365145443418
6.133017784404217
-39.243947015965574
6.2210740882485425
-39.383309709370764
6.307675624846581
-39.51036763454802
6.39253912243106
-39.62375040928715
6.475372413595949
-39.7220891809217
6.555874386946414
-39.80401663292575
6.633734958454227
-39.86816698898521
6.708635054926219
-39.91317601499231
6.780246605759089
-39.93768101998271
6.84823254097887
-39.940320855554006
6.912246795220142
-39.919735915170726
6.9719343178886675
-39.87456813172137
7.026931091223901
-39.80346097345445
7.076864159511047
-39.70505943781754
7.121351675291464
-39.57801004261437
7.160002972386451
-39.42096081034634
7.192418684759957
-39.23256124484529
7.218190945861068
-39.01146229044422
7.236903739150307
-38.7563162615445
7.248133550291357
-38.465776710454634
7.251450673146962
-38.13849816381202
7.2464220844342435
-37.77313554232387
7.232618631689661
-37.36834270842853
7.209636599454939
-36.92276811173802
7.177183975505102
-36.435037367232724
7.135684318183905
-35.90363130591107
9.349014647792046
-34.79832626652427
11.602502538221358
-34.113186903112265
13.871443879199944
-33.25523463369804
16.131882165556817
-32.21940352695396
18.358347094400813
-31.0048170095811
20.52480909035131
-29.615195384139152
22.605751999337315
-28.059001450168534
24.577277263330586
-26.349288949751127
26.418142546142576
-24.503251421960215
28.11064152165568
-22.541504365881863
29.641249313912454
-20.487164883081967
31.00098669885506
-18.3648144432095
32.18549013358921
-16.199438592023316
33.19480766526175
-14.015431848586871
34.03296731856864
-11.8357391543301
34.70738123860434
-9.681181404884477
35.22815473579669
-7.569986773229431
35.60736570119309
-5.517526045031609
35.85836930827372
-3.5362319476463995
35.9951686631191
-1.635670733891864
23.478322082025727
27.33305650762034
25.21389869151386
25.740763364946616
26.88867505834645
23.985969637326775
28.478859884617577
22.07446772876807
29.961108660626508
20.01648205010649
31.313560550906402
17.826623669691912
32.5168685688314
15.523557720878529
33.55512962090444
13.129389245521075
34.41662588862425
10.668807256604701
35.09430766140878
8.168057027377351
35.58597728713386
5.653831121964885
35.894168998590544
3.152176666484131
36.02575352642549
0.6875090467366292
35.99132374144125
-1.7181970710224235
35.80443420370881
-4.045995203703605
35.4807722272767
-6.280317507277143
35.03733219497968
-8.409098554229473
34.49165138375531
-10.42370234885827
33.861148158798756
-12.318694379031577
33.16258547383569
-14.091504906383971
-7.22057360561972
35.56515882193707
-7.887600003986378
35.88861539173564
-8.559207548768427
36.163881479283404
-9.234548822270028
36.39285058925118
-9.912195324796443
36.57752281884169
-10.59069475302121
36.71989171587857
-11.26865062009935
36.82192811203462
-11.944742175093651
36.88557607420898
-12.617731069567384
36.91275154302546
-13.286464080366528
36.905341762013684
-13.949874485605463
36.865204952690625
-14.606983173351068
36.79416995355127
-15.256900982243678
36.694035200221336
-15.89884298597218
36.5665620133461
-16.531941072757775
36.41356336055073
-7.22057360561972
35.56515882193707
-16.905654915028094
36.33654104946491
-16.646086077937923
36.415568619335644
-16.37796394958636
36.47493928695449
-16.102267543011095
36.51581416908174
-15.819942888180606
36.53936655064369
-15.531900783911965
36.54678294886325
-15.23901623528198
36.53926337928026
-14.942128265664792
36.5180214451369
-14.642039840394062
36.48428437274549
-14.339517831003263
36.4392930283127
-14.035292995598127
36.38430192696089
-13.730059965380917
36.32057923779712
-13.424477233000601
36.24940678876078
-13.119167138354442
36.1720800710946
-12.814715847382558
36.0899082457196
-12.51167331517317
36.00421415421154
-12.210553213905456
35.91633434004281
-11.911832775151737
35.82761909332346
-11.615952397612062
35.739432564790775
-11.323314470384133
35.6531531047889
-11.034278667427571
35.5701746198573
-10.749129010140905
35.49191606801797
-10.468515509219145
35.419694139318096
-17.15567419810162
36.23670017977224
-8.78421962880671
34.91056766756108
-7.389358968717801
34.47950121537252
-6.006846700860223
34.062862558309064
-4.635422540102297
33.66166064469981
-3.2736046719961394
33.276859171483366
-1.9196948568212804
32.90937511003439
-0.5717797030728775
32.560078335650275
0.7722689114376067
32.22979150088379
2.114793675721643
31.91928998115226
3.4583383461247763
31.62917902232364
4.805423222149983
31.358604856508762
6.158339942827098
31.105818611966882
7.5191703816923905
30.869101889528636
8.8897876926506
30.646782316447712
10.27185633923014
30.437233516433707
11.666832150007679
30.238875059361533
13.075962423760643
30.050172367353312
14.500286142115556
29.86963652927514
15.940634438472046
29.69582389243385
17.3976317716714
29.527335043150046
18.87169944733938
29.36281174813577
20.36306970488107
29.20092472248031
21.87188432583025
29.04028800433332
23.39685975046683
28.880618072815395
-10.192431694482337
35.35501802091298
25.01321430312123
28.917647698435772
25.087773372937818
29.115733819957015
25.161018464533356
29.313355832335134
25.232014208555654
29.509473748108846
25.299854624239742
29.703022544208693
25.363648037944017
29.892925257113383
25.42251331340435
30.07809625691128
25.475578595190598
30.257442338284733
25.521980806195813
30.429863156617067
25.56086541944387
30.594251426040202
25.591386344606008
30.749493018680724
25.61270586678137
30.89446701734598
25.62399461212999
31.02804574557596
25.62443152767878
31.149094785151725
25.61320386957408
31.25647298670758
25.589507196292402
31.34903247569867
25.552545365538947
31.4256186555144
25.50153053366745
31.48507020786046
25.435683158365407
31.52621909167231
25.35423200401442
31.547890539171462
25.256414150976866
31.548903048775912
25.141475010675265
31.528068373723166
25.00866834990478
31.48419150457363
24.857256328481753
31.416070639878484
24.68650956185968
31.32249713986858
24.49570722564806
31.202255447009172
24.28413724061886
31.054122946933283
24.051096617066378
30.87686970810993
23.795892145892935
30.669257960597896
23.517841921042532
30.430040947530728
23.216279147433454
30.157960050555495
22.890563570203767
29.851736165459982
22.540127195399123
29.510035197629257
22.16479434877442
29.131226524191767
22.16479434877442
29.131226524191767
-0.6263598306652369
-35.718197949710664
-3.2942739155427176
-35.57147383482389
-6.078404725518183
-35.202769598498705
-8.945155258417898
-34.58563558495037
-11.853333653870834
-33.69985864513677
-14.755711011542076
-32.533843670185085
-17.6014484463999
-31.086508391920002
-20.339191050379668
-29.368338373635332
-22.920467890374795
-27.40135294284726
-25.3029430782083
-25.217911550981714
-27.453068743668766
-22.858499687590673
-29.34779985482531
-20.36881525993354
-30.97521157020938
-17.796579997093616
-32.33405857524647
-15.188503792826857
-33.432479308407665
-12.587744782330105
-34.28614220627959
-10.032070774419367
-34.916149228805864
-7.55278190099159
-35.346969503904546
-5.174334575791221
-35.604599449879686
-2.914530738526004
-35.715061267230624
-0.7851051459187488
-9.564661559784355
34.419460202899316
-12.110503195721407
33.60829813838552
-14.713173135389724
32.55310319616598
-17.3335145010292
31.236697431943668
-19.926582457820928
29.649844906236012
-22.443749542107
27.79316638858117
-24.83553036834212
25.678364876591004
-27.05484129750431
23.328470883858657
-29.060283218364418
20.77695672326996
-30.81898933350584
18.06576563208546
-32.30863803171455
15.242503073571413
-33.518382146204885
12.357186156773722
-34.44864685717852
9.459002120815406
-35.10994175335253
6.593480225827513
-35.52096944748848
3.8003579992911014
-35.706369949134626
1.1122663654543814
-35.69442099298284
-1.4457874629046046
-35.514943416166176
-3.8562657531219102
-35.197567551246834
-6.108455605764988
0.40619281819115827
-35.10480283299211
0.3902951071570442
-34.88133835475827
0.37518792658909206
-34.716666913980816
0.3607889486312956
-34.60841987596922
0.347012964609803
-34.55422865732808
0.33377654798459844
-34.55172467007486
0.32099922531423886
-34.598539307904844
0.3086038733705152
-34.692303941327935
0.29651688714670854
-34.830649915978455
0.2846682690196758
-35.01120855142099
0.27299169189905115
-35.23161114115322
0.26142456125020885
-35.48948895166157
0.2499080947742982
-35.78247322270468
0.23838744358747022
-36.108195166323696
0.22681189693841475
-36.46428596674829
0.2151352574308305
-36.848376779152204
0.20331658792213148
-37.25809872750685
0.19132185199686091
-37.69108290021069
0.17912801293425673
-38.14496033893886
0.16673532861585727
-38.617362005415174
0.15421652908131023
-39.10591864722406
0.14206105649287792
-39.60825986262688
0.1265735307937632
-40.122026608654494
0.4229278952190896
-35.389429424165826
0.36224974846518876
-41.1550104712133
0.6212896096119493
-41.668985768653044
0.8870763731394504
-42.18439789506894
1.1594691724436075
-42.6988797053549
1.4383441117911389
-43.21006826981619
1.7235408173067412
-43.71560501862734
2.0148490795788234
-44.21313577706687
2.3120044075438955
-44.70031077687659
2.614686258532572
-45.17478465872503
2.9225172456904716
-45.63421647240395
3.2350627588916154
-46.07626967333019
3.5518307867401404
-46.49861211800621
3.8722718558569795
-46.89891605382144
4.195779062682902
-47.27485810378698
4.521688213077596
-47.624119238254224
4.8492781380910515
-47.94438472299774
5.1777713656621245
-48.23334401468304
5.506335628815634
-48.48869053135937
5.834087660797081
-48.70812107858865
6.160104602129024
-48.8893341266031
6.483469651330267
-49.03002292208188
6.803591649687803
-49.12782726452832
7.115909715732926
-49.18098163932743
0.11048879742165241
-40.64484234609702
7.363992792151066
-49.17494877300916
7.299980460424592
-49.11671234120897
7.2297837552830515
-49.014350106418334
7.153762398044023
-48.87003500793253
7.072335834992202
-48.685930834243976
6.98593376590577
-48.46419968799054
6.8949837772343585
-48.2070038518396
6.79990722123074
-47.916506410447425
6.701117569417761
-47.594871498983
6.59901966664421
-47.24426441589344
6.4940093615074375
-46.86685167862305
6.386473312282249
-46.46480105312466
6.276788883349525
-46.04028157023518
6.1653240940929095
-45.59546353331095
6.052437604890258
-45.13251852159729
5.938478737900368
-44.6536193886127
5.823787543798289
-44.16094025405934
5.708694947916683
-43.656656486793906
5.593523059165705
-43.14294466734995
5.478585863158401
-42.62198250377489
5.364190966508318
-42.09594861913669
5.250644840480504
-41.56702191242232
5.138273807335452
-41.03737900228157
5.027570960713263
-40.50917632526483
4.9172071210861645
-39.9847924871851
7.421867060711975
-49.18682505702441
4.854231231836991
-38.932577222755725
4.89852697801291
-38.409677962519964
4.941707563764851
-37.89975959755819
4.984121332179541
-37.40499145473831
5.0261728111365755
-36.927535103453664
5.068300050442417
-36.469547116953265
5.110968961625929
-36.03317976148915
5.154671438076036
-35.62058122447772
5.199924612011273
-35.23389570419491
5.247270528549677
-34.875263448179
5.297275998967052
-34.546820769343725
5.350532544624514
-34.25070004988609
5.407656398704887
-33.989029737094825
5.4692885587696765
-33.76393433074631
5.536094901609317
-33.577534358731185
5.608766394917382
-33.43194633477236
5.6880194814852985
-33.32928268232848
5.774596802576866
-33.271651591379594
5.869268652509959
-33.261156732448086
5.972836184736309
-33.299896625819514
6.086139432336836
-33.38996306362827
6.210081374918218
-33.53343637682886
6.3457242116347174
-33.732366499732336
6.494963282613583
-33.98864042505663
-2.117072015647068
-35.677479826760106
13.01692071298993
-32.433446720235736
15.114960101958616
-31.510421642987183
17.182565850948208
-30.432353208065678
19.198429600097086
-29.202551119598326
21.141712405740577
-27.82798389311722
22.99284679026499
-26.319150584356578
24.7342890136012
-24.68974762921411
26.35116154536422
-22.95615334094009
27.83173688535794
-21.13677158287996
29.167731271955233
-19.25128939706744
30.354397428303912
-17.319908999969158
31.390425884052547
-15.362612206927565
32.27768150105527
-13.398506182372444
33.02081353824764
-11.445285679043423
33.62678309684321
-9.518831312745078
34.10435147313882
-7.632948421104942
34.463568058340854
-5.79923854404575
34.71528863044688
-4.027086578086511
26.41334970508194
22.884572278276977
27.792335634243557
21.18855282920927
29.094375568951307
19.361973072376855
30.300991727964515
17.41317292467008
31.394730423360045
15.353813619006445
32.3599026746906
13.19868894576993
33.18327820546068
10.965342609404985
33.854673887293245
8.67350834366701
34.36738513713482
6.344409337241757
34.71842356276653
3.9999695397557957
34.908544100535096
1.661998731538091
34.94206673370587
-0.6485856765935694
34.826518056228736
-2.9124441766001894
34.57213342045213
-5.112365573889775
34.19126930476199
-7.233657051027251
33.697777409463924
-9.264366608940861
33.10638768449405
-11.195346599664362
32.4321387412316
-13.020179248848422
31.689882987733313
-14.734992610327538
30.893882314239306
-16.3381983877222
4.8086868394110525
-39.466260961694246
32.96366215131809
22.22849974671786
-1.048577946901787
35.01958616109508
-0.5797082404486673
34.74194022388252
-0.11697687017425551
34.523460694569195
0.34193953391786636
34.36151963387232
0.799232298268123
34.253503658580314
1.2569653558116727
34.19681414065374
1.717076413205092
34.18886725590173
2.181377345994207
34.22709399819934
2.6515543648862376
34.30894018310926
3.1291681027258846
34.4318664458776
3.6156536745708934
34.59334823634467
4.112320734915755
34.7908758082194
4.6203535498164
35.02195420263382
5.140811105299434
35.28410321868884
5.6746272898460575
35.574857363142
6.222611228138788
35.8917657556828
6.785447944947009
36.232391939665035
7.36369982291842
36.59431346595892
7.95781024467658
36.97512085229897
8.568114516978426
37.37241446151327
9.194883564711034
37.78379201320868
9.838629786209822
38.20676116964944
10.496014541708774
38.63990919358915
-1.5260739269769203
35.35903959869344
12.07499311546158
39.13321144300937
13.002267821185683
39.17834493417587
13.950081938079961
39.21340217264748
14.917617082219806
39.236174265789685
15.903946157916721
39.24453832918576
16.90798586633548
39.23647105855423
17.92848483431851
39.21005212088241
18.96401965971114
39.163465283144234
20.01299333200393
39.094998860219334
21.073634518655012
39.00304591533862
22.143997213317732
38.886104353816336
23.221960555205158
38.742776966193105
24.305228738060578
38.57177143847156
25.3913309772733
38.37190033737437
26.477621526140922
38.142081062250526
27.561279756366275
37.88133574225631
28.63931035416681
37.58879102027052
29.708543778679655
37.26367757052188
30.765637429419087
36.90532888673181
31.80707916667916
36.513177640627305
32.82920141387842
36.08674111359346
33.82827989545831
35.625519207530374
34.79919698631409
35.13037506617073
11.169299942410532
39.08020158481665
35.93582320042037
34.32596081621358
36.09912033392084
34.019559305308235
36.22932353372818
33.68350732350723
36.3274500219153
33.320024108762965
36.39457588949688
32.93126058093054
36.43182080828694
32.519315133005364
36.44034420838733
32.08623757908964
36.421344003967704
31.634030470637896
36.37605608347303
31.16464962294856
36.30575407800137
30.680004354425478
36.21174924545352
30.181957605755485
36.09539040855236
29.672326003617968
35.95806392030448
29.152879896442897
35.80119364360115
28.62534337385145
35.626240940694004
28.09139427683951
35.43470466908377
27.55266420005111
35.2281211834017
27.010738485402186
35.00806434695488
26.467156203798766
34.776145559509075
25.923410112427064
34.534013823050145
25.380946556443092
34.28335590971585
24.841165219040988
34.02589686918742
24.305418367940717
33.763402063692126
23.775007838420862
33.49769141427515
23.25116390547612
33.230446784273
22.735330923806032
35.738580790931394
34.60031376891365
32.35964201077758
22.149496007196234
31.76880331600836
22.07078529846038
31.192780359275275
21.993836828061006
30.633187173742954
21.92013992413939
30.091602147443155
21.851226851793683
29.569565827580107
21.788676070877017
29.06858037374252
21.734113048115802
28.5901093781477
21.689210524961084
28.13557779720469
21.655688621430272
27.706371924649545
21.635314878895088
27.30383938391759
21.629904275671635
26.92928913179327
21.64131922711536
26.58399147217176
21.671469574032272
26.26917808170873
21.72231255799568
25.986042053012113
21.795852777636526
25.735737968629394
21.894142114003984
25.519382030852796
22.01927959841754
25.338052302425126
22.173411166031713
25.192789188757274
22.35872916383707
25.084596497486586
22.57747126815204
25.01444408606619
22.83191777911
24.983275803868707
23.12438350669541
24.992041255842196
23.457185316007894
25.041918145578677
23.832414953459022
-4.806207973132217
-35.4156028556244
-4.806207973132217
-35.4156028556244
-7.613529789429407
-34.91989010368991
-10.503127799480865
-34.162096937045334
-13.430615631510193
-33.120735566513986
-16.344823776707614
-31.783821299785245
-19.190531461781262
-30.151087259379125
-21.912012539426343
-28.23523095673795
-24.456966982719564
-26.06187496544476
-26.78028266071277
-23.66814359683997
-28.84707285457742
-21.100022474656583
-30.63457137983886
-18.408899942198275
-32.132698271763246
-15.647819735801306
-33.34336262230926
-12.867973023965305
-34.2787734421035
-10.115841636426012
-34.959140082400666
-7.431223681695826
-35.41015440244277
-4.846186738402935
-35.66058137264213
-2.384847348045639
-35.740180352650555
-0.06378924925152774
-35.67807045381167
2.1070950147444307
-4.078080074686341
35.50681376317448
-6.748719899733658
35.097283946528535
-9.52449253657241
34.44776629375389
-12.367987778631829
33.532036010596244
-15.233703566182157
32.33108158360926
-18.069888181984197
30.83575362787326
-20.82138991149924
29.048825843080607
-23.433266185387254
26.986044478453977
-25.8547069459932
24.675872617703334
-28.04271235663404
22.157861909295207
-29.964980342564303
19.479848915688365
-31.6016084265639
16.694397430348772
-32.94545224779759
13.85502569093245
-34.00123632580875
11.01274212105298
-34.783710205210895
8.21328588740326
-35.315243665981484
5.495282114747624
-35.623255077627334
2.8893352838686894
-35.737793516628926
0.4179417077827736
-35.68948622307576
-1.903978424561501
-35.507952776911964
-4.068150722490429
8.812460775394698
-33.81877032189027
20.683608904696435
-29.42153621021889
20.915570268213695
-29.916077297437653
21.12606559656413
-30.384674706292145
21.315726478372294
-30.827784298131476
21.485178157052317
-31.245865978112164
21.635039536186632
-31.639383691802323
21.76592318019903
-32.00880542437254
21.878435314078356
-32.354603200574104
21.9731758229251
-32.67725308520164
22.050738251096156
-32.97723518334067
22.11170980143833
-33.2550336410294
22.156671334215314
-33.51113664575416
22.186197365816366
-33.746036426956096
22.20085606764028
-33.96022925724199
22.201209264096747
-34.15421545283729
22.187812430892915
-34.3284993752541
22.161214692206475
-34.483589432332565
22.12195881752827
-34.61999808027517
22.070581217440882
-34.73824182617483
22.007611937781714
-34.838841231121336
21.93357465193818
-34.92232091495066
21.848986649507236
-34.98920956215274
21.754358820546816
-35.040039931448746
21.650195631568117
-35.07534886917
21.53699508902683
-35.09567733047294
21.415248680585705
-35.10157041234089
21.285441278133543
-35.0935774095978
21.14805096772315
-35.07225191189298
21.003548734137386
-35.03815198390217
20.85239783044411
-34.99184052583257
20.695052391316242
-34.93388606634062
20.531953966190635
-34.864864743756016
20.36352112022752
-34.78536625120802
20.190107837680003
-34.69601761486689
20.01171234735198
-34.59764964205928
19.831894337912487
-34.48905766818331
20.4295435325079
-28.900599655459587
19.251718554878213
-34.31465775981516
18.853689227036703
-34.24975919455099
18.455555486941257
-34.177813109017364
18.057897531778732
-34.09934324565151
17.661212054254175
-34.014917559259914
17.26595632981446
-33.92512301512829
16.87255923767107
-33.830559288512546
16.481424933830425
-33.73183666475458
16.092934319485245
-33.62957519938416
15.707445707881199
-33.52440433713241
15.325295156434688
-33.41696272106017
14.946796644566746
-33.307898090543915
14.572242173795857
-33.19786722339444
14.201901825730364
-33.08753590143036
13.836023795875299
-32.97757889005467
13.47483441166883
-32.86867992536611
13.118538139807196
-32.761531707669235
12.767317583709783
-32.65683589839125
12.421333470949019
-32.55530312120868
12.080724627138643
-32.4576529671493
11.745607929339066
-32.364614005692346
11.416078224553146
-32.276923805133066
11.09220818457456
-32.19532897115499
10.774048033196863
-32.120585217623386
10.46162499943258
-32.05345751167613
10.154942112105573
-31.994720391943986
9.853975185319932
-31.945158766931712
9.55866377268871
-31.905570309504583
9.268874982640163
-31.876775036554022
8.984150183023779
-31.859682369131036
8.707126469271948
-31.85438529732116
19.648671155143198
-34.37220569228887
8.469209628115316
-31.767371297564893
8.50616790023384
-31.687970919105965
8.547094363879772
-31.62464378590991
8.592341459920107
-31.578043785305482
8.642212399196133
-31.548837702455643
8.696999722018461
-31.537695011381714
8.756994940425884
-31.545285322423126
8.82249175485395
-31.572277530313727
8.893787343835271
-31.619339471952372
8.971182954392916
-31.687137770685496
9.054984201704428
-31.77633775559221
9.145501236932517
-31.887603417076264
9.243048851041443
-32.02159737826668
9.347946548055006
-32.17898087482973
9.460518605536159
-32.360413736898096
9.581094134946383
-32.56655437140739
9.710007152200532
-32.79805973989363
9.847596671774483
-33.0555853289689
9.994206843565621
-33.33978510654467
10.150187165661336
-33.65131145349895
10.315892834317552
-33.99081505139932
10.491685352532869
-34.35894468648448
10.677933657341597
-34.75634688689581
10.875016371812634
-35.18366519783328
11.083326756862135
-35.6415385866205
11.303285089116741
-36.130597457629534
11.535375791779998
-36.65145169603588
11.780295955667526
-37.204642844229824
12.039994982606416
-37.79030933869174
18.234348325234997
-29.617796605421532
20.565508409135674
-34.70038895077448
23.329014659181226
-32.90614235204379
26.027423959615675
-30.81607261621258
28.607376877605446
-28.43721360548372
31.016050967628544
-25.788790429850167
33.20471760553063
-22.902049213950846
35.13217158843182
-19.818871030970598
36.76755242890434
-16.58928020888891
38.09216462717711
-13.268162023328614
39.10008291685966
-9.91164191019638
39.79754723652135
-6.573611139861754
40.201350310285335
-3.3028113314242376
40.33655067804355
-0.14074394795886747
40.233886277388535
2.879500734403223
39.9272275975036
5.733552636752364
39.4513229137651
8.40537029613182
38.83998367133168
10.886358338395382
38.1247619240408
13.174204252875057
-2.6324553574245044
40.25080506340748
0.3739374582117989
40.33506291353228
3.5285294697299037
40.18216780168177
6.796276373482073
39.76012772761817
10.133318022010656
39.04321958197167
13.488504141102112
38.01469959761269
16.805894200449927
36.6690475685495
20.028037791067163
35.01335219171179
23.099666306953935
33.06754520626893
25.97131453330573
30.863375558635255
28.602381793943763
28.442237696333564
30.963244108706732
25.852169033291972
33.03621184154156
23.144455850636263
34.81533734200249
20.370307195126657
36.305257516203824
17.577980718597587
37.5193686262015
14.810607933250708
38.47766382403461
12.104813757585902
39.20453091449619
9.490094058310262
39.72673454077787
6.988826238205405
40.07172055103234
4.6167457739445865
8.435547973799203
-31.86227538886476
-10.890800229282057
31.1087372443819
-35.224414693426354
5.2786693349160885
-35.29664879671181
6.071452450500686
-35.32333148690377
6.879205853950651
-35.30640650912717
7.700118108463414
-35.247781180836924
8.532434308741728
-35.14932638405541
9.374456148736641
-35.01287656361819
10.224541938236285
-34.840229727021786
11.081106608094586
-34.63314744503213
11.942621712104767
-34.39335485215691
12.807615427489168
-34.122540647624966
13.674672554934688
-33.82235709623761
14.542434518238053
-33.49442002930203
15.409599363694014
-33.14030884634656
16.274921759561124
-32.76156651617082
17.137212994932156
-32.35969957923287
17.995340978830257
-31.936178149604714
18.848230238567083
-31.492435918155287
19.694861917965085
-31.02987015656672
20.5342737749759
-30.549841722452854
21.36556017832649
-30.053675066813955
22.18787210319516
-29.54265824383541
23.00041712465432
-29.018042925953754
23.802459408824177
-28.481044425508422
24.59331969915999
-27.932841728565293
25.372375295795052
-27.374577548164556
26.13906002202711
-26.807358413774363
26.89286416938802
-26.232254826872406
27.633334401012632
-25.65030154983195
28.36007357247948
-25.062498183620047
29.07274037385659
-24.469810438393466
29.771048542406106
-23.873173309011086
30.454764893850097
-23.27350060233988
31.123703417879028
-22.671723044464454
31.777701659027542
-22.069055030766677
32.416455384442884
-21.463408672582442
33.041741163605536
-35.10464906496412
4.502723999702823
-20.507023237536774
33.593651313236705
-20.155624441605134
33.52718809567227
-19.803603991765133
33.45368623236294
-19.451363189951497
33.373764402452565
-19.099342101758914
33.288014736029425
-18.747979167766545
33.19702784768023
-18.39770110682997
33.10139909435654
-18.04891955119054
33.0017306611189
-17.702029701121212
32.898632394980325
-17.35740971447601
32.792722184133794
-17.01542040203364
32.68462614656036
-16.676405064803006
32.574978731579904
-16.340689402456885
32.46442277735483
-16.008581460094284
32.353609544508345
-15.680371597579638
32.24319873664976
-15.35633247270448
32.13385851186666
-15.036719034987359
32.02626548948655
-14.721768527910669
31.921104751753717
-14.411700500806479
31.819069841810517
-14.106716833023505
31.720862756505
-13.807001777120895
31.627193932261235
-13.512722034161428
31.538782219131548
-13.224026888700617
31.456354834919694
-12.941048460736823
31.38064727643615
-12.663902212450665
31.31240314313942
-12.392688063824355
31.25237374617572
-12.127493183947859
31.20131713188536
-11.868400365771208
31.15999514983318
-11.615521527044251
31.12916172453251
-11.36923221971717
31.109480756782858
-11.127004691668091
31.102634831085282
-20.857720567872466
33.65225542260907
-10.656175864331608
31.08174050667833
-10.42810733684842
31.069306019430854
-10.20614674243194
31.07232420991062
-9.990127785131975
31.09158492012358
-9.779915892026352
31.127864888185684
-9.575372512976742
31.181940245793186
-9.37634619312363
31.254589643368718
-9.182669593970168
31.34659529196503
-8.994158298099109
31.458743380074907
-8.810610261788852
31.591824264766615
-8.631805535456884
31.74663256670908
-8.457506106413128
31.92396722333504
-8.287455799652285
32.12463151985767
-8.121380206162442
32.3494331100209
-7.9589866210696485
32.599184030712394
-7.7999639800176155
32.874700715465735
-7.643982782042485
33.17680400757499
-7.490694985094898
33.506319176541695
-7.339733852349312
33.864075940362454
-7.190713712121841
34.25090849923606
-7.04322956224938
34.66765559057231
-6.896856381150656
35.11516058352291
-6.7511478513652605
35.594271654021014
-6.605633809111879
36.10584213403558
-6.4598146353969526
36.650731278278556
-6.313147236283498
37.229806181997304
-6.165002985655818
37.843947531990864
-6.014499499192169
38.494072610542446
-5.8593230568458665
39.18129632255517
16.250244844239322
-30.75117684103151
16.250244844239322
-30.75117684103151
14.132610669909985
-31.7800983362051
11.893891622984462
-32.68395136250848
9.550590547799517
-33.44385675717443
7.122916922223585
-34.04363948118973
4.634163038947976
-34.47071028474127
2.1098402010731583
-34.7167669711921
-0.423359932384642
-34.77824177519287
-2.9386899991297106
-34.656448688449515
-5.410457872637931
-34.35741958026722
-7.815028260297382
-33.89145420156639
-10.131637095282677
-33.27244001235273
-12.342968155468782
-32.517018186162204
-14.435472460976285
-31.64367977076172
-16.399440241755705
-30.671871386715267
-18.228858280757343
-29.62117587784428
-19.92109993577334
-28.5106140227644
-21.476500902636623
-27.358092835305
-22.89787215392716
-26.18000736112438
-34.7094219862662
2.2274110499456867
-34.780772639543386
-0.056473024618384216
-34.69726668391501
-2.409360759911408
-34.44653063293934
-4.810598919063068
-34.0196210892946
-7.236761399061152
-33.41172055698264
-9.662415020491665
-32.62262393392238
-12.061083793423961
-31.656953170971676
-14.406340636574782
-30.52406570862312
-16.67293457138777
-29.237657549508747
-18.83785326473729
-27.815097844713485
-20.881227609868503
-26.276561972885325
-22.787005628016075
-24.64404902039314
-24.54335312231356
-22.940374810122655
-26.142772197630634
-21.188223779265776
-27.58195982315027
-19.409325241615356
-28.861452289711835
-17.623796445509605
-29.985115198267323
-15.849670990691415
-30.959542375380067
-14.102610286873976
-31.793422554086177
-12.395780051012466
-32.49692249326142
15.040655867291534
-37.427741055839476
3.591562382804593
3.605664559638209
3.6183966402589416
3.629847496579419
3.6400978025242887
3.6492212041922465
3.6572852607953235
3.664352243743429
3.670479823857828
3.675721666834564
3.680127952539869
3.6837458306865876
3.6866198232227827
3.688792183459133
3.6903031711144565
3.591562382804593
3.6911794099872615
3.690607547223133
3.6895110087355727
3.687924149645312
3.6858807384624344
3.683414122131765
3.6805573781770784
3.6773434552513637
3.673805302940202
3.6699759914811487
3.6658888217715075
3.66157742582853
3.657075857736351
3.6524186748509178
3.6476410089346083
3.642778626725095
3.6378679793057227
3.6329462394933425
3.62805132647283
3.6232219167275272
3.6184974405981074
3.613918066048652
3.6095245947084247
3.6911914745237637
3.601125118265896
3.597207507306751
3.5936487361615543
3.5904919812259433
3.587780497578401
3.58555744695704
3.58386570609666
3.5827476569470282
3.582244960530056
3.5823944333626097
3.5831865282999815
3.5845814126368847
3.5865379071629215
3.5890142062484798
3.5919680955527626
3.5953571533229827
3.599138933757047
3.6032711314751813
3.607711726430525
3.61241910896709
3.617352184699717
3.622470457607261
3.627734073632058
3.633104350726251
3.6053586197090133
3.643759278215675
3.6489569095325898
3.654099197221128
3.659150875542122
3.664077380760487
3.6688448053747282
3.673419840825465
3.677769710210654
3.6818620917227887
3.685665033242517
3.6891468583478577
3.692276063778341
3.6950212082922116
3.697350792617501
3.699233130029656
3.7006362068454393
3.7015275319128054
3.7018739738821216
3.701641584797294
3.7007954081324086
3.6992992690540727
3.69711554422039
3.694204907891758
3.6905260504106914
3.6860353644478776
3.6806865933214903
3.6744304346518986
3.6672140910833884
3.6589807580960043
3.64966903663755
3.6392122554148676
3.627537683920938
3.614565610964264
3.6002082418427
3.584416121399903
3.584416121399903
3.5844161213999026
3.584416121399903
3.584416121399903
3.5844161213999035
3.5844161213999026
3.584416121399903
3.584416121399903
3.584416121399903
3.5844161213999026
3.5844161213999035
3.5844161213999026
3.584416121399903
3.584416121399903
3.5844161213999035
3.584416121399903
3.584416121399903
3.584416121399902
3.584416121399902
3.584416121399903
3.584416121399902
3.5844161213999035
3.584416121399903
3.584416121399903
3.584416121399902
3.5844161213999026
3.5844161213999026
3.584416121399902
3.584416121399903
3.5844161213999035
3.5844161213999035
3.584416121399903
3.5844161213999026
3.584416121399904
3.584416121399902
3.584416121399903
3.584416121399903
3.5844161213999035
3.584416121399902
3.591562382804593
3.604006577456355
3.6153128420234673
3.625571937590711
3.6348664465429787
3.643271601453883
3.650856170298109
3.657683237283399
3.6638108817724677
3.6692927699341222
3.6741786731864154
3.678514925338001
3.682344827834815
3.6857090066414444
3.6886458596329192
3.591562382804593
3.6907962078278924
3.6898740328906783
3.688460184351229
3.6865891241458697
3.684294717437019
3.68161039688897
3.6785693145608924
3.6752044823292604
3.671548901607842
3.6676356830066346
3.6634981562949576
3.65916997082987
3.654685186482794
3.6500783548345157
3.6453845903088617
3.640639630747026
3.635879886784054
3.6311424792286355
3.626465263631282
3.6218868409284566
3.6174465526873356
3.613184455260099
3.6091414038904173
3.6911914745237633
3.5834843112379864
3.5628179547077816
3.5435197860426015
3.525752256629244
3.509677773158243
3.495456042626559
3.483241113383893
3.4731782171736065
3.465400548756945
3.460022262824161
3.457094365385497
3.4566186637151697
3.4585751905825024
3.4629221368615113
3.469596069346598
3.4785129197152695
3.489569682504837
3.5026467077933563
3.517610435933513
3.5343164011102735
3.5526123271178047
3.5723411452128984
3.593343710350012
3.6154637109610563
3.6053586197090137
3.6437431225279755
3.6489255507514646
3.6540535617473906
3.659091885186634
3.66400595630901
3.6687618675635507
3.6733263106679703
3.6776665091069494
3.6817501414822136
3.6855452560663435
3.6890201767919506
3.6921434007049445
3.694883486815507
3.697208936045446
3.699088061803597
3.700488850478432
3.7013788109273134
3.7017248117476234
3.7014929048683207
3.7006481335875483
3.6991543228366703
3.6969738489818895
3.6940673859391238
3.6903936236601766
3.6859089543888666
3.6805671209969515
3.6743188206675734
3.66711125566979
3.658887621275144
3.6495865186185807
3.639141277559242
3.6274791714090506
3.61452050223551
3.6001775450033633
3.6001775450033633
3.5758140401165606
3.5758140401165606
3.575814040116561
3.575814040116561
3.575814040116561
3.5758140401165606
3.5758140401165606
3.5758140401165606
3.5758140401165606
3.575814040116561
3.5758140401165606
3.5758140401165606
3.5758140401165606
3.5758140401165606
3.5758140401165606
3.5758140401165606
3.575814040116561
3.575814040116561
3.5758140401165606
3.5758140401165606
3.575814040116561
3.5758140401165606
3.5758140401165606
3.5758140401165606
3.575814040116561
3.575814040116561
3.5758140401165606
3.5758140401165606
3.5758140401165606
3.575814040116561
3.5758140401165606
3.575814040116561
3.5758140401165606
3.5758140401165606
3.5758140401165606
3.5758140401165606
3.575814040116561
3.5758140401165606
3.5758140401165606
3.5584048918990603
3.552014564015374
3.5472782799047913
3.544151337682265
3.5425803590992446
3.5425041246083904
3.5438545018127847
3.5465574369258146
3.5505339790070836
3.5557013082092186
3.561973742013426
3.5692636968775906
3.5774825869186575
3.5865416454281895
3.596352659427642
3.606828611371114
3.6178842257751
3.6294364216109276
3.641404673794651
3.653711289091215
3.666281603359015
3.6790441108957244
3.691930451579671
3.5664845760392576
3.717384417675249
3.729868249029685
3.7422714854667993
3.754541232609079
3.7666272435113215
3.7784817423632915
3.790059228401237
3.801316268030593
3.8122112786473266
3.8227043064281045
3.832756799505052
3.842331377478018
3.8513915975694704
3.8599017174079746
3.867826453864739
3.8751307370263732
3.881779457911497
3.8877372081150505
3.8929680089831926
3.897435026950742
3.90110026858254
3.903924222054807
3.9058662804879773
3.7048756432152494
3.906473113104606
3.90512385450303
3.902875086949133
3.8997653020974763
3.8958311971345267
3.8911079879626236
3.8856297003104774
3.8794294423339237
3.87253966213036
3.8649923931583814
3.8568194901015214
3.8480528573321173
3.838724671758087
3.8288676014569933
3.818515021242356
3.8077012259076644
3.796461641576596
3.784833035274894
3.7728537223992857
3.7605637713996183
3.7480052045325882
3.735222193117455
3.7222612455011177
3.709171388094046
3.696004248231411
3.9068822422931437
3.6695444889517823
3.656376448163031
3.6433739482209755
3.6306037155649133
3.61813556724226
3.6060423310327554
3.5943997022593104
3.5832860309794925
3.572782033045704
3.5629704193033835
3.5539354385897672
3.545762332090916
3.5385366990900438
3.5323437770760924
3.5272676425924
3.5233903430055786
3.520790973265753
3.5195447156551993
3.5197218642067245
3.521386858432036
3.5245973531354733
3.5294033516467844
3.535846426177353
3.5439590144418327
3.576277148721213
3.553863693381805
3.5538636933818046
3.553863693381805
3.5538636933818055
3.553863693381805
3.553863693381805
3.553863693381805
3.5538636933818055
3.5538636933818046
3.553863693381805
3.5538636933818046
3.5538636933818046
3.553863693381806
3.5538636933818046
3.553863693381805
3.553863693381804
3.553863693381806
3.553863693381806
3.5538636933818046
3.553863693381805
3.5538636933818055
3.5538636933818055
3.553863693381805
3.5538636933818055
3.553863693381804
3.553863693381805
3.5538636933818046
3.553863693381805
3.553863693381806
3.5538636933818055
3.553863693381806
3.553863693381805
3.5538636933818046
3.5538636933818046
3.5538636933818046
3.553863693381806
3.553863693381805
3.553863693381805
3.6828144504431513
3.6828144504431513
3.556355588800072
3.5480868030569788
3.5416448534172473
3.536986834048837
3.534060993246269
3.532807561079096
3.533159672304064
3.5350443531797846
3.538383541777156
3.5430951129926664
3.5490938822467557
3.556292565301106
3.5646026758239144
3.5739353465026795
3.584202063900487
3.5953153111333522
3.607189116076534
3.6197395057576327
3.6328848697602334
3.646546236127055
3.660647457640151
3.675115238006907
3.689881232305257
3.566484576039258
3.7124445908005215
3.720367346732857
3.7286013998713607
3.7371059987025452
3.745842059369759
3.754771909034041
3.763859003115876
3.7730676360946975
3.7823626529064014
3.7917091651628994
3.801072275013937
3.810416808671208
3.8197070606675636
3.8289065493036443
3.8379777828638573
3.846882035530117
3.8555791311370404
3.8640272321836995
3.8721826306138873
3.879999535429821
3.8874298475458167
3.8944228714498794
3.90092624591665
3.7048756432152494
3.9059168668248256
3.9040552368187114
3.9013381582379663
3.8978042619837003
3.893490366686931
3.8884317958526022
3.8826626698889957
3.8762161789611804
3.869124840566281
3.861420744951361
3.853135790955961
3.8443019144519157
3.834951311170289
3.8251166553230713
3.8148313151659696
3.8041295662481964
3.793046802777221
3.781619747212115
3.769886657756065
3.757887533051565
3.7456643128983664
3.733261073284228
3.720724213232863
3.7081026274786772
3.695447952419587
3.9068822422931437
3.669036689974895
3.6554008748791684
3.641970758535439
3.628813206455319
3.615998164600627
3.6035985771098153
3.591690242426626
3.5803516002017326
3.5696634421907962
3.5597085413463763
3.550571194742718
3.5423366778826466
3.535090610416898
3.528918236245019
3.523903624380389
3.5201288007657587
3.517672825123683
3.516610830867594
3.5170130498221543
3.5189438465681246
3.522460789711829
3.5276137893333854
3.534444333891161
3.5429849012762227
3.576277148721213
3.576277148721213
3.5762771487212124
3.5762771487212124
3.576277148721213
3.576277148721212
3.576277148721213
3.576277148721213
3.576277148721213
3.5762771487212124
3.576277148721213
3.5762771487212124
3.5762771487212124
3.576277148721212
3.576277148721213
3.5762771487212124
3.5762771487212124
3.576277148721213
3.576277148721212
3.576277148721213
3.5762771487212124
3.576277148721213
3.5762771487212124
3.5762771487212124
3.576277148721212
3.576277148721213
3.5762771487212124
3.5762771487212124
3.5762771487212124
3.576277148721213
3.5762771487212124
3.5762771487212124
3.5762771487212124
3.576277148721213
3.5762771487212124
3.576277148721213
3.5762771487212124
3.576277148721212
3.576277148721213
3.5762771487212124
3.553863693381805
3.58252971605393
3.5973808468058537
3.611114771109228
3.623793960140068
3.6354754161391796
3.6462113146920405
3.656049558211172
3.6650342551911823
3.6732061370984366
3.6806029225966572
3.6872596371408273
3.6932088945608306
3.6984811461699714
3.703104902045917
3.7071069283300844
3.710512423887642
3.7133451790567378
3.7156277189023106
3.717381432980475
3.718626693345605
3.7193829623137202
3.7196688912398814
3.7195024114687816
3.718900818382493
3.71788084942022
3.716458756767996
3.7146503753992226
3.7124711869791525
3.7099363801326737
3.7070609074877257
3.703859539826189
3.700346917542448
3.6965375993699765
3.69244610680969
3.6880869488272063
3.6834750805166787
3.5664926897256337
3.6723997077889483
3.6660235575269113
3.659511903064084
3.6528806092848356
3.6461457923966365
3.6393238636099583
3.6324315635529634
3.6254859933013965
3.6185046430562
3.6115054186333544
3.6045066656126314
3.5975271909842705
3.5905862820127368
3.583703722013779
3.5768998027370373
3.570195332962206
3.563611642979041
3.557170584503796
3.550894525656627
3.5448063405584285
3.5389293931378
3.5332875147223284
3.527904975053776
3.522806446264732
3.518016959548516
3.51356185406732
3.509466717670931
3.5057573181872956
3.5024595200009427
3.4995991386955687
3.4972030894306396
3.678624633766522
3.492771595972715
3.490726980591289
3.4891865092648673
3.4881745866103735
3.4877149055007477
3.4878303180411483
3.4885427071425
3.4898728589363675
3.4918403373631497
3.4944633625566883
3.49775869457373
3.501741524228001
3.5064253725820764
3.5118220006944316
3.5179413310171204
3.524791381783619
3.5323782154315726
3.540705901980723
3.5497764979814472
3.5595900414214228
3.5701445627051513
3.5814361115159854
3.5934587991359064
3.6062048555022597
3.619664699991505
3.633827024659793
3.6486788879321086
3.6642058141579867
3.680391870659364
3.5490660419074103
3.697264109988831
3.697264109988831
3.697264109988831
3.6972641099888315
3.6972641099888315
3.697264109988831
3.6972641099888306
3.697264109988831
3.697264109988831
3.697264109988831
3.6972641099888315
3.6972641099888315
3.697264109988831
3.697264109988831
3.6972641099888315
3.697264109988831
3.697264109988831
3.697264109988831
3.697264109988831
3.6972641099888306
3.6972641099888315
3.6972641099888306
3.697264109988831
3.6972641099888315
3.697264109988831
3.6972641099888315
3.697264109988831
3.6972641099888306
3.6972641099888315
3.697264109988831
3.6972641099888306
3.697264109988831
3.697264109988831
3.697264109988831
3.697264109988831
3.6972641099888315
3.6972641099888306
3.6972641099888315
3.4952953781933505
3.49529537819335
3.572843961457741
3.5783674729115083
3.5831566237724854
3.5872986591071707
3.590875248684413
3.593962945460175
3.5966335427194327
3.598954346734854
3.600988379651216
3.602794525655805
3.604427632277904
3.6059385776148942
3.6073743134480076
3.6087778934373005
3.6101884947410396
3.6116414406893598
3.613168231145266
3.614796586324905
3.616550508744371
3.618450366870742
3.6205130029355157
3.622751866167597
3.6251771716596477
3.627796083946151
3.630612923508202
3.633629393550841
3.6368448238392634
3.6402564278409164
3.643859569220819
3.6476480336716346
3.6516143022714327
3.65574982325978
3.660045281557126
3.664490876974973
3.6690767356727934
3.6737898343080753
3.5664926897256337
3.672705470232385
3.6666165740075556
3.6603732816524794
3.653991240033383
3.6474863849567645
3.6408749668098266
3.6341735806530524
3.627399195961233
3.62056918490789
3.613701348774111
3.6068139421336514
3.599925694578065
3.5930558296686224
3.586224080795957
3.579450703632081
3.5727564847788056
3.566162746280892
3.5596913455558195
3.553364670365046
3.5472056283867586
3.541237630984182
3.5354845707502944
3.5299707924821018
3.524721057150909
3.51976049866763
3.515114573162484
3.510809000873582
3.506869701318975
3.503322726031634
3.5001942276869924
3.4975093702348445
3.678624633766522
3.492186221692336
3.4895946105887683
3.4875456120580277
3.4860637553386873
3.485172855358935
3.4848958783031723
3.4852548117623496
3.486270536618034
3.4879627013733385
3.490349600385072
3.49344805748932
3.497273316758569
3.5018389419342495
3.507156726127583
3.513236613181772
3.520086632033427
3.527712845116524
3.5361193117273912
3.545308066963498
3.5552791166189874
3.5660304481432563
3.5775580574554806
3.589855991154583
3.60291640332058
3.6167296256811534
3.6312842492250414
3.646567212879268
3.6625638828086906
3.6792579875007356
3.5490660419074103
3.5490660419074103
3.5490660419074103
3.5490660419074103
3.5490660419074103
3.5490660419074103
3.5490660419074103
3.5490660419074103
3.5490660419074103
3.5490660419074103
3.5490660419074103
3.54906604190741
3.5490660419074103
3.5490660419074103
3.5490660419074103
3.5490660419074103
3.5490660419074103
3.54906604190741
3.54906604190741
3.5490660419074103
3.5490660419074103
3.5490660419074103
3.5490660419074103
3.5490660419074103
3.5490660419074103
3.54906604190741
3.5490660419074103
3.5490660419074103
3.5490660419074103
3.5490660419074103
3.5490660419074103
3.5490660419074103
3.54906604190741
3.5490660419074103
3.5490660419074103
3.5490660419074103
3.5490660419074103
3.5490660419074103
3.5490660419074103
3.54906604190741
3.6972641099888315
0.0
0.0
0.0
0.0
0.0
0.0
0.0
0.0
0.0
0.0
0.0
0.0
0.0
0.0
0.0
0.0
0.0
0.0
0.0
0.0
0.0
0.0
0.0
0.0
0.0
0.0
0.0
0.0
0.0
0.0
0.0
0.0
0.0
0.0
0.0
0.0
0.0
0.0
0.0
0.0
0.0
0.0
0.0
0.0
0.0
0.0
0.0
0.0
0.0
0.0
0.0
0.0
0.0
0.0
0.0
0.0
0.0
0.0
0.0
0.0
0.0
0.0
0.0
0.0
0.0
0.0
0.0
0.0
0.0
0.0
0.0
0.0
0.0
0.0
0.0
0.0
0.0
0.0
0.0
0.0
0.0
0.0
0.0
0.0
0.0
0.0
0.0
0.0
0.0
0.0
0.0
0.0
0.0
0.0
0.0
0.0
0.0
0.0
0.0
0.0
0.0
0.0
0.0
0.0
0.0
0.0
0.0
0.0
0.0
0.0
0.0
0.0
0.0
0.0
0.0
0.0
0.0
0.0
0.0
38.87627795050098
38.87627795050095
42.6217075019851
42.62170750198504
46.5544085310435
55.01954749609109
59.57214052485479
69.37159701926876
80.17549780435976
0.0
0.0
0.0
0.0
0.0
0.0
0.0
0.0
0.0
0.0
0.0
20.008104348782613
51.68645196173849
52.27414872921661
52.81319455019255
48.963348560552795
37.449714828579836
54.165560371620266
54.53661745514479
54.87182442425192
46.39725684660287
38.625248426165015
55.684623190869274
55.8982987854232
56.08666733260271
47.30393230705749
20.008104348782613
56.372718476152016
39.236268137574086
51.65906908526973
43.058396221138416
51.4443324917572
46.972295231751964
46.82966559896337
46.67235643864833
42.41563411883488
50.59441861363501
46.12918011990109
54.61775917694016
54.37335875674175
49.71386847595998
49.48107006155058
45.086695302728565
44.87260409081683
44.660527021558444
44.452127851828244
40.36063637433514
44.05302934206233
40.01092641326467
43.6886774709503
39.28799369596598
38.840069511964614
45.559699270972075
40.91379752289195
40.19328028223834
39.552359101681255
42.59179485775905
42.07470364289931
38.134744092988385
37.83929513963529
37.636330880034805
31.087998958757005
34.21235327085093
31.13406895332533
31.269701658979415
28.450384079733077
28.70520631496224
26.081678069099386
26.424988681145823
26.82337829109042
27.275252704458524
27.778871749757467
28.332357918873306
25.824696335541642
26.40230341729597
39.699029501685814
27.159602540147354
27.30072058211152
27.441078548474007
27.57968445521161
27.715546530707353
27.84767315257827
27.975072805318487
28.096754041982752
28.211725447132167
28.31899560033152
31.838733157445347
28.506466228346635
32.025961874325816
32.1005232834897
32.16090091445603
32.20598310817088
32.234657917184855
32.245813065000505
32.23833590615774
35.84534546085209
35.791839272443276
35.71388112643223
35.61023075178186
35.479647242555295
35.32088901396654
35.13271375750157
34.91387839705286
34.66313904474156
34.379250958084334
34.06096849914121
37.29535437535363
36.86293833547241
36.38832552966404
35.87013441286667
35.87013441286667
0.0
0.0
0.0
0.0
0.0
0.0
0.0
0.0
0.0
0.0
0.0
0.0
0.0
0.0
0.0
0.0
0.0
0.0
74.00247144595568
68.7774161628684
50.24962874752886
42.25664451146838
42.25664451146843
46.15566121198572
46.155661211985745
46.155661211985695
46.15566121198571
42.256644511468444
42.256644511468465
42.25664451146844
42.25664451146845
46.15566121198571
54.548294659849205
59.06189386778549
63.801173036118634
63.80117303611859
68.77741616286848
0.0
0.0
0.0
0.0
0.0
0.0
0.0
0.0
0.0
0.0
0.0
0.0
0.0
0.0
0.0
0.0
0.0
0.0
0.0
0.0
0.0
0.0
0.0
0.0
0.0
0.0
0.0
0.0
0.0
0.0
0.0
0.0
0.0
0.0
0.0
0.0
0.0
0.0
0.0
0.0
0.0
0.0
0.0
0.0
0.0
0.0
0.0
0.0
0.0
0.0
0.0
0.0
0.0
0.0
0.0
0.0
0.0
0.0
0.0
0.0
0.0
0.0
0.0
0.0
0.0
0.0
0.0
0.0
0.0
0.0
0.0
0.0
0.0
0.0
0.0
0.0
0.0
0.0
0.0
0.0
0.0
0.0
0.0
0.0
0.0
0.0
0.0
0.0
0.0
0.0
0.0
0.0
0.0
0.0
0.0
0.0
0.0
0.0
0.0
0.0
0.0
0.0
0.0
0.0
0.0
0.0
0.0
0.0
0.0
0.0
0.0
0.0
0.0
0.0
0.0
0.0
0.0
0.0
0.0
0.0
0.0
1.658667763104244
1.680262943864115
1.8314292091832123
1.8314292091832123
1.835028405976524
1.838627602769836
1.84266191270059
1.8466962226313441
1.8507305325620984
0.0
0.0
0.0
0.0
0.0
0.0
0.0
0.0
0.0
0.0
0.0
1.1163618682778291
0.9294060802398902
0.9294060802398902
0.9294060802398902
1.8222100382156647
1.8222100382156647
0.9294060802398902
0.9294060802398902
1.825033795006069
1.825033795006069
1.825033795006069
0.9294060802398902
0.9294060802398902
1.8278575517964735
1.8278575517964735
1.0037536086541234
1.8321611130015616
1.8321611130015616
1.83646467420665
1.83646467420665
1.8407682354117378
1.8407682354117378
1.8407682354117378
1.8450717966168262
1.8450717966168262
1.8493753578219143
1.8493753578219143
1.8536789190270024
1.8536789190270024
1.7090565182106097
1.7090565182106097
1.705457321417298
1.705457321417298
1.7018581246239861
1.7018581246239861
1.6982589278306741
1.6982589278306741
1.6946597310373623
1.6946597310373623
1.8278575517964735
1.6874613374507388
1.1655630524923446
1.0071983935866238
1.021595180759871
1.043190361519742
0.9280160641337631
0.9280160641337631
0.9280160641337631
1.1151742973859788
1.13676947814585
1.1511662653190973
1.338324498571313
1.179959839665592
1.1943566268388395
1.2087534140120868
1.2231502011853341
1.2375469883585815
1.2519437755318288
1.2663405627050761
1.2735389562916999
1.2879357434649472
1.3023325306381945
1.3167293178114419
1.3311261049846892
1.6910605342440506
1.3594701484802245
1.365769480364929
1.3720688122496336
1.3909668079037474
1.3909668079037474
1.4035654716731565
1.4161641354425658
1.4224634673272702
1.4350621310966796
1.441361462981384
1.4476607948660887
1.4602594586354978
1.4665587905202024
1.472858122404907
1.4859063170252758
1.991931380138492
1.991931380138492
1.521898284958394
1.5290966785450177
1.5362950721316415
1.543493465718265
1.5506918593048888
1.2843365466716354
1.2843365466716354
1.5794854336513835
0.9280160641337631
0.9280160641337631
0.9280160641337631
0.9280160641337631
0.9280160641337631
1.6298741887577493
1.6298741887577493
1.637072582344373
1.6442709759309966
1.6442709759309966
0.0
0.0
0.0
0.0
0.0
0.0
0.0
0.0
0.0
0.0
0.0
0.0
0.0
0.0
0.0
0.0
0.0
0.0
1.7233785505515111
1.7205547937611065
0.9294060802398902
1.6471371172105926
1.6188995493065486
1.5906619814025047
1.5567768999176521
1.4743983600399277
1.3265838210269054
1.23154805681316
1.180720434585881
1.1411878395202195
1.0960077308737493
1.0564751358080877
1.0
1.709259766599489
1.7120835233898934
1.7177310369707022
1.7205547937611065
0.0
0.0
