0.0
0.0
0.0
0.0
0.0
0.0
0.0
0.0
0.0
0.0
0.0
0.0
0.0
0.0
0.0
0.0
0.0
0.0
0.0
0.0
0.0
0.0
0.0
0.0
0.0
0.0
0.0
0.0
0.0
0.0
0.0
0.0
0.0
0.0
0.0
0.0
0.0
0.0
0.0
0.0
0.0
0.0
0.0
0.0
0.0
0.0
0.0
0.0
0.0
0.0
0.0
0.0
0.0
0.0
0.0
0.0
0.0
0.0
0.0
0.0
0.0
0.0
0.0
0.0
0.0
0.0
0.0
0.0
0.0
0.0
0.0
0.0
0.0
0.0
0.0
0.0
0.0
0.0
0.0
0.0
0.0
0.0
0.0
0.0
0.0
0.0
0.0
0.0
0.0
0.0
0.0
0.0
0.0
0.0
0.0
0.0
0.0
0.0
0.0
0.0
0.0
0.0
0.0
0.0
0.0
0.0
0.0
0.0
0.0
0.0
0.0
0.0
0.0
0.0
0.0
0.0
0.0
0.0
0.0
38.87627795050098
38.87627795050095
42.6217075019851
42.62170750198504
46.5544085310435
55.01954749609109
59.57214052485479
69.37159701926876
80.17549780435976
0.0
0.0
0.0
0.0
0.0
0.0
0.0
0.0
0.0
0.0
0.0
20.008104348782613
51.68645196173849
52.27414872921661
52.81319455019255
48.963348560552795
37.449714828579836
54.165560371620266
54.53661745514479
54.87182442425192
46.39725684660287
38.625248426165015
55.684623190869274
55.8982987854232
56.08666733260271
47.30393230705749
20.008104348782613
56.372718476152016
39.236268137574086
51.65906908526973
43.058396221138416
51.4443324917572
46.972295231751964
46.82966559896337
46.67235643864833
42.41563411883488
50.59441861363501
46.12918011990109
54.61775917694016
54.37335875674175
49.71386847595998
49.48107006155058
45.086695302728565
44.87260409081683
44.660527021558444
44.452127851828244
40.36063637433514
44.05302934206233
40.01092641326467
43.6886774709503
39.28799369596598
38.840069511964614
45.559699270972075
40.91379752289195
40.19328028223834
39.552359101681255
42.59179485775905
42.07470364289931
38.134744092988385
37.83929513963529
37.636330880034805
31.087998958757005
34.21235327085093
31.13406895332533
31.269701658979415
28.450384079733077
28.70520631496224
26.081678069099386
26.424988681145823
26.82337829109042
27.275252704458524
27.778871749757467
28.332357918873306
25.824696335541642
26.40230341729597
39.699029501685814
27.159602540147354
27.30072058211152
27.441078548474007
27.57968445521161
27.715546530707353
27.84767315257827
27.975072805318487
28.096754041982752
28.211725447132167
28.31899560033152
31.838733157445347
28.506466228346635
32.025961874325816
32.1005232834897
32.16090091445603
32.20598310817088
32.234657917184855
32.245813065000505
32.23833590615774
35.84534546085209
35.791839272443276
35.71388112643223
35.61023075178186
35.479647242555295
35.32088901396654
35.13271375750157
34.91387839705286
34.66313904474156
34.379250958084334
34.06096849914121
37.29535437535363
36.86293833547241
36.38832552966404
35.87013441286667
35.87013441286667
0.0
0.0
0.0
0.0
0.0
0.0
0.0
0.0
0.0
0.0
0.0
0.0
0.0
0.0
0.0
0.0
0.0
0.0
74.00247144595568
68.7774161628684
50.24962874752886
42.25664451146838
42.25664451146843
46.15566121198572
46.155661211985745
46.155661211985695
46.15566121198571
42.256644511468444
42.256644511468465
42.25664451146844
42.25664451146845
46.15566121198571
54.548294659849205
59.06189386778549
63.801173036118634
63.80117303611859
68.77741616286848
0.0
0.0
