0.0
0.0
0.0
0.0
0.0
0.0
0.0
0.0
0.0
0.0
0.0
0.0
0.0
0.0
0.0
0.0
0.0
0.0
0.0
0.0
0.0
0.0
0.0
0.0
0.0
0.0
0.0
0.0
0.0
0.0
0.0
0.0
0.0
0.0
0.0
0.0
0.0
0.0
0.0
0.0
0.0
0.0
0.0
0.0
0.0
0.0
0.0
0.0
0.0
0.0
0.0
0.0
0.0
0.0
0.0
0.0
0.0
0.0
0.0
0.0
0.0
0.0
0.0
0.0
0.0
0.0
0.0
0.0
0.0
0.0
0.0
0.0
0.0
0.0
0.0
0.0
0.0
0.0
0.0
0.0
0.0
0.0
0.0
0.0
0.0
0.0
0.0
0.0
0.0
0.0
0.0
0.0
0.0
0.0
0.0
0.0
0.0
0.0
0.0
0.0
0.0
0.0
0.0
0.0
0.0
0.0
0.0
0.0
0.0
0.0
0.0
0.0
0.0
0.0
0.0
0.0
0.0
0.0
0.0
1.658667763104244
1.680262943864115
1.8314292091832123
1.8314292091832123
1.835028405976524
1.838627602769836
1.84266191270059
1.8466962226313441
1.8507305325620984
0.0
0.0
0.0
0.0
0.0
0.0
0.0
0.0
0.0
0.0
0.0
1.1163618682778291
0.9294060802398902
0.9294060802398902
0.9294060802398902
1.8222100382156647
1.8222100382156647
0.9294060802398902
0.9294060802398902
1.825033795006069
1.825033795006069
1.825033795006069
0.9294060802398902
0.9294060802398902
1.8278575517964735
1.8278575517964735
1.0037536086541234
1.8321611130015616
1.8321611130015616
1.83646467420665
1.83646467420665
1.8407682354117378
1.8407682354117378
1.8407682354117378
1.8450717966168262
1.8450717966168262
1.8493753578219143
1.8493753578219143
1.8536789190270024
1.8536789190270024
1.7090565182106097
1.7090565182106097
1.705457321417298
1.705457321417298
1.7018581246239861
1.7018581246239861
1.6982589278306741
1.6982589278306741
1.6946597310373623
1.6946597310373623
1.8278575517964735
1.6874613374507388
1.1655630524923446
1.0071983935866238
1.021595180759871
1.043190361519742
0.9280160641337631
0.9280160641337631
0.9280160641337631
1.1151742973859788
1.13676947814585
1.1511662653190973
1.338324498571313
1.179959839665592
1.1943566268388395
1.2087534140120868
1.2231502011853341
1.2375469883585815
1.2519437755318288
1.2663405627050761
1.2735389562916999
1.2879357434649472
1.3023325306381945
1.3167293178114419
1.3311261049846892
1.6910605342440506
1.3594701484802245
1.365769480364929
1.3720688122496336
1.3909668079037474
1.3909668079037474
1.4035654716731565
1.4161641354425658
1.4224634673272702
1.4350621310966796
1.441361462981384
1.4476607948660887
1.4602594586354978
1.4665587905202024
1.472858122404907
1.4859063170252758
1.991931380138492
1.991931380138492
1.521898284958394
1.5290966785450177
1.5362950721316415
1.543493465718265
1.5506918593048888
1.2843365466716354
1.2843365466716354
1.5794854336513835
0.9280160641337631
0.9280160641337631
0.9280160641337631
0.9280160641337631
0.9280160641337631
1.6298741887577493
1.6298741887577493
1.637072582344373
1.6442709759309966
1.6442709759309966
0.0
0.0
0.0
0.0
0.0
0.0
0.0
0.0
0.0
0.0
0.0
0.0
0.0
0.0
0.0
0.0
0.0
0.0
1.7233785505515111
1.7205547937611065
0.9294060802398902
1.6471371172105926
1.6188995493065486
1.5906619814025047
1.5567768999176521
1.4743983600399277
1.3265838210269054
1.23154805681316
1.180720434585881
1.1411878395202195
1.0960077308737493
1.0564751358080877
1.0
1.709259766599489
1.7120835233898934
1.7177310369707022
1.7205547937611065
0.0
0.0
