200.426248901 14.563329361
202.504274584 214.620575488
204.583944117 214.664155174
206.665095831 214.694007617
208.747568056 214.710072014
210.831199121 214.712287564
212.915827358 214.700593463
215.001291097 214.674928908
217.087428666 214.635233098
219.174078398 214.581445231
221.26107862 214.513504502
223.348267665 214.431350111
225.435483862 214.334921254
227.52256554 214.22415713
229.609351031 214.098996935
231.695678664 213.959379867
233.78138677 213.805245124
235.866313678 213.636531903
237.950297719 213.453179402
240.033177222 213.255126818
242.114790519 213.042313349
244.194975939 212.814678192
246.273571811 212.572160545
248.350416468 212.314699605
250.425348237 212.04223457
252.498205451 211.754704638
254.568826438 211.452049005
256.637049529 211.13420687
258.702713053 210.80111743
260.765655342 210.452719882
262.825714726 210.088953424
264.882729533 209.709757254
266.936538095 209.315070569
268.986978742 208.904832566
271.033889803 208.478982444
273.07710961 208.037459399
275.116476491 207.58020263
277.151828778 207.107151333
279.1830048 206.618244706
281.209842887 206.113421947
283.23218137 205.592622253
285.249858578 205.055784822
287.262712842 204.502848851
289.270582492 203.933753538
291.273305858 203.34843808
293.270721271 202.746841676
295.262667059 202.128903521
297.248981555 201.494562815
299.229503086 200.843758754
301.204071524 200.176433315
303.172666698 199.492781196
305.135518369 198.793448377
307.092882173 198.079127565
309.045013747 197.350511463
310.992168728 196.60829278
312.934602754 195.853164221
314.872571462 195.085818492
316.806330489 194.306948298
318.736135471 193.517246347
320.662242047 192.717405343
322.584905853 191.908117994
324.504382526 191.090077004
326.420927703 190.263975081
328.334797022 189.43050493
330.246246119 188.590359257
332.155530632 187.744230768
334.062906199 186.892812169
335.968628455 186.036796167
337.872953038 185.176875467
339.776135585 184.313742775
341.678431734 183.448090797
343.580097121 182.580612239
345.481387384 181.711999808
347.38255816 180.84294621
349.283865085 179.974144149
351.185563797 179.106286333
353.087909934 178.240065468
354.991159131 177.376174259
356.895567027 176.515305412
358.801389258 175.658151634
360.708881462 174.805405631
362.618299275 173.957760108
364.529898335 173.115907771
366.443934279 172.280541328
368.360662744 171.452353482
370.280339368 170.632036942
372.203219786 169.820284412
374.129559637 169.017788599
376.059614557 168.225242209
377.993640184 167.443337947
379.931892155 166.672768521
381.874626106 165.914226635
383.822097675 165.168404995
385.7745625 164.435996309
387.732276217 163.717693282
389.695494462 163.014188619
391.664472875 162.326175028
393.639467091 161.654345213
395.620732748 160.999391882
397.608525482 160.362007739
399.60310093 159.742885491
