115.246898929 7.8253574553
117.610087099 48.1265207599
119.978201241 48.4688235447
122.351103269 48.8502315561
124.728655098 49.2687105406
127.110718643 49.7222262447
129.497155817 50.2087444149
131.887828537 50.7262307976
134.282598716 51.2726511393
136.68132827 51.8459711865
139.083879112 52.4441566856
141.490113159 53.0651733833
143.899892324 53.7069870258
146.313078521 54.3675633598
148.729533667 55.0448681316
151.149119675 55.7368670878
153.571698461 56.4415259749
155.997131938 57.1568105393
158.425282022 57.8806865275
160.856010627 58.6111196859
163.289179668 59.3460757611
165.72465106 60.0835204996
168.162286717 60.8214196478
170.601948554 61.5577389522
173.043498486 62.2904441592
175.486798427 63.0175010154
177.931710293 63.7368752672
180.378095997 64.4465326612
182.825817455 65.1444389437
185.274736581 65.8285598613
187.72471529 66.4968611604
190.175615497 67.1473085876
192.627299116 67.7778678893
195.079628062 68.3865048119
197.532464249 68.9711851021
199.985669594 69.5298745061
202.439106009 70.0605387706
204.89263541 70.5611436419
207.346119711 71.0296548667
209.799420828 71.4640381913
212.252400675 71.8622593622
214.704921166 72.222284126
217.156844216 72.542078229
219.608031741 72.8196074178
222.058345654 73.0528374388
224.50764787 73.2397340386
226.955800305 73.3782629636
229.402664872 73.4663899603
231.848103486 73.5020807751
234.291978063 73.4833011545
236.734155607 73.4082073687
239.174563408 73.2772123543
241.613168189 73.0922050734
244.049937356 72.8551000081
246.484838312 72.5678116404
248.917838462 72.2322544524
251.348905211 71.8503429262
253.778005962 71.4239915439
256.205108122 70.9551147875
258.630179094 70.4456271392
261.053186283 69.8974430809
263.474097092 69.3124770948
265.892878928 68.692643663
268.309499195 68.0398572676
270.723925296 67.3560323905
273.136124637 66.6430835139
275.546064622 65.9029251199
277.953712655 65.1374716905
280.359036142 64.3486377078
282.762002486 63.5383376539
285.162579093 62.7084860109
287.560733367 61.8609972608
289.956432711 60.9977858858
292.349644532 60.1207663678
294.740336233 59.231853189
297.12847522 58.3329608315
299.514028895 57.4260037773
301.896964665 56.5128965085
304.277249934 55.5955535072
306.654852106 54.6758892554
309.029738585 53.7558182353
311.401876777 52.8372549288
313.771234085 51.9221138182
316.137777915 51.0123093854
318.501475671 50.1097561126
320.862294757 49.2163684817
323.220202579 48.334060975
325.57516654 47.4647480744
327.927154045 46.6103442621
330.276132498 45.7727640201
332.622069305 44.9539218305
334.96493187 44.1557321754
337.304687597 43.3801095368
339.64130389 42.6289683968
341.974748156 41.9042232376
344.304987797 41.2077885411
346.631990218 40.5415787895
348.955722825 39.9075084648
351.276153021 39.3074920491
353.593248211 38.7434440245
355.906975 38.2172788731
