0.40619281819115827 -35.10480283299211
0.3902951071570442 -34.88133835475827
0.37518792658909206 -34.716666913980816
0.3607889486312956 -34.60841987596922
0.347012964609803 -34.55422865732808
0.33377654798459844 -34.55172467007486
0.32099922531423886 -34.598539307904844
0.3086038733705152 -34.692303941327935
0.29651688714670854 -34.830649915978455
0.2846682690196758 -35.01120855142099
0.27299169189905115 -35.23161114115322
0.26142456125020885 -35.48948895166157
0.2499080947742982 -35.78247322270468
0.23838744358747022 -36.108195166323696
0.22681189693841475 -36.46428596674829
0.2151352574308305 -36.848376779152204
0.20331658792213148 -37.25809872750685
0.19132185199686091 -37.69108290021069
0.17912801293425673 -38.14496033893886
0.16673532861585727 -38.617362005415174
0.15421652908131023 -39.10591864722406
0.14206105649287792 -39.60825986262688
0.1265735307937632 -40.122026608654494
0.4229278952190896 -35.389429424165826
0.36224974846518876 -41.1550104712133
0.6212896096119493 -41.668985768653044
0.8870763731394504 -42.18439789506894
1.1594691724436075 -42.6988797053549
1.4383441117911389 -43.21006826981619
1.7235408173067412 -43.71560501862734
2.0148490795788234 -44.21313577706687
2.3120044075438955 -44.70031077687659
2.614686258532572 -45.17478465872503
2.9225172456904716 -45.63421647240395
3.2350627588916154 -46.07626967333019
3.5518307867401404 -46.49861211800621
3.8722718558569795 -46.89891605382144
4.195779062682902 -47.27485810378698
4.521688213077596 -47.624119238254224
4.8492781380910515 -47.94438472299774
5.1777713656621245 -48.23334401468304
5.506335628815634 -48.48869053135937
5.834087660797081 -48.70812107858865
6.160104602129024 -48.8893341266031
6.483469651330267 -49.03002292208188
6.803591649687803 -49.12782726452832
7.115909715732926 -49.18098163932743
0.11048879742165241 -40.64484234609702
7.363992792151066 -49.17494877300916
7.299980460424592 -49.11671234120897
7.2297837552830515 -49.014350106418334
7.153762398044023 -48.87003500793253
7.072335834992202 -48.685930834243976
6.98593376590577 -48.46419968799054
6.8949837772343585 -48.2070038518396
6.79990722123074 -47.916506410447425
6.701117569417761 -47.594871498983
6.59901966664421 -47.24426441589344
6.4940093615074375 -46.86685167862305
6.386473312282249 -46.46480105312466
6.276788883349525 -46.04028157023518
6.1653240940929095 -45.59546353331095
6.052437604890258 -45.13251852159729
5.938478737900368 -44.6536193886127
5.823787543798289 -44.16094025405934
5.708694947916683 -43.656656486793906
5.593523059165705 -43.14294466734995
5.478585863158401 -42.62198250377489
5.364190966508318 -42.09594861913669
5.250644840480504 -41.56702191242232
5.138273807335452 -41.03737900228157
5.027570960713263 -40.50917632526483
4.9172071210861645 -39.9847924871851
7.421867060711975 -49.18682505702441
4.854231231836991 -38.932577222755725
4.89852697801291 -38.409677962519964
4.941707563764851 -37.89975959755819
4.984121332179541 -37.40499145473831
5.0261728111365755 -36.927535103453664
5.068300050442417 -36.469547116953265
5.110968961625929 -36.03317976148915
5.154671438076036 -35.62058122447772
5.199924612011273 -35.23389570419491
5.247270528549677 -34.875263448179
5.297275998967052 -34.546820769343725
5.350532544624514 -34.25070004988609
5.407656398704887 -33.989029737094825
5.4692885587696765 -33.76393433074631
5.536094901609317 -33.577534358731185
5.608766394917382 -33.43194633477236
5.6880194814852985 -33.32928268232848
5.774596802576866 -33.271651591379594
5.869268652509959 -33.261156732448086
5.972836184736309 -33.299896625819514
6.086139432336836 -33.38996306362827
6.210081374918218 -33.53343637682886
6.3457242116347174 -33.732366499732336
6.494963282613583 -33.98864042505663
-2.117072015647068 -35.677479826760106
13.01692071298993 -32.433446720235736
15.114960101958616 -31.510421642987183
17.182565850948208 -30.432353208065678
19.198429600097086 -29.202551119598326
21.141712405740577 -27.82798389311722
22.99284679026499 -26.319150584356578
24.7342890136012 -24.68974762921411
26.35116154536422 -22.95615334094009
27.83173688535794 -21.13677158287996
29.167731271955233 -19.25128939706744
30.354397428303912 -17.319908999969158
31.390425884052547 -15.362612206927565
32.27768150105527 -13.398506182372444
33.02081353824764 -11.445285679043423
33.62678309684321 -9.518831312745078
34.10435147313882 -7.632948421104942
34.463568058340854 -5.79923854404575
34.71528863044688 -4.027086578086511
26.41334970508194 22.884572278276977
27.792335634243557 21.18855282920927
29.094375568951307 19.361973072376855
30.300991727964515 17.41317292467008
31.394730423360045 15.353813619006445
32.3599026746906 13.19868894576993
33.18327820546068 10.965342609404985
33.854673887293245 8.67350834366701
34.36738513713482 6.344409337241757
34.71842356276653 3.9999695397557957
34.908544100535096 1.661998731538091
34.94206673370587 -0.6485856765935694
34.826518056228736 -2.9124441766001894
34.57213342045213 -5.112365573889775
34.19126930476199 -7.233657051027251
33.697777409463924 -9.264366608940861
33.10638768449405 -11.195346599664362
32.4321387412316 -13.020179248848422
31.689882987733313 -14.734992610327538
30.893882314239306 -16.3381983877222
4.8086868394110525 -39.466260961694246
32.96366215131809 22.22849974671786
-1.048577946901787 35.01958616109508
-0.5797082404486673 34.74194022388252
-0.11697687017425551 34.523460694569195
0.34193953391786636 34.36151963387232
0.799232298268123 34.253503658580314
1.2569653558116727 34.19681414065374
1.717076413205092 34.18886725590173
2.181377345994207 34.22709399819934
2.6515543648862376 34.30894018310926
3.1291681027258846 34.4318664458776
3.6156536745708934 34.59334823634467
4.112320734915755 34.7908758082194
4.6203535498164 35.02195420263382
5.140811105299434 35.28410321868884
5.6746272898460575 35.574857363142
6.222611228138788 35.8917657556828
6.785447944947009 36.232391939665035
7.36369982291842 36.59431346595892
7.95781024467658 36.97512085229897
8.568114516978426 37.37241446151327
9.194883564711034 37.78379201320868
9.838629786209822 38.20676116964944
10.496014541708774 38.63990919358915
-1.5260739269769203 35.35903959869344
12.07499311546158 39.13321144300937
13.002267821185683 39.17834493417587
13.950081938079961 39.21340217264748
14.917617082219806 39.236174265789685
15.903946157916721 39.24453832918576
16.90798586633548 39.23647105855423
17.92848483431851 39.21005212088241
18.96401965971114 39.163465283144234
20.01299333200393 39.094998860219334
21.073634518655012 39.00304591533862
22.143997213317732 38.886104353816336
23.221960555205158 38.742776966193105
24.305228738060578 38.57177143847156
25.3913309772733 38.37190033737437
26.477621526140922 38.142081062250526
27.561279756366275 37.88133574225631
28.63931035416681 37.58879102027052
29.708543778679655 37.26367757052188
30.765637429419087 36.90532888673181
31.80707916667916 36.513177640627305
32.82920141387842 36.08674111359346
33.82827989545831 35.625519207530374
34.79919698631409 35.13037506617073
11.169299942410532 39.08020158481665
35.93582320042037 34.32596081621358
36.09912033392084 34.019559305308235
36.22932353372818 33.68350732350723
36.3274500219153 33.320024108762965
36.39457588949688 32.93126058093054
36.43182080828694 32.519315133005364
36.44034420838733 32.08623757908964
36.421344003967704 31.634030470637896
36.37605608347303 31.16464962294856
36.30575407800137 30.680004354425478
36.21174924545352 30.181957605755485
36.09539040855236 29.672326003617968
35.95806392030448 29.152879896442897
35.80119364360115 28.62534337385145
35.626240940694004 28.09139427683951
35.43470466908377 27.55266420005111
35.2281211834017 27.010738485402186
35.00806434695488 26.467156203798766
34.776145559509075 25.923410112427064
34.534013823050145 25.380946556443092
34.28335590971585 24.841165219040988
34.02589686918742 24.305418367940717
33.763402063692126 23.775007838420862
33.49769141427515 23.25116390547612
33.230446784273 22.735330923806032
35.738580790931394 34.60031376891365
32.35964201077758 22.149496007196234
31.76880331600836 22.07078529846038
31.192780359275275 21.993836828061006
30.633187173742954 21.92013992413939
30.091602147443155 21.851226851793683
29.569565827580107 21.788676070877017
29.06858037374252 21.734113048115802
28.5901093781477 21.689210524961084
28.13557779720469 21.655688621430272
27.706371924649545 21.635314878895088
27.30383938391759 21.629904275671635
26.92928913179327 21.64131922711536
26.58399147217176 21.671469574032272
26.26917808170873 21.72231255799568
25.986042053012113 21.795852777636526
25.735737968629394 21.894142114003984
25.519382030852796 22.01927959841754
25.338052302425126 22.173411166031713
25.192789188757274 22.35872916383707
25.084596497486586 22.57747126815204
25.01444408606619 22.83191777911
24.983275803868707 23.12438350669541
24.992041255842196 23.457185316007894
25.041918145578677 23.832414953459022
-4.806207973132217 -35.4156028556244
-4.806207973132217 -35.4156028556244
-7.613529789429407 -34.91989010368991
-10.503127799480865 -34.162096937045334
-13.430615631510193 -33.120735566513986
-16.344823776707614 -31.783821299785245
-19.190531461781262 -30.151087259379125
-21.912012539426343 -28.23523095673795
-24.456966982719564 -26.06187496544476
-26.78028266071277 -23.66814359683997
-28.84707285457742 -21.100022474656583
-30.63457137983886 -18.408899942198275
-32.132698271763246 -15.647819735801306
-33.34336262230926 -12.867973023965305
-34.2787734421035 -10.115841636426012
-34.959140082400666 -7.431223681695826
-35.41015440244277 -4.846186738402935
-35.66058137264213 -2.384847348045639
-35.740180352650555 -0.06378924925152774
-35.67807045381167 2.1070950147444307
-4.078080074686341 35.50681376317448
-6.748719899733658 35.097283946528535
-9.52449253657241 34.44776629375389
-12.367987778631829 33.532036010596244
-15.233703566182157 32.33108158360926
-18.069888181984197 30.83575362787326
-20.82138991149924 29.048825843080607
-23.433266185387254 26.986044478453977
-25.8547069459932 24.675872617703334
-28.04271235663404 22.157861909295207
-29.964980342564303 19.479848915688365
-31.6016084265639 16.694397430348772
-32.94545224779759 13.85502569093245
-34.00123632580875 11.01274212105298
-34.783710205210895 8.21328588740326
-35.315243665981484 5.495282114747624
-35.623255077627334 2.8893352838686894
-35.737793516628926 0.4179417077827736
-35.68948622307576 -1.903978424561501
-35.507952776911964 -4.068150722490429
8.812460775394698 -33.81877032189027
