1.9301527460447119 -36.239366931566515
2.1291716537258196 -36.74449953592612
2.331490144251859 -37.20476873185463
2.535693565817681 -37.621710002559254
2.7411012589131616 -37.9968187792894
2.9471774202113465 -38.33158181998749
3.1534469293953578 -38.62748169343774
3.3594742872044776 -38.88599790211024
3.5648565596748085 -39.108607261083655
3.769220480996921 -39.296784058890026
3.9722209509025106 -39.45200015345296
4.173539717821399 -39.575725090755846
4.37288232328811 -39.66942646082791
4.569958929947745 -39.73457227218555
4.764736392619511 -39.772599537566684
1.9301527460447119 -36.239366931566515
4.819796401045352 -39.801336344175944
4.679979920672878 -39.79494004379073
4.537841617075287 -39.76720061987149
4.393767100317831 -39.719526115637215
4.248118006966649 -39.653326735848566
4.101235025785087 -39.57001446977088
3.953438654705991 -39.47100299671578
3.8050294539496576 -39.357707655086394
3.6562881481902423 -39.23154542925742
3.507475674424569 -39.09393494397831
3.3588332079204406 -38.94629646159078
3.210582179164902 -38.790051879800444
3.062924288399131 -38.626624730987714
2.916041522222713 -38.457440180969705
2.7700961779092665 -38.28392502767647
2.625230905378487 -38.10750769937726
2.4815687888520586 -37.92961825151885
2.33921352465984 -37.75168835853076
2.1982498645310216 -37.57515129630618
2.0587449440184287 -37.40144188711014
1.9207535949922203 -37.231996280568204
1.7843555312925616 -37.06825042060997
1.6491558757363691 -36.9116606349576
4.956860297783578 -39.784986277468704
1.6538636107911486 -36.60208913820662
1.7917590124186233 -36.452167476825345
1.9292825833034897 -36.31531470394491
2.0666579651312986 -36.19295057473703
2.2041395607612912 -36.08649244634784
2.342006772558136 -35.997355514877015
2.480562565571063 -35.92695287436646
2.620132993166692 -35.876695535549
2.7610670133782094 -35.84799243276833
2.903725137398993 -35.84211124198289
3.0483507843582913 -35.85869820161234
3.1950891948492597 -35.89635449693934
3.3440622898818333 -35.95366581924402
3.4953700576948563 -36.02921984938222
3.6490906276209785 -36.121606246697375
3.8052804045597384 -36.22941663034222
3.963974322102615 -36.35124454263381
4.1251863515802825 -36.48568537744006
4.288910623896868 -36.6313362214702
4.455124235890196 -36.78679545822378
4.623795670781249 -36.950661578485814
4.794918481768832 -37.12152842422937
4.968747078973536 -37.29795189257731
5.142627176632914 -37.47889750947579
1.5154438497654894 -36.76365587158025
5.407551431755508 -37.85098231456296
5.497932856582963 -38.03929162599861
5.588919557555698 -38.22629818449933
5.680225471239169 -38.41062981290561
5.771605968359154 -38.590908756974926
5.862821791956264 -38.7657567772615
5.9536300422641375 -38.93379642262946
6.043781171925048 -39.09365145443418
6.133017784404217 -39.243947015965574
6.2210740882485425 -39.383309709370764
6.307675624846581 -39.51036763454802
6.39253912243106 -39.62375040928715
6.475372413595949 -39.7220891809217
6.555874386946414 -39.80401663292575
6.633734958454227 -39.86816698898521
6.708635054926219 -39.91317601499231
6.780246605759089 -39.93768101998271
6.84823254097887 -39.940320855554006
6.912246795220142 -39.919735915170726
6.9719343178886675 -39.87456813172137
7.026931091223901 -39.80346097345445
7.076864159511047 -39.70505943781754
7.121351675291464 -39.57801004261437
7.160002972386451 -39.42096081034634
7.192418684759957 -39.23256124484529
7.218190945861068 -39.01146229044422
7.236903739150307 -38.7563162615445
7.248133550291357 -38.465776710454634
7.251450673146962 -38.13849816381202
7.2464220844342435 -37.77313554232387
7.232618631689661 -37.36834270842853
7.209636599454939 -36.92276811173802
7.177183975505102 -36.435037367232724
7.135684318183905 -35.90363130591107
9.349014647792046 -34.79832626652427
11.602502538221358 -34.113186903112265
13.871443879199944 -33.25523463369804
16.131882165556817 -32.21940352695396
18.358347094400813 -31.0048170095811
20.52480909035131 -29.615195384139152
22.605751999337315 -28.059001450168534
24.577277263330586 -26.349288949751127
26.418142546142576 -24.503251421960215
28.11064152165568 -22.541504365881863
29.641249313912454 -20.487164883081967
31.00098669885506 -18.3648144432095
32.18549013358921 -16.199438592023316
33.19480766526175 -14.015431848586871
34.03296731856864 -11.8357391543301
34.70738123860434 -9.681181404884477
35.22815473579669 -7.569986773229431
35.60736570119309 -5.517526045031609
35.85836930827372 -3.5362319476463995
35.9951686631191 -1.635670733891864
23.478322082025727 27.33305650762034
25.21389869151386 25.740763364946616
26.88867505834645 23.985969637326775
28.478859884617577 22.07446772876807
29.961108660626508 20.01648205010649
31.313560550906402 17.826623669691912
32.5168685688314 15.523557720878529
33.55512962090444 13.129389245521075
34.41662588862425 10.668807256604701
35.09430766140878 8.168057027377351
35.58597728713386 5.653831121964885
35.894168998590544 3.152176666484131
36.02575352642549 0.6875090467366292
35.99132374144125 -1.7181970710224235
35.80443420370881 -4.045995203703605
35.4807722272767 -6.280317507277143
35.03733219497968 -8.409098554229473
34.49165138375531 -10.42370234885827
33.861148158798756 -12.318694379031577
33.16258547383569 -14.091504906383971
-7.22057360561972 35.56515882193707
-7.887600003986378 35.88861539173564
-8.559207548768427 36.163881479283404
-9.234548822270028 36.39285058925118
-9.912195324796443 36.57752281884169
-10.59069475302121 36.71989171587857
-11.26865062009935 36.82192811203462
-11.944742175093651 36.88557607420898
-12.617731069567384 36.91275154302546
-13.286464080366528 36.905341762013684
-13.949874485605463 36.865204952690625
-14.606983173351068 36.79416995355127
-15.256900982243678 36.694035200221336
-15.89884298597218 36.5665620133461
-16.531941072757775 36.41356336055073
-7.22057360561972 35.56515882193707
-16.905654915028094 36.33654104946491
-16.646086077937923 36.415568619335644
-16.37796394958636 36.47493928695449
-16.102267543011095 36.51581416908174
-15.819942888180606 36.53936655064369
-15.531900783911965 36.54678294886325
-15.23901623528198 36.53926337928026
-14.942128265664792 36.5180214451369
-14.642039840394062 36.48428437274549
-14.339517831003263 36.4392930283127
-14.035292995598127 36.38430192696089
-13.730059965380917 36.32057923779712
-13.424477233000601 36.24940678876078
-13.119167138354442 36.1720800710946
-12.814715847382558 36.0899082457196
-12.51167331517317 36.00421415421154
-12.210553213905456 35.91633434004281
-11.911832775151737 35.82761909332346
-11.615952397612062 35.739432564790775
-11.323314470384133 35.6531531047889
-11.034278667427571 35.5701746198573
-10.749129010140905 35.49191606801797
-10.468515509219145 35.419694139318096
-17.15567419810162 36.23670017977224
-8.78421962880671 34.91056766756108
-7.389358968717801 34.47950121537252
-6.006846700860223 34.062862558309064
-4.635422540102297 33.66166064469981
-3.2736046719961394 33.276859171483366
-1.9196948568212804 32.90937511003439
-0.5717797030728775 32.560078335650275
0.7722689114376067 32.22979150088379
2.114793675721643 31.91928998115226
3.4583383461247763 31.62917902232364
4.805423222149983 31.358604856508762
6.158339942827098 31.105818611966882
7.5191703816923905 30.869101889528636
8.8897876926506 30.646782316447712
10.27185633923014 30.437233516433707
11.666832150007679 30.238875059361533
13.075962423760643 30.050172367353312
14.500286142115556 29.86963652927514
15.940634438472046 29.69582389243385
17.3976317716714 29.527335043150046
18.87169944733938 29.36281174813577
20.36306970488107 29.20092472248031
21.87188432583025 29.04028800433332
23.39685975046683 28.880618072815395
-10.192431694482337 35.35501802091298
25.01321430312123 28.917647698435772
25.087773372937818 29.115733819957015
25.161018464533356 29.313355832335134
25.232014208555654 29.509473748108846
25.299854624239742 29.703022544208693
25.363648037944017 29.892925257113383
25.42251331340435 30.07809625691128
25.475578595190598 30.257442338284733
25.521980806195813 30.429863156617067
25.56086541944387 30.594251426040202
25.591386344606008 30.749493018680724
25.61270586678137 30.89446701734598
25.62399461212999 31.02804574557596
25.62443152767878 31.149094785151725
25.61320386957408 31.25647298670758
25.589507196292402 31.34903247569867
25.552545365538947 31.4256186555144
25.50153053366745 31.48507020786046
25.435683158365407 31.52621909167231
25.35423200401442 31.547890539171462
25.256414150976866 31.548903048775912
25.141475010675265 31.528068373723166
25.00866834990478 31.48419150457363
24.857256328481753 31.416070639878484
24.68650956185968 31.32249713986858
24.49570722564806 31.202255447009172
24.28413724061886 31.054122946933283
24.051096617066378 30.87686970810993
23.795892145892935 30.669257960597896
23.517841921042532 30.430040947530728
23.216279147433454 30.157960050555495
22.890563570203767 29.851736165459982
22.540127195399123 29.510035197629257
22.16479434877442 29.131226524191767
22.16479434877442 29.131226524191767
-0.6263598306652369 -35.718197949710664
-3.2942739155427176 -35.57147383482389
-6.078404725518183 -35.202769598498705
-8.945155258417898 -34.58563558495037
-11.853333653870834 -33.69985864513677
-14.755711011542076 -32.533843670185085
-17.6014484463999 -31.086508391920002
-20.339191050379668 -29.368338373635332
-22.920467890374795 -27.40135294284726
-25.3029430782083 -25.217911550981714
-27.453068743668766 -22.858499687590673
-29.34779985482531 -20.36881525993354
-30.97521157020938 -17.796579997093616
-32.33405857524647 -15.188503792826857
-33.432479308407665 -12.587744782330105
-34.28614220627959 -10.032070774419367
-34.916149228805864 -7.55278190099159
-35.346969503904546 -5.174334575791221
-35.604599449879686 -2.914530738526004
-35.715061267230624 -0.7851051459187488
-9.564661559784355 34.419460202899316
-12.110503195721407 33.60829813838552
-14.713173135389724 32.55310319616598
-17.3335145010292 31.236697431943668
-19.926582457820928 29.649844906236012
-22.443749542107 27.79316638858117
-24.83553036834212 25.678364876591004
-27.05484129750431 23.328470883858657
-29.060283218364418 20.77695672326996
-30.81898933350584 18.06576563208546
-32.30863803171455 15.242503073571413
-33.518382146204885 12.357186156773722
-34.44864685717852 9.459002120815406
-35.10994175335253 6.593480225827513
-35.52096944748848 3.8003579992911014
-35.706369949134626 1.1122663654543814
-35.69442099298284 -1.4457874629046046
-35.514943416166176 -3.8562657531219102
-35.197567551246834 -6.108455605764988
