20.683608904696435 -29.42153621021889
20.915570268213695 -29.916077297437653
21.12606559656413 -30.384674706292145
21.315726478372294 -30.827784298131476
21.485178157052317 -31.245865978112164
21.635039536186632 -31.639383691802323
21.76592318019903 -32.00880542437254
21.878435314078356 -32.354603200574104
21.9731758229251 -32.67725308520164
22.050738251096156 -32.97723518334067
22.11170980143833 -33.2550336410294
22.156671334215314 -33.51113664575416
22.186197365816366 -33.746036426956096
22.20085606764028 -33.96022925724199
22.201209264096747 -34.15421545283729
22.187812430892915 -34.3284993752541
22.161214692206475 -34.483589432332565
22.12195881752827 -34.61999808027517
22.070581217440882 -34.73824182617483
22.007611937781714 -34.838841231121336
21.93357465193818 -34.92232091495066
21.848986649507236 -34.98920956215274
21.754358820546816 -35.040039931448746
21.650195631568117 -35.07534886917
21.53699508902683 -35.09567733047294
21.415248680585705 -35.10157041234089
21.285441278133543 -35.0935774095978
21.14805096772315 -35.07225191189298
21.003548734137386 -35.03815198390217
20.85239783044411 -34.99184052583257
20.695052391316242 -34.93388606634062
20.531953966190635 -34.864864743756016
20.36352112022752 -34.78536625120802
20.190107837680003 -34.69601761486689
20.01171234735198 -34.59764964205928
19.831894337912487 -34.48905766818331
20.4295435325079 -28.900599655459587
19.251718554878213 -34.31465775981516
18.853689227036703 -34.24975919455099
18.455555486941257 -34.177813109017364
18.057897531778732 -34.09934324565151
17.661212054254175 -34.014917559259914
17.26595632981446 -33.92512301512829
16.87255923767107 -33.830559288512546
16.481424933830425 -33.73183666475458
16.092934319485245 -33.62957519938416
15.707445707881199 -33.52440433713241
15.325295156434688 -33.41696272106017
14.946796644566746 -33.307898090543915
14.572242173795857 -33.19786722339444
14.201901825730364 -33.08753590143036
13.836023795875299 -32.97757889005467
13.47483441166883 -32.86867992536611
13.118538139807196 -32.761531707669235
12.767317583709783 -32.65683589839125
12.421333470949019 -32.55530312120868
12.080724627138643 -32.4576529671493
11.745607929339066 -32.364614005692346
11.416078224553146 -32.276923805133066
11.09220818457456 -32.19532897115499
10.774048033196863 -32.120585217623386
10.46162499943258 -32.05345751167613
10.154942112105573 -31.994720391943986
9.853975185319932 -31.945158766931712
9.55866377268871 -31.905570309504583
9.268874982640163 -31.876775036554022
8.984150183023779 -31.859682369131036
8.707126469271948 -31.85438529732116
19.648671155143198 -34.37220569228887
8.469209628115316 -31.767371297564893
8.50616790023384 -31.687970919105965
8.547094363879772 -31.62464378590991
8.592341459920107 -31.578043785305482
8.642212399196133 -31.548837702455643
8.696999722018461 -31.537695011381714
8.756994940425884 -31.545285322423126
8.82249175485395 -31.572277530313727
8.893787343835271 -31.619339471952372
8.971182954392916 -31.687137770685496
9.054984201704428 -31.77633775559221
9.145501236932517 -31.887603417076264
9.243048851041443 -32.02159737826668
9.347946548055006 -32.17898087482973
9.460518605536159 -32.360413736898096
9.581094134946383 -32.56655437140739
9.710007152200532 -32.79805973989363
9.847596671774483 -33.0555853289689
9.994206843565621 -33.33978510654467
10.150187165661336 -33.65131145349895
10.315892834317552 -33.99081505139932
10.491685352532869 -34.35894468648448
10.677933657341597 -34.75634688689581
10.875016371812634 -35.18366519783328
11.083326756862135 -35.6415385866205
11.303285089116741 -36.130597457629534
11.535375791779998 -36.65145169603588
11.780295955667526 -37.204642844229824
12.039994982606416 -37.79030933869174
18.234348325234997 -29.617796605421532
20.565508409135674 -34.70038895077448
23.329014659181226 -32.90614235204379
26.027423959615675 -30.81607261621258
28.607376877605446 -28.43721360548372
31.016050967628544 -25.788790429850167
33.20471760553063 -22.902049213950846
35.13217158843182 -19.818871030970598
36.76755242890434 -16.58928020888891
38.09216462717711 -13.268162023328614
39.10008291685966 -9.91164191019638
39.79754723652135 -6.573611139861754
40.201350310285335 -3.3028113314242376
40.33655067804355 -0.14074394795886747
40.233886277388535 2.879500734403223
39.9272275975036 5.733552636752364
39.4513229137651 8.40537029613182
38.83998367133168 10.886358338395382
38.1247619240408 13.174204252875057
-2.6324553574245044 40.25080506340748
0.3739374582117989 40.33506291353228
3.5285294697299037 40.18216780168177
6.796276373482073 39.76012772761817
10.133318022010656 39.04321958197167
13.488504141102112 38.01469959761269
16.805894200449927 36.6690475685495
20.028037791067163 35.01335219171179
23.099666306953935 33.06754520626893
25.97131453330573 30.863375558635255
28.602381793943763 28.442237696333564
30.963244108706732 25.852169033291972
33.03621184154156 23.144455850636263
34.81533734200249 20.370307195126657
36.305257516203824 17.577980718597587
37.5193686262015 14.810607933250708
38.47766382403461 12.104813757585902
39.20453091449619 9.490094058310262
39.72673454077787 6.988826238205405
40.07172055103234 4.6167457739445865
8.435547973799203 -31.86227538886476
-10.890800229282057 31.1087372443819
-35.224414693426354 5.2786693349160885
-35.29664879671181 6.071452450500686
-35.32333148690377 6.879205853950651
-35.30640650912717 7.700118108463414
-35.247781180836924 8.532434308741728
-35.14932638405541 9.374456148736641
-35.01287656361819 10.224541938236285
-34.840229727021786 11.081106608094586
-34.63314744503213 11.942621712104767
-34.39335485215691 12.807615427489168
-34.122540647624966 13.674672554934688
-33.82235709623761 14.542434518238053
-33.49442002930203 15.409599363694014
-33.14030884634656 16.274921759561124
-32.76156651617082 17.137212994932156
-32.35969957923287 17.995340978830257
-31.936178149604714 18.848230238567083
-31.492435918155287 19.694861917965085
-31.02987015656672 20.5342737749759
-30.549841722452854 21.36556017832649
-30.053675066813955 22.18787210319516
-29.54265824383541 23.00041712465432
-29.018042925953754 23.802459408824177
-28.481044425508422 24.59331969915999
-27.932841728565293 25.372375295795052
-27.374577548164556 26.13906002202711
-26.807358413774363 26.89286416938802
-26.232254826872406 27.633334401012632
-25.65030154983195 28.36007357247948
-25.062498183620047 29.07274037385659
-24.469810438393466 29.771048542406106
-23.873173309011086 30.454764893850097
-23.27350060233988 31.123703417879028
-22.671723044464454 31.777701659027542
-22.069055030766677 32.416455384442884
-21.463408672582442 33.041741163605536
-35.10464906496412 4.502723999702823
-20.507023237536774 33.593651313236705
-20.155624441605134 33.52718809567227
-19.803603991765133 33.45368623236294
-19.451363189951497 33.373764402452565
-19.099342101758914 33.288014736029425
-18.747979167766545 33.19702784768023
-18.39770110682997 33.10139909435654
-18.04891955119054 33.0017306611189
-17.702029701121212 32.898632394980325
-17.35740971447601 32.792722184133794
-17.01542040203364 32.68462614656036
-16.676405064803006 32.574978731579904
-16.340689402456885 32.46442277735483
-16.008581460094284 32.353609544508345
-15.680371597579638 32.24319873664976
-15.35633247270448 32.13385851186666
-15.036719034987359 32.02626548948655
-14.721768527910669 31.921104751753717
-14.411700500806479 31.819069841810517
-14.106716833023505 31.720862756505
-13.807001777120895 31.627193932261235
-13.512722034161428 31.538782219131548
-13.224026888700617 31.456354834919694
-12.941048460736823 31.38064727643615
-12.663902212450665 31.31240314313942
-12.392688063824355 31.25237374617572
-12.127493183947859 31.20131713188536
-11.868400365771208 31.15999514983318
-11.615521527044251 31.12916172453251
-11.36923221971717 31.109480756782858
-11.127004691668091 31.102634831085282
-20.857720567872466 33.65225542260907
-10.656175864331608 31.08174050667833
-10.42810733684842 31.069306019430854
-10.20614674243194 31.07232420991062
-9.990127785131975 31.09158492012358
-9.779915892026352 31.127864888185684
-9.575372512976742 31.181940245793186
-9.37634619312363 31.254589643368718
-9.182669593970168 31.34659529196503
-8.994158298099109 31.458743380074907
-8.810610261788852 31.591824264766615
-8.631805535456884 31.74663256670908
-8.457506106413128 31.92396722333504
-8.287455799652285 32.12463151985767
-8.121380206162442 32.3494331100209
-7.9589866210696485 32.599184030712394
-7.7999639800176155 32.874700715465735
-7.643982782042485 33.17680400757499
-7.490694985094898 33.506319176541695
-7.339733852349312 33.864075940362454
-7.190713712121841 34.25090849923606
-7.04322956224938 34.66765559057231
-6.896856381150656 35.11516058352291
-6.7511478513652605 35.594271654021014
-6.605633809111879 36.10584213403558
-6.4598146353969526 36.650731278278556
-6.313147236283498 37.229806181997304
-6.165002985655818 37.843947531990864
-6.014499499192169 38.494072610542446
-5.8593230568458665 39.18129632255517
16.250244844239322 -30.75117684103151
16.250244844239322 -30.75117684103151
14.132610669909985 -31.7800983362051
11.893891622984462 -32.68395136250848
9.550590547799517 -33.44385675717443
7.122916922223585 -34.04363948118973
4.634163038947976 -34.47071028474127
2.1098402010731583 -34.7167669711921
-0.423359932384642 -34.77824177519287
-2.9386899991297106 -34.656448688449515
-5.410457872637931 -34.35741958026722
-7.815028260297382 -33.89145420156639
-10.131637095282677 -33.27244001235273
-12.342968155468782 -32.517018186162204
-14.435472460976285 -31.64367977076172
-16.399440241755705 -30.671871386715267
-18.228858280757343 -29.62117587784428
-19.92109993577334 -28.5106140227644
-21.476500902636623 -27.358092835305
-22.89787215392716 -26.18000736112438
-34.7094219862662 2.2274110499456867
-34.780772639543386 -0.056473024618384216
-34.69726668391501 -2.409360759911408
-34.44653063293934 -4.810598919063068
-34.0196210892946 -7.236761399061152
-33.41172055698264 -9.662415020491665
-32.62262393392238 -12.061083793423961
-31.656953170971676 -14.406340636574782
-30.52406570862312 -16.67293457138777
-29.237657549508747 -18.83785326473729
-27.815097844713485 -20.881227609868503
-26.276561972885325 -22.787005628016075
-24.64404902039314 -24.54335312231356
-22.940374810122655 -26.142772197630634
-21.188223779265776 -27.58195982315027
-19.409325241615356 -28.861452289711835
-17.623796445509605 -29.985115198267323
-15.849670990691415 -30.959542375380067
-14.102610286873976 -31.793422554086177
-12.395780051012466 -32.49692249326142
15.040655867291534 -37.427741055839476
