129.68056029
4.8080176777
132.025033041
55.2190150773
134.374981659
55.6577992695
136.730256763
56.1227816482
139.090708972
56.6123736076
141.456188907
57.1249865418
143.826547187
57.6590318448
146.201634431
58.2129209107
148.58130126
58.7850651337
150.965398292
59.3738759079
153.353776148
59.9777646272
155.746285446
60.5951426859
158.142776808
61.224421478
160.543100851
61.8640123976
162.947108196
62.5123268388
165.354649462
63.1677761956
167.76557527
63.8287718623
170.179736238
64.4937252329
172.596982986
65.1610477014
175.017166133
65.8291506619
177.440136301
66.4964455087
179.865744107
67.1613436356
182.293840172
67.822256437
184.724275115
68.4775953067
187.156899555
69.125771639
189.591564113
69.7651968279
192.028119409
70.3942822675
194.46641606
71.0114393519
196.906304688
71.6150794752
199.347635912
72.2036140315
201.790260351
72.7754544149
204.234028625
73.3290120195
206.678791354
73.8626982393
209.124399157
74.3749244685
211.570702653
74.8641021012
214.017552463
75.3286425314
216.464799206
75.7669571532
218.912293502
76.1774573608
221.35988597
76.5585545482
223.80742723
76.9086601095
226.254767901
77.2261854388
228.701758603
77.5095419302
231.148249956
77.7571409779
233.594092579
77.9673939758
236.039137092
78.1387123181
238.483234115
78.2695073989
240.926234266
78.3581906122
243.367988166
78.4031733523
245.808346434
78.402867013
248.247159691
78.3556829887
250.684284295
78.2602169721
253.119634069
78.1169093062
255.553155929
77.9272627554
257.984797187
77.6927928474
260.414505157
77.41501511
262.842227152
77.095445071
265.267910486
76.7355982581
267.691502472
76.3369901992
270.112950422
75.9011364221
272.532201651
75.4295524544
274.949203472
74.9237538241
277.363903198
74.3852560589
279.776248141
73.8155746865
282.186185616
73.2162252348
284.593662936
72.5887232315
286.998627414
71.9345842044
289.401026364
71.2553236813
291.800807098
70.5524571901
294.197916929
69.8275002584
296.592303172
69.081968414
298.98391314
68.3173771848
301.372694145
67.5352420985
303.758593501
66.7370786829
306.141558522
65.9244024658
308.52153652
65.098728975
310.898474809
64.2615737382
313.272320702
63.4144522833
315.643021512
62.558880138
318.010524554
61.6963728301
320.374777139
60.8284458873
322.735726582
59.9566148376
325.093320195
59.0823952086
327.447505292
58.2073025281
329.798229186
57.332852324
332.14543919
56.4605601239
334.489082619
55.5919414558
336.829106784
54.7285118473
339.165458999
53.8717868263
341.498086578
53.0232819205
343.826936834
52.1845126577
346.15195708
51.3569945658
348.47309463
50.5422431724
350.790296796
49.7417740054
353.103510892
48.9571025925
355.412684231
48.1897444616
357.717764127
47.4412151404
360.018697893
46.7130301567
362.315432841
46.0067050383
364.607916286
45.323755313
366.896095541
44.6656965085
369.17991791
44.0340441527
200.497973654
9.162845437
202.587815709
209.654038576
204.678267949
210.108202519
206.769209268
210.525873333
208.860518558
210.907587087
210.952074713
211.253879847
213.043756625
211.565287681
215.135443189
211.842346658
217.227013298
212.085592843
219.318345844
212.295562306
221.409319721
212.472791113
223.499813822
212.617815332
225.589707041
212.731171031
227.67887827
212.813394277
229.767206404
212.865021138
231.854570334
212.886587681
233.940848955
212.878629974
236.025921159
212.841684085
238.10966584
212.77628608
240.191961892
212.682972029
242.272688207
212.562277997
244.351723678
212.414740053
246.428947199
212.240894265
248.504237663
212.041276699
250.577473964
211.816423424
252.648534994
211.566870507
254.717299647
211.293154016
256.783646815
210.995810018
258.847455394
210.67537458
260.908604274
210.332383771
262.966972351
209.967373658
265.022438516
209.580880308
267.074881664
209.17343979
269.124180687
208.745588169
271.170214479
208.297861515
273.212861933
207.830795895
275.252001942
207.344927376
277.287513399
206.840792026
279.319275198
206.318925913
281.347166232
205.779865103
283.371065394
205.224145665
285.390851578
204.652303666
287.406403676
204.064875174
289.417600582
203.462396256
291.424321189
202.84540298
293.426444391
202.214431414
295.42384908
201.570017624
297.41641415
200.912697679
299.404018494
200.243007647
301.386558406
199.561477804
303.364113167
198.868577542
305.336871564
198.164739816
307.305023859
197.450397091
309.268760312
196.725981829
311.228271187
195.991926496
313.183746745
195.248663555
315.135377247
194.49662547
317.083352956
193.736244705
319.027864133
192.967953725
320.96910104
192.192184993
322.90725394
191.409370973
324.842513093
190.61994413
326.775068762
189.824336926
328.705111208
189.022981828
330.632830694
188.216311297
332.558417481
187.404757799
334.482061832
186.588753798
336.403954007
185.768731757
338.324284268
184.94512414
340.243242879
184.118363412
342.161020099
183.288882036
344.077806192
182.457112477
345.993791419
181.623487198
347.909166042
180.788438664
349.824120322
179.952399338
351.738844522
179.115801685
353.653528903
178.279078169
355.568363728
177.442661253
357.483539257
176.606983402
359.399245754
175.77247708
361.315673479
174.93957475
363.233012695
174.108708877
365.151453663
173.280311925
367.071186645
172.454816357
368.992401903
171.632654638
370.9152897
170.814259233
372.840040295
170.000062603
374.766843953
169.190497215
376.695890934
168.385995532
378.6273715
167.586990017
380.561475913
166.793913135
382.498394435
166.00719735
384.438317327
165.227275126
386.381434853
164.454578928
388.327937272
163.689541218
390.278014848
162.932594461
392.231857842
162.184171121
394.189656515
161.444703662
396.151601131
160.714624548
398.11788195
159.994366243
400.08868923
159.284361211
-20.722182103
40.701633003
-20.0541421176
141.774305544
-19.3737951626
142.829506882
-18.6813057881
143.867446429
-17.9768385442
144.888333601
-17.2605579813
145.892377811
-16.5326286496
146.879788474
-15.7932150991
147.850775003
-15.0424818802
148.805546812
-14.2805935431
149.744313317
-13.5077146378
150.66728393
-12.7240097148
151.574668065
-11.9296433241
152.466675137
-11.1247800159
153.34351456
-10.3095843405
154.205395748
-9.48422084814
155.052528115
-8.64885408891
155.885121075
-7.80364861306
156.703384042
-6.9487689708
157.50752643
-6.08437971233
158.297757653
-5.21064538786
159.074287125
-4.32773054759
159.837324261
-3.43579974173
160.587078474
-2.53501752048
161.323759178
-1.62554843405
162.047575788
-0.707557032636
162.758737717
0.218792133546
163.457454379
1.1533345143
164.143935189
2.09590555941
164.818389561
3.04634071868
165.481026908
4.0044754419
166.132056646
4.97014517887
166.771688187
5.94318537938
167.400130945
6.92343149322
168.017594336
7.9107189702
168.624287773
8.90488326011
169.220420669
9.90575981274
169.80620244
10.9131840779
170.381842499
11.9269915053
170.94755026
12.9470175449
171.503535137
13.9730976464
172.050006544
15.0050672595
172.587173896
16.0427618342
173.115246606
17.0860168201
173.634434089
18.1346676671
174.144945758
19.188549825
174.646991028
20.2474987436
175.140779312
21.3113498726
175.626520025
22.3799386619
176.104422581
23.4531005613
176.574696393
24.5306710205
177.037550876
25.6124854893
177.493195444
26.6983794176
177.941839511
27.7881882551
178.383692491
28.8817474517
178.818963798
29.9788924571
179.247862847
31.0794587211
179.67059905
32.1832816935
180.087381822
33.2901968241
180.498420578
34.4000395627
180.903924731
35.5126453592
181.304103696
36.6278496632
181.699166885
37.7454879246
182.089323715
38.8653955932
182.474783598
39.9874081188
182.855755948
41.1113609511
183.23245018
42.2370895401
183.605075708
43.3644293354
183.973841945
44.4932157868
184.338958307
45.6232843442
184.700634206
46.7544704574
185.059079057
47.8866095761
185.414502274
49.0195371501
185.767113271
50.1530886293
186.117121462
51.2870994634
186.464736261
52.4214051022
186.810167083
53.5558409956
187.15362334
54.6902425932
187.495314448
55.824445345
187.83544982
56.9582847007
188.174238871
58.09159611
188.511891014
59.2242150229
188.848615664
60.3559768891
189.184622234
61.4867171583
189.520120139
62.6162712804
189.855318792
63.7444747052
190.190427609
64.8711628825
190.525656002
65.996171262
190.861213385
67.1193352936
191.197309174
68.240490427
191.534152782
69.3594721121
191.871953622
70.4761157986
192.21092111
71.5902569364
192.551264659
72.7017309752
192.893193683
73.8103733648
193.236917596
74.9160195551
193.582645813
76.0185049957
193.930587746
77.1176651366
194.280952812
78.2133354275
194.633950422
79.3053513182
194.989789992
80.393548258
195.348680936
1.263376815228952
-36.35325654595426
1.548169145528135
-36.91436213855326
1.8401613025478696
-37.424055047014704
2.137346937089177
-37.884102088506616
2.4385694389455637
-38.29623886793179
2.7428584380882057
-38.66219263466974
3.0493468694212424
-38.9836843631498
3.357333207595474
-39.26242096881183
3.66515972702274
-39.50020704362569
1.263376815228952
-36.35325654595426
3.9643737960111025
-39.881426663076425
3.9525024943627045
-40.028401809612824
3.937147832690812
-40.14128533517505
3.918507494731159
-40.2217277748992
3.8967950155573305
-40.271378043402564
3.8722253773919135
-40.29188487643452
3.8450114092244405
-40.284897190984324
3.8153625876805393
-40.252064205402
3.7834845587701693
-40.19503548739026
3.7495789224938108
-40.11546097540599
3.7138431281500743
-40.01499098930947
3.6764704225202536
-39.89527623566147
3.637649827518601
-39.757967810239535
3.597566138841046
-39.604717198371816
3.5563999463607843
-39.43717627311851
3.51432768746227
-39.256997291611
3.471521764497737
-39.065832884641274
3.428150811678023
-38.865336034537115
3.3843803690032814
-38.65716001812465
3.3403749102270694
-38.44295823630387
3.2963059607465652
-38.2243835298383
3.2524089316340508
-38.003083391209785
3.208218743954461
-37.780764363307306
3.972680738068533
-39.69869764988239
3.217115353962896
-37.32953959849226
3.2695042774926435
-37.10405005391993
3.3215915485094456
-36.884233755699526
3.373543025913847
-36.671743050962036
3.425549614333164
-36.46822786874115
3.4778184545666875
-36.27533646149393
3.5305707230795633
-36.094715590584144
3.5840409008486915
-35.92801058773174
3.6384764840196056
-35.77686537938049
3.69413785653839
-35.64292249652682
3.751298232532349
-35.52782307993787
3.81024363388309
-35.433206880679165
3.8712728907648284
-35.360712259549814
3.934697662995177
-35.31197618344569
4.000842488562597
-35.288634218336476
4.0700206655996
-35.292110574997636
4.142323387381538
-35.32183601029564
4.217707216084705
-35.37614154709511
4.296116134570127
-35.45334781717556
4.377484789601397
-35.5517763807627
4.461744285937812
-35.669748956555694
4.548845364614749
-35.805584342074056
4.638920653512173
-35.957576855964355
4.73010474627057
-36.12428597779676
3.1643456417585014
-37.559042427165025
4.9058954487919095
-36.492815353853864
4.990463798428777
-36.69122138345409
5.076854482219801
-36.897449250671094
5.164821520673286
-37.10984000795565
5.254143261618651
-37.32673181825098
5.344597661029127
-37.54646323945151
5.4359561033514865
-37.76737404546746
5.527981341742702
-37.98780549988854
5.620426674310522
-38.20610046552263
5.713035569752719
-38.420603453718485
5.805541480461841
-38.629660649886965
5.8976677419236125
-38.831619926242475
5.989127515501195
-39.02483084948123
6.0796237543910365
-39.207644685575936
6.168849182561644
-39.37841440213141
6.256486281606328
-39.535494670483914
6.342207282371987
-39.67724186644504
6.425674159892083
-39.80201407098952
6.506538630623481
-39.90817107050868
6.584442151492965
-39.994074356685324
6.659015920651541
-40.05808712659453
6.72988087971936
-40.09857428152815
6.796647718105646
-40.11390242655328
6.8589168795613205
-40.102439868625936
6.916278572189526
-40.062556615352726
6.968312782744135
-39.99262437097044
7.014589298099509
-39.89101653314158
7.054667736797853
-39.75610818590752
7.08809759710806
-39.58627609016086
7.114418331889851
-39.379898669068965
7.13315946870739
-39.13535598333466
7.143840810946244
-38.85102969169457
7.145972790127871
-38.52530298007668
7.1390571210740745
-38.15656043073527
7.122588113002337
-37.743187760178174
7.0960555548647335
-37.28357124243738
7.058951929812565
-36.77609626714303
7.010794059854788
-36.21914301290618
6.951209686684706
-35.611069142078904
6.880543540206361
-34.950088660337535
8.939250692994051
-33.74069915921933
11.06841189823848
-33.10340225348554
13.209526752380896
-32.308719963552754
15.341405333134844
-31.352611774931926
17.441672287127687
-30.234633295834442
19.487561032233828
-28.958244900547772
21.456793807306553
-27.530909578433306
23.32848030494523
-25.963955580129195
25.083960943825275
-24.272203980557393
26.70752424652113
-22.473387179653734
28.186941101610614
-20.587407171362663
29.513779643719147
-18.635498218376867
30.68348930372406
-16.639364977468023
31.695266941852196
-14.620363750258377
32.5517380658186
-12.598782941200149
33.25849944582171
-10.59326188279202
33.823575101166625
-8.620368326288506
34.256836289580235
-6.694337169133036
34.56942946187809
-4.826958606138383
34.77324628809117
-3.0275939775490954
25.006379701626656
24.352124279479476
26.505475222378323
22.711335626532993
27.933953543671976
20.92938656829471
29.271560010167377
19.013699200216358
30.49887086384797
16.97538979627462
31.598133171246047
14.8291254899721
32.554070081517864
12.592756006242688
33.354581168301365
10.286734068319959
33.991274482052006
7.933362577806449
34.45978317373459
5.5559271345416334
34.759842692265124
3.1777851900531218
34.89513065724651
0.8214859212627346
34.8728960923425
-1.4920123450633014
34.703423871411644
-3.7439757352681653
34.39939150679368
-5.918348305690621
33.97517813207969
-8.002015595997833
33.446180697774764
-9.984887552543533
32.82818213654207
-11.85982463256343
32.13680314273114
-13.622439813428556
31.387055660913575
-15.270812671362712
-11.177740111839569
34.6152207629158
-11.677571928464488
35.047678353297854
-12.169768507557336
35.42870421673687
-12.654422341885251
35.760074285825546
-13.130992347366629
36.04376653775181
-13.59887612728204
36.28177643087487
-14.057482364709557
36.47609444869483
-14.50618337482399
36.62872785539588
-14.945202728739133
36.74133068990726
-11.177740111839569
34.6152207629158
-15.310708873652146
37.032151556574476
-15.232787736602148
37.21555015559959
-15.140998774441272
37.36757333477096
-15.036325255665787
37.489626707195974
-14.919712455698004
37.58313066984779
-14.792079036577775
37.64951565178451
-14.654319891230358
37.69022092613886
-14.507307090794683
37.70669421452287
-14.351890262384899
37.700391529218905
-14.18889675897691
37.67277710176934
-14.019131741844461
37.62532334827951
-13.84337822097541
37.55951085194877
-13.662397071913517
37.47682835519659
-13.476927035330988
37.37877275814897
-13.287684698229981
37.26684912339046
-13.095364447314779
37.14257069104006
-12.90063836637421
37.007458910648865
-12.704156004471741
36.863043515653104
-12.506543790694337
36.71086271076388
-12.308403274043798
36.55246373736195
-12.110304077506441
36.3894051353233
-11.912734570545865
36.22327258069207
-11.716764554221442
36.055466116571196
-15.373661264300495
36.81601997329349
-10.255441790489243
35.55152518059204
-9.003466948901519
35.220598544203796
-7.766632880679595
34.89641433477357
-6.544712387294453
34.580471549852206
-5.337254855909094
34.274250586326076
-4.143593905564927
33.979210783881214
-2.9628492975619736
33.69678981051199
-1.793927570610208
33.428403456724226
-0.6355222927090551
33.17544555217947
0.513885827411201
32.93928792546761
1.6560288888520347
32.72128038257097
2.79285177726274
32.52275069060856
3.926512162487427
32.3450045638142
5.059380512855512
32.189325645747076
6.194040130470825
32.05697548310913
7.33324359416514
31.949003429989688
8.47945115786817
31.864642252018356
9.634752766858298
31.802142855268897
10.801022813058182
31.759767270111
11.979923461362034
31.735798430554652
13.172908532997042
31.728537965166566
14.38123903968966
31.736297361765295
15.606091923542749
31.75733612152011
16.847091675326112
31.790696900875275
-11.522507658343216
35.88769383297735
18.360070790143425
31.895422626649307
18.621201362321415
31.963596689847762
18.888228601547212
32.03734672901885
19.160362583565984
32.115182438320446
19.43680821429058
32.19562087236464
19.71674866339663
32.27719586839861
19.999341222946327
32.35846040164053
20.283715927124433
32.43798737023968
20.56897500034654
32.51436990921968
20.85419260629766
32.58622153269984
21.138414723047617
32.6521762056727
21.420659075391427
32.71088838174818
21.699915096518964
32.761033025016815
21.97514390525123
32.80130562328324
22.245278291600982
32.83042219575708
22.509222707918468
32.84711929846587
22.765853262831683
32.85015402725805
23.014017717467766
32.83830401993266
23.252535483030442
32.810367457436584
23.480197619363025
32.76516306432155
23.69576683465249
32.70153010902577
23.89797748534943
32.6183284027617
24.085535577567782
32.514438298621144
24.25711876891586
32.38876068902171
24.411376372430766
32.2402170030286
24.546929361259686
32.06774920049486
24.66237037740916
31.870319765475074
24.756263743626675
31.646911694408793
24.827145482403466
31.396528478923514
24.87352334603736
31.11819407901271
24.89387686450948
30.810952878580416
24.886657427119985
30.473869612229727
24.85028842515686
30.10602923519285
24.783165518343992
29.70653668160255
24.683657168807315
29.274516379858227
24.55010581731159
28.809111185132743
24.38083082590623
28.309479709000797
24.17413730826928
27.774788305458046
23.928351456522307
27.20417901240686
23.642067836074432
26.596545131670887
23.642067836074432
26.596545131670887
-1.2577724323080872
-35.72118728563356
-3.882185859006853
-35.53187084214551
-6.606488693827785
-35.127475282535016
-9.398298548563702
-34.48560854876782
-12.218953014508514
-33.5899151504736
-15.025023564339548
-32.431988521794715
-17.770502083623896
-31.012811357287518
-20.409469300470846
-29.34346222687297
-22.898943035122386
-27.444919756869446
-25.201546633218328
-25.346937879761818
-27.287655380624074
-23.086123026941557
-29.1367693510536
-20.703475176169974
-30.738000040320202
-18.241725962969007
-32.089706967642385
-15.742805319180775
-33.198442227373505
-13.245702935764726
-34.07743242575235
-10.784888124364812
-34.74484357916816
-8.389341883957258
-35.2220457644231
-6.0821628353462955
-35.532038887390016
-3.8806475093451027
-35.69813748189222
-1.7967172595332457
-13.33354851807863
33.16325823110307
-15.73706841074032
32.092520786352424
-18.16136074150876
30.785551620907626
-20.568357322157652
29.23230900313601
-22.916137802938565
27.43056398952659
-25.16100379874942
25.387183782887377
-27.26002497456419
23.118742417634223
-29.17378871331249
20.651277556068635
-30.869011912488745
18.01913749693395
-32.3206677054651
15.263015811421013
-33.51334982891419
12.42741307881893
-34.441727178548945
9.5578575813404
-35.11009596734529
6.698236615004525
-35.53117625843052
3.8885378073418053
-35.724392017860964
1.163197120429274
-35.71390608133993
-1.4498706838931739
-35.526659269940296
-3.92959205317144
-35.19060447723882
-6.26151492159223
-34.733253621475455
-8.437197725136315
0.7767220685795166
-34.648577673593024
0.7872647854166246
-34.53975298713618
0.7989264429290586
-34.48140978767833
0.8116958231039462
-34.47142677929202
0.8255708404647919
-34.50768247896332
0.8405497476571213
-34.58805541053175
0.8566289407920351
-34.71042415312675
0.8738022331858986
-34.872667356814304
0.8920605721611423
-35.07266374934855
0.9113919205930472
-35.308292137747486
0.9317812127594891
-35.577431409762994
0.9532103533689167
-35.87796053368649
0.9756582530507671
-36.207758556260785
0.9991009095816992
-36.56470460084617
1.0235115639610513
-36.94667786210337
1.0488609997138383
-37.35155759685318
1.0751181482223728
-37.77722310514753
1.102251425565555
-38.22155368843292
1.1302320788086604
-38.68242854641787
1.1590442284358744
-39.15772646419612
1.1887250419069346
-39.6453245655581
1.2196459533300015
-40.143089579069425
1.2487522394184225
-40.64899461781499
0.767380224806999
-34.81000359865166
1.469537819811137
-41.66245655744012
1.665877185059344
-42.16539996224628
1.8667299480897555
-42.667574785069064
2.0718977214132224
-43.16686746763773
2.281207414144774
-43.66116549444129
2.4944675673227152
-44.14835874862132
2.7114574411081094
-44.626339850150515
2.931923381589172
-45.093004268580074
3.1555773733085744
-45.54625036646456
3.3820963895486216
-45.9839794192319
3.6111220791745495
-46.40409562220307
3.842260615841326
-46.80450609298501
4.075082639814184
-47.183120868816616
4.309123269474526
-47.53785289857916
4.54388219011787
-47.86661802723299
4.7788238649056325
-48.16733496481578
5.013377989708147
-48.43792522451389
5.246940518465294
-48.67631298395639
5.478876246967957
-48.88042473981011
5.708526581967362
-49.04818826921354
5.935240636113008
-49.17752847622501
6.158592918108923
-49.26633831554145
6.375457881597015
-49.31286953393132
1.2782412083477936
-41.16084967953336
6.540529499423997
-49.29553818228388
6.4892033743602155
-49.23392323832687
6.432854909331752
-49.13213929178002
6.371767884804797
-48.99211500736325
6.306266641536638
-48.8157735575883
6.236682383333687
-48.60503712321389
6.163344754799596
-48.36182801843333
6.086579036396927
-48.088069065092384
6.00670502594545
-47.78568374319863
5.924036534479399
-47.45659625739876
5.838881140432363
-47.10273157042937
5.751540066018606
-46.72601542014391
5.662308119412785
-46.32837432730429
5.571473679833275
-45.911735598706684
5.479318719570017
-45.47802732510601
5.386118870862788
-45.029178374333554
5.292143563620357
-44.56711837621353
5.197656296215371
-44.09377769303498
5.102915188336567
-43.61108735798251
5.00817420653209
-43.120978939638206
4.913686235794273
-42.625384201549025
4.819712301469792
-42.12623407896635
4.7265584650874075
-41.625454588544216
4.634834105460357
-41.124938186984934
4.541956206767566
-40.626931408204115
6.586825956237078
-49.31501845877159
4.580120125583619
-39.60911492054967
4.7068549731690155
-39.093995219165976
4.830472211274923
-38.589726775366245
4.951280693364652
-38.09822432659698
5.069681256501099
-37.62139014696933
5.186126876940648
-37.161118464441614
5.301112714522901
-36.71929656465508
5.415172800745722
-36.29780515625552
5.528878722878289
-35.89851851606059
5.642839037306317
-35.52330455123683
5.7576989922885105
-35.17402482734201
5.874140401301247
-34.85253457773683
5.99288160399459
-34.56068270111837
6.11467749364499
-34.30031174797571
6.240319615366332
-34.07325789280134
6.3706363653772655
-33.881350884401655
6.506493363864536
-33.726413954962254
6.648794165279924
-33.61026365060971
6.798481692196447
-33.53470949066346
6.956541400315359
-33.50155321607929
7.124009200234184
-33.51258691037759
7.301995231146293
-33.56958736108302
7.491778964856394
-33.67429350513133
7.695474946623108
-33.82824854283034
-1.6357791816987515
-34.99610927460097
13.919534133579589
-32.05966939384848
15.860636116875696
-31.1450807368806
17.768761765149407
-30.09729119824769
19.62687496630423
-28.919917205894848
21.4184624053201
-27.619292176495804
23.128084987656166
-26.20434156666613
24.74188870101608
-24.686327706754724
26.24803972831728
-23.078480074723956
27.63705540677978
-21.39553693136341
28.90201251926419
-19.653231400333368
30.03862592278614
-17.867758248019584
31.04520199523074
-16.055256622491953
31.92248129561392
-14.231339363177739
32.67339208918435
-12.410692225866228
33.302740454520006
-10.60675776840543
33.81686359823618
-8.831509979445343
34.223271235363256
-7.095318040053655
34.53029620131781
-5.406891564291669
29.064037494611114
19.412819389532046
30.157806103595533
17.665858687216144
31.167478987609798
15.816576295003102
32.0793217115567
13.874182882793463
32.88081579290923
11.85022299079327
33.56114565103434
9.758346926032715
34.11163114533355
7.613964325071578
34.52607261954307
5.4337962428481035
34.800981657561465
3.2353528105639953
34.93568043369373
1.0363709633047051
34.93226430974494
-1.1457496815946797
34.79543451776357
-3.294475505870338
34.53221866213232
-5.39459974506272
34.15160497908914
-7.432611216188093
33.6641209641524
-9.396956520579892
33.081387932243786
-11.278191548965196
32.4156807228332
-13.069027332364612
31.67951693733795
-14.76428253440281
30.885293828648003
-16.360759678475574
30.044984264415007
-17.8570645037141
4.450329739993606
-40.13312774713373
32.47219573765767
24.000622523961226
-13.750158998760497
31.445969986094156
-12.70918916372159
31.431894458321523
-11.691581478063995
31.463361030618643
-10.692316115880914
31.538793595317287
-9.706609298056208
31.656599543161462
-8.729919703856154
31.81516674517829
-7.757950070182289
32.01286279710027
-6.786647719720122
32.248034765765624
-5.812204765732957
32.51900908642952
-4.831058195595148
32.824091512352965
-3.8398898992373063
33.16156708683761
-2.835626663853816
33.52970012217082
-1.8154401384164487
33.92673417775583
-0.7767467587725037
34.35089203321806
0.2827923937426249
34.8003756444877
1.3652718615826984
35.27336606639955
2.472542354378561
35.7680232998041
3.606211947951323
36.28248595698366
4.767649084846738
36.814870428219194
5.957991578166627
37.36326837972419
7.178182629708431
37.925736751602585
8.429222959300972
38.50022773927856
9.708793607095032
39.08552665724005
-14.81970195538159
31.50716834152547
11.931826355081
39.71937670946332
12.864861163690591
39.749806667993255
13.817168598768887
39.76845713906977
14.78791868731173
39.773413858870015
15.776178507768918
39.762840395974706
16.780873040773542
39.73498902273391
17.800775382965753
39.688203431612976
18.834503486702715
39.620919639707324
19.880518857570735
39.53166634781604
20.937125965516373
39.41906510208122
22.002471953637894
39.28183036983111
23.074546487430382
39.11876957559275
24.151181677347495
38.92878311247955
25.230052046785318
38.710864334074046
26.308674537730155
38.4640995236723
27.38440856210923
38.18766782521806
28.454456134390227
37.88084109796159
29.51586218450626
37.54298358925175
30.565515359200788
37.17355111317343
31.600150440893287
36.77208858069042
32.6163580400318
36.33822011680769
33.610652463581516
35.871579874092134
34.578554962712644
35.372746561955836
11.019065250514927
39.679083254691676
35.671607756041794
34.62135665361686
35.79573140530766
34.372201083216794
35.89010234280033
34.0957024894775
35.95569435680483
33.79371063908147
35.99352302246973
33.46802855504981
36.00463519502301
33.120423226671164
35.99010638338234
32.752628287035435
35.95103987446748
32.36634490487205
35.88856638413665
31.963242141624846
35.803843897951026
31.54495711207727
35.69805759297708
31.113095064227622
35.572419796807196
30.66922942073063
35.4281699654814
30.214901799891976
35.26657467340743
29.75162202503691
35.08892761097803
29.28086812413369
34.89654959054343
28.804086319864524
34.690788563227045
28.32269100535393
34.47301965531426
27.83806469450522
34.24464524392852
27.351557918281486
34.00709512740349
26.86448899422183
33.76182695328862
26.378143447177536
33.51032750399327
25.893772268430155
33.254117844958216
25.412584951831292
32.99478935951214
24.93570073811307
32.73351580156725
24.464808795164686
35.5168729385677
34.841197718109186
32.06498075468653
23.718630490380605
31.664675590640513
23.441124667718924
31.27278167960219
23.169351201312168
30.890845396666805
22.904495407659056
30.520419140400065
22.647734429672596
30.1630557737372
22.40024475718434
29.82030723605834
22.163204105986637
29.49372408116244
21.937792041648663
29.184855295170735
21.72519022730455
28.895248215258107
21.526582532526533
28.626448492787574
21.34315508401093
28.380000077618774
21.176096286833427
28.157445215584005
21.026596828150076
27.96032445663434
20.895849666613117
27.790176675129658
20.785050005444333
27.64853910876832
20.695395241586056
27.536947428721305
20.62808487180459
27.456935873034183
20.584320316413653
27.410037514433157
20.565304564681014
27.397784849705033
20.572241393181116
27.42171127419465
20.606333411670988
27.483355504884685
20.668776200573262
27.58427927253865
20.760734862279605
27.726191162452835
20.883179881895785
-4.150888934957209
-34.78754890676748
-4.150888934957209
-34.78754890676748
-6.749147799263341
-34.37808083466541
-9.400764175215159
-33.74950474915272
-12.07100324958023
-32.88912158206287
-14.721550338960952
-31.79118421054065
-17.312362157461678
-30.45793089525253
-19.803843730145445
-28.900020958523015
-22.15911648229809
-27.1362671459255
-24.34611132551734
-25.192663638778015
-26.339240728977643
-23.100818940289884
-28.1204722672513
-20.89599189696054
-29.6797253468267
-18.614976261817333
-31.014617495227128
-16.294076823061886
-32.12967284308115
-13.967374874602001
-33.03515793794202
-11.665409461579856
-33.74572499078087
-9.414323275609206
-34.27902610289834
-7.235454880510531
-34.654425465097745
-5.145311805427923
-34.89189228607427
-3.1558343727265594
-17.05414975296864
30.60325822677072
-19.213015451123
29.296134133465443
-21.35682646456928
27.772097530675694
-23.45080278341416
26.02812491718342
-25.45818937425713
24.068320084200963
-27.34212302106718
21.904605602291014
-29.06775012479727
19.556823376342066
-30.604369770141176
17.05215496245441
-31.927345116926688
14.423871591072526
-33.019544346677634
11.709531546090119
-33.8721395658352
8.948832277100337
-34.48469306169318
6.181373822371654
-34.86457013186845
3.444588133742002
-35.02581036793694
0.7720401287570269
-34.98764633401177
-1.8077726342665699
-34.77287381057215
-4.272082026964824
-34.406256619644665
-6.604009639169874
-33.91310429467924
-8.792314541080657
-33.318107128947986
-10.83084369913243
-32.64446254342644
-12.71780260665804
10.005868552900154
-33.48818338818688
21.054044447636162
-29.356490921280994
21.201660922737663
-29.74698519566249
21.3344926130152
-30.120776118172458
21.45296278107236
-30.478126207556755
21.557490289911545
-30.819300810740316
21.648489557089132
-31.144568135210335
21.726370543138522
-31.454199257894118
21.79153874702504
-31.748468128090266
21.844395203774297
-32.02765156881962
21.88533648315773
-32.29202927813719
21.91475468819462
-32.54188382969511
21.93303745398313
-32.777500673782086
21.940567945889086
-32.99916813768546
21.937724858264612
-33.20717742735033
21.924882412016867
-33.40182262808591
21.902410352149758
-33.58340070631772
21.87067394423118
-33.752211511263624
21.83003397018384
-33.90855777779905
21.780846722217696
-34.05274512969427
21.72346399456949
-34.18508208421849
21.658233071971196
-34.30588005884175
21.585496712911066
-34.415453380910776
21.505593124487273
-34.51411930178213
21.41885592391992
-34.602198018919665
21.325614077098468
-34.68001271110819
21.226191796194016
-34.747889596817174
21.120908360656596
-34.80615803620739
21.010077785383697
-34.855150721114626
20.894008156703563
-34.8952040539541
20.773000172295653
-34.92665898198095
20.647343490584944
-34.949863081620805
20.517305780632782
-34.96517681347595
20.38308892028352
-34.972998538786584
20.24452238643554
-34.97393963798183
20.10518343782679
-34.966471294022995
20.891215840867424
-28.94903337671076
19.627139276161664
-34.98871170935686
19.289133322650223
-35.019316952264774
18.949654212129126
-35.04426194217862
18.60913662176595
-35.06383486538542
18.2679372081515
-35.07836645076409
17.92638106738545
-35.088203434262255
17.584773349541752
-35.09370192531054
17.243403129402477
-35.09522519563424
16.90254495415797
-35.093142795252845
16.5624595458986
-35.08783015056795
16.2233941521863
-35.0796683643739
15.885582733071576
-35.069044107430216
15.549246066959526
-35.05634955812758
15.214591811767214
-35.04198236615926
14.881814540435975
-35.02634563055949
14.551095760431519
-35.00984788710241
14.222603921153116
-34.99290310059982
13.896494411565708
-34.975930662239705
13.572909546989461
-34.95935539076919
13.251978541792774
-34.94360753837094
12.933817460426091
-34.929122802784065
12.618529131811627
-34.916342349752995
12.306202996606707
-34.905712854824856
11.996914820615984
-34.89768658158323
11.690726119478683
-34.89272153956162
11.387682891322903
-34.89128183365506
11.087812445962975
-34.89383853695753
10.79111389137227
-34.90087231249447
10.497520076742468
-34.91288389929201
10.206631190978186
-34.93046751786508
9.921313683528034
-34.95331920303968
19.96283415009478
-34.952386319743454
9.668712718649125
-34.89605657552252
9.699538470376346
-34.81758204765765
9.732352753232554
-34.74743574068057
9.767397039884159
-34.68601749852289
9.804858498777506
-34.63374206990764
9.844910508391997
-34.591027944427594
9.887722787571683
-34.55829456159597
9.933464773993421
-34.53596137928213
9.982306977863686
-34.5244475006528
10.034421600040012
-34.524171504063816
10.089982844225148
-34.535551356150364
10.149167089572757
-34.55900436454081
10.212152994565933
-34.594947148250725
10.279121566685994
-34.64379561796068
10.350256215805828
-34.70596496085261
10.42574280196964
-34.78186962560889
10.505769686629577
-34.871923307181305
10.590527795266155
-34.97653892637669
10.680210703394252
-35.09612860286859
10.775014763134948
-35.23110361412208
10.875139301421285
-35.381874331562926
10.980786946756211
-35.54885011472794
11.092164198268918
-35.73243912665754
11.209482480729633
-35.9330479929516
11.332960251968672
-36.15108111789857
11.462827638567134
-36.38693918344117
11.599338022628828
-36.64101539362673
11.742802801962355
-36.913684212018865
11.893730428119767
-37.20525630759957
12.053799672705992
-37.515663181704895
18.74715672469732
-29.846289435034052
20.471050990793074
-34.098489838003616
23.262728796633084
-32.25858624977826
25.995023358748156
-30.100327215467672
28.608122981531082
-27.628721240290474
31.041870804178345
-24.863089005125346
33.24014796302224
-21.837204521102848
35.15523875242242
-18.597852729825064
36.75151060214132
-15.201888249845098
38.00783684510496
-11.712184947991886
38.918431550647014
-8.19308388445333
39.49208006996352
-4.706012074748145
39.750040251998215
-1.3058475656094402
39.72307946698743
1.9616053526351607
39.44816925790467
5.060916922830302
38.96529838042866
7.967211558898697
38.31473201065381
10.665469931131241
37.534891566441544
13.149252944390469
36.66089519910628
15.419134252617141
-9.933898731914567
38.51088928970805
-6.987275598306198
39.1528915613317
-3.8305310631290723
39.58658825504526
-0.49202241659389756
39.76844039991579
2.9881433890836036
39.659071307663794
6.558910141675412
39.22692488143204
10.16042988209341
38.45174381625819
13.727502118617465
37.32729059928457
17.19394062691586
35.86278493951883
20.4972811663922
34.08272880339763
23.5831384986257
32.02509198198692
26.40858544073454
29.738149789781943
28.94414077296345
27.27650367651546
31.174244649218494
24.696910909074376
33.09637895017771
22.05449247401353
34.719184274446135
19.39972116338629
36.06000512573546
16.776381261524136
37.1422716743693
14.220499033698815
37.99303645270082
11.760107100015347
38.64086870596974
9.415636120204198
9.639296130715493
-34.98255252715262
-12.463584832156094
34.07864528326013
-35.12938046742559
6.756106114204016
-35.029964790157635
7.5436752399511136
-34.89856550140544
8.342170080371318
-34.73650316295864
9.150410948516509
-34.54507369844744
9.967253989403105
-34.32554848575785
10.791590636292284
-34.079174381192395
11.62234747464339
-33.807173727653705
12.458486196409552
-33.51074435830743
13.299003581428224
-33.1910595991928
14.142931488826434
-32.84926827064354
14.989336852248272
-32.486494689069765
15.837321677092518
-32.10383866804433
16.68602303823164
-31.70237552075715
17.534613078616616
-31.283156061654992
18.382299007391595
-30.847206609333668
19.228323098227918
-30.39552898968717
20.0719626870669
-29.92910054065289
20.912530169646374
-29.448874118012135
21.74937299791813
-28.955778103523222
22.581873675239137
-28.450716416577464
23.409449749754913
-27.93456853104697
24.23155380483334
-27.408189500161775
25.047673444624138
-26.872409995091015
25.857331272079904
-26.32803636645836
26.66008485387789
-25.775850746516237
27.455526661902525
-25.216611227763597
28.24328397091932
-24.651052194949767
29.023018669188218
-24.079884988160565
29.794426879093407
-23.50379936195108
30.557238123340255
-22.92346713209018
31.311213239637368
-22.33955311694542
32.05613812688787
-21.752758900277644
32.791798727446405
-21.16412917248666
33.517805906830404
-20.570935188479883
34.235948683280725
-35.19546668633225
5.9806820252292425
-19.736007645902315
34.95108114994463
-19.49428117617773
34.9511241743148
-19.25086981085484
34.94549224833534
-19.00597489428643
34.934597225265634
-18.75985416080166
34.918817803133095
-18.512775315321818
34.89852606056192
-18.265004429128734
34.874094090582474
-18.016802072287724
34.845896211448405
-17.76842176742005
34.814309850944625
-17.520109287471346
34.77971594769775
-17.272102305859335
34.74249915214554
-17.024630208678975
34.703047933234956
-16.777913989420224
34.66175464002575
-16.532166187316186
34.61901553726673
-16.28759085130873
34.57523082669621
-16.04438352042879
34.530804660131
-15.802731215195818
34.4861451456691
-15.562812439000707
34.44166434984314
-15.324797189577792
34.397778295135225
-15.08884698369262
34.35490695227179
-14.855114901710685
34.31347422470145
-14.623745665861133
34.27390792041055
-14.394875780666368
34.23663970147382
-14.168633795962315
34.202104988016885
-13.945140835240082
34.170742765055735
-13.724511760309365
34.1429951572938
-13.506858084092372
34.119306363360465
-13.292296711726443
34.10011945959354
-13.080984906277461
34.085863611923514
-12.873365052512867
34.07686455827988
-12.666858602160879
34.07455373277847
-19.976229205176306
34.94473241407124
-12.40844738736498
34.0191028163749
-12.356719119987602
33.96694350532172
-12.308143473297498
33.92274053224196
-12.262775118159482
33.88695323182375
-12.220719396299373
33.86002238490411
-12.182095096398477
33.84238383200292
-12.14702514671989
33.83447187778202
-12.11563351057356
33.836720425858914
-12.08804394240142
33.84956343375396
-12.064379419805753
33.8734351209161
-12.044761855976418
33.90877007309621
-12.02931194095747
33.95600330082587
-12.018149045239106
34.015570273859055
-12.011391154897133
34.08790694461348
-12.009154821521989
34.173449766376905
-12.011555116209223
34.27263570874953
-12.018705580332103
34.385902275220445
-12.030718163982058
34.5136875234835
-12.04770314173922
34.65643009443417
-12.069768987689805
34.81456925394136
-12.09702217981355
34.98854495880963
-12.129566876993735
35.17879796514433
-12.167504356249033
35.38577001695339
-12.21093197005328
35.6099041969492
-12.259941061812022
35.851645625073985
-12.31461238239018
36.11144299774938
-12.375004631578705
36.38975243221307
-12.441120084925004
36.687049002779275
-12.512767100917742
37.00387288133527
-12.588597674445069
37.34115232547171
16.718708107880914
-31.028078856153286
16.718708107880914
-31.028078856153286
14.548261518728015
-32.10303669565991
12.248584604403643
-33.048888838945174
9.83690703427951
-33.845119859429246
7.334565354788348
-34.47406313964932
4.766335618157797
-34.921897472435106
2.1594888042574887
-35.17944693147514
-0.4573581305248844
-35.24269714197017
-3.0554939751201715
-35.112972458454635
-5.607352566799371
-34.79675955447286
-8.087628813121931
-34.305205705276705
-10.474181374835531
-33.65335648679397
-12.74866419803351
-32.859221528605445
-14.89686577680336
-31.942765508454244
-16.908769231441873
-30.92491554358773
-18.77837279515837
-29.826659106682484
-20.503326487847836
-28.668283541797663
-22.084446539362453
-27.468784089402845
-23.525166304766614
-26.24544586463074
-35.05504514751252
3.660695016803203
-35.22097681882263
1.3189655902062896
-35.22839887041087
-1.1030826475941922
-35.062952357118384
-3.5841666120083744
-34.713824778275665
-6.09977438626737
-34.17457178630482
-8.622964775695635
-33.44371724974468
-11.125405827174092
-32.525054487988946
-13.57857536170637
-31.427602839951383
-15.95501983810955
-30.16521457719582
-18.22955588630512
-28.755869959226864
-20.380304737373848
-27.220734710690415
-22.38947252863281
-25.583077729799605
-24.243824206820605
-23.86715407696346
-25.934838240611327
-22.09714978157885
-27.458566055616586
-20.296264504851344
-28.815248141379953
-18.485981122903937
-30.00875505954602
-16.685543466601075
-31.04592594084376
-14.911639214760505
-31.935871590251082
-13.178266917081196
-32.68929732133061
14.925229972943555
-36.864731765670456
3.5938873021441484
3.609479380607011
3.6235210931284705
3.636120524464799
3.647374937062862
3.6573724161770396
3.66619315843605
3.6739105383934767
3.680592328107936
3.5938873021441484
3.6908270474010685
3.694440670566749
3.6971924392542177
3.699130549241911
3.700300789788961
3.700746908094098
3.7005109370048084
3.6996334913357702
3.698154037279299
3.696111138609127
3.6935426827311253
3.6904860890359754
3.68697850152705
3.683056967248871
3.6787586016615528
3.674120741787591
3.669181087549925
3.663977831538311
3.6585497770747026
3.6529364442721697
3.64717816353684
3.6413161564753134
3.635392581905499
3.686300560888029
3.6234848610993295
3.6175934534532295
3.6118227435991597
3.6062200648392295
3.600833714833223
3.59571287909539
3.590907527615486
3.5864682836359942
3.5824462637628915
3.5788928889211356
3.5758596662513256
3.573397942498646
3.571558630284615
3.570391909281393
3.5699469051919817
3.570265401598417
3.5713310622042065
3.573094841500218
3.5755061890522755
3.5785137137463763
3.5820654980343973
3.5861093862737903
3.5905932385040913
3.5954653288827303
3.629450646242705
3.606071042090113
3.611702707497447
3.617519937901516
3.623474620870814
3.62951968454789
3.635609135037781
3.6416980701038053
3.6477426715350556
3.6537001780202667
3.659528840170866
3.665187859245626
3.670637310860233
3.675838054890962
3.6807516325076017
3.685340151034775
3.6895661571593426
3.693392498668466
3.696782174696084
3.699698174125102
3.7021033014942075
3.7039599894355826
3.7052300962471048
3.7058746868778103
3.7058537950334056
3.705126163678674
3.70364896045103
3.7013774639380737
3.6982647156879356
3.6942611319143848
3.68931406747894
3.6833673231046977
3.676360584881084
3.668228782499904
3.6589013496157965
3.6483013656590053
3.636344553288911
3.6229380989602906
3.6079792550927974
3.5913536693582455
3.572933355991251
3.55262432259897
3.55262432259897
3.55262432259897
3.55262432259897
3.55262432259897
3.5526243225989704
3.5526243225989704
3.5526243225989704
3.5526243225989695
3.55262432259897
3.552624322598971
3.55262432259897
3.55262432259897
3.5526243225989695
3.5526243225989704
3.5526243225989695
3.5526243225989695
3.5526243225989695
3.55262432259897
3.55262432259897
3.5526243225989704
3.5526243225989695
3.5526243225989704
3.55262432259897
3.55262432259897
3.5526243225989704
3.5526243225989695
3.55262432259897
3.5526243225989704
3.5526243225989695
3.55262432259897
3.55262432259897
3.55262432259897
3.552624322598971
3.5526243225989704
3.55262432259897
3.5526243225989704
3.55262432259897
3.5526243225989695
3.55262432259897
3.5938873021441484
3.6093469462325074
3.6232896411599214
3.635823123547607
3.6470446296704635
3.657042251119339
3.665896186462313
3.673679830274533
3.6804603646726832
3.5938873021441484
3.6906880712960337
3.6941747508255474
3.6968116321220093
3.6986469225939103
3.6997264203373446
3.700093879928703
3.6997913404658593
3.6988594219962163
3.6973375949701297
3.695264426463524
3.6926778062373855
3.6896151550945104
3.6861136175089126
3.6822102400540118
3.677942136774871
3.673346642329693
3.6684614533162603
3.6633247580116426
3.657975354369485
3.6524527558725164
3.646797284205082
3.6410501443451544
3.6352535833946757
3.686300560888029
3.6109489668238828
3.5932814116116534
3.5765572404748367
3.5608855587284793
3.546374357667024
3.533129436679026
3.521253265915849
3.510843825746195
3.501993460768322
3.4947877879869043
3.4893046986961997
3.485613490729198
3.4837741625066005
3.4838368924619187
3.4858417180032797
3.489812469103259
3.4957064231029804
3.503440336281245
3.5129224275405733
3.524053944380732
3.5367304600242933
3.5508431779372467
3.566280125750248
3.582929434967232
3.629450646242705
3.6055606749758256
3.6107062730920294
3.616061838375969
3.621579342796975
3.6272117924711034
3.632913266656696
3.638638931822743
3.6443450341165327
3.6499888722575475
3.655528752552833
3.6609239276037755
3.6661345199943547
3.6711214321729533
3.675846243464264
3.6802710949111357
3.684358562464409
3.688071518705563
3.691372983080046
3.6942259602886645
3.696593266186021
3.6984373402122706
3.699720042961827
3.700402437167779
3.700444549808793
3.6998051126153166
3.698441277489275
3.6963083027900243
3.6933592053551934
3.689544372218143
3.684811124603844
3.6791032251571405
3.672360317461164
3.6645172842834675
3.655503507936904
3.64524201206908
3.6336484590320595
3.6206299701935767
3.6060837272718014
3.5898952981438526
3.5719365830108867
3.5719365830108867
3.576363511232651
3.576363511232651
3.576363511232651
3.576363511232651
3.576363511232651
3.576363511232651
3.576363511232651
3.576363511232651
3.576363511232651
3.576363511232651
3.5763635112326515
3.576363511232651
3.576363511232651
3.576363511232651
3.576363511232651
3.576363511232651
3.576363511232651
3.576363511232651
3.576363511232651
3.576363511232651
3.576363511232651
3.5763635112326515
3.5763635112326515
3.576363511232651
3.576363511232651
3.576363511232651
3.5763635112326515
3.5763635112326515
3.5763635112326515
3.576363511232651
3.576363511232651
3.5763635112326515
3.576363511232651
3.5763635112326515
3.5763635112326515
3.5763635112326506
3.576363511232651
3.576363511232651
3.5763635112326515
3.5455078774163153
3.542370614292783
3.5406886792442727
3.5404079234079435
3.54146808308541
3.543803603108394
3.547344490910141
3.5520171786196855
3.5577453723528483
3.5644508702867395
3.5720543342409585
3.5804760025498705
3.589636335315222
3.5994565863217667
3.609859298602866
3.6207687232719734
3.632111163255009
3.6438152452561794
3.6558121245700246
3.668035628085431
3.680422341388828
3.6929116446366517
3.7054457511474124
3.550147733199488
3.730222087882534
3.7423798173442058
3.7543953996610386
3.7662237949932273
3.7778221112789088
3.7891494435329363
3.800166701298962
3.8108364289732743
3.821122621055215
3.830990533667183
3.840406493052025
3.849337701501084
3.8577520406970516
3.8656178721744636
3.872903834291239
3.879578634763566
3.8856108375478913
3.890968642450298
3.895619655531368
3.8995306476910088
3.9026672972278944
3.90499389936608
3.906473434289802
3.71796952145576
3.906558980480194
3.905194378412588
3.9030120402578663
3.9000460482494637
3.896329010212669
3.891892313103224
3.886766359325763
3.880980788556135
3.874564687680968
3.867546791010912
3.859955672739122
3.8518199332174112
3.8431683803745496
3.834030207384841
3.824435167389385
3.8144137458856595
3.8039973311200703
3.7932183825903305
3.7821105974600076
3.7707090744606764
3.7590504745136295
3.7471731770437646
3.7351174310627715
3.722925503590486
3.7106417004035404
3.9070700185065506
3.685700458596064
3.6731647394496716
3.660759751772744
3.648542073484504
3.636570816702193
3.6249075939768214
3.613616437872988
3.6027636712757665
3.592417724012741
3.582648891265066
3.573529030016961
3.565131190681459
3.5575291824540374
3.5507970726283045
3.5450086221383077
3.5402366619314454
3.536552417253753
3.534024789682437
3.532719609291257
3.532698871775367
3.534019977313315
3.5367349885121397
3.5408899199885187
3.54652401459039
3.556328095452599
3.5539484849661616
3.553948484966162
3.553948484966162
3.5539484849661616
3.5539484849661616
3.553948484966162
3.553948484966162
3.553948484966162
3.553948484966161
3.553948484966162
3.553948484966161
3.553948484966161
3.5539484849661616
3.553948484966161
3.5539484849661616
3.5539484849661624
3.553948484966162
3.5539484849661616
3.5539484849661616
3.5539484849661624
3.5539484849661616
3.5539484849661616
3.5539484849661624
3.553948484966162
3.5539484849661616
3.5539484849661616
3.5539484849661624
3.5539484849661616
3.5539484849661624
3.5539484849661616
3.553948484966161
3.553948484966161
3.5539484849661624
3.5539484849661624
3.553948484966162
3.5539484849661624
3.5539484849661624
3.5539484849661616
3.6983128336604034
3.698312833660404
3.53575098510042
3.523535725546647
3.5134958133904406
3.505616518097522
3.499874783052509
3.496239506641207
3.494671860507384
3.495125641366106
3.497547652572982
3.5018781132123897
3.508051094203758
3.5159949817875478
3.525632969092991
3.5368835760987025
3.549661197012332
3.563876672584539
3.5794378828558355
3.596250353793677
3.614217869074961
3.6332430747087314
3.6532280517495197
3.6740747135211294
3.6956888338094593
3.5501477331994877
3.7250390193089955
3.7324129963105808
3.740057425517563
3.747939551600804
3.756027777136163
3.7642914193799313
3.7727004497917167
3.781225232043372
3.789836264007557
3.7985039270054615
3.8071982444309653
3.8158886512810968
3.8245437753531935
3.8331312302834872
3.841617419979486
3.8499673533407655
3.8581444675801406
3.8661104577431677
3.8738251093804577
3.881246130142255
3.888328972784488
3.8950266140663574
3.9012901639043114
3.71796952145576
3.9062097291244755
3.9045235627529986
3.902047426648259
3.8988154590890143
3.894860316054272
3.8902134269278084
3.8849052313401624
3.878965401152154
3.872423050448907
3.8653069357704726
3.857645648573778
3.849467801507199
3.840802209825905
3.8316780690577015
3.822125129722219
3.812173869718785
3.801855664716275
3.7912029566485392
3.7802494201098438
3.7690301262050054
3.7575817030237695
3.7459424914826056
3.734152694460083
3.7222545113595293
3.7102924245874127
3.90707001850655
3.685976173597608
3.6736943090740857
3.661521232440493
3.6495134807118412
3.637730134599052
3.626232780054039
3.6150854266839905
3.6043543776766302
3.594108046275489
3.584416714129371
3.575352227715727
3.5669876299570755
3.5593967255747416
3.5526535804117976
3.5468319569906903
3.5420046909138247
3.538243015198997
3.535615842407026
3.5341890170002177
3.534024552896276
3.535179873408955
3.537707072433743
3.541652216958837
3.5470547129538534
3.556328095452598
3.556328095452598
3.5563280954525984
3.5563280954525984
3.5563280954525984
3.5563280954525984
3.5563280954525984
3.5563280954525984
3.5563280954525984
3.556328095452599
3.5563280954525984
3.5563280954525984
3.5563280954525984
3.556328095452599
3.5563280954525984
3.5563280954525984
3.5563280954525984
3.556328095452598
3.556328095452599
3.556328095452599
3.5563280954525984
3.5563280954525984
3.556328095452598
3.556328095452598
3.5563280954525984
3.5563280954525984
3.556328095452599
3.556328095452598
3.556328095452599
3.5563280954525984
3.556328095452599
3.556328095452599
3.556328095452598
3.5563280954525984
3.5563280954525984
3.5563280954525984
3.556328095452599
3.5563280954525984
3.556328095452599
3.5563280954525984
3.5539484849661616
3.5870084106757565
3.598116100521267
3.608509539146711
3.6182221485403696
3.6272850269386057
3.635727176480254
3.6435757050829385
3.6508560060041324
3.657591918075139
3.6638058691447126
3.6695190048476896
3.6747513045706377
3.679521686153957
3.683848100747552
3.687747618922514
3.691236509113748
3.6943303092387816
3.6970438922944475
3.699391526570493
3.7013869310852563
3.7030433267610277
3.704373483786651
3.7053897655581403
3.7061041695626065
3.706528365506923
3.706673730957989
3.706551384735353
3.7061722182799786
3.705546925140372
3.7046860287352277
3.703599908387008
3.7022988233932295
3.700792933101175
3.6990922946071345
3.697207374393048
3.5751504662477536
3.691819090456498
3.6883864687036
3.684860120343746
3.6812504476613723
3.677567875095032
3.6738228740447543
3.6700259791659455
3.6661878021090932
3.6623190439049753
3.658430506276807
3.654533101994334
3.6506378642140382
3.646755954862385
3.6428986719498737
3.6390774557960204
3.6353038941234224
3.631589725913452
3.627946843999878
3.6243872963054464
3.6209232856546465
3.61756716807772
3.6143314495293004
3.6112287809584873
3.6082719516105937
3.6054738804723856
3.602847605726115
3.6004062718396916
3.5981631133297336
3.596131430255217
3.594324511874535
3.5927567570155388
3.695147518524864
3.589356171289355
3.5874942455022985
3.585867956927155
3.584490930899364
3.5833766882637836
3.582538609663744
3.581989899532534
3.5817435489748495
3.581812297595373
3.5822085944386854
3.5829445582338293
3.5840319372663667
3.585482069099018
3.5873058404919163
3.589513647832563
3.5921153583689467
3.5951202726429154
3.5985370883960415
3.602373866347594
3.6066379981211347
3.6113361766717564
3.616474369490473
3.622057794863386
3.628090901464497
3.6345773514076196
3.6415200069998983
3.648920921104232
3.6567813308373114
3.6651016522223774
3.673881456036823
3.562342533718231
3.6831501725567266
3.6831501725567266
3.683150172556727
3.683150172556726
3.683150172556726
3.6831501725567266
3.683150172556726
3.683150172556726
3.6831501725567266
3.6831501725567266
3.6831501725567266
3.683150172556727
3.6831501725567266
3.683150172556726
3.6831501725567266
3.683150172556726
3.6831501725567266
3.683150172556726
3.683150172556726
3.683150172556726
3.683150172556726
3.6831501725567266
3.6831501725567266
3.683150172556726
3.683150172556727
3.6831501725567266
3.683150172556727
3.683150172556727
3.683150172556726
3.683150172556726
3.683150172556727
3.683150172556726
3.6831501725567266
3.6831501725567266
3.6831501725567266
3.683150172556726
3.683150172556726
3.6831501725567266
3.5914400482485402
3.5914400482485402
3.5771976436358104
3.57886987192008
3.5802294670280284
3.5813361997511466
3.582247364948498
3.583017802877438
3.583699880760295
3.584343441054716
3.584995722894534
3.585701263273827
3.5865017846257947
3.587436075597091
3.588539871733622
3.589845742745965
3.5913829925877363
3.5931775782270354
3.595252052230935
3.5976255335178577
3.600313709583649
3.603328872459824
3.6066799894815285
3.6103728087520865
3.61440999804149
3.618791314819003
3.623513804173009
3.6285720206214727
3.63395826927298
3.6396628614851694
3.645674380037667
3.6519799491324005
3.658565505277236
3.665416067910292
3.672516021817776
3.6798495525300283
3.6873971204622293
3.5751504662477536
3.6923325252141366
3.6893817266343336
3.6863051562609366
3.6831129429844256
3.67981527808799
3.6764224231697673
3.6729447224187717
3.6693926151790146
3.6657766479960365
3.6621074858799387
3.6583959227171285
3.654652890704404
3.65088946883188
3.6471168902882396
3.6433465487612704
3.639590003588086
3.6358589836457558
3.6321653899578585
3.628521296922259
3.6249389520945376
3.6214307744449714
3.61800935101804
3.6146874319426403
3.611477923697567
3.608393880600604
3.605448494533053
3.6026550829658883
3.6000270759320707
3.5975780050389163
3.595321523261281
3.593270643869575
3.695147518524864
3.589375295435635
3.587531252853772
3.585921613517774
3.5845600039380012
3.5834599451879607
3.5826348178841405
3.5820978263499414
3.5818619615545835
3.581939962964697
3.5823442794947344
3.5830870297568516
3.5841799619358925
3.5856344135117935
3.587461271181013
3.5896709312873787
3.59227326105599
3.5952775610274017
3.5986925289644685
3.6025262256316264
3.6067860427233933
3.6114786732945614
3.6166100849694254
3.622185496209336
3.6282093559210233
3.634685326539448
3.6416162708492754
3.649004242517053
3.6568504802981274
3.6651554047230954
3.6739186081546724
3.5623425337182315
3.5623425337182315
3.562342533718231
3.562342533718231
3.5623425337182315
3.562342533718231
3.562342533718231
3.562342533718231
3.5623425337182315
3.562342533718231
3.5623425337182315
3.5623425337182315
3.562342533718231
3.562342533718231
3.562342533718231
3.562342533718231
3.562342533718231
3.562342533718231
3.562342533718231
3.562342533718231
3.562342533718231
3.562342533718231
3.562342533718231
3.562342533718231
3.562342533718231
3.562342533718231
3.562342533718231
3.562342533718231
3.5623425337182315
3.562342533718231
3.562342533718231
3.562342533718231
3.562342533718231
3.562342533718231
3.5623425337182315
3.562342533718231
3.562342533718231
3.562342533718231
3.5623425337182315
3.5623425337182315
3.6831501725567266
20.05467569386387
0.0
0.0
0.0
0.0
0.0
0.0
0.0
0.0
20.05467569386387
0.0
0.0
0.0
0.0
0.0
0.0
0.0
0.0
0.0
0.0
0.0
0.0
0.0
0.0
0.0
0.0
0.0
0.0
0.0
0.0
0.0
0.0
0.0
0.0
0.0
0.0
0.0
0.0
0.0
0.0
0.0
0.0
0.0
0.0
0.0
0.0
0.0
0.0
0.0
0.0
0.0
0.0
0.0
0.0
0.0
0.0
0.0
0.0
0.0
0.0
0.0
0.0
0.0
0.0
0.0
0.0
0.0
0.0
0.0
0.0
0.0
0.0
0.0
0.0
0.0
0.0
0.0
0.0
0.0
0.0
0.0
0.0
0.0
0.0
0.0
0.0
0.0
0.0
0.0
0.0
0.0
0.0
0.0
0.0
0.0
0.0
0.0
0.0
0.0
0.0
0.0
0.0
0.0
0.0
0.0
0.0
0.0
0.0
0.0
0.0
0.0
0.0
0.0
0.0
0.0
0.0
0.0
0.0
0.0
34.20431536443551
37.65977107511871
41.28799957133603
49.09776140944401
53.29788942237768
57.70802383595798
67.20083816118962
77.66666595475792
0.0
0.0
0.0
0.0
0.0
0.0
0.0
0.0
0.0
0.0
0.0
0.0
51.16605996005343
51.96321502659737
48.39977787170169
37.171807732367704
53.95949909258189
50.061278961241605
42.176547003755005
42.506115179599256
51.24745446437495
51.16605996005343
39.26822097037292
47.56619494447563
39.50942005493926
52.18799594576972
43.627799143904404
43.64383354296624
47.83410641232144
43.58999030688746
52.1197094754846
52.01176846384063
47.49504425398115
47.34980602295886
47.184298831428265
51.33720963057272
42.6876759295441
42.49195501356882
42.28487999390425
42.06823235221045
41.84379323976367
37.795129670504316
41.37866484501114
37.36661422973628
37.15064292298357
47.193120448238766
36.25859514270246
39.2224596702948
35.03279890447805
34.488055699538556
37.42513283074083
33.54396379151054
33.147946190405854
32.80468430934417
32.51563187674792
32.28217698306365
32.105655308468265
28.909755017753547
28.85662936217745
28.85843959402519
25.98462751203104
26.08801111975777
26.24222668051539
26.445968628996233
23.829158398125898
24.095894912838194
24.40329114181473
24.750129565668374
22.253261106096502
22.626864016355107
36.93568437562711
20.29015313424416
20.3948271823255
20.504346016619706
20.617791516639894
20.73424784908857
20.852801271447188
20.97253989381301
21.092553430934803
21.211932950942
21.329770622246027
21.445159460145423
21.557193072107644
21.664965402998327
21.767570480095564
21.86410215749354
25.04231517824046
25.135469029743025
25.21859002027592
25.290640813601588
25.35058241881177
25.39737389961782
25.429972083370934
28.742877091492204
28.744087555444587
28.725713391956905
28.68656295844906
28.625440455000454
28.541145599947967
28.43247330706771
28.298213364055073
28.137150111365173
31.31269834152076
31.06807236833218
34.263104313906936
33.91331137932537
33.52240597492921
33.088823325996344
32.610989036238436
32.08731848946982
38.39413466755486
38.39413466755486
0.0
0.0
0.0
0.0
0.0
0.0
0.0
0.0
0.0
0.0
0.0
0.0
0.0
0.0
0.0
0.0
85.29625789892579
0.0
74.04314483993882
68.8152177509785
35.02601268426048
42.27986969729046
38.56447951988488
42.27986969729044
42.27986969729047
42.27986969729047
46.1810293835663
46.18102938356628
46.181029383566276
46.181029383566255
50.27724705415593
50.277247054155865
54.57827560827502
59.09435559010017
63.83623957101637
68.81521775097849
74.04314483993882
0.0
85.29625789892579
1.0675649557742235
0.0
0.0
0.0
0.0
0.0
0.0
0.0
0.0
1.0
0.0
0.0
0.0
0.0
0.0
0.0
0.0
0.0
0.0
0.0
0.0
0.0
0.0
0.0
0.0
0.0
0.0
0.0
0.0
0.0
0.0
0.0
0.0
0.0
0.0
0.0
0.0
0.0
0.0
0.0
0.0
0.0
0.0
0.0
0.0
0.0
0.0
0.0
0.0
0.0
0.0
0.0
0.0
0.0
0.0
0.0
0.0
0.0
0.0
0.0
0.0
0.0
0.0
0.0
0.0
0.0
0.0
0.0
0.0
0.0
0.0
0.0
0.0
0.0
0.0
0.0
0.0
0.0
0.0
0.0
0.0
0.0
0.0
0.0
0.0
0.0
0.0
0.0
0.0
0.0
0.0
0.0
0.0
0.0
0.0
0.0
0.0
0.0
0.0
0.0
0.0
0.0
0.0
0.0
0.0
0.0
0.0
0.0
0.0
0.0
0.0
0.0
0.0
0.0
0.0
0.0
0.0
0.0
0.0
1.8314292091832123
1.835028405976524
1.838627602769836
1.84266191270059
1.8466962226313441
1.8507305325620984
1.8547648424928522
1.8587991524236065
0.0
0.0
0.0
0.0
0.0
0.0
0.0
0.0
0.0
0.0
0.0
0.0
0.9294060802398902
0.9294060802398902
1.825033795006069
1.825033795006069
0.9294060802398902
1.8278575517964735
1.8278575517964735
1.8278575517964735
1.8321611130015616
0.9294060802398902
1.8321611130015616
1.83646467420665
1.83646467420665
1.8407682354117378
1.8407682354117378
1.8407682354117378
1.8450717966168262
1.8450717966168262
1.8493753578219143
1.8493753578219143
1.8493753578219143
1.8493753578219143
1.7162549117972334
1.7162549117972334
1.7126557150039217
1.7090565182106097
1.7090565182106097
1.705457321417298
1.705457321417298
1.7018581246239861
1.7018581246239861
1.6982589278306741
1.6946597310373623
1.8321611130015616
1.6910605342440506
1.6874613374507388
1.1655630524923446
1.0071983935866238
1.021595180759871
0.9280160641337631
0.9280160641337631
1.068384739072925
1.068384739072925
1.068384739072925
1.068384739072925
1.13676947814585
1.1511662653190973
1.338324498571313
1.179959839665592
1.1943566268388395
1.2087534140120868
1.2159518075987104
1.2303485947719577
1.2447453819452052
1.2519437755318288
1.2663405627050761
1.2807373498783234
1.295134137051571
1.6946597310373623
1.3167293178114419
1.3239277113980656
1.3311261049846892
1.3455228921579367
1.3527212857445603
1.3594701484802245
1.3720688122496336
1.3783681441343383
1.3909668079037474
1.4035654716731565
1.4161641354425658
1.4224634673272702
1.4350621310966796
1.441361462981384
1.4539601267507933
1.4602594586354978
1.4665587905202024
1.4791574542896115
1.4931047106118993
1.991931380138492
1.521898284958394
1.5290966785450177
1.5362950721316415
1.543493465718265
1.5650886464781362
1.5722870400647597
1.5794854336513835
0.9280160641337631
0.9280160641337631
0.9280160641337631
0.9280160641337631
1.6226757951711255
1.6298741887577493
1.637072582344373
1.6442709759309966
1.6514693695176204
1.658667763104244
1.6730645502774912
1.680262943864115
1.8314292091832123
1.8314292091832123
0.0
0.0
0.0
0.0
0.0
0.0
0.0
0.0
0.0
0.0
0.0
0.0
0.0
0.0
0.0
0.0
1.7205547937611065
0.0
1.7177310369707022
1.7149072801802978
1.7036122530186804
1.6810221986954452
1.6527846307914014
1.6245470628873573
1.5963094949833136
1.5624244134984608
1.5281491014992086
1.3803345624861862
1.259785624717204
1.1863679481666898
1.1411878395202195
1.101655244454558
1.050827622227279
1.0
1.709259766599489
1.7120835233898934
1.7177310369707022
0.0
1.7205547937611065
