20.05467569386387
0.0
0.0
0.0
0.0
0.0
0.0
0.0
0.0
20.05467569386387
0.0
0.0
0.0
0.0
0.0
0.0
0.0
0.0
0.0
0.0
0.0
0.0
0.0
0.0
0.0
0.0
0.0
0.0
0.0
0.0
0.0
0.0
0.0
0.0
0.0
0.0
0.0
0.0
0.0
0.0
0.0
0.0
0.0
0.0
0.0
0.0
0.0
0.0
0.0
0.0
0.0
0.0
0.0
0.0
0.0
0.0
0.0
0.0
0.0
0.0
0.0
0.0
0.0
0.0
0.0
0.0
0.0
0.0
0.0
0.0
0.0
0.0
0.0
0.0
0.0
0.0
0.0
0.0
0.0
0.0
0.0
0.0
0.0
0.0
0.0
0.0
0.0
0.0
0.0
0.0
0.0
0.0
0.0
0.0
0.0
0.0
0.0
0.0
0.0
0.0
0.0
0.0
0.0
0.0
0.0
0.0
0.0
0.0
0.0
0.0
0.0
0.0
0.0
0.0
0.0
0.0
0.0
0.0
0.0
34.20431536443551
37.65977107511871
41.28799957133603
49.09776140944401
53.29788942237768
57.70802383595798
67.20083816118962
77.66666595475792
0.0
0.0
0.0
0.0
0.0
0.0
0.0
0.0
0.0
0.0
0.0
0.0
51.16605996005343
51.96321502659737
48.39977787170169
37.171807732367704
53.95949909258189
50.061278961241605
42.176547003755005
42.506115179599256
51.24745446437495
51.16605996005343
39.26822097037292
47.56619494447563
39.50942005493926
52.18799594576972
43.627799143904404
43.64383354296624
47.83410641232144
43.58999030688746
52.1197094754846
52.01176846384063
47.49504425398115
47.34980602295886
47.184298831428265
51.33720963057272
42.6876759295441
42.49195501356882
42.28487999390425
42.06823235221045
41.84379323976367
37.795129670504316
41.37866484501114
37.36661422973628
37.15064292298357
47.193120448238766
36.25859514270246
39.2224596702948
35.03279890447805
34.488055699538556
37.42513283074083
33.54396379151054
33.147946190405854
32.80468430934417
32.51563187674792
32.28217698306365
32.105655308468265
28.909755017753547
28.85662936217745
28.85843959402519
25.98462751203104
26.08801111975777
26.24222668051539
26.445968628996233
23.829158398125898
24.095894912838194
24.40329114181473
24.750129565668374
22.253261106096502
22.626864016355107
36.93568437562711
20.29015313424416
20.3948271823255
20.504346016619706
20.617791516639894
20.73424784908857
20.852801271447188
20.97253989381301
21.092553430934803
21.211932950942
21.329770622246027
21.445159460145423
21.557193072107644
21.664965402998327
21.767570480095564
21.86410215749354
25.04231517824046
25.135469029743025
25.21859002027592
25.290640813601588
25.35058241881177
25.39737389961782
25.429972083370934
28.742877091492204
28.744087555444587
28.725713391956905
28.68656295844906
28.625440455000454
28.541145599947967
28.43247330706771
28.298213364055073
28.137150111365173
31.31269834152076
31.06807236833218
34.263104313906936
33.91331137932537
33.52240597492921
33.088823325996344
32.610989036238436
32.08731848946982
38.39413466755486
38.39413466755486
0.0
0.0
0.0
0.0
0.0
0.0
0.0
0.0
0.0
0.0
0.0
0.0
0.0
0.0
0.0
0.0
85.29625789892579
0.0
74.04314483993882
68.8152177509785
35.02601268426048
42.27986969729046
38.56447951988488
42.27986969729044
42.27986969729047
42.27986969729047
46.1810293835663
46.18102938356628
46.181029383566276
46.181029383566255
50.27724705415593
50.277247054155865
54.57827560827502
59.09435559010017
63.83623957101637
68.81521775097849
74.04314483993882
0.0
85.29625789892579
