1.0675649557742235
0.0
0.0
0.0
0.0
0.0
0.0
0.0
0.0
1.0
0.0
0.0
0.0
0.0
0.0
0.0
0.0
0.0
0.0
0.0
0.0
0.0
0.0
0.0
0.0
0.0
0.0
0.0
0.0
0.0
0.0
0.0
0.0
0.0
0.0
0.0
0.0
0.0
0.0
0.0
0.0
0.0
0.0
0.0
0.0
0.0
0.0
0.0
0.0
0.0
0.0
0.0
0.0
0.0
0.0
0.0
0.0
0.0
0.0
0.0
0.0
0.0
0.0
0.0
0.0
0.0
0.0
0.0
0.0
0.0
0.0
0.0
0.0
0.0
0.0
0.0
0.0
0.0
0.0
0.0
0.0
0.0
0.0
0.0
0.0
0.0
0.0
0.0
0.0
0.0
0.0
0.0
0.0
0.0
0.0
0.0
0.0
0.0
0.0
0.0
0.0
0.0
0.0
0.0
0.0
0.0
0.0
0.0
0.0
0.0
0.0
0.0
0.0
0.0
0.0
0.0
0.0
0.0
0.0
1.8314292091832123
1.835028405976524
1.838627602769836
1.84266191270059
1.8466962226313441
1.8507305325620984
1.8547648424928522
1.8587991524236065
0.0
0.0
0.0
0.0
0.0
0.0
0.0
0.0
0.0
0.0
0.0
0.0
0.9294060802398902
0.9294060802398902
1.825033795006069
1.825033795006069
0.9294060802398902
1.8278575517964735
1.8278575517964735
1.8278575517964735
1.8321611130015616
0.9294060802398902
1.8321611130015616
1.83646467420665
1.83646467420665
1.8407682354117378
1.8407682354117378
1.8407682354117378
1.8450717966168262
1.8450717966168262
1.8493753578219143
1.8493753578219143
1.8493753578219143
1.8493753578219143
1.7162549117972334
1.7162549117972334
1.7126557150039217
1.7090565182106097
1.7090565182106097
1.705457321417298
1.705457321417298
1.7018581246239861
1.7018581246239861
1.6982589278306741
1.6946597310373623
1.8321611130015616
1.6910605342440506
1.6874613374507388
1.1655630524923446
1.0071983935866238
1.021595180759871
0.9280160641337631
0.9280160641337631
1.068384739072925
1.068384739072925
1.068384739072925
1.068384739072925
1.13676947814585
1.1511662653190973
1.338324498571313
1.179959839665592
1.1943566268388395
1.2087534140120868
1.2159518075987104
1.2303485947719577
1.2447453819452052
1.2519437755318288
1.2663405627050761
1.2807373498783234
1.295134137051571
1.6946597310373623
1.3167293178114419
1.3239277113980656
1.3311261049846892
1.3455228921579367
1.3527212857445603
1.3594701484802245
1.3720688122496336
1.3783681441343383
1.3909668079037474
1.4035654716731565
1.4161641354425658
1.4224634673272702
1.4350621310966796
1.441361462981384
1.4539601267507933
1.4602594586354978
1.4665587905202024
1.4791574542896115
1.4931047106118993
1.991931380138492
1.521898284958394
1.5290966785450177
1.5362950721316415
1.543493465718265
1.5650886464781362
1.5722870400647597
1.5794854336513835
0.9280160641337631
0.9280160641337631
0.9280160641337631
0.9280160641337631
1.6226757951711255
1.6298741887577493
1.637072582344373
1.6442709759309966
1.6514693695176204
1.658667763104244
1.6730645502774912
1.680262943864115
1.8314292091832123
1.8314292091832123
0.0
0.0
0.0
0.0
0.0
0.0
0.0
0.0
0.0
0.0
0.0
0.0
0.0
0.0
0.0
0.0
1.7205547937611065
0.0
1.7177310369707022
1.7149072801802978
1.7036122530186804
1.6810221986954452
1.6527846307914014
1.6245470628873573
1.5963094949833136
1.5624244134984608
1.5281491014992086
1.3803345624861862
1.259785624717204
1.1863679481666898
1.1411878395202195
1.101655244454558
1.050827622227279
1.0
1.709259766599489
1.7120835233898934
1.7177310369707022
0.0
1.7205547937611065
