-20.722182103 40.701633003
-20.0541421176 141.774305544
-19.3737951626 142.829506882
-18.6813057881 143.867446429
-17.9768385442 144.888333601
-17.2605579813 145.892377811
-16.5326286496 146.879788474
-15.7932150991 147.850775003
-15.0424818802 148.805546812
-14.2805935431 149.744313317
-13.5077146378 150.66728393
-12.7240097148 151.574668065
-11.9296433241 152.466675137
-11.1247800159 153.34351456
-10.3095843405 154.205395748
-9.48422084814 155.052528115
-8.64885408891 155.885121075
-7.80364861306 156.703384042
-6.9487689708 157.50752643
-6.08437971233 158.297757653
-5.21064538786 159.074287125
-4.32773054759 159.837324261
-3.43579974173 160.587078474
-2.53501752048 161.323759178
-1.62554843405 162.047575788
-0.707557032636 162.758737717
0.218792133546 163.457454379
1.1533345143 164.143935189
2.09590555941 164.818389561
3.04634071868 165.481026908
4.0044754419 166.132056646
4.97014517887 166.771688187
5.94318537938 167.400130945
6.92343149322 168.017594336
7.9107189702 168.624287773
8.90488326011 169.220420669
9.90575981274 169.80620244
10.9131840779 170.381842499
11.9269915053 170.94755026
12.9470175449 171.503535137
13.9730976464 172.050006544
15.0050672595 172.587173896
16.0427618342 173.115246606
17.0860168201 173.634434089
18.1346676671 174.144945758
19.188549825 174.646991028
20.2474987436 175.140779312
21.3113498726 175.626520025
22.3799386619 176.104422581
23.4531005613 176.574696393
24.5306710205 177.037550876
25.6124854893 177.493195444
26.6983794176 177.941839511
27.7881882551 178.383692491
28.8817474517 178.818963798
29.9788924571 179.247862847
31.0794587211 179.67059905
32.1832816935 180.087381822
33.2901968241 180.498420578
34.4000395627 180.903924731
35.5126453592 181.304103696
36.6278496632 181.699166885
37.7454879246 182.089323715
38.8653955932 182.474783598
39.9874081188 182.855755948
41.1113609511 183.23245018
42.2370895401 183.605075708
43.3644293354 183.973841945
44.4932157868 184.338958307
45.6232843442 184.700634206
46.7544704574 185.059079057
47.8866095761 185.414502274
49.0195371501 185.767113271
50.1530886293 186.117121462
51.2870994634 186.464736261
52.4214051022 186.810167083
53.5558409956 187.15362334
54.6902425932 187.495314448
55.824445345 187.83544982
56.9582847007 188.174238871
58.09159611 188.511891014
59.2242150229 188.848615664
60.3559768891 189.184622234
61.4867171583 189.520120139
62.6162712804 189.855318792
63.7444747052 190.190427609
64.8711628825 190.525656002
65.996171262 190.861213385
67.1193352936 191.197309174
68.240490427 191.534152782
69.3594721121 191.871953622
70.4761157986 192.21092111
71.5902569364 192.551264659
72.7017309752 192.893193683
73.8103733648 193.236917596
74.9160195551 193.582645813
76.0185049957 193.930587746
77.1176651366 194.280952812
78.2133354275 194.633950422
79.3053513182 194.989789992
80.393548258 195.348680936
