129.68056029 4.8080176777
132.025033041 55.2190150773
134.374981659 55.6577992695
136.730256763 56.1227816482
139.090708972 56.6123736076
141.456188907 57.1249865418
143.826547187 57.6590318448
146.201634431 58.2129209107
148.58130126 58.7850651337
150.965398292 59.3738759079
153.353776148 59.9777646272
155.746285446 60.5951426859
158.142776808 61.224421478
160.543100851 61.8640123976
162.947108196 62.5123268388
165.354649462 63.1677761956
167.76557527 63.8287718623
170.179736238 64.4937252329
172.596982986 65.1610477014
175.017166133 65.8291506619
177.440136301 66.4964455087
179.865744107 67.1613436356
182.293840172 67.822256437
184.724275115 68.4775953067
187.156899555 69.125771639
189.591564113 69.7651968279
192.028119409 70.3942822675
194.46641606 71.0114393519
196.906304688 71.6150794752
199.347635912 72.2036140315
201.790260351 72.7754544149
204.234028625 73.3290120195
206.678791354 73.8626982393
209.124399157 74.3749244685
211.570702653 74.8641021012
214.017552463 75.3286425314
216.464799206 75.7669571532
218.912293502 76.1774573608
221.35988597 76.5585545482
223.80742723 76.9086601095
226.254767901 77.2261854388
228.701758603 77.5095419302
231.148249956 77.7571409779
233.594092579 77.9673939758
236.039137092 78.1387123181
238.483234115 78.2695073989
240.926234266 78.3581906122
243.367988166 78.4031733523
245.808346434 78.402867013
248.247159691 78.3556829887
250.684284295 78.2602169721
253.119634069 78.1169093062
255.553155929 77.9272627554
257.984797187 77.6927928474
260.414505157 77.41501511
262.842227152 77.095445071
265.267910486 76.7355982581
267.691502472 76.3369901992
270.112950422 75.9011364221
272.532201651 75.4295524544
274.949203472 74.9237538241
277.363903198 74.3852560589
279.776248141 73.8155746865
282.186185616 73.2162252348
284.593662936 72.5887232315
286.998627414 71.9345842044
289.401026364 71.2553236813
291.800807098 70.5524571901
294.197916929 69.8275002584
296.592303172 69.081968414
298.98391314 68.3173771848
301.372694145 67.5352420985
303.758593501 66.7370786829
306.141558522 65.9244024658
308.52153652 65.098728975
310.898474809 64.2615737382
313.272320702 63.4144522833
315.643021512 62.558880138
318.010524554 61.6963728301
320.374777139 60.8284458873
322.735726582 59.9566148376
325.093320195 59.0823952086
327.447505292 58.2073025281
329.798229186 57.332852324
332.14543919 56.4605601239
334.489082619 55.5919414558
336.829106784 54.7285118473
339.165458999 53.8717868263
341.498086578 53.0232819205
343.826936834 52.1845126577
346.15195708 51.3569945658
348.47309463 50.5422431724
350.790296796 49.7417740054
353.103510892 48.9571025925
355.412684231 48.1897444616
357.717764127 47.4412151404
360.018697893 46.7130301567
362.315432841 46.0067050383
364.607916286 45.323755313
366.896095541 44.6656965085
369.17991791 44.0340441527
