200.497973654 9.162845437
202.587815709 209.654038576
204.678267949 210.108202519
206.769209268 210.525873333
208.860518558 210.907587087
210.952074713 211.253879847
213.043756625 211.565287681
215.135443189 211.842346658
217.227013298 212.085592843
219.318345844 212.295562306
221.409319721 212.472791113
223.499813822 212.617815332
225.589707041 212.731171031
227.67887827 212.813394277
229.767206404 212.865021138
231.854570334 212.886587681
233.940848955 212.878629974
236.025921159 212.841684085
238.10966584 212.77628608
240.191961892 212.682972029
242.272688207 212.562277997
244.351723678 212.414740053
246.428947199 212.240894265
248.504237663 212.041276699
250.577473964 211.816423424
252.648534994 211.566870507
254.717299647 211.293154016
256.783646815 210.995810018
258.847455394 210.67537458
260.908604274 210.332383771
262.966972351 209.967373658
265.022438516 209.580880308
267.074881664 209.17343979
269.124180687 208.745588169
271.170214479 208.297861515
273.212861933 207.830795895
275.252001942 207.344927376
277.287513399 206.840792026
279.319275198 206.318925913
281.347166232 205.779865103
283.371065394 205.224145665
285.390851578 204.652303666
287.406403676 204.064875174
289.417600582 203.462396256
291.424321189 202.84540298
293.426444391 202.214431414
295.42384908 201.570017624
297.41641415 200.912697679
299.404018494 200.243007647
301.386558406 199.561477804
303.364113167 198.868577542
305.336871564 198.164739816
307.305023859 197.450397091
309.268760312 196.725981829
311.228271187 195.991926496
313.183746745 195.248663555
315.135377247 194.49662547
317.083352956 193.736244705
319.027864133 192.967953725
320.96910104 192.192184993
322.90725394 191.409370973
324.842513093 190.61994413
326.775068762 189.824336926
328.705111208 189.022981828
330.632830694 188.216311297
332.558417481 187.404757799
334.482061832 186.588753798
336.403954007 185.768731757
338.324284268 184.94512414
340.243242879 184.118363412
342.161020099 183.288882036
344.077806192 182.457112477
345.993791419 181.623487198
347.909166042 180.788438664
349.824120322 179.952399338
351.738844522 179.115801685
353.653528903 178.279078169
355.568363728 177.442661253
357.483539257 176.606983402
359.399245754 175.77247708
361.315673479 174.93957475
363.233012695 174.108708877
365.151453663 173.280311925
367.071186645 172.454816357
368.992401903 171.632654638
370.9152897 170.814259233
372.840040295 170.000062603
374.766843953 169.190497215
376.695890934 168.385995532
378.6273715 167.586990017
380.561475913 166.793913135
382.498394435 166.00719735
384.438317327 165.227275126
386.381434853 164.454578928
388.327937272 163.689541218
390.278014848 162.932594461
392.231857842 162.184171121
394.189656515 161.444703662
396.151601131 160.714624548
398.11788195 159.994366243
400.08868923 159.284361211
