1.263376815228952 -36.35325654595426
1.548169145528135 -36.91436213855326
1.8401613025478696 -37.424055047014704
2.137346937089177 -37.884102088506616
2.4385694389455637 -38.29623886793179
2.7428584380882057 -38.66219263466974
3.0493468694212424 -38.9836843631498
3.357333207595474 -39.26242096881183
3.66515972702274 -39.50020704362569
1.263376815228952 -36.35325654595426
3.9643737960111025 -39.881426663076425
3.9525024943627045 -40.028401809612824
3.937147832690812 -40.14128533517505
3.918507494731159 -40.2217277748992
3.8967950155573305 -40.271378043402564
3.8722253773919135 -40.29188487643452
3.8450114092244405 -40.284897190984324
3.8153625876805393 -40.252064205402
3.7834845587701693 -40.19503548739026
3.7495789224938108 -40.11546097540599
3.7138431281500743 -40.01499098930947
3.6764704225202536 -39.89527623566147
3.637649827518601 -39.757967810239535
3.597566138841046 -39.604717198371816
3.5563999463607843 -39.43717627311851
3.51432768746227 -39.256997291611
3.471521764497737 -39.065832884641274
3.428150811678023 -38.865336034537115
3.3843803690032814 -38.65716001812465
3.3403749102270694 -38.44295823630387
3.2963059607465652 -38.2243835298383
3.2524089316340508 -38.003083391209785
3.208218743954461 -37.780764363307306
3.972680738068533 -39.69869764988239
3.217115353962896 -37.32953959849226
3.2695042774926435 -37.10405005391993
3.3215915485094456 -36.884233755699526
3.373543025913847 -36.671743050962036
3.425549614333164 -36.46822786874115
3.4778184545666875 -36.27533646149393
3.5305707230795633 -36.094715590584144
3.5840409008486915 -35.92801058773174
3.6384764840196056 -35.77686537938049
3.69413785653839 -35.64292249652682
3.751298232532349 -35.52782307993787
3.81024363388309 -35.433206880679165
3.8712728907648284 -35.360712259549814
3.934697662995177 -35.31197618344569
4.000842488562597 -35.288634218336476
4.0700206655996 -35.292110574997636
4.142323387381538 -35.32183601029564
4.217707216084705 -35.37614154709511
4.296116134570127 -35.45334781717556
4.377484789601397 -35.5517763807627
4.461744285937812 -35.669748956555694
4.548845364614749 -35.805584342074056
4.638920653512173 -35.957576855964355
4.73010474627057 -36.12428597779676
3.1643456417585014 -37.559042427165025
4.9058954487919095 -36.492815353853864
4.990463798428777 -36.69122138345409
5.076854482219801 -36.897449250671094
5.164821520673286 -37.10984000795565
5.254143261618651 -37.32673181825098
5.344597661029127 -37.54646323945151
5.4359561033514865 -37.76737404546746
5.527981341742702 -37.98780549988854
5.620426674310522 -38.20610046552263
5.713035569752719 -38.420603453718485
5.805541480461841 -38.629660649886965
5.8976677419236125 -38.831619926242475
5.989127515501195 -39.02483084948123
6.0796237543910365 -39.207644685575936
6.168849182561644 -39.37841440213141
6.256486281606328 -39.535494670483914
6.342207282371987 -39.67724186644504
6.425674159892083 -39.80201407098952
6.506538630623481 -39.90817107050868
6.584442151492965 -39.994074356685324
6.659015920651541 -40.05808712659453
6.72988087971936 -40.09857428152815
6.796647718105646 -40.11390242655328
6.8589168795613205 -40.102439868625936
6.916278572189526 -40.062556615352726
6.968312782744135 -39.99262437097044
7.014589298099509 -39.89101653314158
7.054667736797853 -39.75610818590752
7.08809759710806 -39.58627609016086
7.114418331889851 -39.379898669068965
7.13315946870739 -39.13535598333466
7.143840810946244 -38.85102969169457
7.145972790127871 -38.52530298007668
7.1390571210740745 -38.15656043073527
7.122588113002337 -37.743187760178174
7.0960555548647335 -37.28357124243738
7.058951929812565 -36.77609626714303
7.010794059854788 -36.21914301290618
6.951209686684706 -35.611069142078904
6.880543540206361 -34.950088660337535
8.939250692994051 -33.74069915921933
11.06841189823848 -33.10340225348554
13.209526752380896 -32.308719963552754
15.341405333134844 -31.352611774931926
17.441672287127687 -30.234633295834442
19.487561032233828 -28.958244900547772
21.456793807306553 -27.530909578433306
23.32848030494523 -25.963955580129195
25.083960943825275 -24.272203980557393
26.70752424652113 -22.473387179653734
28.186941101610614 -20.587407171362663
29.513779643719147 -18.635498218376867
30.68348930372406 -16.639364977468023
31.695266941852196 -14.620363750258377
32.5517380658186 -12.598782941200149
33.25849944582171 -10.59326188279202
33.823575101166625 -8.620368326288506
34.256836289580235 -6.694337169133036
34.56942946187809 -4.826958606138383
34.77324628809117 -3.0275939775490954
25.006379701626656 24.352124279479476
26.505475222378323 22.711335626532993
27.933953543671976 20.92938656829471
29.271560010167377 19.013699200216358
30.49887086384797 16.97538979627462
31.598133171246047 14.8291254899721
32.554070081517864 12.592756006242688
33.354581168301365 10.286734068319959
33.991274482052006 7.933362577806449
34.45978317373459 5.5559271345416334
34.759842692265124 3.1777851900531218
34.89513065724651 0.8214859212627346
34.8728960923425 -1.4920123450633014
34.703423871411644 -3.7439757352681653
34.39939150679368 -5.918348305690621
33.97517813207969 -8.002015595997833
33.446180697774764 -9.984887552543533
32.82818213654207 -11.85982463256343
32.13680314273114 -13.622439813428556
31.387055660913575 -15.270812671362712
-11.177740111839569 34.6152207629158
-11.677571928464488 35.047678353297854
-12.169768507557336 35.42870421673687
-12.654422341885251 35.760074285825546
-13.130992347366629 36.04376653775181
-13.59887612728204 36.28177643087487
-14.057482364709557 36.47609444869483
-14.50618337482399 36.62872785539588
-14.945202728739133 36.74133068990726
-11.177740111839569 34.6152207629158
-15.310708873652146 37.032151556574476
-15.232787736602148 37.21555015559959
-15.140998774441272 37.36757333477096
-15.036325255665787 37.489626707195974
-14.919712455698004 37.58313066984779
-14.792079036577775 37.64951565178451
-14.654319891230358 37.69022092613886
-14.507307090794683 37.70669421452287
-14.351890262384899 37.700391529218905
-14.18889675897691 37.67277710176934
-14.019131741844461 37.62532334827951
-13.84337822097541 37.55951085194877
-13.662397071913517 37.47682835519659
-13.476927035330988 37.37877275814897
-13.287684698229981 37.26684912339046
-13.095364447314779 37.14257069104006
-12.90063836637421 37.007458910648865
-12.704156004471741 36.863043515653104
-12.506543790694337 36.71086271076388
-12.308403274043798 36.55246373736195
-12.110304077506441 36.3894051353233
-11.912734570545865 36.22327258069207
-11.716764554221442 36.055466116571196
-15.373661264300495 36.81601997329349
-10.255441790489243 35.55152518059204
-9.003466948901519 35.220598544203796
-7.766632880679595 34.89641433477357
-6.544712387294453 34.580471549852206
-5.337254855909094 34.274250586326076
-4.143593905564927 33.979210783881214
-2.9628492975619736 33.69678981051199
-1.793927570610208 33.428403456724226
-0.6355222927090551 33.17544555217947
0.513885827411201 32.93928792546761
1.6560288888520347 32.72128038257097
2.79285177726274 32.52275069060856
3.926512162487427 32.3450045638142
5.059380512855512 32.189325645747076
6.194040130470825 32.05697548310913
7.33324359416514 31.949003429989688
8.47945115786817 31.864642252018356
9.634752766858298 31.802142855268897
10.801022813058182 31.759767270111
11.979923461362034 31.735798430554652
13.172908532997042 31.728537965166566
14.38123903968966 31.736297361765295
15.606091923542749 31.75733612152011
16.847091675326112 31.790696900875275
-11.522507658343216 35.88769383297735
18.360070790143425 31.895422626649307
18.621201362321415 31.963596689847762
18.888228601547212 32.03734672901885
19.160362583565984 32.115182438320446
19.43680821429058 32.19562087236464
19.71674866339663 32.27719586839861
19.999341222946327 32.35846040164053
20.283715927124433 32.43798737023968
20.56897500034654 32.51436990921968
20.85419260629766 32.58622153269984
21.138414723047617 32.6521762056727
21.420659075391427 32.71088838174818
21.699915096518964 32.761033025016815
21.97514390525123 32.80130562328324
22.245278291600982 32.83042219575708
22.509222707918468 32.84711929846587
22.765853262831683 32.85015402725805
23.014017717467766 32.83830401993266
23.252535483030442 32.810367457436584
23.480197619363025 32.76516306432155
23.69576683465249 32.70153010902577
23.89797748534943 32.6183284027617
24.085535577567782 32.514438298621144
24.25711876891586 32.38876068902171
24.411376372430766 32.2402170030286
24.546929361259686 32.06774920049486
24.66237037740916 31.870319765475074
24.756263743626675 31.646911694408793
24.827145482403466 31.396528478923514
24.87352334603736 31.11819407901271
24.89387686450948 30.810952878580416
24.886657427119985 30.473869612229727
24.85028842515686 30.10602923519285
24.783165518343992 29.70653668160255
24.683657168807315 29.274516379858227
24.55010581731159 28.809111185132743
24.38083082590623 28.309479709000797
24.17413730826928 27.774788305458046
23.928351456522307 27.20417901240686
23.642067836074432 26.596545131670887
23.642067836074432 26.596545131670887
-1.2577724323080872 -35.72118728563356
-3.882185859006853 -35.53187084214551
-6.606488693827785 -35.127475282535016
-9.398298548563702 -34.48560854876782
-12.218953014508514 -33.5899151504736
-15.025023564339548 -32.431988521794715
-17.770502083623896 -31.012811357287518
-20.409469300470846 -29.34346222687297
-22.898943035122386 -27.444919756869446
-25.201546633218328 -25.346937879761818
-27.287655380624074 -23.086123026941557
-29.1367693510536 -20.703475176169974
-30.738000040320202 -18.241725962969007
-32.089706967642385 -15.742805319180775
-33.198442227373505 -13.245702935764726
-34.07743242575235 -10.784888124364812
-34.74484357916816 -8.389341883957258
-35.2220457644231 -6.0821628353462955
-35.532038887390016 -3.8806475093451027
-35.69813748189222 -1.7967172595332457
-13.33354851807863 33.16325823110307
-15.73706841074032 32.092520786352424
-18.16136074150876 30.785551620907626
-20.568357322157652 29.23230900313601
-22.916137802938565 27.43056398952659
-25.16100379874942 25.387183782887377
-27.26002497456419 23.118742417634223
-29.17378871331249 20.651277556068635
-30.869011912488745 18.01913749693395
-32.3206677054651 15.263015811421013
-33.51334982891419 12.42741307881893
-34.441727178548945 9.5578575813404
-35.11009596734529 6.698236615004525
-35.53117625843052 3.8885378073418053
-35.724392017860964 1.163197120429274
-35.71390608133993 -1.4498706838931739
-35.526659269940296 -3.92959205317144
-35.19060447723882 -6.26151492159223
-34.733253621475455 -8.437197725136315
