0.7767220685795166 -34.648577673593024
0.7872647854166246 -34.53975298713618
0.7989264429290586 -34.48140978767833
0.8116958231039462 -34.47142677929202
0.8255708404647919 -34.50768247896332
0.8405497476571213 -34.58805541053175
0.8566289407920351 -34.71042415312675
0.8738022331858986 -34.872667356814304
0.8920605721611423 -35.07266374934855
0.9113919205930472 -35.308292137747486
0.9317812127594891 -35.577431409762994
0.9532103533689167 -35.87796053368649
0.9756582530507671 -36.207758556260785
0.9991009095816992 -36.56470460084617
1.0235115639610513 -36.94667786210337
1.0488609997138383 -37.35155759685318
1.0751181482223728 -37.77722310514753
1.102251425565555 -38.22155368843292
1.1302320788086604 -38.68242854641787
1.1590442284358744 -39.15772646419612
1.1887250419069346 -39.6453245655581
1.2196459533300015 -40.143089579069425
1.2487522394184225 -40.64899461781499
0.767380224806999 -34.81000359865166
1.469537819811137 -41.66245655744012
1.665877185059344 -42.16539996224628
1.8667299480897555 -42.667574785069064
2.0718977214132224 -43.16686746763773
2.281207414144774 -43.66116549444129
2.4944675673227152 -44.14835874862132
2.7114574411081094 -44.626339850150515
2.931923381589172 -45.093004268580074
3.1555773733085744 -45.54625036646456
3.3820963895486216 -45.9839794192319
3.6111220791745495 -46.40409562220307
3.842260615841326 -46.80450609298501
4.075082639814184 -47.183120868816616
4.309123269474526 -47.53785289857916
4.54388219011787 -47.86661802723299
4.7788238649056325 -48.16733496481578
5.013377989708147 -48.43792522451389
5.246940518465294 -48.67631298395639
5.478876246967957 -48.88042473981011
5.708526581967362 -49.04818826921354
5.935240636113008 -49.17752847622501
6.158592918108923 -49.26633831554145
6.375457881597015 -49.31286953393132
1.2782412083477936 -41.16084967953336
6.540529499423997 -49.29553818228388
6.4892033743602155 -49.23392323832687
6.432854909331752 -49.13213929178002
6.371767884804797 -48.99211500736325
6.306266641536638 -48.8157735575883
6.236682383333687 -48.60503712321389
6.163344754799596 -48.36182801843333
6.086579036396927 -48.088069065092384
6.00670502594545 -47.78568374319863
5.924036534479399 -47.45659625739876
5.838881140432363 -47.10273157042937
5.751540066018606 -46.72601542014391
5.662308119412785 -46.32837432730429
5.571473679833275 -45.911735598706684
5.479318719570017 -45.47802732510601
5.386118870862788 -45.029178374333554
5.292143563620357 -44.56711837621353
5.197656296215371 -44.09377769303498
5.102915188336567 -43.61108735798251
5.00817420653209 -43.120978939638206
4.913686235794273 -42.625384201549025
4.819712301469792 -42.12623407896635
4.7265584650874075 -41.625454588544216
4.634834105460357 -41.124938186984934
4.541956206767566 -40.626931408204115
6.586825956237078 -49.31501845877159
4.580120125583619 -39.60911492054967
4.7068549731690155 -39.093995219165976
4.830472211274923 -38.589726775366245
4.951280693364652 -38.09822432659698
5.069681256501099 -37.62139014696933
5.186126876940648 -37.161118464441614
5.301112714522901 -36.71929656465508
5.415172800745722 -36.29780515625552
5.528878722878289 -35.89851851606059
5.642839037306317 -35.52330455123683
5.7576989922885105 -35.17402482734201
5.874140401301247 -34.85253457773683
5.99288160399459 -34.56068270111837
6.11467749364499 -34.30031174797571
6.240319615366332 -34.07325789280134
6.3706363653772655 -33.881350884401655
6.506493363864536 -33.726413954962254
6.648794165279924 -33.61026365060971
6.798481692196447 -33.53470949066346
6.956541400315359 -33.50155321607929
7.124009200234184 -33.51258691037759
7.301995231146293 -33.56958736108302
7.491778964856394 -33.67429350513133
7.695474946623108 -33.82824854283034
-1.6357791816987515 -34.99610927460097
13.919534133579589 -32.05966939384848
15.860636116875696 -31.1450807368806
17.768761765149407 -30.09729119824769
19.62687496630423 -28.919917205894848
21.4184624053201 -27.619292176495804
23.128084987656166 -26.20434156666613
24.74188870101608 -24.686327706754724
26.24803972831728 -23.078480074723956
27.63705540677978 -21.39553693136341
28.90201251926419 -19.653231400333368
30.03862592278614 -17.867758248019584
31.04520199523074 -16.055256622491953
31.92248129561392 -14.231339363177739
32.67339208918435 -12.410692225866228
33.302740454520006 -10.60675776840543
33.81686359823618 -8.831509979445343
34.223271235363256 -7.095318040053655
34.53029620131781 -5.406891564291669
29.064037494611114 19.412819389532046
30.157806103595533 17.665858687216144
31.167478987609798 15.816576295003102
32.0793217115567 13.874182882793463
32.88081579290923 11.85022299079327
33.56114565103434 9.758346926032715
34.11163114533355 7.613964325071578
34.52607261954307 5.4337962428481035
34.800981657561465 3.2353528105639953
34.93568043369373 1.0363709633047051
34.93226430974494 -1.1457496815946797
34.79543451776357 -3.294475505870338
34.53221866213232 -5.39459974506272
34.15160497908914 -7.432611216188093
33.6641209641524 -9.396956520579892
33.081387932243786 -11.278191548965196
32.4156807228332 -13.069027332364612
31.67951693733795 -14.76428253440281
30.885293828648003 -16.360759678475574
30.044984264415007 -17.8570645037141
4.450329739993606 -40.13312774713373
32.47219573765767 24.000622523961226
-13.750158998760497 31.445969986094156
-12.70918916372159 31.431894458321523
-11.691581478063995 31.463361030618643
-10.692316115880914 31.538793595317287
-9.706609298056208 31.656599543161462
-8.729919703856154 31.81516674517829
-7.757950070182289 32.01286279710027
-6.786647719720122 32.248034765765624
-5.812204765732957 32.51900908642952
-4.831058195595148 32.824091512352965
-3.8398898992373063 33.16156708683761
-2.835626663853816 33.52970012217082
-1.8154401384164487 33.92673417775583
-0.7767467587725037 34.35089203321806
0.2827923937426249 34.8003756444877
1.3652718615826984 35.27336606639955
2.472542354378561 35.7680232998041
3.606211947951323 36.28248595698366
4.767649084846738 36.814870428219194
5.957991578166627 37.36326837972419
7.178182629708431 37.925736751602585
8.429222959300972 38.50022773927856
9.708793607095032 39.08552665724005
-14.81970195538159 31.50716834152547
11.931826355081 39.71937670946332
12.864861163690591 39.749806667993255
13.817168598768887 39.76845713906977
14.78791868731173 39.773413858870015
15.776178507768918 39.762840395974706
16.780873040773542 39.73498902273391
17.800775382965753 39.688203431612976
18.834503486702715 39.620919639707324
19.880518857570735 39.53166634781604
20.937125965516373 39.41906510208122
22.002471953637894 39.28183036983111
23.074546487430382 39.11876957559275
24.151181677347495 38.92878311247955
25.230052046785318 38.710864334074046
26.308674537730155 38.4640995236723
27.38440856210923 38.18766782521806
28.454456134390227 37.88084109796159
29.51586218450626 37.54298358925175
30.565515359200788 37.17355111317343
31.600150440893287 36.77208858069042
32.6163580400318 36.33822011680769
33.610652463581516 35.871579874092134
34.578554962712644 35.372746561955836
11.019065250514927 39.679083254691676
35.671607756041794 34.62135665361686
35.79573140530766 34.372201083216794
35.89010234280033 34.0957024894775
35.95569435680483 33.79371063908147
35.99352302246973 33.46802855504981
36.00463519502301 33.120423226671164
35.99010638338234 32.752628287035435
35.95103987446748 32.36634490487205
35.88856638413665 31.963242141624846
35.803843897951026 31.54495711207727
35.69805759297708 31.113095064227622
35.572419796807196 30.66922942073063
35.4281699654814 30.214901799891976
35.26657467340743 29.75162202503691
35.08892761097803 29.28086812413369
34.89654959054343 28.804086319864524
34.690788563227045 28.32269100535393
34.47301965531426 27.83806469450522
34.24464524392852 27.351557918281486
34.00709512740349 26.86448899422183
33.76182695328862 26.378143447177536
33.51032750399327 25.893772268430155
33.254117844958216 25.412584951831292
32.99478935951214 24.93570073811307
32.73351580156725 24.464808795164686
35.5168729385677 34.841197718109186
32.06498075468653 23.718630490380605
31.664675590640513 23.441124667718924
31.27278167960219 23.169351201312168
30.890845396666805 22.904495407659056
30.520419140400065 22.647734429672596
30.1630557737372 22.40024475718434
29.82030723605834 22.163204105986637
29.49372408116244 21.937792041648663
29.184855295170735 21.72519022730455
28.895248215258107 21.526582532526533
28.626448492787574 21.34315508401093
28.380000077618774 21.176096286833427
28.157445215584005 21.026596828150076
27.96032445663434 20.895849666613117
27.790176675129658 20.785050005444333
27.64853910876832 20.695395241586056
27.536947428721305 20.62808487180459
27.456935873034183 20.584320316413653
27.410037514433157 20.565304564681014
27.397784849705033 20.572241393181116
27.42171127419465 20.606333411670988
27.483355504884685 20.668776200573262
27.58427927253865 20.760734862279605
27.726191162452835 20.883179881895785
-4.150888934957209 -34.78754890676748
-4.150888934957209 -34.78754890676748
-6.749147799263341 -34.37808083466541
-9.400764175215159 -33.74950474915272
-12.07100324958023 -32.88912158206287
-14.721550338960952 -31.79118421054065
-17.312362157461678 -30.45793089525253
-19.803843730145445 -28.900020958523015
-22.15911648229809 -27.1362671459255
-24.34611132551734 -25.192663638778015
-26.339240728977643 -23.100818940289884
-28.1204722672513 -20.89599189696054
-29.6797253468267 -18.614976261817333
-31.014617495227128 -16.294076823061886
-32.12967284308115 -13.967374874602001
-33.03515793794202 -11.665409461579856
-33.74572499078087 -9.414323275609206
-34.27902610289834 -7.235454880510531
-34.654425465097745 -5.145311805427923
-34.89189228607427 -3.1558343727265594
-17.05414975296864 30.60325822677072
-19.213015451123 29.296134133465443
-21.35682646456928 27.772097530675694
-23.45080278341416 26.02812491718342
-25.45818937425713 24.068320084200963
-27.34212302106718 21.904605602291014
-29.06775012479727 19.556823376342066
-30.604369770141176 17.05215496245441
-31.927345116926688 14.423871591072526
-33.019544346677634 11.709531546090119
-33.8721395658352 8.948832277100337
-34.48469306169318 6.181373822371654
-34.86457013186845 3.444588133742002
-35.02581036793694 0.7720401287570269
-34.98764633401177 -1.8077726342665699
-34.77287381057215 -4.272082026964824
-34.406256619644665 -6.604009639169874
-33.91310429467924 -8.792314541080657
-33.318107128947986 -10.83084369913243
-32.64446254342644 -12.71780260665804
10.005868552900154 -33.48818338818688
