21.054044447636162 -29.356490921280994
21.201660922737663 -29.74698519566249
21.3344926130152 -30.120776118172458
21.45296278107236 -30.478126207556755
21.557490289911545 -30.819300810740316
21.648489557089132 -31.144568135210335
21.726370543138522 -31.454199257894118
21.79153874702504 -31.748468128090266
21.844395203774297 -32.02765156881962
21.88533648315773 -32.29202927813719
21.91475468819462 -32.54188382969511
21.93303745398313 -32.777500673782086
21.940567945889086 -32.99916813768546
21.937724858264612 -33.20717742735033
21.924882412016867 -33.40182262808591
21.902410352149758 -33.58340070631772
21.87067394423118 -33.752211511263624
21.83003397018384 -33.90855777779905
21.780846722217696 -34.05274512969427
21.72346399456949 -34.18508208421849
21.658233071971196 -34.30588005884175
21.585496712911066 -34.415453380910776
21.505593124487273 -34.51411930178213
21.41885592391992 -34.602198018919665
21.325614077098468 -34.68001271110819
21.226191796194016 -34.747889596817174
21.120908360656596 -34.80615803620739
21.010077785383697 -34.855150721114626
20.894008156703563 -34.8952040539541
20.773000172295653 -34.92665898198095
20.647343490584944 -34.949863081620805
20.517305780632782 -34.96517681347595
20.38308892028352 -34.972998538786584
20.24452238643554 -34.97393963798183
20.10518343782679 -34.966471294022995
20.891215840867424 -28.94903337671076
19.627139276161664 -34.98871170935686
19.289133322650223 -35.019316952264774
18.949654212129126 -35.04426194217862
18.60913662176595 -35.06383486538542
18.2679372081515 -35.07836645076409
17.92638106738545 -35.088203434262255
17.584773349541752 -35.09370192531054
17.243403129402477 -35.09522519563424
16.90254495415797 -35.093142795252845
16.5624595458986 -35.08783015056795
16.2233941521863 -35.0796683643739
15.885582733071576 -35.069044107430216
15.549246066959526 -35.05634955812758
15.214591811767214 -35.04198236615926
14.881814540435975 -35.02634563055949
14.551095760431519 -35.00984788710241
14.222603921153116 -34.99290310059982
13.896494411565708 -34.975930662239705
13.572909546989461 -34.95935539076919
13.251978541792774 -34.94360753837094
12.933817460426091 -34.929122802784065
12.618529131811627 -34.916342349752995
12.306202996606707 -34.905712854824856
11.996914820615984 -34.89768658158323
11.690726119478683 -34.89272153956162
11.387682891322903 -34.89128183365506
11.087812445962975 -34.89383853695753
10.79111389137227 -34.90087231249447
10.497520076742468 -34.91288389929201
10.206631190978186 -34.93046751786508
9.921313683528034 -34.95331920303968
19.96283415009478 -34.952386319743454
9.668712718649125 -34.89605657552252
9.699538470376346 -34.81758204765765
9.732352753232554 -34.74743574068057
9.767397039884159 -34.68601749852289
9.804858498777506 -34.63374206990764
9.844910508391997 -34.591027944427594
9.887722787571683 -34.55829456159597
9.933464773993421 -34.53596137928213
9.982306977863686 -34.5244475006528
10.034421600040012 -34.524171504063816
10.089982844225148 -34.535551356150364
10.149167089572757 -34.55900436454081
10.212152994565933 -34.594947148250725
10.279121566685994 -34.64379561796068
10.350256215805828 -34.70596496085261
10.42574280196964 -34.78186962560889
10.505769686629577 -34.871923307181305
10.590527795266155 -34.97653892637669
10.680210703394252 -35.09612860286859
10.775014763134948 -35.23110361412208
10.875139301421285 -35.381874331562926
10.980786946756211 -35.54885011472794
11.092164198268918 -35.73243912665754
11.209482480729633 -35.9330479929516
11.332960251968672 -36.15108111789857
11.462827638567134 -36.38693918344117
11.599338022628828 -36.64101539362673
11.742802801962355 -36.913684212018865
11.893730428119767 -37.20525630759957
12.053799672705992 -37.515663181704895
18.74715672469732 -29.846289435034052
20.471050990793074 -34.098489838003616
23.262728796633084 -32.25858624977826
25.995023358748156 -30.100327215467672
28.608122981531082 -27.628721240290474
31.041870804178345 -24.863089005125346
33.24014796302224 -21.837204521102848
35.15523875242242 -18.597852729825064
36.75151060214132 -15.201888249845098
38.00783684510496 -11.712184947991886
38.918431550647014 -8.19308388445333
39.49208006996352 -4.706012074748145
39.750040251998215 -1.3058475656094402
39.72307946698743 1.9616053526351607
39.44816925790467 5.060916922830302
38.96529838042866 7.967211558898697
38.31473201065381 10.665469931131241
37.534891566441544 13.149252944390469
36.66089519910628 15.419134252617141
-9.933898731914567 38.51088928970805
-6.987275598306198 39.1528915613317
-3.8305310631290723 39.58658825504526
-0.49202241659389756 39.76844039991579
2.9881433890836036 39.659071307663794
6.558910141675412 39.22692488143204
10.16042988209341 38.45174381625819
13.727502118617465 37.32729059928457
17.19394062691586 35.86278493951883
20.4972811663922 34.08272880339763
23.5831384986257 32.02509198198692
26.40858544073454 29.738149789781943
28.94414077296345 27.27650367651546
31.174244649218494 24.696910909074376
33.09637895017771 22.05449247401353
34.719184274446135 19.39972116338629
36.06000512573546 16.776381261524136
37.1422716743693 14.220499033698815
37.99303645270082 11.760107100015347
38.64086870596974 9.415636120204198
9.639296130715493 -34.98255252715262
-12.463584832156094 34.07864528326013
-35.12938046742559 6.756106114204016
-35.029964790157635 7.5436752399511136
-34.89856550140544 8.342170080371318
-34.73650316295864 9.150410948516509
-34.54507369844744 9.967253989403105
-34.32554848575785 10.791590636292284
-34.079174381192395 11.62234747464339
-33.807173727653705 12.458486196409552
-33.51074435830743 13.299003581428224
-33.1910595991928 14.142931488826434
-32.84926827064354 14.989336852248272
-32.486494689069765 15.837321677092518
-32.10383866804433 16.68602303823164
-31.70237552075715 17.534613078616616
-31.283156061654992 18.382299007391595
-30.847206609333668 19.228323098227918
-30.39552898968717 20.0719626870669
-29.92910054065289 20.912530169646374
-29.448874118012135 21.74937299791813
-28.955778103523222 22.581873675239137
-28.450716416577464 23.409449749754913
-27.93456853104697 24.23155380483334
-27.408189500161775 25.047673444624138
-26.872409995091015 25.857331272079904
-26.32803636645836 26.66008485387789
-25.775850746516237 27.455526661902525
-25.216611227763597 28.24328397091932
-24.651052194949767 29.023018669188218
-24.079884988160565 29.794426879093407
-23.50379936195108 30.557238123340255
-22.92346713209018 31.311213239637368
-22.33955311694542 32.05613812688787
-21.752758900277644 32.791798727446405
-21.16412917248666 33.517805906830404
-20.570935188479883 34.235948683280725
-35.19546668633225 5.9806820252292425
-19.736007645902315 34.95108114994463
-19.49428117617773 34.9511241743148
-19.25086981085484 34.94549224833534
-19.00597489428643 34.934597225265634
-18.75985416080166 34.918817803133095
-18.512775315321818 34.89852606056192
-18.265004429128734 34.874094090582474
-18.016802072287724 34.845896211448405
-17.76842176742005 34.814309850944625
-17.520109287471346 34.77971594769775
-17.272102305859335 34.74249915214554
-17.024630208678975 34.703047933234956
-16.777913989420224 34.66175464002575
-16.532166187316186 34.61901553726673
-16.28759085130873 34.57523082669621
-16.04438352042879 34.530804660131
-15.802731215195818 34.4861451456691
-15.562812439000707 34.44166434984314
-15.324797189577792 34.397778295135225
-15.08884698369262 34.35490695227179
-14.855114901710685 34.31347422470145
-14.623745665861133 34.27390792041055
-14.394875780666368 34.23663970147382
-14.168633795962315 34.202104988016885
-13.945140835240082 34.170742765055735
-13.724511760309365 34.1429951572938
-13.506858084092372 34.119306363360465
-13.292296711726443 34.10011945959354
-13.080984906277461 34.085863611923514
-12.873365052512867 34.07686455827988
-12.666858602160879 34.07455373277847
-19.976229205176306 34.94473241407124
-12.40844738736498 34.0191028163749
-12.356719119987602 33.96694350532172
-12.308143473297498 33.92274053224196
-12.262775118159482 33.88695323182375
-12.220719396299373 33.86002238490411
-12.182095096398477 33.84238383200292
-12.14702514671989 33.83447187778202
-12.11563351057356 33.836720425858914
-12.08804394240142 33.84956343375396
-12.064379419805753 33.8734351209161
-12.044761855976418 33.90877007309621
-12.02931194095747 33.95600330082587
-12.018149045239106 34.015570273859055
-12.011391154897133 34.08790694461348
-12.009154821521989 34.173449766376905
-12.011555116209223 34.27263570874953
-12.018705580332103 34.385902275220445
-12.030718163982058 34.5136875234835
-12.04770314173922 34.65643009443417
-12.069768987689805 34.81456925394136
-12.09702217981355 34.98854495880963
-12.129566876993735 35.17879796514433
-12.167504356249033 35.38577001695339
-12.21093197005328 35.6099041969492
-12.259941061812022 35.851645625073985
-12.31461238239018 36.11144299774938
-12.375004631578705 36.38975243221307
-12.441120084925004 36.687049002779275
-12.512767100917742 37.00387288133527
-12.588597674445069 37.34115232547171
16.718708107880914 -31.028078856153286
16.718708107880914 -31.028078856153286
14.548261518728015 -32.10303669565991
12.248584604403643 -33.048888838945174
9.83690703427951 -33.845119859429246
7.334565354788348 -34.47406313964932
4.766335618157797 -34.921897472435106
2.1594888042574887 -35.17944693147514
-0.4573581305248844 -35.24269714197017
-3.0554939751201715 -35.112972458454635
-5.607352566799371 -34.79675955447286
-8.087628813121931 -34.305205705276705
-10.474181374835531 -33.65335648679397
-12.74866419803351 -32.859221528605445
-14.89686577680336 -31.942765508454244
-16.908769231441873 -30.92491554358773
-18.77837279515837 -29.826659106682484
-20.503326487847836 -28.668283541797663
-22.084446539362453 -27.468784089402845
-23.525166304766614 -26.24544586463074
-35.05504514751252 3.660695016803203
-35.22097681882263 1.3189655902062896
-35.22839887041087 -1.1030826475941922
-35.062952357118384 -3.5841666120083744
-34.713824778275665 -6.09977438626737
-34.17457178630482 -8.622964775695635
-33.44371724974468 -11.125405827174092
-32.525054487988946 -13.57857536170637
-31.427602839951383 -15.95501983810955
-30.16521457719582 -18.22955588630512
-28.755869959226864 -20.380304737373848
-27.220734710690415 -22.38947252863281
-25.583077729799605 -24.243824206820605
-23.86715407696346 -25.934838240611327
-22.09714978157885 -27.458566055616586
-20.296264504851344 -28.815248141379953
-18.485981122903937 -30.00875505954602
-16.685543466601075 -31.04592594084376
-14.911639214760505 -31.935871590251082
-13.178266917081196 -32.68929732133061
14.925229972943555 -36.864731765670456
