48.4346598255
3.6927823188
50.7669069213
14.0954336743
53.1062294531
14.5334688009
55.4524229792
15.0049659017
57.8052830578
15.50800318
60.1646052472
16.0406588389
62.5301851056
16.6010110816
64.9018181914
17.1871381113
67.2793000627
17.7971181311
69.6624262779
18.4290293442
72.0509923952
19.0809499538
74.4447939729
19.750958163
76.8436265692
20.4371321751
79.2472857424
21.1375501932
81.6555670508
21.8502904204
84.0682660526
22.57343106
86.4851783061
23.3050503151
88.9060993696
24.0432263889
91.3308248013
24.7860374846
93.7591501594
25.5315618053
96.1908710024
26.2778775543
98.6257828883
27.0230629346
101.063681376
27.7651961494
103.504362022
28.502355402
105.947620387
29.2326188956
108.393252028
29.9540648331
110.841052503
30.664771418
113.29081737
31.3628168532
115.742342189
32.0462793421
118.195422516
32.7132370877
120.649853911
33.3617682933
123.105431932
33.9899511619
125.561952137
34.5958638969
128.019210083
35.1775847013
130.477001331
35.7331917784
132.935121437
36.2607633312
135.39336596
36.7583775631
137.851530458
37.2241126771
140.309410489
37.6560468764
142.766801613
38.0522583642
145.223499386
38.4108253437
147.679299368
38.729826018
150.133997117
39.0073385904
152.58738819
39.2414412639
155.039268146
39.4302122418
157.489432544
39.5717297273
159.937676941
39.6640719234
162.383796896
39.7053170335
164.827587968
39.6935432606
167.268845714
39.6268288079
169.707381221
39.5035135307
172.143146788
39.3243165445
174.576170065
39.0912266169
177.00647941
38.8062444148
179.434103181
38.4713706051
181.859069735
38.0886058546
184.28140743
37.6599508302
186.701144623
37.1874061987
189.118309673
36.6729726271
191.532930936
36.1186507821
193.945036771
35.5264413307
196.354655535
34.8983449397
198.761815586
34.2363622759
201.166545281
33.5424940062
203.568872979
32.8187407975
205.968827035
32.0671033167
208.366435809
31.2895822305
210.761727658
30.4881782059
213.15473094
29.6648919098
215.545474011
28.8217240089
217.933985231
27.9606751702
220.320292956
27.0837460604
222.704425543
26.1929373466
225.086411352
25.2902496955
227.466278739
24.3776837739
229.844056061
23.4572402488
232.219771678
22.5309197871
234.593453945
21.6007230555
236.965131222
20.6686507209
239.334831865
19.7367034503
241.702584231
18.8068819103
244.06841668
17.8811867681
246.432357568
16.9616186903
248.794435253
16.0501783438
251.154678093
15.1488663955
253.513114445
14.2596835123
255.869772667
13.3846303611
258.224681116
12.5257076086
260.57786815
11.6849159218
262.929362128
10.8642559674
265.279191405
10.0657284125
267.627384341
9.29133392377
269.973969292
8.54307316814
272.318974617
7.82294681247
274.662428673
7.13295552361
277.004359817
6.47509996843
279.344796408
5.85138081379
281.683766802
5.26379872655
284.021299358
4.71435437357
286.357422433
4.20504842171
288.69216438
3.73788153783
200.373469089
14.655827688
202.471981
214.807620363
204.569512315
214.935873607
206.665992669
215.04085123
208.761351698
215.122817037
210.855519038
215.182034837
212.948424326
215.218768438
215.039997197
215.233281648
217.130167287
215.225838273
219.218864232
215.196702122
221.306017667
215.146137003
223.39155723
215.074406723
225.475412555
214.98177509
227.557513279
214.868505911
229.637789037
214.734862995
231.716169465
214.581110149
233.7925842
214.407511181
235.866962877
214.214329898
237.939235132
214.001830108
240.009330601
213.77027562
242.077178921
213.51993024
244.142709725
213.251057776
246.205852652
212.963922037
248.266537336
212.658786829
250.324693414
212.335915961
252.380250522
211.99557324
254.433138294
211.638022473
256.483286368
211.26352747
258.53062438
210.872352037
260.575081964
210.464759982
262.616588757
210.041015112
264.655074395
209.601381236
266.690468514
209.146122162
268.72270075
208.675501696
270.751700739
208.189783647
272.777398116
207.689231822
274.799722517
207.174110029
276.818603579
206.644682076
278.833970937
206.101211771
280.845754227
205.54396292
282.853883086
204.973199333
284.858287148
204.389184816
286.858896051
203.792183178
288.855639429
203.182458225
290.848446919
202.560273766
292.837248156
201.925893609
294.821972777
201.279581561
296.802550418
200.62160143
298.778910714
199.952217024
300.750983301
199.271692149
302.718727098
198.580310583
304.682260749
197.878465024
306.641757095
197.166585125
308.597389017
196.44510057
310.549329398
195.714441044
312.497751122
194.975036229
314.44282707
194.22731581
316.384730127
193.471709471
318.323633174
192.708646896
320.259709094
191.938557769
322.193130771
191.161871772
324.124071087
190.379018592
326.052702925
189.59042791
327.979199168
188.796529412
329.903732698
187.997752781
331.826476398
187.194527701
333.747603152
186.387283855
335.667285841
185.576450929
337.585697349
184.762458605
339.503010559
183.945736567
341.419398354
183.1267145
343.335033615
182.305822087
345.250089226
181.483489012
347.164738071
180.66014496
349.079153031
179.836219613
350.993506989
179.012142657
352.907972828
178.188343774
354.822723432
177.365252649
356.737931683
176.543298965
358.653770463
175.722912407
360.570412655
174.904522658
362.488031143
174.088559402
364.40679881
173.275452323
366.326888537
172.465631106
368.248473207
171.659525433
370.171725705
170.857564989
372.096818911
170.060179458
374.02392571
169.267798523
375.953218984
168.480851869
377.884871616
167.699769179
379.819056488
166.924980138
381.755946484
166.156914428
383.695714486
165.396001735
385.638533377
164.642671741
387.584576039
163.897354132
389.534015357
163.16047859
391.487024212
162.432474799
393.443775487
161.713772444
395.404442065
161.004801209
397.36919683
160.305990777
399.33821266
159.617770832
-18.7639971473
40.125377811
-18.160857119
141.230073973
-17.5437370128
142.315339054
-16.912832245
143.381427845
-16.2683382318
144.428595137
-15.6104503895
145.457095721
-14.9393641343
146.46718439
-14.2552748825
147.459115933
-13.5583780504
148.433145142
-12.8488690541
149.389526808
-12.12694331
150.328515723
-11.3927962342
151.250366677
-10.6466232431
152.155334462
-9.8886197529
153.043673869
-9.11898117983
153.915639689
-8.33790294016
154.771486714
-7.54558045014
155.611469734
-6.74220912601
156.43584354
-5.92798438404
157.244862925
-5.10310164048
158.038782678
-4.26775631157
158.817857592
-3.42214381357
159.582342457
-2.56645956273
160.332492065
-1.7008989753
161.068561206
-0.825657467532
161.790804672
0.0590695443192
162.499477255
0.953086644003
163.194833744
1.85619841527
163.877128932
2.76820944186
164.54661761
3.68892430753
165.203554569
4.61814759603
165.8481946
5.5556838911
166.480792493
6.50133777649
167.101603042
7.45491383596
167.710881036
8.41621665324
168.308881266
9.38505081208
168.895858525
10.3612208962
169.472067602
11.3445314895
170.03776329
12.3347871755
170.59320038
13.3317925381
171.138633662
14.335352161
171.674317927
15.3452706279
172.200507968
16.3613525227
172.717458575
17.383402429
173.22542454
18.4112249306
173.724660653
19.4446246113
174.215421706
20.4834060547
174.697962489
21.5273738447
175.172537795
22.576332565
175.639402414
23.6300867993
176.098811138
24.6884411315
176.551018757
25.7512001451
176.996280063
26.8181684241
177.434849847
27.889150552
177.8669829
28.9639511128
178.292934013
30.0423746901
178.712957979
31.1242258676
179.127309586
32.2093092292
179.536243628
33.2974293586
179.940014895
34.3883908394
180.338878178
35.4819982556
180.733088269
36.5780561908
181.122899958
37.6763692287
181.508568037
38.7767419531
181.890347297
39.8789789479
182.268492529
40.9828847966
182.643258525
42.0882640831
183.014900075
43.194921391
183.383671971
44.3026613043
183.749829004
45.4112884065
184.113625965
46.5206072815
184.475317645
47.630422513
184.835158835
48.7405386848
185.193404328
49.8507603805
185.550308913
50.960892184
185.906127382
52.070738679
186.261114526
53.1801044492
186.615525137
54.2887940784
186.969614005
55.3966121503
187.323635922
56.5033632488
187.677845679
57.6088519574
188.032498066
58.7128828601
188.387847877
59.8152605404
188.7441499
60.9157895823
189.101658928
62.0142745694
189.460629752
63.1105200854
189.821317163
64.2043307142
190.183975953
65.2955110394
190.548860911
66.3838656449
190.91622683
67.4691991143
191.286328501
68.5513160314
191.659420715
69.63002098
192.035758263
70.7051185438
192.415595936
71.7764133066
192.799188525
72.8437098521
193.186790822
73.906812764
193.578657618
74.9655266262
193.975043704
76.0196560222
194.376203871
77.069005536
194.782392911
78.1133797513
195.193865614
79.152583251
195.610876771
1.2832291315834894
-34.676245228884106
1.3709489374882864
-35.4212738749582
1.4591873173155676
-36.10578137774858
1.5474207422791153
-36.73170168478176
1.6353738326436726
-37.30095909105709
1.7228234116881112
-37.81547549042842
1.809570513243969
-38.2771714115956
1.8954333833860773
-38.687966276985854
1.9802451474619005
-39.04977848888955
2.0638528767431694
-39.36452546450129
2.1461171639608096
-39.634123651128846
2.226911910924912
-39.86048853425331
2.306124214010538
-40.04553464186738
2.3836542985646076
-40.191175546702546
2.4594154794466334
-40.29932386798883
2.5333341362141226
-40.37189127187187
2.605349697012187
-40.41078847240703
2.675414627745525
-40.41792523205711
2.7434944245769515
-40.39521036156579
2.809567608662661
-40.34455172034665
2.8736257223674215
-40.26785621671544
2.935673326501856
-40.167029807881825
2.995727998301007
-40.043977499810254
3.053820330023555
-39.900603347752465
3.1099939279394135
-39.73881045575931
3.1643054117768656
-39.560500976865164
3.216824414569274
-39.36757611314327
3.2676335829357157
-39.16193611542349
3.31682857797675
-38.945480283353824
3.3645180769629235
-38.72010696498047
3.4108237763322933
-38.48771355669297
3.455880396692592
-38.25019650205036
3.499835691593404
-38.009451291706725
3.5428504629041413
-37.76737246080821
3.585098589790306
-37.525853586312884
3.6267670867978268
-37.28678728072717
3.668056231775182
-37.05206517770269
3.7091798859797507
-36.823577897216595
3.750366454539318
-36.60321494060889
3.7918627284417994
-36.392864270228955
3.833960778754914
-36.19440936745168
3.8766336529523358
-36.00976908185047
1.2832291315834894
-34.676245228884106
3.8213305540628255
-35.7005213245807
3.725045347248141
-35.57959629390646
3.6315485260596745
-35.47993697322027
3.5408723519197167
-35.40344878346788
3.4530372496354573
-35.35203792694195
3.368047715105348
-35.32761183546184
3.2858717440568626
-35.33186907579408
3.2062686054086953
-35.364376431358615
3.1288921949472126
-35.423458597273374
3.0534108467053898
-35.50742359221737
2.979508773297596
-35.61457816115482
2.9068860532698295
-35.74322777662778
2.835258627447132
-35.89167663988348
2.7643583022772873
-36.05822768072769
2.6939327612398642
-36.241182557245125
2.6237455886218015
-36.438841654716704
2.5535763163410365
-36.64950408331609
2.483220519549917
-36.871467673187404
2.4124900285384854
-37.10302896416605
2.341213459608923
-37.342483177696316
2.2692378091205967
-37.58812413654689
2.1964348305141925
-37.83824393835288
2.1227456755588037
-38.09113067630923
2.047581047920687
-38.345099072913534
3.9203887000601867
-35.840804291499474
2.064173733077382
-38.83594859087608
2.158013735253718
-39.06923207391318
2.2525369621868094
-39.296564780460166
2.347590862638043
-39.516239789616115
2.443018364192028
-39.72655078129928
2.5386509697577253
-39.92579238863166
2.6343070375609443
-40.11226028500242
2.7297912154729147
-40.28425121313399
2.8248942248372657
-40.440062994781655
2.9193927761996292
-40.577994534071266
3.0130495470374115
-40.69634581736658
3.1056131989174673
-40.79341790972261
3.1968184318613737
-40.8675129485278
3.2863860878581193
-40.916934132204425
3.3740233340426187
-40.93998570137107
3.4594239904777453
-40.934972904073234
3.5422691445423595
-40.9002019329826
3.6222283839830993
-40.83397979722386
3.6989625137840108
-40.73461404215677
3.772130352143108
-40.600412046800365
3.841409123009271
-40.429678918052886
3.906576031615657
-40.22070906291463
3.968079304335788
-39.97172720091625
4.019352757131969
-39.68168226781406
1.9712133433176007
-38.59841938366151
4.507733266000173
-38.901818882294606
4.936934195190872
-38.409925783631884
5.349328196882595
-37.871394114040015
5.7427045136014385
-37.28481953306184
6.115009769563926
-36.648774681054036
6.464793370218274
-35.96170789857182
9.454047640524664
-34.622790269275654
11.724067818838307
-33.9214217950669
14.010801453521765
-33.042609846220564
16.289293354918357
-31.9808621650038
18.532924111577074
-30.73511585620077
20.714434811824162
-29.309193323021493
22.807086765918257
-27.711972431991107
24.78585992144673
-25.957229643665382
26.6285811782555
-24.06315206394659
28.316877600510566
-22.051554724718653
29.836869665369363
-19.946875228749988
31.179552462514437
-17.775042364418418
32.34085165693517
-15.562324277680188
33.32137859352855
-13.334254814060595
34.1259387496512
-11.114716697901663
34.762865918869124
-8.92523254186052
35.24326012486682
-6.784485138205425
35.58020199843759
-4.708062082209213
35.78800348589061
-2.7083997698718787
35.88153805984501
-0.7948894762498666
22.048367862151053
28.319359057627395
23.87374033105658
26.798528792171442
25.646262482353677
25.107485806145128
27.34078716489637
23.250762998736136
28.9323354747778
21.2376219665591
30.397218016924683
19.082079542102054
31.71417081386693
16.802618617597364
32.86540109196642
14.42158222539162
33.83744097114817
11.964289002846007
34.621726111032444
9.457943957975898
35.21484874274739
6.930443769700503
35.61847418290699
4.409185832004333
35.83894928557106
1.919983574363151
35.88666327816895
-0.5138303016367516
35.77524128376001
-2.8720609165394646
35.52065696108525
-5.13804942292943
35.14034451020973
-7.298822543625181
34.65237527224883
-9.345025993050935
34.07474457882495
-11.270687854226106
33.42479434845819
-13.072862945156082
-10.417877326726575
33.09919171495173
-10.458682640301546
33.85053352911069
-10.473826919859299
34.54579938764823
-10.465051725532469
35.18654462670648
-10.433854569280967
35.7743966660437
-10.38165920983738
36.31100140939769
-10.30983998096037
36.798015587348424
-10.219727873816375
37.23710484280739
-10.11261256472065
37.6299430925888
-9.989743226678357
37.978212272506305
-9.852328898337873
38.28360222072759
-9.70153866882238
38.54781061981089
-9.538501777458421
38.77254296542107
-9.364307670885196
38.959512548146144
-9.180006037581265
39.110440442940316
-8.986606829421746
39.2270555018148
-8.785080275913955
39.31109434976683
-8.576356893739003
39.36430138187018
-8.361327493254606
39.38842876079924
-8.140843183206712
39.385236415535246
-7.915715374111272
39.356492040380125
-7.686715780680771
39.30397109405487
-7.454576423568426
39.229456798897935
-7.219989630732769
39.134740140891594
-6.983608038190127
39.02161986882306
-6.746044590520256
38.891902494216126
-6.50787254096258
38.74740229124059
-6.269625451015898
38.58994129639789
-6.03179718952947
38.4213493086721
-5.794841930904596
38.243463889377324
-5.559174152102955
38.058130362617355
-5.325168627425413
37.86720181504566
-5.09316041984377
37.67253909741253
-4.863444865255275
37.47601082490684
-4.636277543352833
37.279493379992225
-4.411874219050702
37.08487091725354
-4.190410713388559
36.894035373498006
-3.972022580798267
36.70888649424194
-3.7568041407082546
36.531331912721484
-3.544804603807421
36.36328746547508
-3.3360009559147557
36.20667940193373
-3.1306653489543805
36.06341444486558
-10.417877326726575
33.09919171495173
-1.859641709173303
35.44229702036106
-0.7998600101643376
34.97108293179662
0.25253532361185194
34.52308112767213
1.2994975123095571
34.099494596594404
2.3432095559866752
33.70145350576956
3.386080108328372
33.33001486462177
4.430716085311303
32.985966190730345
5.479593313032666
32.66805949234392
6.534905545701832
32.373929332516525
7.598643349911242
32.10126177222316
8.672595551157372
31.84780889574366
9.75834921886505
31.611388807757187
10.85728965938975
31.3898856309618
11.970600413933568
31.181249502223523
13.099263261018734
30.983496567210274
14.24405822460784
30.794708971200457
15.40556359184282
30.613034842278417
16.584155950423394
30.43668825785401
17.7800102726641
30.263949171779096
18.99310012586338
30.093163230452348
20.22319830636303
29.92274122467471
21.469879374528347
29.75115689300209
22.732537404087395
29.57693155047976
24.01014621831709
29.398841733862646
-2.9285043255274275
35.935449937860724
25.44396142039372
29.41497530424727
25.58319571635994
29.61151621607337
25.718379430469554
29.80377965555449
25.848396053826633
29.990465555238334
25.972136033198552
30.170267864094665
26.088494026405556
30.341876924655086
26.196368218332623
30.50398006492369
26.29466009660942
30.65526179367968
26.38227436548513
30.794403874421658
26.458118912688377
30.920085354417207
26.521104801246224
31.03098257250487
26.570146276930757
31.125769152733774
26.604160791317412
31.203115985283652
26.622069045270223
31.26169118989307
26.622795066256657
31.300160051477256
26.60526634600089
31.31718490358562
26.568414100134106
31.31142491129207
26.511173788416272
31.281535633161525
26.432486263014198
31.22616805702826
26.331300640892323
31.14396618570617
26.20658292612245
31.033559792783727
26.057350501903272
30.893535437956864
25.88291359101146
30.722233570795023
25.679646984242027
30.520461220840346
25.30181923379186
29.215434352793903
24.812274916081776
30.298192896980105
24.154947001975245
30.268235188429884
23.476414250258188
30.19327972643508
22.777062808317794
30.070896383822095
22.05746884911167
29.898511367398132
21.318680760808377
29.673221602270548
21.318680760808377
29.673221602270548
-1.1186289939777936
-33.869287055691714
-3.6104613317289775
-33.69487357832203
-6.198299576086484
-33.3160774829826
-8.85135799010419
-32.71136497026734
-11.532802951879049
-31.864939864373568
-14.201191916687726
-30.7685892532046
-16.812563362395412
-29.423080220678013
-19.322995883803113
-27.838853542513963
-21.69134601776213
-26.035849216507785
-23.88181755008776
-24.04243596209283
-25.8660309293272
-21.89356938578319
-27.624348585534637
-19.62843095389656
-29.14634630651552
-17.28786954681472
-30.430465079245334
-14.911966052397135
-31.482995930668547
-12.537978454141712
-32.31661953377713
-10.198825343935887
-32.948737852247056
-7.9221594550296714
-33.39980702062609
-5.729993671196354
-33.69182682922233
-3.638782955427354
-33.847080704709256
-1.6598386234548599
-12.41012801073979
31.533611579457016
-14.699234562663555
30.53379176844585
-17.010260717307837
29.309230061812066
-19.30698263466848
27.84996154452685
-21.549402490909
26.153454624041906
-23.69572297947082
24.225867352216568
-25.704784594549615
22.08266255311662
-27.538709180037863
19.74840330721227
-29.165420770124456
17.25567059805579
-30.560707230801928
14.643193300650822
-31.70955232008214
11.953419098608897
-32.60659264339947
9.229845755722138
-33.25570390522878
6.514452721047721
-33.66885632117026
3.8455234378960483
-33.86446921886693
1.2560497647101343
-33.86552670953912
-1.2272070617898532
-33.69769526812919
-3.5840298691999983
-33.38762772080792
-5.800538911493729
-32.96156763997651
-7.868608212528297
0.6086193659402568
-34.805958787468
0.6600992962809187
-34.72195642741701
0.7124489291893781
-34.687139148974325
0.7657806855509364
-34.699383312699126
0.8202385067794751
-34.75656501335172
0.8759660967774892
-34.85656058646569
0.9330989862937713
-34.99724673503201
0.9917618928569709
-35.17650057181828
1.0520676717543154
-35.392199635263495
1.1141168491058409
-35.64222189650539
1.177997402833256
-35.924445762382106
1.2437846665504821
-36.23675007553396
1.311541309161555
-36.577014112555986
1.3813173799558172
-36.94311758038762
1.4531504375602822
-37.33294060819583
1.5270658231324603
-37.74436373251913
1.603077230753712
-38.175267866473405
1.6811879805608783
-38.62353423277321
1.7613942163386014
-39.08704419485096
1.8436945114623313
-39.56367875040749
1.9281283061567933
-40.051316506601665
2.0150449867450106
-40.54781950289623
2.1015059977741544
-41.051222769417734
0.5581505648212044
-34.94126605061953
2.3379601873590445
-42.061175732125605
2.4899253897997937
-42.56324278285754
2.6449194189102627
-43.063407657575596
2.8027045858321458
-43.55956369148123
2.9630770309042873
-44.0496033357625
3.1258250096405504
-44.531420355293335
3.2907184663533826
-45.00291037776782
3.457505561400012
-45.46197107650687
3.625911285610357
-45.906502242997476
3.795636835262485
-46.33440581900845
3.966359306396555
-46.74358591274543
4.137731539944525
-47.13194880488507
4.309382048279133
-47.49740295150801
4.480914994747934
-47.837858981998295
4.65191022036845
-48.15122969330696
4.82192333060334
-48.435430036679094
4.990485884714303
-48.688377093333315
5.15710579494197
-48.90799002304348
5.321268220822844
-49.0921899507301
5.482437818376752
-49.23889968248395
5.640065499853449
-49.34604285339529
5.7936154851225865
-49.41154051611903
5.94275467967185
-49.433287263464706
6.084803651488642
-49.40947261726433
2.189587340038628
-41.55929690165178
6.193338310909041
-49.235887050644436
6.160925838958008
-49.08961949565125
6.123507900291145
-48.9018778541749
6.081337957885694
-48.67491102909693
6.0347080282617185
-48.410963053505355
5.983919374946993
-48.1122767860702
5.929275184313667
-47.781094834216105
5.871078127446879
-47.419659861559694
5.809629389230508
-47.030214710569936
5.745228232909881
-46.615002457430336
5.678171790731994
-46.17626643842493
5.608754963511899
-45.716250263039456
5.537270381819894
-45.237197818661485
5.464008412376813
-44.741353270412645
5.389257211403333
-44.23096105488162
5.313302846328213
-43.7082658657597
5.23642954161528
-43.17551262456726
5.158920185098964
-42.63494642075966
5.081057453211201
-42.0888123773685
5.003126633831414
-41.539355315836445
4.925424103206296
-40.988818746644824
4.848291243107269
-40.43944083375436
4.772351873620153
-39.89342614207317
4.695299264960056
-39.353327957809455
6.220735566805274
-49.33840087935991
4.701968939128733
-38.273032819571
4.782633563066099
-37.73795571292891
4.861456967471327
-37.21818683484176
4.938831202445613
-36.715948071775756
5.015233872076237
-36.23344939252763
5.091191447953577
-35.77289321240832
5.1672701030609005
-35.33647548355353
5.244072663246698
-34.92638605694884
5.322237396558876
-34.54480882481505
5.402437474742783
-34.19392178320902
5.485380720065052
-33.87589705951211
5.5718094918516385
-33.59290092222639
5.66250065521325
-33.34709377904235
5.75826561359969
-33.14063016468796
5.859950410698957
-32.97565871457945
5.968435933169417
-32.854322118535094
6.084638287505868
-32.778757035216756
6.2095095163699625
-32.75109393288966
6.344039043423834
-32.7734567690938
6.489256861592821
-32.84796228393171
6.646241512275935
-32.97671823347241
6.8161440306987515
-33.16181808873233
7.000283735278288
-33.40531982882601
7.200818766229133
-33.709097495815456
-1.9291749352410363
-35.07965145379569
13.51459241721841
-32.15534539629573
15.501638693733014
-31.245954035163862
17.456791593918638
-30.19719975436638
19.36183336478041
-29.01258096952236
21.199052061425846
-27.69856742605242
22.95185892203449
-26.264474443278687
24.60536273228371
-24.722187819271966
26.146859814101276
-23.0857568128132
27.566206133866274
-21.370884987379583
28.85604972603568
-19.594357350195736
30.011915338387666
-17.773446021525075
31.03214684845784
-15.925335404140242
31.91772469703716
-14.066602145605714
32.671983998148676
-12.21277639946507
33.30026350130953
-10.37800060233019
33.80951629607614
-8.57479175163894
34.20791070541975
-6.813904235358962
34.504445171864745
-5.1042834110573665
28.348421310401477
20.32184674104667
29.517191603095853
18.58348314027114
30.603031509334073
16.735139921653428
31.590926560078685
14.785932667042943
32.467056985265344
12.747574532990512
33.21935099893403
10.634150881393055
33.83798346870191
8.461756350218991
34.31578052743981
6.2480118878884525
34.648497509038634
4.011491758031724
34.83494869922691
1.7710999070759215
34.87698124613513
-0.4545601339224561
34.779300115788715
-2.6477781656541026
34.54916407125364
-4.792254974039935
34.19598253872874
-6.873516128559942
33.730848836822304
-8.879205060480245
33.16604635333749
-10.799250670619898
32.51456137735249
-12.625915578562712
31.78963047894439
-14.353739574437895
31.004342852398338
-15.979398300610342
30.171310137407488
-17.501499660057334
4.619413435652348
-38.821153788935476
31.372718463868353
23.327526619436497
-3.734736095527495
34.43339806406354
-3.00283963301041
34.260313350685095
-2.2774876434580733
34.136073878150114
-1.5555767699653131
34.05820350864707
-0.834136695246201
34.02425408069897
-0.11036111096316858
34.031801407168786
0.6183845430745976
34.07844427364745
1.354560503367395
34.16180410318785
2.100451658189712
34.27952481921457
2.858167089859535
34.429272780281195
3.629639857505879
34.60873674299705
4.416626897632909
34.81562783464895
5.22070899498442
35.0476795263497
6.043290811109188
35.3026475989891
6.885600982979611
35.5783100890429
7.74869233899264
35.872467192959476
8.633442354188304
36.18294107836306
9.540554169591331
36.50757547209125
10.470559154642842
36.84423463112296
11.423824607187015
37.190800257554855
12.40058456659861
37.54515916155131
13.401155522496651
37.90511690177976
14.423046751619637
38.26955464826045
-4.476196624638277
34.657860133752706
16.241786223905876
38.720843713689675
17.030826626120017
38.79663682846743
17.833558239836577
38.86135324158059
18.648938554765493
38.91317938907807
19.475854458439983
38.950361749697635
20.313088795178658
38.97122023252308
21.159312006618904
38.97415152312013
22.013079346228608
38.95763019808166
22.872829766236123
38.92020916955249
23.736885413111963
38.86051988552063
24.60345137791495
38.7772724286082
25.4706155642005
38.66925556495056
26.336348617816213
38.535336768582965
27.198503891543282
38.374462227925335
28.05481743525621
38.185656837966064
28.902908010161525
37.96802417286631
29.74027713862671
37.72074642760978
30.56430921928842
37.44308429341078
31.37227179332342
37.13437667901226
32.1613162208173
36.79404000995214
32.92847971964284
36.4215661229029
33.6706935294161
36.0165138376241
34.38484007515069
35.578449958010765
35.0669798161573
35.1077472335611
15.467643033909468
38.63575378654923
35.80625200624371
34.33430882003526
35.865425345827134
34.03491293748468
35.893199273214634
33.708096368147295
35.89078825669077
33.35591416029334
35.85944967528519
32.980372666512295
35.80047497204441
32.58343867470211
35.715187442253296
32.167041690291455
35.60494149655983
31.733074696602188
35.471122366867405
31.28339445843997
35.315145973254346
30.819821658939162
35.138458858512365
30.34414096643289
34.9425381548603
29.858101068396138
34.72889156712512
29.363414686914524
34.499057367288
28.86175858261791
34.25460439795785
28.354773547393194
33.99713208724188
27.844064382792823
33.72827048237434
27.331199853571405
33.44968032188905
26.81771259038561
33.163053197067825
26.30509887130856
32.87011196008052
25.794818073723206
32.57261194898729
25.288291025394045
32.27234589306022
24.786893407692446
31.971178252602783
24.291909572678236
31.670580489428175
23.80515754813993
35.71456962606834
34.60411635556176
30.912271012002975
23.061169855640628
30.46295078004357
22.800908607263665
30.026475017145913
22.548223297581245
29.604596798811997
22.30454567687613
29.1990678815838
22.071308779533723
28.81163339718222
21.849954058765746
28.444030527872087
21.641933168781833
28.097988066749565
21.448708556739973
27.775226243665657
21.27175369652562
27.47745664931915
21.112553191801396
27.206382200903874
20.972602822681722
26.963697128941305
20.85340956436133
26.751086977330147
20.756491588239754
26.570228615213125
20.683378248538844
26.42279026210963
20.635610050952607
26.310431535369162
20.61473859544691
26.234803534492528
20.622326471171704
26.197549000790673
20.65994705981052
26.200302637483503
20.729184140495192
26.24469181382898
20.83163101925365
26.3323383264746
20.96888835315181
26.464863682839393
21.142557622982906
26.64391023199073
21.354215024355483
26.87128908088681
21.60522871208906
-4.5549308634286945
-34.83613449968203
-4.5549308634286945
-34.83613449968203
-7.290022707200137
-34.36799719185072
-10.100067343571197
-33.64955128535712
-12.943117465993083
-32.66158863729774
-15.771295887522285
-31.39378741214216
-18.533319800018802
-29.84660314408967
-21.177699891966142
-28.03227941742108
-23.656233534886496
-25.974723809762907
-25.92731468805428
-23.708184559707576
-27.95859337508503
-21.274884689163514
-29.728637400970115
-18.721959842179785
-31.227443288550887
-16.09815044378979
-32.45585391096125
-13.450695482423725
-33.42410989911747
-10.822778732944215
-34.149855480155225
-8.25172907547659
-34.65593147899179
-5.768021790352236
-34.96823718693227
-3.395003694990521
-35.11385803585182
-1.1491892309786635
-35.11956547581548
0.959053095747521
-6.957545159047413
34.43684403963826
-9.520921997133627
33.81797904037214
-12.160170574833813
32.9610969726661
-14.83756879281438
31.845725213426277
-17.508841687144326
30.45889237685884
-20.12512500630217
28.797274272598514
-22.635735343666653
26.868702006275498
-24.991481404200385
24.692701741082516
-27.14810297399353
22.29986921405586
-29.06935592349072
19.730083837732877
-30.729303516572173
17.02978471493219
-32.113520141618864
14.248701209738101
-33.219120884626676
11.436506009403104
-34.05373819581709
8.63982505270215
-34.63372085245746
5.899918810001196
-34.98190155682576
3.2511883241521957
-35.12526918455771
0.720504519703951
-35.092813354125155
-1.6727560919297275
-34.91371420262843
-3.916148953721489
-34.61595666773417
-6.00326627995986
9.516565694524672
-33.55660029175199
20.543746164689136
-29.43727698599254
20.763089242998177
-29.91527451171602
20.96308699338868
-30.369977003385316
21.144289404167417
-30.801774152916764
21.307240578279025
-31.211059419293505
21.452479064210472
-31.598229795899854
21.58053793834822
-31.96368575311135
21.691944831506937
-32.30783121907439
21.787221939341137
-32.63107357300481
21.866886025726792
-32.93382364145302
21.931448424665906
-33.216495698151036
21.981415039914776
-33.47950746336019
22.01728634403576
-33.72328010408222
22.03955737728132
-33.94823823532536
22.048717745408503
-34.154809920970905
22.045251616953145
-34.343426675190955
22.029637719784787
-34.514523464515065
22.002349336483434
-34.66853871046055
21.963854298125668
-34.80591429307481
21.91461497586184
-34.92709555597207
21.8550882685458
-35.03253131259308
21.78572558598868
-35.12267385703535
21.706972822700823
-35.1979789780212
21.619270318338447
-35.25890598161328
21.52305279494213
-35.30591772788421
21.41874925145902
-35.33948069004251
21.306782780825557
-35.36006505999967
21.187570229327072
-35.368144942233045
21.061521516634937
-35.36419874294657
20.929038139484188
-35.34871002473247
20.790509432063267
-35.322169644271526
20.646301346605956
-35.285082163236524
20.496711578296672
-35.237991494605666
20.341655437812065
-35.181660420759385
20.184887522139768
-35.11465797674498
20.30449956249566
-28.93560013080004
19.6442536153221
-35.02264380527291
19.26207725699655
-34.998561293669894
18.87865311337173
-34.96689977240686
18.494543204708712
-34.92808257653951
18.11022420573683
-34.88257869610865
17.72613500084303
-34.83087559831185
17.34268857261889
-34.77347243382502
16.960275963926662
-34.71087777203101
16.579267862230136
-34.6436086955016
16.200015319058146
-34.57219038856647
15.822850109016095
-34.4971559319128
15.44808492207989
-34.419046192017305
15.07601347241068
-34.33840975837316
14.70691056237807
-34.25580290657322
14.341032120378813
-34.171789574955966
13.978615223176117
-34.08694135094984
13.619878107081224
-34.001837462189656
13.26502017104988
-33.91706477239711
12.9142219714259
-33.833217779444254
12.56764520784504
-33.75089861746639
12.225432696284116
-33.67071706249149
11.887708321889221
-33.593290542903645
11.55457695796246
-33.51924416016283
11.226124321251234
-33.44921072502149
10.902416701323197
-33.38383082625592
10.583500417830365
-33.32375296987158
10.269400624543998
-33.269633885135164
9.960118318217567
-33.2221392913016
9.655621363564826
-33.18194619847941
9.355808591180491
-33.149752111542426
9.060258480500373
-33.126339460467165
8.771628468493674
-33.11170411563316
20.024201930019565
-35.038959869511245
8.535534332989002
-32.988565300318015
8.58553543709668
-32.88229038850298
8.63834805757999
-32.788746387563776
8.694295346974037
-32.70849186563393
8.753652234189502
-32.6420975593571
8.816683645225936
-32.590136575369996
8.883654060230725
-32.55318193997374
8.954830701403125
-32.53180578152114
9.03048481082665
-32.52657900232157
9.110892234757763
-32.53807112877726
9.19633371996202
-32.56685023490945
9.28709507867503
-32.61348289918851
9.383467290124209
-32.67853417779838
9.485746570955413
-32.762567584906606
9.594234432853028
-32.86614507694381
9.70923773823985
-32.98982703475215
9.831068765230526
-33.13417224403713
9.960045292984631
-33.299737867481014
10.096490725651506
-33.48707940451979
10.240734284598432
-33.69675062799493
10.393111324495763
-33.92930348010432
10.553963883024394
-34.185287890893335
10.723641699355227
-34.46525144246428
10.902504248468105
-34.76973869597728
11.090925216032531
-35.09928971467173
11.289303683126363
-35.45443636777182
11.498097680694258
-35.83569124636816
11.717958405558804
-36.24350332294361
11.950669733948018
-36.67794757181659
18.1680324599647
-29.64017466553551
20.361506451885703
-33.37269881372913
23.129621060590395
-31.51743328216233
25.8426020213614
-29.334073905061132
28.437459936423963
-26.826085131199108
30.850170725219286
-24.012391328788624
33.02053626744427
-20.927784300122596
34.89713508007797
-17.621519069162304
36.441571507259496
-14.154145582950378
37.63132061131749
-10.593001470324282
38.46074485758767
-7.007073290725856
38.940240419279476
-3.462029345741257
39.093832139145235
-0.016117642365912843
38.955773370435224
3.2826349497545664
38.56677595049017
6.397793673349668
37.970416427790965
9.304592812272944
37.21009724037745
11.989021413931795
36.326752468304434
14.446280705032649
35.35732639417874
16.67895204614402
-14.233737783577311
36.41055725762001
-11.416289242467641
37.38978886052152
-8.355353943102969
38.190522798038984
-5.072618891731395
38.763339751385075
-1.6029292649892568
39.06095990722068
2.005803031121957
39.04234528434995
5.694231737810696
38.67691425150369
9.39480692402104
37.948195925003176
13.036323083907519
36.856237620707304
16.549179754176592
35.41825264698997
19.870552908198377
33.667329835087145
22.94868179174226
31.64942298247186
25.74568560068427
29.419171369241184
28.238661097880865
27.035273079832024
30.419161689732192
24.556110709882176
32.29142083430804
22.036154646482146
33.86980830294722
19.523423281373255
35.176002286481165
17.05804309537092
36.236265224838846
14.67177745391453
37.07907798946668
12.388298775582882
8.487705836212427
-33.1070933114311
-12.657992787120882
31.747377789276953
-35.37503180330091
2.2790134137768234
-35.38521134984606
3.1466121096783866
-35.352165829880384
4.034816781581242
-35.277732190935886
4.941649529562085
-35.163712983630774
5.865185626218221
-35.01187624445309
6.803556414830638
-34.823955467529736
7.754950033592593
-34.60164959533713
8.717611656563065
-34.34662301628976
9.68984358982948
-34.06050556314567
10.67000531455912
-33.74489251429692
11.656513508491827
-33.401344594132674
12.647842056815904
-33.03138797420616
13.642522057902198
-32.636514275466155
14.63914182642776
-32.21818057018352
15.636346894487986
-31.777809384638307
16.632840011540566
-31.31678870274643
17.62738114343847
-30.836471970687683
18.618787470467254
-30.338178103087937
19.605933384264347
-29.82319149162039
20.58775048337594
-29.292762016369114
21.56322756629504
-28.748105063759194
22.531410622270215
-28.19040155136787
23.491402816256425
-27.6207979671219
24.442364466396384
-27.040406432085344
25.38351300841984
-26.450304803375356
26.314122935136737
-25.851536855745138
27.233525692211344
-25.24511261692966
28.141109483300568
-24.63200903922078
29.036318881666517
-24.013171475590358
29.91865397493629
-23.389517370465956
30.787668228239227
-22.761947330171882
31.642962072338207
-22.131389406043592
32.48415725914569
-21.499109071200195
33.31071734647682
-20.86254380337655
34.124359986357405
-35.31975666873379
1.4340314760760293
-19.985018454397103
34.8636749689575
-19.742935754665794
34.79576072602359
-19.498633161795343
34.72049727831387
-19.252405233555148
34.63844313905432
-19.004602334589638
34.550123579019214
-18.75558370890618
34.45605780269051
-18.50570574883276
34.356765742621064
-18.25531808496992
34.25277032357371
-18.004762022824117
34.14459836812691
-17.754369832766056
34.03278100801219
-17.50446439573728
33.917853889583114
-17.255359013170168
33.80035728388938
-17.007357299414824
33.680836149270135
-16.7607531186264
33.55984016875698
-16.515830546562356
33.43792377203795
-16.272863848440224
33.31564614958481
-16.032117466842216
33.19357126021822
-15.793846018014918
33.07226783528276
-15.558294295037465
32.952309378253034
-15.325697279744489
32.834274161484615
-15.096280165817852
32.71874521789559
-14.870258399160129
32.60631032480123
-14.647837748835471
32.49756197681015
-14.42921443294648
32.393097335640874
-14.21457535454584
32.29351813609762
-14.004098575495796
32.19943049776211
-13.797954360025827
32.11144450874846
-13.596307785449646
32.030173185014206
-13.399326575755559
31.9562293472367
-13.20721243754054
31.890213126732476
-13.020420414974318
31.832624506535126
-12.836692382082845
31.78504609767188
-20.224971004293984
34.923458012443234
-12.685233995741505
31.625987439304254
-12.7171960969806
31.516072132122815
-12.7538346882084
31.41831899379943
-12.795390342548899
31.333301347284987
-12.842155100293496
31.261571814467402
-12.894439109307342
31.203675617409516
-12.952562283540402
31.16015390433111
-13.016851520637594
31.131544859059034
-13.087639586666455
31.118384145731312
-13.165264606532183
31.121205112624267
-13.250069805594954
31.14053889560762
-13.342403365900545
31.176914475836668
-13.442618338133116
31.230858715870454
-13.551072580473715
31.302896384721976
-13.668128709610265
31.393550179803185
-13.794154052590976
31.50334074727118
-13.929520592232734
31.63278670791749
-14.074604894718242
31.78240469051164
-14.229788005140662
31.95270938125958
-14.395455285302774
32.1442136004307
-14.571996147362839
32.35742842896849
-14.759803590478413
32.5928634286866
-14.959273342775482
32.851027050980264
-15.17080214616449
33.132427451788146
-15.394783985648566
33.43757428713124
-15.631600661862826
33.766983197912026
-15.881593511069767
34.12118926797487
-16.144950283578595
34.500800852612656
-16.420913293712303
34.906876382653735
16.235301533171924
-30.741378332741846
16.235301533171924
-30.741378332741846
14.179220939109232
-31.742196698239255
12.011577145750579
-32.62421450612209
9.747655166764774
-33.370654420008435
7.405910132904435
-33.967187884385254
5.007419391236738
-34.402661360860606
2.5751445602051746
-34.66966957102173
0.133056469455461
-34.764919871124704
-2.294806815900131
-34.68935311226606
-4.685270958944429
-34.44801291382504
-7.016870551517211
-34.04968260253003
-9.270546956579622
-33.506332487988544
-11.430157448408451
-32.83243607127528
-13.482777659330765
-32.044220450165994
-15.418801743007982
-31.158913820600347
-17.23186290467043
-30.194043427544244
-18.918609180121955
-29.166823350505453
-20.478375153723455
-28.093656022902167
-21.9127904317668
-26.989756819268564
-34.75720938548634
-0.7441460899882486
-34.63847166701774
-2.9654069270496564
-34.368591782299106
-5.236149021128682
-33.938452009993945
-7.536500038819241
-33.34220419099714
-9.844530326817903
-32.57777423700568
-12.136967637448578
-31.64717677882208
-14.390050715677475
-30.55659835528858
-16.580460024479436
-29.316230760808885
-18.686250871932216
-27.93986336546572
-20.68771115394091
-26.444269754616165
-22.5680737949626
-24.84844530263316
-24.314031416279633
-23.172764881405804
-25.916024491053236
-21.438132350731003
-27.36829989207085
-19.665186458686755
-28.668759987395134
-17.87361367858474
-29.81864000484417
-16.081600615657628
-30.82206156810841
-14.30544025300555
-31.685513043620944
-12.559290138715994
-32.41730384966239
-10.855068295557064
-33.02703210960041
14.883294319557947
-36.14990347565916
3.5467391305895464
3.568061040237434
3.587268990237841
3.604526771810558
3.619979206786653
3.6337551447971483
3.645969908971081
3.6567273139469076
3.666121345488825
3.674237569816328
3.681154325308493
3.6869437378372845
3.691672592209446
3.6954030855419595
3.6981934832628123
3.700098694351471
3.701170779339164
3.701459401999577
3.7010122336673192
3.699875317519543
3.6980933987751072
3.6957102256746492
3.692768825183275
3.6893117565879914
3.6853813454212467
3.681019899631733
3.67626990933227
3.6711742309903697
3.665776256510566
3.6601200672119933
3.6542505723664185
3.648213631545359
3.642056159788205
3.635826214146959
3.629573060051644
3.623347215567515
3.6172004714590242
3.611185884861341
3.6053577442230296
3.599771503121961
3.5944836798188438
3.5895517478549945
3.5467391305895464
3.5808613441834733
3.577223153842674
3.574178403492081
3.5717858793322668
3.5701037060859697
3.569188957406955
3.5690912898390974
3.5697981601177173
3.5712600743578404
3.573425634601824
3.5762423451583443
3.579656962549172
3.5836158208542086
3.588065129234361
3.5929512394098913
3.598220881690905
3.60382136895123
3.6097007686089024
3.6158080432685176
3.6220931610703078
3.6285071773269295
3.63500228925177
3.6415318677411674
3.648050410342654
3.585033886370592
3.660756856483345
3.6668584188852718
3.6727772873575146
3.6784732849750923
3.6839070535122076
3.689039942919014
3.6938338885228568
3.698251276679988
3.7022547990554937
3.7058072954995094
3.7088715851119787
3.7114102847527564
3.7133856139441086
3.7147591846847647
3.715491774293007
3.715543078848132
3.714871444333623
3.7134335717803864
3.7111841920409936
3.7080757046878805
3.7040577741711056
3.6990768730242376
3.693075742410634
3.685993360641227
3.6545136913477503
3.6677097994053756
3.6565087559068368
3.64407360084777
3.6303092316536874
3.6151099433776532
3.598357513043145
3.5804682241163235
3.580468224116324
3.580468224116324
3.5804682241163235
3.5804682241163235
3.580468224116324
3.5804682241163235
3.580468224116324
3.580468224116324
3.5804682241163235
3.580468224116323
3.580468224116324
3.580468224116324
3.580468224116324
3.5804682241163235
3.5804682241163235
3.580468224116323
3.580468224116323
3.580468224116324
3.5804682241163235
3.580468224116323
3.5804682241163235
3.580468224116324
3.5804682241163235
3.580468224116324
3.580468224116324
3.580468224116323
3.5804682241163235
3.5804682241163235
3.5804682241163235
3.580468224116323
3.580468224116324
3.5804682241163235
3.580468224116324
3.580468224116324
3.580468224116324
3.580468224116323
3.580468224116324
3.580468224116324
3.580468224116323
3.5467391305895464
3.567542094834244
3.586255765443735
3.6030440515314277
3.6180518670008746
3.6314081455725455
3.643228288989499
3.653616185623685
3.6626658902640807
3.6704630334928456
3.677086013392224
3.682607010863609
3.6870928610487805
3.6906058066828056
3.6932041540724523
3.6949428483156033
3.695873981282346
3.696047243288673
3.6955103274003704
3.694309293702581
3.6924888994895304
3.6900929002378287
3.6871643253051003
3.6837457315260833
3.67987943713757
3.6756077379533694
3.6709731071190768
3.6660183793122614
3.6607869198371126
3.6553227786170037
3.6496708287501076
3.6438768888765933
3.637987828369139
3.632051653902042
3.6261175758422586
3.620236052531921
3.614458810373151
3.6088388375037077
3.6034303486821635
3.5982887187603443
3.5934703795887324
3.589032763229334
3.5467391305895464
3.5692805739562363
3.5547830147638724
3.541654872219499
3.5300081839829995
3.519952245666078
3.511592408946402
3.5050228882305627
3.5002711636699444
3.497322457618257
3.4961540793966432
3.496735629303028
3.499028871373088
3.5029877278961092
3.5085584075913676
3.5156796730949615
3.5242832463514837
3.5342943434237073
3.5456323236466942
3.5582114325418335
3.5719416137294284
3.5867293626768624
3.602478593146024
3.6190914765547237
3.6364696150613813
3.585033886370592
3.6608045333997374
3.666949810346509
3.6729084253801285
3.6786401996722558
3.6841057737885827
3.6892664967347586
3.6940843030501207
3.69852157842395
3.702541013961803
3.7061054490563814
3.7091777024508357
3.7117203907498704
3.713695733325537
3.715065342137541
3.7157899945873396
3.7158293869791788
3.7151418656996955
3.7136841324338636
3.7114109190987192
3.708274627138891
3.7042249248718804
3.699208295418789
3.693167529947458
3.686041044759923
3.6545136913477503
3.66769620692809
3.6564860201575096
3.644045696601628
3.6302800616938047
3.615083461434089
3.5983381279518927
3.5983381279518927
3.523053738627002
3.523053738627002
3.523053738627002
3.523053738627002
3.523053738627002
3.523053738627002
3.523053738627002
3.523053738627002
3.523053738627002
3.523053738627002
3.523053738627002
3.523053738627002
3.5230537386270027
3.523053738627002
3.523053738627002
3.523053738627002
3.523053738627002
3.523053738627002
3.523053738627002
3.523053738627002
3.523053738627002
3.5230537386270027
3.523053738627002
3.523053738627002
3.523053738627002
3.523053738627002
3.523053738627002
3.523053738627002
3.523053738627002
3.523053738627002
3.523053738627002
3.5230537386270027
3.5230537386270027
3.523053738627002
3.523053738627002
3.523053738627002
3.523053738627002
3.523053738627002
3.523053738627002
3.5499414595682923
3.5475529134331123
3.5465798751111186
3.5469653759211006
3.54864686674452
3.5515570453358714
3.555624700354779
3.5607755517094906
3.5669330683059455
3.57401924696549
3.581955339221558
3.5906625158404086
3.6000624620375152
3.610077899258403
3.6206330319329436
3.6316539199025732
3.64306877897576
3.6548082135292344
3.666805385999664
3.6789961287145725
3.6913190032346095
3.7037153061553028
3.7161292339641103
3.5537961065472405
3.7406675745148794
3.7526992057490545
3.764556235727983
3.7761949481907218
3.787573657336412
3.7986525435877434
3.8093934797170492
3.8197598508188415
3.8297163697804244
3.8392288892490085
3.8482642106795666
3.856789890584926
3.8647740439117606
3.8721851440049972
3.8789918184197716
3.885162639458503
3.89066590807447
3.8954694293548697
3.8995402774992742
3.902844547747724
3.905347092129725
3.907011234607876
3.9077984533158747
3.907668260518945
3.72850722568414
3.904472280515871
3.901461797392839
3.897595028153647
3.8929081673219113
3.8874360859449366
3.8812126211080336
3.8742708488860456
3.8666433440362122
3.858362429283558
3.8494604166098085
3.8399698425772186
3.8299236993531576
3.8193556627169505
3.808300318036143
3.7967933847914015
3.7848719398924477
3.772574639615492
3.759941939577822
3.7470163116553303
3.733842456308412
3.720467508128876
3.7069412320532136
3.6933162083961935
3.6796479608789494
3.9065886503805443
3.652235630132515
3.6386331532050957
3.6252564303716923
3.6121774266362072
3.599471384762458
3.5872166969881434
3.5754947001911255
3.5643893887243805
3.553987038396741
3.544375736262021
3.5356448127578046
3.5278841753916246
3.521183546386338
3.515631610506841
3.5113150834705067
3.5083177159324053
3.5067192524203117
3.5065943689954495
3.5080116169606663
3.5110324026350557
3.515710034551811
3.5220888685222076
3.5302035746092937
3.5400785002853525
3.559131126825124
3.551911973937619
3.5519119739376186
3.5519119739376186
3.551911973937619
3.5519119739376195
3.5519119739376186
3.551911973937619
3.551911973937619
3.551911973937618
3.5519119739376186
3.551911973937619
3.551911973937619
3.551911973937619
3.551911973937619
3.5519119739376186
3.5519119739376186
3.551911973937619
3.5519119739376195
3.5519119739376186
3.551911973937619
3.551911973937618
3.551911973937618
3.5519119739376195
3.551911973937618
3.551911973937619
3.551911973937618
3.5519119739376186
3.551911973937619
3.5519119739376186
3.5519119739376195
3.551911973937619
3.551911973937619
3.551911973937619
3.5519119739376195
3.551911973937619
3.551911973937619
3.551911973937618
3.551911973937619
3.6659952152353124
3.6659952152353124
3.544874706065031
3.5378140251471044
3.532575411318775
3.5291129028112485
3.5273740510864724
3.527300681081126
3.5288296616825368
3.531893676969799
3.536421982487593
3.542341131973488
3.5495756624049872
3.5580487280761233
3.5676826772913466
3.5783995679151555
3.5901216203029898
3.602771608167667
3.616273189414349
3.6305511801112655
3.64553177515997
3.6611427183638865
3.677313417091504
3.6939749196327587
3.711062235616043
3.553796106547241
3.7374142689764134
3.7464436797868688
3.7555546745386117
3.764708180393986
3.773866752896775
3.78299440038092
3.7920563921148975
3.8010190604557224
3.809849600188534
3.8185158665987324
3.8269861731453507
3.8352290890393643
3.8432132367748744
3.8509070891555055
3.85827876511473
3.865295823208191
3.8719250513807295
3.8781322511412712
3.8838820139326256
3.889137486941098
3.8938601247839637
3.8980094211165843
3.901542595552352
3.9044148111411228
3.7285072256841403
3.9041477998718714
3.900839672525966
3.8967021593056623
3.8917715017178436
3.88608261138223
3.8796693610120982
3.8725648577181544
3.864801702808336
3.8564122411081714
3.847428802259958
3.837883936047827
3.8278106434205115
3.8172426044957706
3.8062144045345345
3.7947617584640514
3.7829217341916537
3.7707329745373928
3.7582359171957553
3.7454730116178707
3.732488931236233
3.7193307786850744
3.706048280660453
3.692693963294407
3.679323464414039
3.9065886503805447
3.65238776614376
3.6389253631155003
3.625676596574531
3.6127134101248157
3.600111031857974
3.5879478421466406
3.576305167832103
3.565266994735482
3.5549195915114296
3.545351039382082
3.536650664251062
3.5289083703797255
3.5222138780313985
3.516655871303957
3.512321066554076
3.509293216408249
3.507652068744749
3.507472304442998
3.508822481270195
3.511764014049686
3.5163502228435535
3.5226254809661532
3.5306244937069513
3.5403717428655437
3.5591311268251236
3.5591311268251236
3.559131126825124
3.559131126825124
3.5591311268251236
3.559131126825124
3.5591311268251236
3.5591311268251236
3.559131126825124
3.5591311268251236
3.559131126825124
3.5591311268251236
3.5591311268251236
3.559131126825124
3.5591311268251236
3.5591311268251244
3.5591311268251236
3.5591311268251236
3.559131126825124
3.559131126825124
3.5591311268251244
3.5591311268251236
3.559131126825124
3.559131126825124
3.559131126825124
3.559131126825124
3.559131126825124
3.559131126825124
3.559131126825124
3.559131126825124
3.559131126825124
3.559131126825124
3.5591311268251244
3.5591311268251236
3.559131126825124
3.5591311268251236
3.559131126825124
3.559131126825124
3.5591311268251236
3.559131126825124
3.5519119739376186
3.5806553460678736
3.5949722179880452
3.6082763669767064
3.620622344761062
3.6320601433451642
3.642635708773554
3.65239138671116
3.6613663105520877
3.669596740930962
3.6771163638614985
3.6839565536536796
3.690146605567033
3.6957139424930014
3.700684299245977
3.705081887440339
3.708929543545635
3.71224886230579
3.715060317385224
3.7173833708500412
3.7192365728720773
3.7206376528239113
3.7216036028653527
3.7221507548283568
3.722294851255709
3.7220511112661767
3.7214342917863767
3.7204587447562183
3.7191384706753414
3.7174871689459703
3.71551828527838
3.713245056408007
3.7106805519707127
3.7078377119941663
3.7047293637411447
3.7013686939726633
3.565266044492663
3.6927650294874423
3.68760499151357
3.682301252738155
3.6768672729808203
3.6713166175839804
3.6656629958030025
3.6599202899326917
3.6541025814179866
3.6482241751960935
3.64229962253367
3.6363437423905083
3.6303716412354667
3.624398731219331
3.6184407465731936
3.6125137580358113
3.6066341851864383
3.6008188064338333
3.5950847664974503
3.58944958110131
3.5839311386997377
3.57854769895349
3.5733178876916476
3.56826068815769
3.5633954282181612
3.5587417633045266
3.5543196548352265
3.5501493437757548
3.5462513189037024
3.5426462786039075
3.5393550810439036
3.5363986375922765
3.53379904198338
3.697767907909822
3.5285618941859633
3.5259089539515567
3.523638138267026
3.5217704071792206
3.520326405603674
3.5193263771643113
3.5187900771722878
3.5187366839787235
3.5191847091910016
3.5201519075471475
3.5216551873178115
3.5237105221992686
3.526332865717237
3.52953606913534
3.5333328039455916
3.5377344898579213
3.5427512293591956
3.5483917496573025
3.5546633528847305
3.561571875253201
3.569121655781248
3.5773155150467635
3.586154744302795
3.595639105045013
3.605766839078292
3.6165346885950624
3.6279379252758215
3.6399703838544295
3.6526244646952577
3.5486161528114626
3.665964793734015
3.665964793734015
3.665964793734015
3.665964793734015
3.665964793734015
3.665964793734015
3.6659647937340147
3.665964793734015
3.665964793734015
3.665964793734015
3.665964793734015
3.665964793734015
3.665964793734015
3.665964793734015
3.6659647937340147
3.665964793734015
3.665964793734015
3.665964793734015
3.6659647937340156
3.6659647937340156
3.6659647937340156
3.665964793734015
3.665964793734015
3.665964793734015
3.6659647937340147
3.6659647937340156
3.665964793734015
3.665964793734015
3.665964793734015
3.665964793734015
3.6659647937340156
3.665964793734015
3.665964793734015
3.665964793734015
3.6659647937340147
3.665964793734015
3.665964793734015
3.665964793734015
3.531575781886615
3.531575781886615
3.5680772086264554
3.5702322069548833
3.571830671065038
3.5729679182968535
3.5737352249777774
3.5742199837425033
3.5745057502794113
3.5746721931872774
3.574794961766422
3.5749454872198054
3.5751907337790603
3.5755929169513587
3.5762092069201437
3.5770914354005487
3.578285823977131
3.5798327511460424
3.5817665736609916
3.5841155154618742
3.586901634513313
3.590140874409093
3.593843203772428
3.598012842685639
3.6026485714839844
3.6077441140482787
3.6132885848557046
3.6192669869260814
3.6256607466659942
3.6324482709860186
3.6396055125623663
3.6471065301253756
3.6549240328523878
3.6630299022596895
3.671395701385539
3.6799933256083928
3.6887912208375067
3.565266044492663
3.693506972399257
3.6890445758193655
3.6843936499772294
3.67956728929002
3.674578738685665
3.66944141569868
3.664168935810604
3.658775137531628
3.6532741065196186
3.647680198467368
3.6420080606114693
3.6362726517196022
3.630489260431119
3.6246735218053265
3.6188414318737467
3.613009360068967
3.607194059278721
3.6014126733601644
3.5956827418346253
3.5900222015824657
3.58444938525798
3.578983016162554
3.5736421993799814
3.5684464088632817
3.5634154702668317
3.5585695393244046
3.553929075569667
3.54951481138077
3.545347716692958
3.5414489618188973
3.5378399015178115
3.534541425914081
3.697767907909822
3.5285694111835166
3.5259234301627456
3.523659064965733
3.5217972851396286
3.5203587385429493
3.519363669895925
3.518831834936992
3.518782412168453
3.5192339132304493
3.520204092847582
3.5217098592677085
3.5237671861755553
3.5263910271093453
3.5295952333781853
3.5333924765598144
3.53779417649708
3.542810435864785
3.5484499821238047
3.5547201177388255
3.561626679354537
3.5691740065581232
3.577364920691953
3.5862007140800705
3.5956811498159076
3.6058044723119895
3.61656742858385
3.6279653009619883
3.6399919550778477
3.652639943026184
3.5486161528114626
3.5486161528114626
3.548616152811463
3.5486161528114626
3.548616152811463
3.548616152811463
3.548616152811463
3.5486161528114626
3.548616152811463
3.548616152811463
3.5486161528114626
3.548616152811463
3.5486161528114626
3.548616152811463
3.548616152811463
3.548616152811463
3.548616152811463
3.548616152811463
3.548616152811463
3.548616152811463
3.548616152811463
3.548616152811463
3.5486161528114626
3.5486161528114626
3.5486161528114626
3.548616152811463
3.548616152811463
3.548616152811463
3.548616152811463
3.5486161528114626
3.548616152811463
3.548616152811463
3.548616152811463
3.548616152811463
3.548616152811463
3.548616152811463
3.548616152811463
3.5486161528114626
3.548616152811463
3.548616152811463
3.665964793734015
0.0
0.0
0.0
0.0
0.0
0.0
0.0
0.0
0.0
0.0
0.0
0.0
0.0
0.0
0.0
0.0
0.0
0.0
0.0
0.0
0.0
0.0
0.0
0.0
0.0
0.0
0.0
0.0
0.0
0.0
0.0
0.0
0.0
0.0
0.0
0.0
0.0
0.0
0.0
0.0
0.0
0.0
0.0
0.0
0.0
0.0
0.0
0.0
0.0
0.0
0.0
0.0
0.0
0.0
0.0
0.0
0.0
0.0
0.0
0.0
0.0
0.0
0.0
0.0
0.0
0.0
0.0
0.0
0.0
0.0
0.0
0.0
0.0
0.0
0.0
0.0
0.0
0.0
0.0
0.0
0.0
0.0
0.0
0.0
0.0
0.0
0.0
0.0
0.0
0.0
0.0
0.0
0.0
0.0
0.0
0.0
0.0
0.0
0.0
0.0
0.0
0.0
0.0
0.0
0.0
0.0
0.0
0.0
0.0
0.0
0.0
0.0
0.0
0.0
0.0
0.0
0.0
0.0
0.0
54.802764174693884
59.337419465277875
64.09880752039133
69.09826497826002
74.34769530902219
79.859597156323
85.64709409598852
0.0
0.0
0.0
0.0
0.0
0.0
0.0
0.0
0.0
0.0
0.0
0.0
0.0
37.43878699600293
38.22578227892495
38.94786228834078
39.60724964765862
40.206150799549945
40.746757560618484
41.2312478099783
41.66178607225876
42.0405240797625
42.369601331459144
42.65114565147381
47.01913181271964
47.23052638156296
47.39673642550168
47.520049747917085
47.60274445442051
52.04348215257725
52.052500091921736
52.02455977906677
51.96211403688607
56.46822091194586
56.333085054252145
51.59216956881459
51.41609802889209
51.21769205271124
50.99937210989507
50.7635557304239
46.24558255985163
54.70614474664145
59.062439937757595
45.49572641566656
53.7888398309497
49.116420640820365
57.703859687716
48.53684299642757
48.252210280419156
52.229524009882255
47.70539148908147
56.0757109225422
55.78813031944084
51.144732121921564
59.84779958063255
37.43878699600293
54.19306692040166
57.83273224997488
57.07845784136078
60.94462836379003
65.0407270156956
64.49926358408266
59.44077415352007
68.61804962004021
63.58539814728579
63.511149736437304
58.9502085967638
54.69655753504905
59.319925662452924
55.220281822509925
55.6149236172823
56.09547495182847
56.65987260296985
57.305936728180455
58.03134729049238
54.33746887136492
55.14696830511645
56.02236594394488
56.96083271347393
57.95935707174525
55.05354714605278
54.70710832523403
55.04433376745769
55.37330088302672
55.6915994819337
55.99681938776117
56.286550426262664
56.55838241551693
56.809905158134264
52.39161697242264
52.5786967093369
52.74048018143634
52.87475341843075
52.97930239606377
53.05191302820962
53.0903711596586
53.09246255755468
53.05597290490976
52.978687792480656
52.858392712903836
52.69287305548986
57.13483744885126
56.848930883762506
56.506554972421085
56.105293336196205
54.36403478976913
55.08543400664801
54.47136435160002
53.79792056906169
53.062431884173705
52.26215942928074
55.79088683395596
55.79088683395596
0.0
0.0
0.0
0.0
0.0
0.0
0.0
0.0
0.0
0.0
0.0
0.0
0.0
0.0
0.0
0.0
0.0
0.0
0.0
0.0
40.08496420400097
40.08496420400093
40.08496420400094
40.08496420400095
40.08496420400094
43.78360016239134
43.783600162391316
47.66716791870126
47.66716791870127
56.02654751415835
60.52226263805658
70.1992894422476
80.8682114938682
0.0
0.0
0.0
0.0
0.0
0.0
0.0
0.0
0.0
0.0
0.0
0.0
0.0
0.0
0.0
0.0
0.0
0.0
0.0
0.0
0.0
0.0
0.0
0.0
0.0
0.0
0.0
0.0
0.0
0.0
0.0
0.0
0.0
0.0
0.0
0.0
0.0
0.0
0.0
0.0
0.0
0.0
0.0
0.0
0.0
0.0
0.0
0.0
0.0
0.0
0.0
0.0
0.0
0.0
0.0
0.0
0.0
0.0
0.0
0.0
0.0
0.0
0.0
0.0
0.0
0.0
0.0
0.0
0.0
0.0
0.0
0.0
0.0
0.0
0.0
0.0
0.0
0.0
0.0
0.0
0.0
0.0
0.0
0.0
0.0
0.0
0.0
0.0
0.0
0.0
0.0
0.0
0.0
0.0
0.0
0.0
0.0
0.0
0.0
0.0
0.0
0.0
0.0
0.0
0.0
0.0
0.0
0.0
0.0
0.0
0.0
0.0
0.0
0.0
0.0
0.0
0.0
0.0
0.0
0.0
0.0
0.0
0.0
0.0
0.0
1.4476607948660887
1.4539601267507933
1.4665587905202024
1.5003031041985229
1.5290966785450177
1.5578902528915126
1.5794854336513835
0.0
0.0
0.0
0.0
0.0
0.0
0.0
0.0
0.0
0.0
0.0
0.0
0.0
1.0282375679040439
1.0395325950656615
1.0564751358080877
1.0734176765505141
1.0960077308737493
1.1129502716161757
1.1298928123586018
1.152482866681837
1.1694254074242634
1.5281491014992086
1.2259005432323513
1.259785624717204
1.3265838210269054
1.4072099332158268
0.9294060802398902
0.9294060802398902
1.5567768999176521
0.9294060802398902
0.9294060802398902
1.5963094949833136
1.607604522144931
1.1383640827298152
1.635842090048975
1.6471371172105926
1.65843214437221
1.6753746851146365
1.686669712276254
1.6979647394378716
1.7036122530186804
1.8222100382156647
1.8222100382156647
1.825033795006069
1.825033795006069
1.8278575517964735
1.8278575517964735
1.8278575517964735
1.8321611130015616
1.8321611130015616
1.83646467420665
1.83646467420665
1.83646467420665
1.8407682354117378
1.0282375679040439
1.8407682354117378
1.8450717966168262
1.705457321417298
1.7018581246239861
1.7018581246239861
1.6982589278306741
1.6946597310373623
0.9280160641337631
0.9280160641337631
1.6874613374507388
1.1655630524923446
1.0071983935866238
1.021595180759871
1.043190361519742
0.9280160641337631
1.0791823294528604
1.093579116626108
1.1079759037993553
1.1223726909726026
1.1439678717324737
1.158364658905721
1.179959839665592
1.1871582332522157
1.201555020425463
1.8407682354117378
1.2231502011853341
1.2303485947719577
1.2375469883585815
1.2447453819452052
1.2519437755318288
1.2519437755318288
1.2591421691184526
1.2663405627050761
1.2879357434649472
1.295134137051571
1.3023325306381945
1.3095309242248183
1.3167293178114419
1.3239277113980656
1.3311261049846892
1.338324498571313
1.5075014977851469
1.3527212857445603
1.3594701484802245
1.365769480364929
1.3720688122496336
1.3720688122496336
1.3783681441343383
1.3846674760190427
1.2231502011853341
1.4035654716731565
1.4161641354425658
1.4161641354425658
1.4161641354425658
1.4224634673272702
1.4350621310966796
1.4350621310966796
0.0
0.0
0.0
0.0
0.0
0.0
0.0
0.0
0.0
0.0
0.0
0.0
0.0
0.0
0.0
0.0
0.0
0.0
0.0
0.0
0.9294060802398902
0.9294060802398902
0.9294060802398902
1.7177310369707022
1.7205547937611065
1.7233785505515111
1.7262023073419155
1.7290260641323199
1.7346735777131286
1.7374973345035332
1.7403210912939375
1.743144848084342
1.7459686048747463
0.0
0.0
0.0
0.0
0.0
0.0
