0.0
0.0
0.0
0.0
0.0
0.0
0.0
0.0
0.0
0.0
0.0
0.0
0.0
0.0
0.0
0.0
0.0
0.0
0.0
0.0
0.0
0.0
0.0
0.0
0.0
0.0
0.0
0.0
0.0
0.0
0.0
0.0
0.0
0.0
0.0
0.0
0.0
0.0
0.0
0.0
0.0
0.0
0.0
0.0
0.0
0.0
0.0
0.0
0.0
0.0
0.0
0.0
0.0
0.0
0.0
0.0
0.0
0.0
0.0
0.0
0.0
0.0
0.0
0.0
0.0
0.0
0.0
0.0
0.0
0.0
0.0
0.0
0.0
0.0
0.0
0.0
0.0
0.0
0.0
0.0
0.0
0.0
0.0
0.0
0.0
0.0
0.0
0.0
0.0
0.0
0.0
0.0
0.0
0.0
0.0
0.0
0.0
0.0
0.0
0.0
0.0
0.0
0.0
0.0
0.0
0.0
0.0
0.0
0.0
0.0
0.0
0.0
0.0
0.0
0.0
0.0
0.0
0.0
0.0
54.802764174693884
59.337419465277875
64.09880752039133
69.09826497826002
74.34769530902219
79.859597156323
85.64709409598852
0.0
0.0
0.0
0.0
0.0
0.0
0.0
0.0
0.0
0.0
0.0
0.0
0.0
37.43878699600293
38.22578227892495
38.94786228834078
39.60724964765862
40.206150799549945
40.746757560618484
41.2312478099783
41.66178607225876
42.0405240797625
42.369601331459144
42.65114565147381
47.01913181271964
47.23052638156296
47.39673642550168
47.520049747917085
47.60274445442051
52.04348215257725
52.052500091921736
52.02455977906677
51.96211403688607
56.46822091194586
56.333085054252145
51.59216956881459
51.41609802889209
51.21769205271124
50.99937210989507
50.7635557304239
46.24558255985163
54.70614474664145
59.062439937757595
45.49572641566656
53.7888398309497
49.116420640820365
57.703859687716
48.53684299642757
48.252210280419156
52.229524009882255
47.70539148908147
56.0757109225422
55.78813031944084
51.144732121921564
59.84779958063255
37.43878699600293
54.19306692040166
57.83273224997488
57.07845784136078
60.94462836379003
65.0407270156956
64.49926358408266
59.44077415352007
68.61804962004021
63.58539814728579
63.511149736437304
58.9502085967638
54.69655753504905
59.319925662452924
55.220281822509925
55.6149236172823
56.09547495182847
56.65987260296985
57.305936728180455
58.03134729049238
54.33746887136492
55.14696830511645
56.02236594394488
56.96083271347393
57.95935707174525
55.05354714605278
54.70710832523403
55.04433376745769
55.37330088302672
55.6915994819337
55.99681938776117
56.286550426262664
56.55838241551693
56.809905158134264
52.39161697242264
52.5786967093369
52.74048018143634
52.87475341843075
52.97930239606377
53.05191302820962
53.0903711596586
53.09246255755468
53.05597290490976
52.978687792480656
52.858392712903836
52.69287305548986
57.13483744885126
56.848930883762506
56.506554972421085
56.105293336196205
54.36403478976913
55.08543400664801
54.47136435160002
53.79792056906169
53.062431884173705
52.26215942928074
55.79088683395596
55.79088683395596
0.0
0.0
0.0
0.0
0.0
0.0
0.0
0.0
0.0
0.0
0.0
0.0
0.0
0.0
0.0
0.0
0.0
0.0
0.0
0.0
40.08496420400097
40.08496420400093
40.08496420400094
40.08496420400095
40.08496420400094
43.78360016239134
43.783600162391316
47.66716791870126
47.66716791870127
56.02654751415835
60.52226263805658
70.1992894422476
80.8682114938682
0.0
0.0
0.0
0.0
0.0
0.0
