0.0
0.0
0.0
0.0
0.0
0.0
0.0
0.0
0.0
0.0
0.0
0.0
0.0
0.0
0.0
0.0
0.0
0.0
0.0
0.0
0.0
0.0
0.0
0.0
0.0
0.0
0.0
0.0
0.0
0.0
0.0
0.0
0.0
0.0
0.0
0.0
0.0
0.0
0.0
0.0
0.0
0.0
0.0
0.0
0.0
0.0
0.0
0.0
0.0
0.0
0.0
0.0
0.0
0.0
0.0
0.0
0.0
0.0
0.0
0.0
0.0
0.0
0.0
0.0
0.0
0.0
0.0
0.0
0.0
0.0
0.0
0.0
0.0
0.0
0.0
0.0
0.0
0.0
0.0
0.0
0.0
0.0
0.0
0.0
0.0
0.0
0.0
0.0
0.0
0.0
0.0
0.0
0.0
0.0
0.0
0.0
0.0
0.0
0.0
0.0
0.0
0.0
0.0
0.0
0.0
0.0
0.0
0.0
0.0
0.0
0.0
0.0
0.0
0.0
0.0
0.0
0.0
0.0
0.0
1.4476607948660887
1.4539601267507933
1.4665587905202024
1.5003031041985229
1.5290966785450177
1.5578902528915126
1.5794854336513835
0.0
0.0
0.0
0.0
0.0
0.0
0.0
0.0
0.0
0.0
0.0
0.0
0.0
1.0282375679040439
1.0395325950656615
1.0564751358080877
1.0734176765505141
1.0960077308737493
1.1129502716161757
1.1298928123586018
1.152482866681837
1.1694254074242634
1.5281491014992086
1.2259005432323513
1.259785624717204
1.3265838210269054
1.4072099332158268
0.9294060802398902
0.9294060802398902
1.5567768999176521
0.9294060802398902
0.9294060802398902
1.5963094949833136
1.607604522144931
1.1383640827298152
1.635842090048975
1.6471371172105926
1.65843214437221
1.6753746851146365
1.686669712276254
1.6979647394378716
1.7036122530186804
1.8222100382156647
1.8222100382156647
1.825033795006069
1.825033795006069
1.8278575517964735
1.8278575517964735
1.8278575517964735
1.8321611130015616
1.8321611130015616
1.83646467420665
1.83646467420665
1.83646467420665
1.8407682354117378
1.0282375679040439
1.8407682354117378
1.8450717966168262
1.705457321417298
1.7018581246239861
1.7018581246239861
1.6982589278306741
1.6946597310373623
0.9280160641337631
0.9280160641337631
1.6874613374507388
1.1655630524923446
1.0071983935866238
1.021595180759871
1.043190361519742
0.9280160641337631
1.0791823294528604
1.093579116626108
1.1079759037993553
1.1223726909726026
1.1439678717324737
1.158364658905721
1.179959839665592
1.1871582332522157
1.201555020425463
1.8407682354117378
1.2231502011853341
1.2303485947719577
1.2375469883585815
1.2447453819452052
1.2519437755318288
1.2519437755318288
1.2591421691184526
1.2663405627050761
1.2879357434649472
1.295134137051571
1.3023325306381945
1.3095309242248183
1.3167293178114419
1.3239277113980656
1.3311261049846892
1.338324498571313
1.5075014977851469
1.3527212857445603
1.3594701484802245
1.365769480364929
1.3720688122496336
1.3720688122496336
1.3783681441343383
1.3846674760190427
1.2231502011853341
1.4035654716731565
1.4161641354425658
1.4161641354425658
1.4161641354425658
1.4224634673272702
1.4350621310966796
1.4350621310966796
0.0
0.0
0.0
0.0
0.0
0.0
0.0
0.0
0.0
0.0
0.0
0.0
0.0
0.0
0.0
0.0
0.0
0.0
0.0
0.0
0.9294060802398902
0.9294060802398902
0.9294060802398902
1.7177310369707022
1.7205547937611065
1.7233785505515111
1.7262023073419155
1.7290260641323199
1.7346735777131286
1.7374973345035332
1.7403210912939375
1.743144848084342
1.7459686048747463
0.0
0.0
0.0
0.0
0.0
0.0
