48.4346598255 3.6927823188
50.7669069213 14.0954336743
53.1062294531 14.5334688009
55.4524229792 15.0049659017
57.8052830578 15.50800318
60.1646052472 16.0406588389
62.5301851056 16.6010110816
64.9018181914 17.1871381113
67.2793000627 17.7971181311
69.6624262779 18.4290293442
72.0509923952 19.0809499538
74.4447939729 19.750958163
76.8436265692 20.4371321751
79.2472857424 21.1375501932
81.6555670508 21.8502904204
84.0682660526 22.57343106
86.4851783061 23.3050503151
88.9060993696 24.0432263889
91.3308248013 24.7860374846
93.7591501594 25.5315618053
96.1908710024 26.2778775543
98.6257828883 27.0230629346
101.063681376 27.7651961494
103.504362022 28.502355402
105.947620387 29.2326188956
108.393252028 29.9540648331
110.841052503 30.664771418
113.29081737 31.3628168532
115.742342189 32.0462793421
118.195422516 32.7132370877
120.649853911 33.3617682933
123.105431932 33.9899511619
125.561952137 34.5958638969
128.019210083 35.1775847013
130.477001331 35.7331917784
132.935121437 36.2607633312
135.39336596 36.7583775631
137.851530458 37.2241126771
140.309410489 37.6560468764
142.766801613 38.0522583642
145.223499386 38.4108253437
147.679299368 38.729826018
150.133997117 39.0073385904
152.58738819 39.2414412639
155.039268146 39.4302122418
157.489432544 39.5717297273
159.937676941 39.6640719234
162.383796896 39.7053170335
164.827587968 39.6935432606
167.268845714 39.6268288079
169.707381221 39.5035135307
172.143146788 39.3243165445
174.576170065 39.0912266169
177.00647941 38.8062444148
179.434103181 38.4713706051
181.859069735 38.0886058546
184.28140743 37.6599508302
186.701144623 37.1874061987
189.118309673 36.6729726271
191.532930936 36.1186507821
193.945036771 35.5264413307
196.354655535 34.8983449397
198.761815586 34.2363622759
201.166545281 33.5424940062
203.568872979 32.8187407975
205.968827035 32.0671033167
208.366435809 31.2895822305
210.761727658 30.4881782059
213.15473094 29.6648919098
215.545474011 28.8217240089
217.933985231 27.9606751702
220.320292956 27.0837460604
222.704425543 26.1929373466
225.086411352 25.2902496955
227.466278739 24.3776837739
229.844056061 23.4572402488
232.219771678 22.5309197871
234.593453945 21.6007230555
236.965131222 20.6686507209
239.334831865 19.7367034503
241.702584231 18.8068819103
244.06841668 17.8811867681
246.432357568 16.9616186903
248.794435253 16.0501783438
251.154678093 15.1488663955
253.513114445 14.2596835123
255.869772667 13.3846303611
258.224681116 12.5257076086
260.57786815 11.6849159218
262.929362128 10.8642559674
265.279191405 10.0657284125
267.627384341 9.29133392377
269.973969292 8.54307316814
272.318974617 7.82294681247
274.662428673 7.13295552361
277.004359817 6.47509996843
279.344796408 5.85138081379
281.683766802 5.26379872655
284.021299358 4.71435437357
286.357422433 4.20504842171
288.69216438 3.73788153783
