-18.7639971473 40.125377811
-18.160857119 141.230073973
-17.5437370128 142.315339054
-16.912832245 143.381427845
-16.2683382318 144.428595137
-15.6104503895 145.457095721
-14.9393641343 146.46718439
-14.2552748825 147.459115933
-13.5583780504 148.433145142
-12.8488690541 149.389526808
-12.12694331 150.328515723
-11.3927962342 151.250366677
-10.6466232431 152.155334462
-9.8886197529 153.043673869
-9.11898117983 153.915639689
-8.33790294016 154.771486714
-7.54558045014 155.611469734
-6.74220912601 156.43584354
-5.92798438404 157.244862925
-5.10310164048 158.038782678
-4.26775631157 158.817857592
-3.42214381357 159.582342457
-2.56645956273 160.332492065
-1.7008989753 161.068561206
-0.825657467532 161.790804672
0.0590695443192 162.499477255
0.953086644003 163.194833744
1.85619841527 163.877128932
2.76820944186 164.54661761
3.68892430753 165.203554569
4.61814759603 165.8481946
5.5556838911 166.480792493
6.50133777649 167.101603042
7.45491383596 167.710881036
8.41621665324 168.308881266
9.38505081208 168.895858525
10.3612208962 169.472067602
11.3445314895 170.03776329
12.3347871755 170.59320038
13.3317925381 171.138633662
14.335352161 171.674317927
15.3452706279 172.200507968
16.3613525227 172.717458575
17.383402429 173.22542454
18.4112249306 173.724660653
19.4446246113 174.215421706
20.4834060547 174.697962489
21.5273738447 175.172537795
22.576332565 175.639402414
23.6300867993 176.098811138
24.6884411315 176.551018757
25.7512001451 176.996280063
26.8181684241 177.434849847
27.889150552 177.8669829
28.9639511128 178.292934013
30.0423746901 178.712957979
31.1242258676 179.127309586
32.2093092292 179.536243628
33.2974293586 179.940014895
34.3883908394 180.338878178
35.4819982556 180.733088269
36.5780561908 181.122899958
37.6763692287 181.508568037
38.7767419531 181.890347297
39.8789789479 182.268492529
40.9828847966 182.643258525
42.0882640831 183.014900075
43.194921391 183.383671971
44.3026613043 183.749829004
45.4112884065 184.113625965
46.5206072815 184.475317645
47.630422513 184.835158835
48.7405386848 185.193404328
49.8507603805 185.550308913
50.960892184 185.906127382
52.070738679 186.261114526
53.1801044492 186.615525137
54.2887940784 186.969614005
55.3966121503 187.323635922
56.5033632488 187.677845679
57.6088519574 188.032498066
58.7128828601 188.387847877
59.8152605404 188.7441499
60.9157895823 189.101658928
62.0142745694 189.460629752
63.1105200854 189.821317163
64.2043307142 190.183975953
65.2955110394 190.548860911
66.3838656449 190.91622683
67.4691991143 191.286328501
68.5513160314 191.659420715
69.63002098 192.035758263
70.7051185438 192.415595936
71.7764133066 192.799188525
72.8437098521 193.186790822
73.906812764 193.578657618
74.9655266262 193.975043704
76.0196560222 194.376203871
77.069005536 194.782392911
78.1133797513 195.193865614
79.152583251 195.610876771
