200.373469089 14.655827688
202.471981 214.807620363
204.569512315 214.935873607
206.665992669 215.04085123
208.761351698 215.122817037
210.855519038 215.182034837
212.948424326 215.218768438
215.039997197 215.233281648
217.130167287 215.225838273
219.218864232 215.196702122
221.306017667 215.146137003
223.39155723 215.074406723
225.475412555 214.98177509
227.557513279 214.868505911
229.637789037 214.734862995
231.716169465 214.581110149
233.7925842 214.407511181
235.866962877 214.214329898
237.939235132 214.001830108
240.009330601 213.77027562
242.077178921 213.51993024
244.142709725 213.251057776
246.205852652 212.963922037
248.266537336 212.658786829
250.324693414 212.335915961
252.380250522 211.99557324
254.433138294 211.638022473
256.483286368 211.26352747
258.53062438 210.872352037
260.575081964 210.464759982
262.616588757 210.041015112
264.655074395 209.601381236
266.690468514 209.146122162
268.72270075 208.675501696
270.751700739 208.189783647
272.777398116 207.689231822
274.799722517 207.174110029
276.818603579 206.644682076
278.833970937 206.101211771
280.845754227 205.54396292
282.853883086 204.973199333
284.858287148 204.389184816
286.858896051 203.792183178
288.855639429 203.182458225
290.848446919 202.560273766
292.837248156 201.925893609
294.821972777 201.279581561
296.802550418 200.62160143
298.778910714 199.952217024
300.750983301 199.271692149
302.718727098 198.580310583
304.682260749 197.878465024
306.641757095 197.166585125
308.597389017 196.44510057
310.549329398 195.714441044
312.497751122 194.975036229
314.44282707 194.22731581
316.384730127 193.471709471
318.323633174 192.708646896
320.259709094 191.938557769
322.193130771 191.161871772
324.124071087 190.379018592
326.052702925 189.59042791
327.979199168 188.796529412
329.903732698 187.997752781
331.826476398 187.194527701
333.747603152 186.387283855
335.667285841 185.576450929
337.585697349 184.762458605
339.503010559 183.945736567
341.419398354 183.1267145
343.335033615 182.305822087
345.250089226 181.483489012
347.164738071 180.66014496
349.079153031 179.836219613
350.993506989 179.012142657
352.907972828 178.188343774
354.822723432 177.365252649
356.737931683 176.543298965
358.653770463 175.722912407
360.570412655 174.904522658
362.488031143 174.088559402
364.40679881 173.275452323
366.326888537 172.465631106
368.248473207 171.659525433
370.171725705 170.857564989
372.096818911 170.060179458
374.02392571 169.267798523
375.953218984 168.480851869
377.884871616 167.699769179
379.819056488 166.924980138
381.755946484 166.156914428
383.695714486 165.396001735
385.638533377 164.642671741
387.584576039 163.897354132
389.534015357 163.16047859
391.487024212 162.432474799
393.443775487 161.713772444
395.404442065 161.004801209
397.36919683 160.305990777
399.33821266 159.617770832
