1.2832291315834894 -34.676245228884106
1.3709489374882864 -35.4212738749582
1.4591873173155676 -36.10578137774858
1.5474207422791153 -36.73170168478176
1.6353738326436726 -37.30095909105709
1.7228234116881112 -37.81547549042842
1.809570513243969 -38.2771714115956
1.8954333833860773 -38.687966276985854
1.9802451474619005 -39.04977848888955
2.0638528767431694 -39.36452546450129
2.1461171639608096 -39.634123651128846
2.226911910924912 -39.86048853425331
2.306124214010538 -40.04553464186738
2.3836542985646076 -40.191175546702546
2.4594154794466334 -40.29932386798883
2.5333341362141226 -40.37189127187187
2.605349697012187 -40.41078847240703
2.675414627745525 -40.41792523205711
2.7434944245769515 -40.39521036156579
2.809567608662661 -40.34455172034665
2.8736257223674215 -40.26785621671544
2.935673326501856 -40.167029807881825
2.995727998301007 -40.043977499810254
3.053820330023555 -39.900603347752465
3.1099939279394135 -39.73881045575931
3.1643054117768656 -39.560500976865164
3.216824414569274 -39.36757611314327
3.2676335829357157 -39.16193611542349
3.31682857797675 -38.945480283353824
3.3645180769629235 -38.72010696498047
3.4108237763322933 -38.48771355669297
3.455880396692592 -38.25019650205036
3.499835691593404 -38.009451291706725
3.5428504629041413 -37.76737246080821
3.585098589790306 -37.525853586312884
3.6267670867978268 -37.28678728072717
3.668056231775182 -37.05206517770269
3.7091798859797507 -36.823577897216595
3.750366454539318 -36.60321494060889
3.7918627284417994 -36.392864270228955
3.833960778754914 -36.19440936745168
3.8766336529523358 -36.00976908185047
1.2832291315834894 -34.676245228884106
3.8213305540628255 -35.7005213245807
3.725045347248141 -35.57959629390646
3.6315485260596745 -35.47993697322027
3.5408723519197167 -35.40344878346788
3.4530372496354573 -35.35203792694195
3.368047715105348 -35.32761183546184
3.2858717440568626 -35.33186907579408
3.2062686054086953 -35.364376431358615
3.1288921949472126 -35.423458597273374
3.0534108467053898 -35.50742359221737
2.979508773297596 -35.61457816115482
2.9068860532698295 -35.74322777662778
2.835258627447132 -35.89167663988348
2.7643583022772873 -36.05822768072769
2.6939327612398642 -36.241182557245125
2.6237455886218015 -36.438841654716704
2.5535763163410365 -36.64950408331609
2.483220519549917 -36.871467673187404
2.4124900285384854 -37.10302896416605
2.341213459608923 -37.342483177696316
2.2692378091205967 -37.58812413654689
2.1964348305141925 -37.83824393835288
2.1227456755588037 -38.09113067630923
2.047581047920687 -38.345099072913534
3.9203887000601867 -35.840804291499474
2.064173733077382 -38.83594859087608
2.158013735253718 -39.06923207391318
2.2525369621868094 -39.296564780460166
2.347590862638043 -39.516239789616115
2.443018364192028 -39.72655078129928
2.5386509697577253 -39.92579238863166
2.6343070375609443 -40.11226028500242
2.7297912154729147 -40.28425121313399
2.8248942248372657 -40.440062994781655
2.9193927761996292 -40.577994534071266
3.0130495470374115 -40.69634581736658
3.1056131989174673 -40.79341790972261
3.1968184318613737 -40.8675129485278
3.2863860878581193 -40.916934132204425
3.3740233340426187 -40.93998570137107
3.4594239904777453 -40.934972904073234
3.5422691445423595 -40.9002019329826
3.6222283839830993 -40.83397979722386
3.6989625137840108 -40.73461404215677
3.772130352143108 -40.600412046800365
3.841409123009271 -40.429678918052886
3.906576031615657 -40.22070906291463
3.968079304335788 -39.97172720091625
4.019352757131969 -39.68168226781406
1.9712133433176007 -38.59841938366151
4.507733266000173 -38.901818882294606
4.936934195190872 -38.409925783631884
5.349328196882595 -37.871394114040015
5.7427045136014385 -37.28481953306184
6.115009769563926 -36.648774681054036
6.464793370218274 -35.96170789857182
9.454047640524664 -34.622790269275654
11.724067818838307 -33.9214217950669
14.010801453521765 -33.042609846220564
16.289293354918357 -31.9808621650038
18.532924111577074 -30.73511585620077
20.714434811824162 -29.309193323021493
22.807086765918257 -27.711972431991107
24.78585992144673 -25.957229643665382
26.6285811782555 -24.06315206394659
28.316877600510566 -22.051554724718653
29.836869665369363 -19.946875228749988
31.179552462514437 -17.775042364418418
32.34085165693517 -15.562324277680188
33.32137859352855 -13.334254814060595
34.1259387496512 -11.114716697901663
34.762865918869124 -8.92523254186052
35.24326012486682 -6.784485138205425
35.58020199843759 -4.708062082209213
35.78800348589061 -2.7083997698718787
35.88153805984501 -0.7948894762498666
22.048367862151053 28.319359057627395
23.87374033105658 26.798528792171442
25.646262482353677 25.107485806145128
27.34078716489637 23.250762998736136
28.9323354747778 21.2376219665591
30.397218016924683 19.082079542102054
31.71417081386693 16.802618617597364
32.86540109196642 14.42158222539162
33.83744097114817 11.964289002846007
34.621726111032444 9.457943957975898
35.21484874274739 6.930443769700503
35.61847418290699 4.409185832004333
35.83894928557106 1.919983574363151
35.88666327816895 -0.5138303016367516
35.77524128376001 -2.8720609165394646
35.52065696108525 -5.13804942292943
35.14034451020973 -7.298822543625181
34.65237527224883 -9.345025993050935
34.07474457882495 -11.270687854226106
33.42479434845819 -13.072862945156082
-10.417877326726575 33.09919171495173
-10.458682640301546 33.85053352911069
-10.473826919859299 34.54579938764823
-10.465051725532469 35.18654462670648
-10.433854569280967 35.7743966660437
-10.38165920983738 36.31100140939769
-10.30983998096037 36.798015587348424
-10.219727873816375 37.23710484280739
-10.11261256472065 37.6299430925888
-9.989743226678357 37.978212272506305
-9.852328898337873 38.28360222072759
-9.70153866882238 38.54781061981089
-9.538501777458421 38.77254296542107
-9.364307670885196 38.959512548146144
-9.180006037581265 39.110440442940316
-8.986606829421746 39.2270555018148
-8.785080275913955 39.31109434976683
-8.576356893739003 39.36430138187018
-8.361327493254606 39.38842876079924
-8.140843183206712 39.385236415535246
-7.915715374111272 39.356492040380125
-7.686715780680771 39.30397109405487
-7.454576423568426 39.229456798897935
-7.219989630732769 39.134740140891594
-6.983608038190127 39.02161986882306
-6.746044590520256 38.891902494216126
-6.50787254096258 38.74740229124059
-6.269625451015898 38.58994129639789
-6.03179718952947 38.4213493086721
-5.794841930904596 38.243463889377324
-5.559174152102955 38.058130362617355
-5.325168627425413 37.86720181504566
-5.09316041984377 37.67253909741253
-4.863444865255275 37.47601082490684
-4.636277543352833 37.279493379992225
-4.411874219050702 37.08487091725354
-4.190410713388559 36.894035373498006
-3.972022580798267 36.70888649424194
-3.7568041407082546 36.531331912721484
-3.544804603807421 36.36328746547508
-3.3360009559147557 36.20667940193373
-3.1306653489543805 36.06341444486558
-10.417877326726575 33.09919171495173
-1.859641709173303 35.44229702036106
-0.7998600101643376 34.97108293179662
0.25253532361185194 34.52308112767213
1.2994975123095571 34.099494596594404
2.3432095559866752 33.70145350576956
3.386080108328372 33.33001486462177
4.430716085311303 32.985966190730345
5.479593313032666 32.66805949234392
6.534905545701832 32.373929332516525
7.598643349911242 32.10126177222316
8.672595551157372 31.84780889574366
9.75834921886505 31.611388807757187
10.85728965938975 31.3898856309618
11.970600413933568 31.181249502223523
13.099263261018734 30.983496567210274
14.24405822460784 30.794708971200457
15.40556359184282 30.613034842278417
16.584155950423394 30.43668825785401
17.7800102726641 30.263949171779096
18.99310012586338 30.093163230452348
20.22319830636303 29.92274122467471
21.469879374528347 29.75115689300209
22.732537404087395 29.57693155047976
24.01014621831709 29.398841733862646
-2.9285043255274275 35.935449937860724
25.44396142039372 29.41497530424727
25.58319571635994 29.61151621607337
25.718379430469554 29.80377965555449
25.848396053826633 29.990465555238334
25.972136033198552 30.170267864094665
26.088494026405556 30.341876924655086
26.196368218332623 30.50398006492369
26.29466009660942 30.65526179367968
26.38227436548513 30.794403874421658
26.458118912688377 30.920085354417207
26.521104801246224 31.03098257250487
26.570146276930757 31.125769152733774
26.604160791317412 31.203115985283652
26.622069045270223 31.26169118989307
26.622795066256657 31.300160051477256
26.60526634600089 31.31718490358562
26.568414100134106 31.31142491129207
26.511173788416272 31.281535633161525
26.432486263014198 31.22616805702826
26.331300640892323 31.14396618570617
26.20658292612245 31.033559792783727
26.057350501903272 30.893535437956864
25.88291359101146 30.722233570795023
25.679646984242027 30.520461220840346
25.30181923379186 29.215434352793903
24.812274916081776 30.298192896980105
24.154947001975245 30.268235188429884
23.476414250258188 30.19327972643508
22.777062808317794 30.070896383822095
22.05746884911167 29.898511367398132
21.318680760808377 29.673221602270548
21.318680760808377 29.673221602270548
-1.1186289939777936 -33.869287055691714
-3.6104613317289775 -33.69487357832203
-6.198299576086484 -33.3160774829826
-8.85135799010419 -32.71136497026734
-11.532802951879049 -31.864939864373568
-14.201191916687726 -30.7685892532046
-16.812563362395412 -29.423080220678013
-19.322995883803113 -27.838853542513963
-21.69134601776213 -26.035849216507785
-23.88181755008776 -24.04243596209283
-25.8660309293272 -21.89356938578319
-27.624348585534637 -19.62843095389656
-29.14634630651552 -17.28786954681472
-30.430465079245334 -14.911966052397135
-31.482995930668547 -12.537978454141712
-32.31661953377713 -10.198825343935887
-32.948737852247056 -7.9221594550296714
-33.39980702062609 -5.729993671196354
-33.69182682922233 -3.638782955427354
-33.847080704709256 -1.6598386234548599
-12.41012801073979 31.533611579457016
-14.699234562663555 30.53379176844585
-17.010260717307837 29.309230061812066
-19.30698263466848 27.84996154452685
-21.549402490909 26.153454624041906
-23.69572297947082 24.225867352216568
-25.704784594549615 22.08266255311662
-27.538709180037863 19.74840330721227
-29.165420770124456 17.25567059805579
-30.560707230801928 14.643193300650822
-31.70955232008214 11.953419098608897
-32.60659264339947 9.229845755722138
-33.25570390522878 6.514452721047721
-33.66885632117026 3.8455234378960483
-33.86446921886693 1.2560497647101343
-33.86552670953912 -1.2272070617898532
-33.69769526812919 -3.5840298691999983
-33.38762772080792 -5.800538911493729
-32.96156763997651 -7.868608212528297
