20.543746164689136 -29.43727698599254
20.763089242998177 -29.91527451171602
20.96308699338868 -30.369977003385316
21.144289404167417 -30.801774152916764
21.307240578279025 -31.211059419293505
21.452479064210472 -31.598229795899854
21.58053793834822 -31.96368575311135
21.691944831506937 -32.30783121907439
21.787221939341137 -32.63107357300481
21.866886025726792 -32.93382364145302
21.931448424665906 -33.216495698151036
21.981415039914776 -33.47950746336019
22.01728634403576 -33.72328010408222
22.03955737728132 -33.94823823532536
22.048717745408503 -34.154809920970905
22.045251616953145 -34.343426675190955
22.029637719784787 -34.514523464515065
22.002349336483434 -34.66853871046055
21.963854298125668 -34.80591429307481
21.91461497586184 -34.92709555597207
21.8550882685458 -35.03253131259308
21.78572558598868 -35.12267385703535
21.706972822700823 -35.1979789780212
21.619270318338447 -35.25890598161328
21.52305279494213 -35.30591772788421
21.41874925145902 -35.33948069004251
21.306782780825557 -35.36006505999967
21.187570229327072 -35.368144942233045
21.061521516634937 -35.36419874294657
20.929038139484188 -35.34871002473247
20.790509432063267 -35.322169644271526
20.646301346605956 -35.285082163236524
20.496711578296672 -35.237991494605666
20.341655437812065 -35.181660420759385
20.184887522139768 -35.11465797674498
20.30449956249566 -28.93560013080004
19.6442536153221 -35.02264380527291
19.26207725699655 -34.998561293669894
18.87865311337173 -34.96689977240686
18.494543204708712 -34.92808257653951
18.11022420573683 -34.88257869610865
17.72613500084303 -34.83087559831185
17.34268857261889 -34.77347243382502
16.960275963926662 -34.71087777203101
16.579267862230136 -34.6436086955016
16.200015319058146 -34.57219038856647
15.822850109016095 -34.4971559319128
15.44808492207989 -34.419046192017305
15.07601347241068 -34.33840975837316
14.70691056237807 -34.25580290657322
14.341032120378813 -34.171789574955966
13.978615223176117 -34.08694135094984
13.619878107081224 -34.001837462189656
13.26502017104988 -33.91706477239711
12.9142219714259 -33.833217779444254
12.56764520784504 -33.75089861746639
12.225432696284116 -33.67071706249149
11.887708321889221 -33.593290542903645
11.55457695796246 -33.51924416016283
11.226124321251234 -33.44921072502149
10.902416701323197 -33.38383082625592
10.583500417830365 -33.32375296987158
10.269400624543998 -33.269633885135164
9.960118318217567 -33.2221392913016
9.655621363564826 -33.18194619847941
9.355808591180491 -33.149752111542426
9.060258480500373 -33.126339460467165
8.771628468493674 -33.11170411563316
20.024201930019565 -35.038959869511245
8.535534332989002 -32.988565300318015
8.58553543709668 -32.88229038850298
8.63834805757999 -32.788746387563776
8.694295346974037 -32.70849186563393
8.753652234189502 -32.6420975593571
8.816683645225936 -32.590136575369996
8.883654060230725 -32.55318193997374
8.954830701403125 -32.53180578152114
9.03048481082665 -32.52657900232157
9.110892234757763 -32.53807112877726
9.19633371996202 -32.56685023490945
9.28709507867503 -32.61348289918851
9.383467290124209 -32.67853417779838
9.485746570955413 -32.762567584906606
9.594234432853028 -32.86614507694381
9.70923773823985 -32.98982703475215
9.831068765230526 -33.13417224403713
9.960045292984631 -33.299737867481014
10.096490725651506 -33.48707940451979
10.240734284598432 -33.69675062799493
10.393111324495763 -33.92930348010432
10.553963883024394 -34.185287890893335
10.723641699355227 -34.46525144246428
10.902504248468105 -34.76973869597728
11.090925216032531 -35.09928971467173
11.289303683126363 -35.45443636777182
11.498097680694258 -35.83569124636816
11.717958405558804 -36.24350332294361
11.950669733948018 -36.67794757181659
18.1680324599647 -29.64017466553551
20.361506451885703 -33.37269881372913
23.129621060590395 -31.51743328216233
25.8426020213614 -29.334073905061132
28.437459936423963 -26.826085131199108
30.850170725219286 -24.012391328788624
33.02053626744427 -20.927784300122596
34.89713508007797 -17.621519069162304
36.441571507259496 -14.154145582950378
37.63132061131749 -10.593001470324282
38.46074485758767 -7.007073290725856
38.940240419279476 -3.462029345741257
39.093832139145235 -0.016117642365912843
38.955773370435224 3.2826349497545664
38.56677595049017 6.397793673349668
37.970416427790965 9.304592812272944
37.21009724037745 11.989021413931795
36.326752468304434 14.446280705032649
35.35732639417874 16.67895204614402
-14.233737783577311 36.41055725762001
-11.416289242467641 37.38978886052152
-8.355353943102969 38.190522798038984
-5.072618891731395 38.763339751385075
-1.6029292649892568 39.06095990722068
2.005803031121957 39.04234528434995
5.694231737810696 38.67691425150369
9.39480692402104 37.948195925003176
13.036323083907519 36.856237620707304
16.549179754176592 35.41825264698997
19.870552908198377 33.667329835087145
22.94868179174226 31.64942298247186
25.74568560068427 29.419171369241184
28.238661097880865 27.035273079832024
30.419161689732192 24.556110709882176
32.29142083430804 22.036154646482146
33.86980830294722 19.523423281373255
35.176002286481165 17.05804309537092
36.236265224838846 14.67177745391453
37.07907798946668 12.388298775582882
8.487705836212427 -33.1070933114311
-12.657992787120882 31.747377789276953
-35.37503180330091 2.2790134137768234
-35.38521134984606 3.1466121096783866
-35.352165829880384 4.034816781581242
-35.277732190935886 4.941649529562085
-35.163712983630774 5.865185626218221
-35.01187624445309 6.803556414830638
-34.823955467529736 7.754950033592593
-34.60164959533713 8.717611656563065
-34.34662301628976 9.68984358982948
-34.06050556314567 10.67000531455912
-33.74489251429692 11.656513508491827
-33.401344594132674 12.647842056815904
-33.03138797420616 13.642522057902198
-32.636514275466155 14.63914182642776
-32.21818057018352 15.636346894487986
-31.777809384638307 16.632840011540566
-31.31678870274643 17.62738114343847
-30.836471970687683 18.618787470467254
-30.338178103087937 19.605933384264347
-29.82319149162039 20.58775048337594
-29.292762016369114 21.56322756629504
-28.748105063759194 22.531410622270215
-28.19040155136787 23.491402816256425
-27.6207979671219 24.442364466396384
-27.040406432085344 25.38351300841984
-26.450304803375356 26.314122935136737
-25.851536855745138 27.233525692211344
-25.24511261692966 28.141109483300568
-24.63200903922078 29.036318881666517
-24.013171475590358 29.91865397493629
-23.389517370465956 30.787668228239227
-22.761947330171882 31.642962072338207
-22.131389406043592 32.48415725914569
-21.499109071200195 33.31071734647682
-20.86254380337655 34.124359986357405
-35.31975666873379 1.4340314760760293
-19.985018454397103 34.8636749689575
-19.742935754665794 34.79576072602359
-19.498633161795343 34.72049727831387
-19.252405233555148 34.63844313905432
-19.004602334589638 34.550123579019214
-18.75558370890618 34.45605780269051
-18.50570574883276 34.356765742621064
-18.25531808496992 34.25277032357371
-18.004762022824117 34.14459836812691
-17.754369832766056 34.03278100801219
-17.50446439573728 33.917853889583114
-17.255359013170168 33.80035728388938
-17.007357299414824 33.680836149270135
-16.7607531186264 33.55984016875698
-16.515830546562356 33.43792377203795
-16.272863848440224 33.31564614958481
-16.032117466842216 33.19357126021822
-15.793846018014918 33.07226783528276
-15.558294295037465 32.952309378253034
-15.325697279744489 32.834274161484615
-15.096280165817852 32.71874521789559
-14.870258399160129 32.60631032480123
-14.647837748835471 32.49756197681015
-14.42921443294648 32.393097335640874
-14.21457535454584 32.29351813609762
-14.004098575495796 32.19943049776211
-13.797954360025827 32.11144450874846
-13.596307785449646 32.030173185014206
-13.399326575755559 31.9562293472367
-13.20721243754054 31.890213126732476
-13.020420414974318 31.832624506535126
-12.836692382082845 31.78504609767188
-20.224971004293984 34.923458012443234
-12.685233995741505 31.625987439304254
-12.7171960969806 31.516072132122815
-12.7538346882084 31.41831899379943
-12.795390342548899 31.333301347284987
-12.842155100293496 31.261571814467402
-12.894439109307342 31.203675617409516
-12.952562283540402 31.16015390433111
-13.016851520637594 31.131544859059034
-13.087639586666455 31.118384145731312
-13.165264606532183 31.121205112624267
-13.250069805594954 31.14053889560762
-13.342403365900545 31.176914475836668
-13.442618338133116 31.230858715870454
-13.551072580473715 31.302896384721976
-13.668128709610265 31.393550179803185
-13.794154052590976 31.50334074727118
-13.929520592232734 31.63278670791749
-14.074604894718242 31.78240469051164
-14.229788005140662 31.95270938125958
-14.395455285302774 32.1442136004307
-14.571996147362839 32.35742842896849
-14.759803590478413 32.5928634286866
-14.959273342775482 32.851027050980264
-15.17080214616449 33.132427451788146
-15.394783985648566 33.43757428713124
-15.631600661862826 33.766983197912026
-15.881593511069767 34.12118926797487
-16.144950283578595 34.500800852612656
-16.420913293712303 34.906876382653735
16.235301533171924 -30.741378332741846
16.235301533171924 -30.741378332741846
14.179220939109232 -31.742196698239255
12.011577145750579 -32.62421450612209
9.747655166764774 -33.370654420008435
7.405910132904435 -33.967187884385254
5.007419391236738 -34.402661360860606
2.5751445602051746 -34.66966957102173
0.133056469455461 -34.764919871124704
-2.294806815900131 -34.68935311226606
-4.685270958944429 -34.44801291382504
-7.016870551517211 -34.04968260253003
-9.270546956579622 -33.506332487988544
-11.430157448408451 -32.83243607127528
-13.482777659330765 -32.044220450165994
-15.418801743007982 -31.158913820600347
-17.23186290467043 -30.194043427544244
-18.918609180121955 -29.166823350505453
-20.478375153723455 -28.093656022902167
-21.9127904317668 -26.989756819268564
-34.75720938548634 -0.7441460899882486
-34.63847166701774 -2.9654069270496564
-34.368591782299106 -5.236149021128682
-33.938452009993945 -7.536500038819241
-33.34220419099714 -9.844530326817903
-32.57777423700568 -12.136967637448578
-31.64717677882208 -14.390050715677475
-30.55659835528858 -16.580460024479436
-29.316230760808885 -18.686250871932216
-27.93986336546572 -20.68771115394091
-26.444269754616165 -22.5680737949626
-24.84844530263316 -24.314031416279633
-23.172764881405804 -25.916024491053236
-21.438132350731003 -27.36829989207085
-19.665186458686755 -28.668759987395134
-17.87361367858474 -29.81864000484417
-16.081600615657628 -30.82206156810841
-14.30544025300555 -31.685513043620944
-12.559290138715994 -32.41730384966239
-10.855068295557064 -33.02703210960041
14.883294319557947 -36.14990347565916
