0.6086193659402568 -34.805958787468
0.6600992962809187 -34.72195642741701
0.7124489291893781 -34.687139148974325
0.7657806855509364 -34.699383312699126
0.8202385067794751 -34.75656501335172
0.8759660967774892 -34.85656058646569
0.9330989862937713 -34.99724673503201
0.9917618928569709 -35.17650057181828
1.0520676717543154 -35.392199635263495
1.1141168491058409 -35.64222189650539
1.177997402833256 -35.924445762382106
1.2437846665504821 -36.23675007553396
1.311541309161555 -36.577014112555986
1.3813173799558172 -36.94311758038762
1.4531504375602822 -37.33294060819583
1.5270658231324603 -37.74436373251913
1.603077230753712 -38.175267866473405
1.6811879805608783 -38.62353423277321
1.7613942163386014 -39.08704419485096
1.8436945114623313 -39.56367875040749
1.9281283061567933 -40.051316506601665
2.0150449867450106 -40.54781950289623
2.1015059977741544 -41.051222769417734
0.5581505648212044 -34.94126605061953
2.3379601873590445 -42.061175732125605
2.4899253897997937 -42.56324278285754
2.6449194189102627 -43.063407657575596
2.8027045858321458 -43.55956369148123
2.9630770309042873 -44.0496033357625
3.1258250096405504 -44.531420355293335
3.2907184663533826 -45.00291037776782
3.457505561400012 -45.46197107650687
3.625911285610357 -45.906502242997476
3.795636835262485 -46.33440581900845
3.966359306396555 -46.74358591274543
4.137731539944525 -47.13194880488507
4.309382048279133 -47.49740295150801
4.480914994747934 -47.837858981998295
4.65191022036845 -48.15122969330696
4.82192333060334 -48.435430036679094
4.990485884714303 -48.688377093333315
5.15710579494197 -48.90799002304348
5.321268220822844 -49.0921899507301
5.482437818376752 -49.23889968248395
5.640065499853449 -49.34604285339529
5.7936154851225865 -49.41154051611903
5.94275467967185 -49.433287263464706
6.084803651488642 -49.40947261726433
2.189587340038628 -41.55929690165178
6.193338310909041 -49.235887050644436
6.160925838958008 -49.08961949565125
6.123507900291145 -48.9018778541749
6.081337957885694 -48.67491102909693
6.0347080282617185 -48.410963053505355
5.983919374946993 -48.1122767860702
5.929275184313667 -47.781094834216105
5.871078127446879 -47.419659861559694
5.809629389230508 -47.030214710569936
5.745228232909881 -46.615002457430336
5.678171790731994 -46.17626643842493
5.608754963511899 -45.716250263039456
5.537270381819894 -45.237197818661485
5.464008412376813 -44.741353270412645
5.389257211403333 -44.23096105488162
5.313302846328213 -43.7082658657597
5.23642954161528 -43.17551262456726
5.158920185098964 -42.63494642075966
5.081057453211201 -42.0888123773685
5.003126633831414 -41.539355315836445
4.925424103206296 -40.988818746644824
4.848291243107269 -40.43944083375436
4.772351873620153 -39.89342614207317
4.695299264960056 -39.353327957809455
6.220735566805274 -49.33840087935991
4.701968939128733 -38.273032819571
4.782633563066099 -37.73795571292891
4.861456967471327 -37.21818683484176
4.938831202445613 -36.715948071775756
5.015233872076237 -36.23344939252763
5.091191447953577 -35.77289321240832
5.1672701030609005 -35.33647548355353
5.244072663246698 -34.92638605694884
5.322237396558876 -34.54480882481505
5.402437474742783 -34.19392178320902
5.485380720065052 -33.87589705951211
5.5718094918516385 -33.59290092222639
5.66250065521325 -33.34709377904235
5.75826561359969 -33.14063016468796
5.859950410698957 -32.97565871457945
5.968435933169417 -32.854322118535094
6.084638287505868 -32.778757035216756
6.2095095163699625 -32.75109393288966
6.344039043423834 -32.7734567690938
6.489256861592821 -32.84796228393171
6.646241512275935 -32.97671823347241
6.8161440306987515 -33.16181808873233
7.000283735278288 -33.40531982882601
7.200818766229133 -33.709097495815456
-1.9291749352410363 -35.07965145379569
13.51459241721841 -32.15534539629573
15.501638693733014 -31.245954035163862
17.456791593918638 -30.19719975436638
19.36183336478041 -29.01258096952236
21.199052061425846 -27.69856742605242
22.95185892203449 -26.264474443278687
24.60536273228371 -24.722187819271966
26.146859814101276 -23.0857568128132
27.566206133866274 -21.370884987379583
28.85604972603568 -19.594357350195736
30.011915338387666 -17.773446021525075
31.03214684845784 -15.925335404140242
31.91772469703716 -14.066602145605714
32.671983998148676 -12.21277639946507
33.30026350130953 -10.37800060233019
33.80951629607614 -8.57479175163894
34.20791070541975 -6.813904235358962
34.504445171864745 -5.1042834110573665
28.348421310401477 20.32184674104667
29.517191603095853 18.58348314027114
30.603031509334073 16.735139921653428
31.590926560078685 14.785932667042943
32.467056985265344 12.747574532990512
33.21935099893403 10.634150881393055
33.83798346870191 8.461756350218991
34.31578052743981 6.2480118878884525
34.648497509038634 4.011491758031724
34.83494869922691 1.7710999070759215
34.87698124613513 -0.4545601339224561
34.779300115788715 -2.6477781656541026
34.54916407125364 -4.792254974039935
34.19598253872874 -6.873516128559942
33.730848836822304 -8.879205060480245
33.16604635333749 -10.799250670619898
32.51456137735249 -12.625915578562712
31.78963047894439 -14.353739574437895
31.004342852398338 -15.979398300610342
30.171310137407488 -17.501499660057334
4.619413435652348 -38.821153788935476
31.372718463868353 23.327526619436497
-3.734736095527495 34.43339806406354
-3.00283963301041 34.260313350685095
-2.2774876434580733 34.136073878150114
-1.5555767699653131 34.05820350864707
-0.834136695246201 34.02425408069897
-0.11036111096316858 34.031801407168786
0.6183845430745976 34.07844427364745
1.354560503367395 34.16180410318785
2.100451658189712 34.27952481921457
2.858167089859535 34.429272780281195
3.629639857505879 34.60873674299705
4.416626897632909 34.81562783464895
5.22070899498442 35.0476795263497
6.043290811109188 35.3026475989891
6.885600982979611 35.5783100890429
7.74869233899264 35.872467192959476
8.633442354188304 36.18294107836306
9.540554169591331 36.50757547209125
10.470559154642842 36.84423463112296
11.423824607187015 37.190800257554855
12.40058456659861 37.54515916155131
13.401155522496651 37.90511690177976
14.423046751619637 38.26955464826045
-4.476196624638277 34.657860133752706
16.241786223905876 38.720843713689675
17.030826626120017 38.79663682846743
17.833558239836577 38.86135324158059
18.648938554765493 38.91317938907807
19.475854458439983 38.950361749697635
20.313088795178658 38.97122023252308
21.159312006618904 38.97415152312013
22.013079346228608 38.95763019808166
22.872829766236123 38.92020916955249
23.736885413111963 38.86051988552063
24.60345137791495 38.7772724286082
25.4706155642005 38.66925556495056
26.336348617816213 38.535336768582965
27.198503891543282 38.374462227925335
28.05481743525621 38.185656837966064
28.902908010161525 37.96802417286631
29.74027713862671 37.72074642760978
30.56430921928842 37.44308429341078
31.37227179332342 37.13437667901226
32.1613162208173 36.79404000995214
32.92847971964284 36.4215661229029
33.6706935294161 36.0165138376241
34.38484007515069 35.578449958010765
35.0669798161573 35.1077472335611
15.467643033909468 38.63575378654923
35.80625200624371 34.33430882003526
35.865425345827134 34.03491293748468
35.893199273214634 33.708096368147295
35.89078825669077 33.35591416029334
35.85944967528519 32.980372666512295
35.80047497204441 32.58343867470211
35.715187442253296 32.167041690291455
35.60494149655983 31.733074696602188
35.471122366867405 31.28339445843997
35.315145973254346 30.819821658939162
35.138458858512365 30.34414096643289
34.9425381548603 29.858101068396138
34.72889156712512 29.363414686914524
34.499057367288 28.86175858261791
34.25460439795785 28.354773547393194
33.99713208724188 27.844064382792823
33.72827048237434 27.331199853571405
33.44968032188905 26.81771259038561
33.163053197067825 26.30509887130856
32.87011196008052 25.794818073723206
32.57261194898729 25.288291025394045
32.27234589306022 24.786893407692446
31.971178252602783 24.291909572678236
31.670580489428175 23.80515754813993
35.71456962606834 34.60411635556176
30.912271012002975 23.061169855640628
30.46295078004357 22.800908607263665
30.026475017145913 22.548223297581245
29.604596798811997 22.30454567687613
29.1990678815838 22.071308779533723
28.81163339718222 21.849954058765746
28.444030527872087 21.641933168781833
28.097988066749565 21.448708556739973
27.775226243665657 21.27175369652562
27.47745664931915 21.112553191801396
27.206382200903874 20.972602822681722
26.963697128941305 20.85340956436133
26.751086977330147 20.756491588239754
26.570228615213125 20.683378248538844
26.42279026210963 20.635610050952607
26.310431535369162 20.61473859544691
26.234803534492528 20.622326471171704
26.197549000790673 20.65994705981052
26.200302637483503 20.729184140495192
26.24469181382898 20.83163101925365
26.3323383264746 20.96888835315181
26.464863682839393 21.142557622982906
26.64391023199073 21.354215024355483
26.87128908088681 21.60522871208906
-4.5549308634286945 -34.83613449968203
-4.5549308634286945 -34.83613449968203
-7.290022707200137 -34.36799719185072
-10.100067343571197 -33.64955128535712
-12.943117465993083 -32.66158863729774
-15.771295887522285 -31.39378741214216
-18.533319800018802 -29.84660314408967
-21.177699891966142 -28.03227941742108
-23.656233534886496 -25.974723809762907
-25.92731468805428 -23.708184559707576
-27.95859337508503 -21.274884689163514
-29.728637400970115 -18.721959842179785
-31.227443288550887 -16.09815044378979
-32.45585391096125 -13.450695482423725
-33.42410989911747 -10.822778732944215
-34.149855480155225 -8.25172907547659
-34.65593147899179 -5.768021790352236
-34.96823718693227 -3.395003694990521
-35.11385803585182 -1.1491892309786635
-35.11956547581548 0.959053095747521
-6.957545159047413 34.43684403963826
-9.520921997133627 33.81797904037214
-12.160170574833813 32.9610969726661
-14.83756879281438 31.845725213426277
-17.508841687144326 30.45889237685884
-20.12512500630217 28.797274272598514
-22.635735343666653 26.868702006275498
-24.991481404200385 24.692701741082516
-27.14810297399353 22.29986921405586
-29.06935592349072 19.730083837732877
-30.729303516572173 17.02978471493219
-32.113520141618864 14.248701209738101
-33.219120884626676 11.436506009403104
-34.05373819581709 8.63982505270215
-34.63372085245746 5.899918810001196
-34.98190155682576 3.2511883241521957
-35.12526918455771 0.720504519703951
-35.092813354125155 -1.6727560919297275
-34.91371420262843 -3.916148953721489
-34.61595666773417 -6.00326627995986
9.516565694524672 -33.55660029175199
