121.640603854
1.152344594
123.976332153
51.5514078921
126.319584066
51.9827802581
128.670137055
52.444676728
131.02776858
52.9353123379
133.392256103
53.4529021239
135.763377084
53.9956611219
138.140908985
54.561804368
140.524629267
55.1495468982
142.91431539
55.7571037486
145.309744816
56.3826899553
147.710695007
57.0245205541
150.116943422
57.6808105813
152.528267524
58.3497750728
154.944444772
59.0296290647
157.365252629
59.718587593
159.790468556
60.4148656937
162.219870012
61.1166784029
164.653234461
61.8222407566
167.090339361
62.5297677909
169.530962176
63.2374745417
171.974880365
63.9435760452
174.42187139
64.6462873374
176.871712712
65.3438234543
179.324181791
66.034399432
181.77905609
66.7162303064
184.236113069
67.3875311136
186.695130189
68.0465168898
189.155884911
68.6914026708
191.618154696
69.3204034927
194.081717006
69.9317343917
196.546349301
70.5236104036
199.011829043
71.0942465646
201.477933692
71.6418579107
203.94444071
72.164659478
206.411127558
72.6608663024
208.877771696
73.12869342
211.344150587
73.5663558668
213.81004169
73.972068679
216.275222468
74.3440468924
218.73947038
74.6805055433
221.202562889
74.9796596675
223.664277455
75.2397243011
226.124391539
75.4589144803
228.582682603
75.6354452409
231.038928107
75.7675316191
233.492905512
75.8533886509
235.944392281
75.8912313723
238.393165873
75.8792748194
240.839003749
75.8157340282
243.281683372
75.6988240347
245.721029913
75.5273291536
248.15708578
75.3026257144
250.589955178
75.0268273669
253.019742315
74.7020478129
255.446551397
74.3304007545
257.870486634
73.9139998934
260.291652234
73.4549589316
262.710152403
72.9553915709
265.12609135
72.4174115133
267.539573284
71.8431324607
269.950702411
71.2346681149
272.35958294
70.5941321778
274.766319079
69.9236383514
277.171015036
69.2253003375
279.573775018
68.501231838
281.974703233
67.7535465548
284.373903891
66.9843581898
286.771481197
66.1957804449
289.167539361
65.389927022
291.56218259
64.568911623
293.955515092
63.7348479498
296.347641076
62.8898497043
298.738664748
62.0360305883
301.128690318
61.1755043039
303.517821992
60.3103845527
305.906163979
59.4427850368
308.293820487
58.5748194581
310.680895724
57.7086015184
313.067493897
56.8462449197
315.453719215
55.9898633638
317.839675885
55.1415705526
320.225468115
54.303480188
322.611200114
53.4777059719
324.996976089
52.6663616063
327.382900249
51.8715607929
329.7690768
51.0954172338
332.155609952
50.3400446307
334.542603911
49.6075566856
336.930162886
48.9000671004
339.318391086
48.219689577
341.707392716
47.5685378172
344.097271987
46.948725523
346.488133105
46.3623663963
348.880080279
45.8115741388
351.273217716
45.2984624527
353.667649625
44.8251450397
356.063480212
44.3937356017
358.460813688
44.0063478406
360.859754258
43.6650954584
363.26040613
43.3720921568
198.587328614
14.237382399
200.688359427
214.308708927
202.791227273
214.365895981
204.895759439
214.408877184
207.001783213
214.43758616
209.109125881
214.451956532
211.217614731
214.451921925
213.32707705
214.437415963
215.437340123
214.408372268
217.54823124
214.364724466
219.659577685
214.306406178
221.771206747
214.23335103
223.882945713
214.145492646
225.99462187
214.042764648
228.106062503
213.92510066
230.217094902
213.792434307
232.327546352
213.644699212
234.43724414
213.481828999
236.546015555
213.303757292
238.653687881
213.110417714
240.760088408
212.901743889
242.865044421
212.677669441
244.968383208
212.438127993
247.069932055
212.183053171
249.16951825
211.912378596
251.26696908
211.626037893
253.362111831
211.323964686
255.454773791
211.006092599
257.544782247
210.672355254
259.631964486
210.322686277
261.716147794
209.95701929
263.797159459
209.575287918
265.874826768
209.177425785
267.948977007
208.763366513
270.019437465
208.333043727
272.086035427
207.886391051
274.148598181
207.423342108
276.206953014
206.943830522
278.260927213
206.447789917
280.310348064
205.935153916
282.355042856
205.405856144
284.394838874
204.859830224
286.429563407
204.29700978
288.45904374
203.717328435
290.483107161
203.120719814
292.501580957
202.50711754
294.514292415
201.876455237
296.521068822
201.228666529
298.521737465
200.563685039
300.516132409
199.88145682
302.504295007
199.182308017
304.486507245
198.467006013
306.463064602
197.736342933
308.43426256
196.991110903
310.400396598
196.232102046
312.361762195
195.46010849
314.318654832
194.675922359
316.271369988
193.880335778
318.220203143
193.074140873
320.165449778
192.258129769
322.107405372
191.433094591
324.046365405
190.599827466
325.982625357
189.759120517
327.916480708
188.91176587
329.848226938
188.058555651
331.778159527
187.200281984
333.706573954
186.337736996
335.6337657
185.471712812
337.560030244
184.603001556
339.485663067
183.732395354
341.410959647
182.860686332
343.336215467
181.988666614
345.261726004
181.117128326
347.187786739
180.246863594
349.114693152
179.378664542
351.042740723
178.513323296
352.972224931
177.651631981
354.903441257
176.794382723
356.836685181
175.942367646
358.772252182
175.096378877
360.710437741
174.25720854
362.651537337
173.42564876
364.595846449
172.602491664
366.54366056
171.788529376
368.495275147
170.984554021
370.45098569
170.191357726
372.411087671
169.409732614
374.375876569
168.640470812
376.345647863
167.884364445
378.320697033
167.142205638
380.30131956
166.414786517
382.287810923
165.702899206
384.280466603
165.007335831
386.279582079
164.328888518
388.28545283
163.668349391
390.298374338
163.026510576
392.318642082
162.404164198
394.346551541
161.802102383
396.382398196
161.221117255
398.426477527
160.662000941
400.47908501
160.125545565
-20.3347329509
39.344842671
-19.7398281659
140.517756292
-19.1296629244
141.669128619
-18.5044495224
142.799240064
-17.864400256
143.908371041
-17.209727421
144.996801964
-16.5406433136
146.064813245
-15.8573602297
147.112685297
-15.1600904653
148.140698535
-14.4490463164
149.149133371
-13.7244400791
150.138270218
-12.9864840492
151.10838949
-12.2353905229
152.0597716
-11.4713717961
152.992696961
-10.6946401647
153.907445987
-9.90540792493
154.80429909
-9.10388737262
155.683536684
-8.29029080382
156.545439182
-7.46483051452
157.390286997
-6.62771880073
158.218360543
-5.77916795844
159.029940233
-4.91939028365
159.825306479
-4.04859807236
160.604739697
-3.16700362058
161.368520297
-2.27481922429
162.116928695
-1.37225717951
162.850245302
-0.459529782217
163.568750533
0.463150671575
164.2727248
1.39557188587
164.962448517
2.33752156467
165.638202096
3.28878741198
166.300265952
4.24915713179
166.948920498
5.21841842811
167.584446146
6.19635900494
168.20712331
7.18276656628
168.817232403
8.17742881613
169.415053839
9.18013345849
170.00086803
10.1906681974
170.57495539
11.2088207367
171.137596332
12.2343787806
171.68907127
13.2671300331
172.229660616
14.306862198
172.759644784
15.3533629794
173.279304187
16.4064200814
173.788919239
17.4658212079
174.288770351
18.5313540629
174.779137939
19.6028063504
175.260302415
20.6799657744
175.732544192
21.762620039
176.196143683
22.8505568481
176.651381302
23.9435639057
177.098537462
25.0414289158
177.537892577
26.1439395825
177.969727058
27.2508836096
178.394321321
28.3620487014
178.811955777
29.4772225616
179.222910841
30.5961928944
179.627466925
31.7187474037
180.025904442
32.8446737935
180.418503807
33.9737597678
180.805545431
35.1057930307
181.187309729
36.2405612862
181.564077114
37.3778522381
181.936127998
38.5174535906
182.303742795
39.6591530476
182.667201919
40.8027383132
183.026785782
41.9479970913
183.382774798
43.094717086
183.735449381
44.2426860011
184.085089942
45.3916915409
184.431976896
46.5415214091
184.776390655
47.6919633099
185.118611634
48.8428049473
185.458920245
49.9938340252
185.797596901
51.1448382476
186.134922016
52.2956053186
186.471176003
53.4459229421
186.806639275
54.5955788222
187.141592245
55.7443606628
187.476315327
56.892056168
187.811088934
58.0384530418
188.146193479
59.183338988
188.481909375
60.3265017109
188.818517036
61.4677289142
189.156296875
62.6068083022
189.495529305
63.7435275787
189.83649474
64.8776744477
190.179473591
66.0090366133
190.524746274
67.1374017795
190.872593201
68.2625576502
191.223294784
69.3842919295
191.577131439
70.5023923213
191.934383577
71.6166465297
192.295331612
72.7268422587
192.660255957
73.8327672122
193.029437026
74.9342090943
193.403155232
76.030955609
193.781690987
77.1227944602
194.165324706
78.209513352
194.554336801
79.2908999883
194.949007686
80.366742073
195.349617773
2.203277135505431
-35.668048098742894
2.398601609446615
-36.37868661653676
2.596908300747799
-37.03061624228099
2.796846956571585
-37.6257407352396
2.997700460588902
-38.16592398712546
3.1988823029212483
-38.65302106346975
3.399864816045266
-39.088882635010066
3.600161299009926
-39.47535607834502
3.7993202557178734
-39.81428582055045
3.996923892652376
-40.107513386491334
4.192593281382528
-40.35687676391492
4.385905562005263
-40.56421967874308
2.203277135505431
-35.668048098742894
4.513148781517685
-40.882152627519545
4.445218431628064
-40.99651537744926
4.373181402382215
-41.07623002031261
4.297424950277588
-41.123067908469466
4.218323834123794
-41.1388014702582
4.136239300212765
-41.12520432503387
4.05151882865448
-41.08405131107445
3.9644960490749384
-41.01711849556765
3.875490707049522
-40.926183177594496
3.784808649347468
-40.81302389091865
3.6927418169147472
-40.67942040360523
3.59956824205409
-40.52715371940154
3.505552047983997
-40.358006077376764
3.410943450724659
-40.17376095196584
3.315978763988113
-39.976203052691815
3.2208804093337164
-39.76711832342894
3.1258569372846807
-39.54829394124076
3.03110307432587
-39.321518313220025
2.9367998409038876
-39.08858106888354
2.843114905796824
-38.85127303661113
2.750204004187651
-38.611386151546675
2.6582208644145737
-38.37071280625185
2.567183731760764
-38.13105457654658
4.576579803214685
-40.73137069688727
2.5328258887696222
-37.64911859570465
2.587933820388969
-37.410592746430645
2.6427573123557693
-37.18041655099294
2.6974710049709927
-36.96038009696043
2.7522652730796153
-36.75227211993201
2.80734468944965
-36.5578801034774
2.86292764326177
-36.37899030432593
2.919246216229425
-36.217387759854944
2.976546137485201
-36.074856291045734
3.0350867690818575
-35.95317850291057
3.0951411072770725
-35.85413578379149
3.1569957957364068
-35.77950830346766
3.2209511522040373
-35.73107501027055
3.287278606778102
-35.71015079883602
3.3560436999625836
-35.71574921971135
3.427236531547152
-35.746171086765045
3.5008349559901433
-35.7997180725852
3.57680506173881
-35.8746928750507
3.6551021829002366
-35.96939910263359
3.735673428971438
-36.08214098876638
3.818465274264497
-36.211222533423864
3.9034539160958843
-36.354944070718865
3.990857782489684
-36.511578241449605
4.078280244466669
-36.679693056966386
2.4772853827171275
-37.8942019550224
4.285743493700011
-37.033062917422505
4.406345502577892
-37.21477427714702
4.528657223086498
-37.40088484776716
4.65243882323756
-37.589715955053
4.777478180396429
-37.77958672310005
4.903558447383091
-37.96881774222522
5.030449943902852
-38.15573198476589
5.15790745391206
-38.33865511155563
5.285669144524547
-38.51591559344411
5.413456074826513
-38.685844767217716
5.540971950436187
-38.84677686332308
5.667902991540302
-38.99704902044603
5.793917857902159
-39.13500129443558
5.918667604155814
-39.25897666257399
6.041785652619296
-39.36732102734122
6.1628877762945535
-39.4583832174771
6.281572088704934
-39.53051498941698
6.3974190382242
-39.582071027335104
6.509991406014478
-39.61140894307039
6.618834307059501
-39.61688927534565
6.72347519448374
-39.596875488897105
6.823423867489055
-39.54973397197477
6.918172484311867
-39.473834033413226
7.0071955821608185
-39.367547898418444
7.089950107403638
-39.22925070152525
7.165875461957796
-39.0573204765359
7.234393575730053
-38.850138140152396
7.2949090235140375
-38.60608746700048
7.346809220148884
-38.32355504618107
7.389464762799548
-38.00093020640007
7.4222300669111405
-37.6366048764297
7.444444638414552
-37.22897330663278
7.455435872189753
-36.77643145504784
7.454526047860725
-36.2773754540246
7.441053315875649
-35.73019701121472
7.414455637849414
-35.133265010632684
7.374858361768247
-34.484796729955036
9.60470379067715
-33.211118756583
11.85098542386686
-32.47742121003147
14.116564414240827
-31.5586969488459
16.37443101400447
-30.448427758065197
18.59551375552911
-29.145078695011872
20.74987844023451
-27.652690442088943
22.808112558245455
-25.98112286836181
24.74277192979457
-24.14588953011831
26.529746587367242
-22.167572938429302
28.149406280413416
-20.070866200309535
29.587413141648938
-17.88333658901171
30.83513464728685
-15.634040272885258
31.889644193447452
-13.352128563859395
32.75334810744164
-11.06557417051885
33.43331725477242
-8.800115982885956
33.94042324553004
-6.5784811229332405
34.28838299583498
-4.419902204963442
34.492804333277604
-2.3399130746106493
34.5703048369316
-0.3503818661569298
34.53775185696304
1.5402729100236883
17.310693921218444
29.92605252846416
19.314564945774066
28.67361722779288
21.292664176861138
27.236945427524
23.21720699887419
25.616206650125513
25.05960617752328
23.81690328732821
26.79177812416799
21.850157182863946
28.38754525611654
19.73261306321193
29.82400036466487
17.485929950076347
31.082691760635385
15.135885071043447
32.15050464716137
12.711168117185863
33.02015254316251
10.241985647167489
33.690244935097724
7.758617156660733
34.164952611078206
5.290062102970737
34.45333925970772
2.862893261368221
34.568458897776
0.5003932486347509
34.5263303215047
-1.7779928292459886
34.34489360709051
-3.956896143208887
34.043034604327545
-6.024992854689891
33.63973759478546
-7.974760091970374
33.15339959469151
-9.802083415540679
-9.76392296657825
34.37629842802747
-10.397894323151931
34.91336202854996
-11.030934970438452
35.38876886411534
-11.662192392010411
35.804801920969055
-12.290360225611195
36.163865848478295
-12.91412787277146
36.468359257876955
-13.53224471042357
36.720656487994006
-14.143536095681654
36.92310306937267
-14.746908552975924
37.078014280261556
-15.341351243668356
37.18767484609712
-15.925932221526665
37.254340823871196
-16.499861075015247
37.280211007288194
-9.76392296657825
34.37629842802747
-16.89257110672912
37.484931793871795
-16.70630520083057
37.66947381219057
-16.504892823913536
37.822530801841474
-16.289629461480615
37.94553417565361
-16.061769286012122
38.039930875984176
-15.82252592364668
38.107183024786316
-15.573072645399208
38.14876783537928
-15.314542431011489
38.166177583728135
-15.04802799389202
38.160919596096335
-14.774581792681715
38.13451624487989
-14.495216035921715
38.0885049450397
-14.210902684460592
38.024438153915895
-13.92257345131236
37.94388337045791
-13.631119799847
37.848423135683305
-13.337392939346017
37.73965503387393
-13.042203815898375
37.61919169507705
-12.746323093740898
37.48866080075135
-12.45048111358372
37.349705095883735
-12.155367788182758
37.203982419774476
-11.861632288526408
37.053165797873646
-11.569881788953552
36.89894381135926
-11.280672681121189
36.74302318002103
-10.99462855057925
36.58709407425597
-17.062348378974605
37.26749132067975
-9.326714704298155
35.97276034372646
-7.959334723040115
35.52169155502423
-6.609679452132184
35.08127398402368
-5.277138906507474
34.65303680702583
-3.9608498423189644
34.23846577958385
-2.659697117616986
33.83900283465286
-1.3723140310127633
33.45604598144811
-0.09708243242465642
33.09094926971072
1.1678672354384219
32.74502277375302
2.424655922250821
32.419532582054885
3.6756559684490355
32.11570078786477
4.923491113004815
31.834705477707715
6.171036511325866
31.57768071530819
7.42132257061283
31.345310268741315
8.67700729683844
31.13623977478001
9.940413989680081
30.948521023186856
11.213629532640908
30.780246810251626
12.498504669397562
30.629550956901795
13.796654528579722
30.49460792369321
15.109459935953453
30.373631849631664
16.43807135019813
30.26487366780333
17.783424605959
30.16660956961782
19.1463511140185
30.077060255117587
20.52608718115863
29.99548323642358
-10.712166588472826
36.43291055702596
21.895751544792745
30.161522661017713
21.870195106874235
30.40926713141947
21.845860474824974
30.661646584413774
21.821684260995596
30.917336730720038
21.796652379895534
31.174980393688216
21.769783229583197
31.433199834116934
21.740123486508878
31.69059983038626
21.706746704630348
31.945768706091627
21.668752754563286
32.197278740157486
21.625267569153607
32.44368635377986
21.575443016251256
32.683532203672804
21.51845683016296
32.915341231958536
21.45351257301553
33.137622695147826
21.379839611253374
33.34887018057888
21.296693101941003
33.54756161756605
21.203353983688544
33.73215928337383
21.099128971753203
33.90110980769968
20.983350555228526
34.05284417476801
20.855376996483812
34.185777724447746
20.71459233242132
34.29831015204797
20.560406378105938
34.38882550735824
20.392254732568517
34.45569219152581
20.209598788518008
34.49726295260069
20.011925747354894
34.51187487863981
19.79874864175582
34.49784938637543
19.569606370886845
34.453492204179554
19.324063755505676
34.37709334452604
19.061711627872683
34.2669270604745
18.782166981897205
34.12125177096136
18.485073237781762
33.938309930436255
18.17010073466963
33.71632778557744
17.83694771778886
33.453514888384845
17.48534251127603
33.14806302279576
17.115048952872712
32.7981435211747
16.72588270074732
32.40189921303008
16.31777646212197
31.95741221470533
15.891236602175468
31.462478461218424
15.891236602175468
31.462478461218424
-0.3028849380393268
-34.949491949336576
-2.8940817964234498
-34.830776869861
-5.5943831118096625
-34.50016817931084
-8.371917125948258
-33.933312989431016
-11.18795902321908
-33.11175470580205
-13.998402652434521
-32.02504410586732
-16.75598720603068
-30.672391813384383
-19.413090630609304
-29.063562048898664
-21.924770217759388
-27.218801915236536
-24.25165624843855
-25.16775508483036
-26.362314130998357
-22.947486146874517
-28.234785253549845
-20.599893895075237
-29.857169897613687
-18.168878130128583
-31.227283139255462
-15.697627672460733
-32.35155331151232
-13.226326970660054
-33.24341446223963
-10.790464387327823
-33.9214630586747
-8.41980229942488
-34.407616856407856
-6.137966199407742
-34.7254515445573
-3.9625423441317196
-34.89881992125095
-1.9055432051077545
-11.889354157530391
32.86642640323477
-14.294150975678917
31.8941369954876
-16.731512099508635
30.685749618779553
-19.163288240099448
29.228874604221417
-21.5468234299407
27.518959407677315
-23.83704416477333
25.560791307959917
-25.989108416102837
23.36931686075752
-27.961337321865017
20.969557505472338
-29.71805982217505
18.39553334937746
-31.23198149338151
15.688277751222657
-32.48575675377609
12.8931894788266
-33.47258349188729
10.05708114619084
-34.19581225890798
7.225313194315703
-34.667721276498554
4.439349985914987
-34.9077159502546
1.7349622297831715
-34.940250845736074
-0.8588350478834315
-34.79274901462611
-3.320141986070354
-34.49372887820452
-5.633950202065407
-34.0712676466549
-7.7914984279302715
0.25876129752663246
-34.49838059313538
0.2669386462492298
-34.152761185173745
0.27550606765672114
-33.87829355841552
0.2844895557344387
-33.67220019724081
0.29392377755280563
-33.53170353703587
0.3038433771551752
-33.45402602647633
0.31428080617916976
-33.436390142979405
0.32526560677629845
-33.47601839819919
0.3368241329154955
-33.57013333994465
0.3489794350603006
-33.71595755218411
0.36175121899651685
-33.91071365605484
0.3751558485282942
-34.15162430915518
0.38920638626714776
-34.43591220439052
0.4039126832323916
-34.760800069461084
0.41928154928081085
-35.12351066359295
0.4353170788001819
-35.5212667727011
0.4520213086225908
-35.95129120016907
0.4693956703387414
-36.410806744929346
0.4874446250902338
-36.89703614828551
0.506186571436757
-37.40720193265469
0.525697480429784
-37.93852575911154
0.5464163459499787
-38.48822392556366
0.5650654809691105
-39.05356748942094
0.2510175993733128
-34.91792881126122
0.7880113329663061
-40.2051695673959
0.9985542149333639
-40.785423522125456
1.2152094274510432
-41.36973116322588
1.4378485246075456
-41.95531634352133
1.6663551557122673
-42.539406060030586
1.9005777139499855
-43.1192311516144
2.140317501879963
-43.69202647318144
2.385324790789241
-44.25503095227859
2.6352972500593523
-44.80548761227905
2.889879240750986
-45.340643580629234
3.1486614730866336
-45.85775009220319
3.4111808375786836
-46.354062489003184
3.6769203321078407
-46.82684021622205
3.9453090556426673
-47.27334681525633
4.2157222666602365
-47.69084991045244
4.487481530971195
-48.076621185420294
4.759855028024674
-48.4279363383838
5.032058186996551
-48.74207499363857
5.303255104099719
-49.01632050387903
5.572562101265191
-49.24795945943646
5.8390584154920475
-49.43428021303143
6.101828970163012
-49.57256697831917
6.3602637943954505
-49.66005852534255
6.610036737918904
-49.69456272872091
0.5840528010488981
-39.63174370599006
6.81343906253079
-49.62699589533352
6.768116607379056
-49.52949686023999
6.716732330875402
-49.385255504639076
6.659604312751014
-49.19669339704245
6.597109450328276
-48.96622394363729
6.5296371212693884
-48.696258780396164
6.457577601457956
-48.389209370989335
6.381318207164725
-48.04748753924093
6.301241755683179
-47.6735056811697
6.2177258709829175
-47.26967686120335
6.131142644040835
-46.83841485901928
6.041858461093057
-46.38213419371772
5.9502339224086995
-45.90325013525654
5.8566238205743275
-45.40417870834031
5.761377171930803
-44.887336689136305
5.66483731646116
-44.355141593414146
5.567342134751016
-43.810011650570516
5.46922450504303
-43.25436574788313
5.370813327010524
-42.69062330599823
5.2724360963151184
-42.12120396485744
5.174426642291621
-41.548526640454696
5.077156093052906
-40.975005748268075
4.981249652321537
-40.40302476729883
4.8846530606053875
-39.835293987927145
6.8527648066909705
-49.67527813117832
4.866821693726251
-38.69324830007662
4.941905438268975
-38.124513961901414
5.014847204082457
-37.57025020590595
5.086064648210822
-37.03285615708609
5.156058844823974
-36.51471892757684
5.225380790680617
-36.01821770072729
5.294623036925202
-35.54572475103552
5.364416906472627
-35.099605782783414
5.435431389602115
-34.682220063073316
5.508372653589163
-34.29592048009226
5.583983813414989
-33.94305356869688
5.663044830818194
-33.62595951900505
5.7463724897235124
-33.346972173866135
5.834820432100969
-33.10841901620344
5.9292792610359015
-32.9126211433269
6.030676742157823
-32.761893219192046
6.1399781771348785
-32.65854339059078
6.258187111863094
-32.60487312742595
6.386346764574455
-32.603176903202865
6.525543177039026
-32.65574149067294
6.6769131007559395
-32.764844199059866
6.841667663915359
-32.93274758528267
7.021187049264313
-33.16167829899135
7.217683253905591
-33.453678989032525
-2.263524849014516
-35.34256759635076
13.791527597043967
-31.75927561551532
15.87303785905442
-30.77181324211034
17.91983232522813
-29.6266338033534
19.909856791735763
-28.327644159281306
21.821627077153494
-26.88260427837926
23.635087387499198
-25.30297344715774
25.33241020532364
-23.603533936076303
26.89867161061153
-21.801818425690442
28.322348979316416
-19.917388618393403
29.595608019842416
-17.971026877118987
30.71436954508141
-15.983908299613972
31.67816922283788
-13.976817082996376
32.48984228620486
-11.96945985831556
33.15507752414129
-9.979912597336352
33.681890038058725
-8.024219871514703
34.080060859853006
-6.116148532451348
34.36058515763142
-4.267084333295003
34.535161403357165
-2.486050668502628
24.657094389235283
24.308136855025197
26.146570843462996
22.69834034043157
27.567267968886313
20.950025246140058
28.899451569814914
19.070383321952818
30.124190046173283
17.07017853287789
31.224160972819675
14.963608943892439
32.1844243243313
12.767954103680239
32.993095828121795
10.503020934886536
33.64186043194087
8.190424150195383
34.126281115244126
5.852756472434635
34.44587997916818
3.512715978133201
34.6039930584912
1.192260663690604
34.60742346315374
-1.0881462788844374
34.4659356419063
-3.310151266976419
34.191644435380795
-5.457954917987507
33.798355480259204
-7.518576189168044
33.30090931105127
-9.48194390087977
32.71457211712453
-11.340837371012327
32.054503928184545
-13.090706589038405
31.335322274342786
-14.729405929818427
4.7894962235424146
-39.27401348636164
32.52640988804052
22.525986531058322
-1.5994593026030657
34.380079035579854
-1.0955116318318687
33.98051623559627
-0.6026727256407298
33.65274886104055
-0.11790113004093428
33.39367660048691
0.3616980210195493
33.2002178422766
0.8388643580476582
33.0693091475834
1.3161801182745023
32.997905117402865
1.7960694318255435
32.982978347055365
2.2807980434462536
33.02151940569689
2.7724731960541362
33.110536823349776
3.27304358718726
33.24705708135488
3.784299367519907
33.42812459988414
4.307872174673179
33.65080172043247
4.845235211159746
33.912168679504674
5.397703394049074
34.20932356119883
5.966433642064857
34.53938221101279
6.5524254562667466
34.899478064379764
7.156522202078207
35.28676176823819
7.779414318424301
35.69840023686922
8.421648948120662
36.13157381806059
9.083668463173495
36.58346496062873
9.766080145151449
37.05117888318867
10.466050288351198
37.53280430379428
-2.1176432230408864
34.85455995251428
12.065910739440824
38.15153457408633
12.970016527984711
38.271938409581026
13.89696017453025
38.38349498657723
14.845913029095414
38.48353977990945
15.815907490884968
38.5695120481555
16.80579520063941
38.63896713139124
17.814236590042185
38.68957952464575
18.83969739928841
38.719143900121566
19.88044728645758
38.72557551539791
20.934559197295812
38.706910395402275
21.9999090536607
38.66130542061461
23.07417559048406
38.587038369682745
24.154840269383726
38.48250793597131
25.239187238115903
38.34623372633337
26.32430332336537
38.17685624083029
27.407078058222282
37.97313682575293
28.48420376089598
37.733957578197504
29.552175713106124
37.45832115027798
30.607292566683213
37.14535031195916
31.645657375005214
36.79428685749426
32.66318069706324
36.404488319599466
33.65559302487105
35.9754148231911
34.61853179538497
35.50653706158744
35.546403523349966
34.99862549328881
11.185625169597841
38.02496569908979
36.58930351572337
34.18032151228044
36.70528319433231
33.875062082318976
36.785738104020766
33.53900139544402
36.83191128188315
33.17446671834361
36.84510193229352
32.783719383329554
36.826651959434514
32.36896903122485
36.777942600350514
31.93237717234456
36.70039330271578
31.476058373559596
36.59546127570303
31.002080732546744
36.46464128652519
30.512466093122583
36.30946555905831
30.009190151729456
36.131503720527974
29.49418251341612
35.93236277251208
28.969326721112736
35.71368707661799
28.436460269272487
35.477158350184254
27.89737460525143
35.22449567208895
27.353815117707114
34.95745550320589
26.80748110535916
34.67783173383532
26.2600257067281
34.387455794084815
25.71305574008761
34.088196933945824
25.1681312979606
33.781963068550226
24.62676452659059
33.47070416244958
24.090414738098048
33.1564359283085
23.560454190602286
32.84092021957679
23.038629586025223
36.436706467107
34.45228678528653
31.83451701482676
22.469959675915874
31.158613903986577
22.413002126180828
30.50042173883844
22.356840417682605
29.861634486138428
22.303222418221225
29.243893261981327
22.253954343145836
28.64878267219723
22.210906040979097
28.077829900419886
22.17601231229702
27.53250440766601
22.151273346355936
27.01421781603659
22.138754891607903
26.524323861609844
22.140588328512337
26.064118378161993
22.158970699381513
25.63483929837537
22.196164715264445
25.237666669078124
22.254498746734555
24.873722682491405
22.33636679870807
24.544071730657834
22.444228463678996
24.249720497696046
22.580608838941572
23.99161812429088
22.748098380893765
23.770656512063795
22.949352631643734
23.58767093330613
23.187091672630913
23.443441371644383
23.46409892255653
23.338695872019343
23.78321813238813
23.27412058929616
24.147344372348044
23.25039998072407
24.559387983771302
23.268498142153987
25.022022243699297
-4.922167461272409
-35.07125456164806
-4.922167461272409
-35.07125456164806
-7.6946606802644055
-34.56895754951722
-10.545498061595794
-33.80847674293548
-13.431028387425584
-32.76931652477509
-16.301143340265725
-31.440314165810122
-19.10195380773831
-29.821736867120308
-21.779231039592958
-27.92643415061724
-24.28219742974707
-25.779750135086914
-26.567135563549613
-23.418111302850775
-28.600289469619497
-20.88645664775865
-30.35966459282247
-18.234894977927667
-31.835553314340075
-15.515095043683743
-33.029852896294784
-12.776910686619715
-33.954435393802385
-10.065631929135321
-34.628933264951854
-7.420081534339147
-35.07831437444909
-4.87160032145988
-35.33055824405278
-2.443825527389862
-35.41464660673856
-0.15308417472706992
-35.35897806381877
1.990803688743
-4.655194753138602
35.10768848635695
-7.2893162460952965
34.65669484687109
-10.02136122865599
33.9675278489548
-12.814060352050518
33.015458293634765
-15.6224729150359
31.782998113200392
-18.395848925896985
30.26240855153975
-21.08044146382437
28.457610875388042
-23.623018066703025
26.385102737434096
-25.974636836220213
24.073613569034478
-28.094151400320044
21.562450837987456
-29.95093120180269
18.898739354507512
-31.526430630331674
16.133964198411235
-32.81446851633632
13.320333518163238
-33.82031876849342
10.507457705944915
-34.55889761168618
7.739717366268621
-35.0524252067093
5.054514434916484
-35.327937422622796
2.481424290196742
-35.41495240602379
0.0421322180704351
-35.343492439258796
-2.2490378477885713
-35.142556722049704
-4.384214420195349
9.610421209755032
-33.26405906159653
21.40848763896081
-29.796060690241305
21.547264232619366
-30.164186762822126
21.67069113106511
-30.51437198232827
21.77922354102772
-30.84692086282719
21.87331061343969
-31.162141946239885
21.953396442152307
-31.46034708025077
22.0199203134125
-31.741851238536157
22.073316788191505
-32.00697246066983
22.1140157346517
-32.25603182842369
22.142442342759242
-32.489353455822
22.159017130436666
-32.707264483570356
22.164155946947403
-32.91009507731553
22.158269973644
-33.098178426185584
22.141765724250863
-33.27185074311453
22.115045043732977
-33.43145126479364
22.078505106929946
-33.57732225272346
22.032538416266956
-33.7098089943655
21.97753279863396
-33.82925980479125
21.913871401339826
-33.936026029222006
21.84193268639015
-34.03046204619859
21.762090422583587
-34.112925272015616
21.674713674518877
-34.18377616728927
21.58016678644474
-34.24337824616015
21.478809358214967
-34.29209809005761
21.37099620852798
-34.33030536927032
21.25707731576754
-34.3583728765326
21.13739772034694
-34.376676584113966
21.012297353194054
-34.385595742300154
20.88211071803129
-34.38551306312621
20.74716625611528
-34.37681508762887
20.607784948164422
-34.3598929924124
20.464276821025155
-34.33514460846422
20.316930466017176
-34.30298047406691
20.165971114953948
-34.26384804978207
20.011267170895522
-34.21840121908855
19.856274600030098
-34.1652221012186
21.25389309200479
-29.40969833414833
19.361809990918804
-34.09784328506504
19.02346443013399
-34.084495899064336
18.684659744625442
-34.06619259984751
18.345825517464124
-34.04327965419975
18.007315389979254
-34.016145145073295
17.669451496628476
-33.985193307636735
17.332535572796907
-33.95083811284164
16.99685265722529
-33.91350112961425
16.662672571833358
-33.8736106690009
16.330250594060384
-33.83160139623945
15.999827791920076
-33.78791413663447
15.671631203375963
-33.74299577145993
15.345873937422734
-33.697299178803945
15.022755233053037
-33.65128319884724
14.702460493579142
-33.60541261258382
14.385161305727266
-33.56015812941499
14.071015447476235
-33.515996379707815
13.760166886851412
-33.47340991212593
13.452745770931692
-33.432887194812906
13.148868401921881
-33.39492262030663
12.848637194459435
-33.36001651765122
12.552140599888176
-33.32867517298649
12.259452971413182
-33.301410869189255
11.970634310636356
-33.278741959637784
11.685729758791439
-33.26119301781614
11.404768475211299
-33.24929516665114
11.127760831912546
-33.243586903498
10.854689995708235
-33.244616576823034
10.585478253937538
-33.252952292570654
10.31975129132347
-33.26925126103589
10.06002317831122
-33.293322806364216
19.6988798564034
-34.10610996055419
9.8202013546016
-33.25771591946943
9.838606441959584
-33.199679195091676
9.860023474512147
-33.152569284678066
9.884703661786347
-33.116836919830405
9.912849867075487
-33.09294702363934
9.944652491804014
-33.08136815381124
9.98029844857156
-33.08256986260096
10.01997415470472
-33.097021816555326
10.063866732343975
-33.12519344280233
10.112164557658275
-33.16755376771604
10.165057539710844
-33.22457133411925
10.222737276614417
-33.296714155652666
10.28539715207274
-33.38444968742144
10.353232403646537
-33.48824480563039
10.42644017931633
-33.608565789900894
10.505219594023245
-33.745878305754786
10.589771795988867
-33.90064738283263
10.680300055663722
-34.0733373867227
10.777009895075594
-34.26441197631917
10.880109289532768
-34.47433403828214
10.989808999456812
-34.70356557844826
11.106323147951557
-34.95256753279253
11.22987029108279
-35.221799417439115
11.36067555635168
-35.51171862876254
11.498975345830274
-35.82277890415992
11.645029092926123
-36.15542647474331
11.799154531556837
-36.510088522980396
11.96186877234112
-36.88712701366384
12.13487583641512
-37.28651551147192
19.177074991634072
-30.292583985126953
20.55081487003801
-33.932278612206886
23.352123785014243
-32.06889206643069
26.09623012426607
-29.87845874439236
28.720854026267887
-27.36508848223994
31.162954333458515
-24.54803048820392
33.363441587072785
-21.461973094405636
35.27193554677851
-18.15560757515189
36.85081929559094
-14.68852071798625
38.07793506524237
-11.126831750601553
38.94753339281405
-7.538246895309527
39.46944461904752
-3.9872879383047746
39.66677697547169
-0.5313454781953055
39.572664979035864
2.7820334462398932
39.22665615402698
5.916499861636623
38.67125171035862
8.84702293390805
37.94896222948154
11.559056594047547
37.100063521020445
14.047092595098007
36.16108617114469
16.312920356639324
-12.67432408824179
37.59118290962951
-9.777357296841032
38.44657082145193
-6.647628570889452
39.10939219704781
-3.3098258350912175
39.532019637002776
0.19861024551659057
39.669838386479285
3.8278798652879686
39.485223304116346
7.517705453313852
38.9515035442308
11.200700779289505
38.056271831221636
14.806909124679962
36.803409703619565
18.268902430303797
35.213388471305194
21.52667422151228
33.3217319567859
24.53159216066379
31.175896293480776
27.24889207094077
28.831118683554934
29.65851801410136
26.345926304577603
31.754436627055185
23.777957821001877
33.5427897597136
21.180575506219384
35.0393561955794
18.60051184882613
36.26677935018799
16.07657423718709
37.25192331197914
13.639271725331724
38.02359211119
11.31114347008554
9.804257478345818
-33.32631681181516
-10.131176863778549
33.22839316455148
-36.165404246612056
0.6549151440513015
-36.01070005551561
1.5541928321168825
-35.82248870461578
2.47042681562624
-35.60225768005256
3.401984745616403
-35.351465373655124
4.347273352536519
-35.071541125302126
5.304745179314921
-34.76388523455679
6.272900264374613
-34.429868964538485
7.250286702276043
-34.070834544065356
8.23550086765411
-33.68809516972739
9.227187516834505
-33.282935006517086
10.224039838108496
-32.8566091897565
11.22479947870329
-32.41034382600555
12.228256559593547
-31.94533599516647
13.233249684227218
-31.462753751952405
14.238665943258866
-30.963736128407987
15.243440917223893
-30.449393136651775
16.246558677532505
-29.920805772399284
17.247051786238927
-29.379026019809857
18.24400129483118
-28.825076857687375
19.23653674172388
-28.25995226802162
20.22383614826913
-27.684617248246823
21.205126012896585
-27.10000782868614
22.17968130214942
-26.507031098563722
23.146825437103217
-25.906565246305398
24.10593027254248
-25.29945962315869
25.056416063047266
-24.686534849941097
25.997751407282976
-24.068583002613977
26.929453149612186
-23.446367957398955
27.851086198074768
-22.820626080645475
28.762263160392877
-22.19206774540425
29.66264354222696
-21.561381124255664
30.551931745006755
-20.929243565137703
31.429871056795207
-20.296367096464802
32.296219618959014
-19.663816959457503
33.15058218999195
-19.028727293851393
33.99467294856183
-36.28508440366565
-0.22578195418677183
-18.11228401034069
34.79128867254889
-17.830122557768675
34.74981778935867
-17.547578729936312
34.70332590699539
-17.264854162198862
34.65228418303212
-16.982206974494034
34.597132661481794
-16.69990354209803
34.53830574631681
-16.418206438541738
34.47623856897164
-16.13737041755697
34.41136911144545
-15.857640806035322
34.34413905435164
-15.579252774706976
34.27499416301774
-15.302430974141593
34.20438447980297
-15.027389339872247
34.13276442740977
-14.754330982361509
34.06059286740151
-14.48344812285851
33.98833313500131
-14.214922055552453
33.91645305981467
-13.948923126507827
33.84542497863367
-13.685610723993502
33.775725742014515
-13.425133278747882
33.70783671716711
-13.167628274250397
33.642243786963036
-12.913222269506392
33.57943734384841
-12.662030941453406
33.519912278642664
-12.414159159102091
33.464167957842875
-12.169701117327044
33.412708184009546
-11.928740587571049
33.366041119438734
-11.691351421910014
33.324679133112625
-11.457598663758734
33.289138461993076
-11.227541326836942
33.25993836382443
-11.00124073430478
33.23759857514875
-10.778793877094735
33.22262914053769
-10.560566926107782
33.215459215643165
-10.344040156207697
33.21739903495612
-18.394255547570815
34.82705797349368
-10.218503118586945
33.13230058719563
-10.309179165742016
33.04652370782077
-10.403082386953429
32.971620864868044
-10.50039489157787
32.90805714432142
-10.601354694112082
32.856280244646314
-10.706220166565416
32.81673131528751
-10.8152611496945
32.78984766685434
-10.928755988131606
32.77606367594302
-11.046990341645788
32.77581114747687
-11.17025664182161
32.789519481333144
-11.29885381615928
32.8176157566746
-11.433087134614318
32.860524780348726
-11.573268114818028
32.91866911660122
-11.719714456224544
32.99246910931481
-11.872749986168202
33.082342900843514
-12.032704607192656
33.188706452103986
-12.199914235630274
33.311973566230336
-12.374720720742161
33.452555922042734
-12.557471726873501
33.61086312213047
-12.748520550787333
33.78730276915945
-12.94822582111641
33.9822805912635
-13.156950975533526
34.196200660636634
-13.375063292333536
34.42946579915247
-13.602931955304228
34.68247838861308
-13.840923797969594
34.955642153020676
-14.08939266551181
35.24936661441342
-14.348647501113618
35.564080459596084
-14.618824691926982
35.90028500739666
-14.898994490861341
36.2589284809502
17.22097036185004
-31.445811001260708
17.22097036185004
-31.445811001260708
15.139852592530584
-32.49901095736871
12.945333945328693
-33.43380293616997
10.652463210262004
-34.2334029463146
8.279408754214522
-34.88340924295335
5.846932006059907
-35.37250677923801
3.377679146924521
-35.69302639607852
0.8953406080927522
-35.8413059880109
-1.5762559005394756
-35.81782052368263
-4.01404570307583
-35.62707238637978
-6.396550254598743
-35.27725888686817
-8.704564235880554
-34.77975576674103
-10.921666284446772
-34.14847076081014
-13.034534509285528
-33.399128130191826
-15.033068850840102
-32.548543602696384
-16.91033969298539
-31.613940931155184
-18.66239412124711
-30.612348740238275
-20.28795734641146
-29.56010210471061
-21.78806763306848
-28.472459650468565
-35.77051574586701
-2.42302558909455
-35.54538337742696
-4.682581583108373
-35.16569127048326
-6.983910595059456
-34.623469088824955
-9.30678451377861
-33.91406515309625
-11.629145906826906
-33.036592825285915
-13.927827692321358
-31.994187841373602
-16.179394120350366
-30.79404104219745
-18.361042618059173
-29.44719323541854
-20.451495306863194
-27.968104291768412
-22.431807596702768
-26.374032791433955
-24.28602981236523
-24.684281500324786
-26.001674879581316
-22.919374725611576
-27.569967571938193
-21.100235019485197
-28.98587469532734
-19.247419514761162
-30.247936983429426
-17.380462630305857
-31.35793948089173
-15.517355000295495
-32.32046632592932
-13.674171281596173
-33.14238810786418
-11.864844395742566
-33.83232651171869
-10.101072262646412
-34.400133558977956
14.99892208288722
-36.72557501238731
3.5761595195206133
3.5961520224854557
3.614198025484112
3.6304435282276377
3.6450181716483105
3.6580377820355685
3.6696064273071443
3.6798181210247454
3.688758248738753
3.6965047715115364
3.703129248564356
3.7086977259126224
3.5761595195206133
3.716750200353075
3.7193312279228916
3.7210651300384487
3.7219999161165322
3.7221814099043837
3.7216536080168465
3.720459003931885
3.7186388825741936
3.7162335896013974
3.7132827788785887
3.709825640794019
3.7059011137148543
3.7015480801866047
3.6968055491786234
3.691712825209374
3.686309664833841
3.6806364206426965
3.674734172575853
3.668644846076905
3.6624113163022582
3.6560774974168995
3.649688416005297
3.6432902563471696
3.7132714533148743
3.630567367686606
3.62434088003343
3.618301958093765
3.612502705481761
3.6069962438915018
3.601836590049854
3.5970784999115453
3.592777279036839
3.5889885586687735
3.585768037600396
3.583171190733329
3.581252946086211
3.5800673329966393
3.5796541446777765
3.5799871157782093
3.581018366379443
3.5826986901932276
3.584977889377728
3.5878050841609057
3.5911289998914753
3.594898228637752
3.599061462597737
3.6035676902748857
3.6083665833414424
3.6369304268384552
3.6184630864700598
3.623666809471218
3.6289718386225522
3.63433180116101
3.6397013024123814
3.645035926346683
3.6502922142595238
3.6554276245328654
3.660400475043265
3.6651698696039468
3.669695609491021
3.673938090927823
3.6778581891949647
3.681417129705857
3.684576346238994
3.6872973260855813
3.689541441703564
3.6912697680112863
3.692442884161189
3.6930206581728804
3.69296201236775
3.6922246669573173
3.6907648585854
3.6885370298428564
3.685493484889893
3.6815840053164046
3.676755419036755
3.6709511135149824
3.6641104825675046
3.656168293671283
3.64705395955851
3.6366906940248476
3.624994526800717
3.6118731458416735
3.5972245264551086
3.5809352927356595
3.5628787145024585
3.5430464317980754
3.5430464317980754
3.543046431798075
3.5430464317980754
3.543046431798076
3.543046431798075
3.5430464317980754
3.543046431798076
3.5430464317980754
3.543046431798075
3.5430464317980745
3.543046431798076
3.5430464317980754
3.5430464317980745
3.543046431798076
3.5430464317980745
3.543046431798075
3.543046431798076
3.543046431798076
3.5430464317980754
3.5430464317980745
3.5430464317980745
3.543046431798075
3.543046431798076
3.543046431798076
3.543046431798076
3.5430464317980754
3.543046431798076
3.5430464317980754
3.5430464317980754
3.5430464317980754
3.543046431798076
3.5430464317980754
3.5430464317980745
3.543046431798076
3.5430464317980745
3.543046431798076
3.5430464317980754
3.543046431798075
3.5430464317980763
3.5761595195206137
3.595360267798372
3.6127576531500263
3.6284980291302227
3.6427115136353874
3.655514302002449
3.6670106892387055
3.6772947650883756
3.6864518374541406
3.69455963539086
3.7016893342669146
3.7079064020205657
3.5761595195206137
3.7163836206148027
3.718629652331795
3.720060223126143
3.7207234142836554
3.7206651137925997
3.71992937500633
3.718558740640917
3.716594537337578
3.7140771449244587
3.7110462438689904
3.7075410435754956
3.7036004938276297
3.6992634809795373
3.6945690101981588
3.6895563745902247
3.68426531169588
3.678736147497415
3.6730099277428025
3.6671285361017363
3.661134798335708
3.655072571352933
3.648986814726567
3.6429236735167967
3.713271453314874
3.6152913861386704
3.5946372928328336
3.5751089632186477
3.556848320698724
3.53999678100873
3.524693432590071
3.511073065402615
3.499264112623102
3.489386583524659
3.481550075676476
3.475851958496324
3.472375816575839
3.4711902296956882
3.4723349871501963
3.47576926613442
3.4814165239112094
3.4891856540157287
3.4989725546131205
3.5106619626591447
3.5241294693229124
3.539243620832689
3.555868004785909
3.573863151267485
3.59309080049595
3.6369304268384552
3.6182205632947926
3.6231943612144017
3.6282820498711703
3.6334372816203135
3.6386146916755937
3.643769893806267
3.648859457791948
3.6538408687654558
3.6586724694466053
3.6633133864990888
3.667723442009357
3.6718630509417047
3.6756931052286883
3.679174844832696
3.682269715967993
3.6849392162408354
3.6871447262981345
3.6888473271176396
3.6900076017799104
3.690585420101374
3.690539704070697
3.6898281714408085
3.68840705427689
3.6862307884795076
3.683251669418536
3.6794194678094594
3.674680998630349
3.6689796343789607
3.6622547519234607
3.6544410998876606
3.6454680703794504
3.635258855053888
3.6237294605279162
3.6107875520049104
3.5963310863665763
3.5802466893974074
3.5624077628990523
3.5624077628990523
3.5539414835767964
3.5539414835767964
3.5539414835767964
3.5539414835767964
3.5539414835767964
3.5539414835767964
3.5539414835767964
3.5539414835767964
3.5539414835767964
3.553941483576796
3.5539414835767964
3.5539414835767964
3.5539414835767964
3.5539414835767964
3.5539414835767964
3.553941483576796
3.553941483576796
3.5539414835767964
3.5539414835767964
3.553941483576797
3.553941483576796
3.5539414835767964
3.5539414835767964
3.5539414835767964
3.5539414835767964
3.5539414835767964
3.553941483576796
3.553941483576796
3.5539414835767964
3.553941483576796
3.5539414835767964
3.553941483576796
3.5539414835767964
3.5539414835767964
3.5539414835767964
3.5539414835767964
3.5539414835767964
3.5539414835767964
3.553941483576796
3.540940512911739
3.5308739815125185
3.522807566777558
3.516708266765916
3.5125297814865806
3.5102133823055435
3.5096890041915003
3.5108765155246684
3.5136871154709244
3.5180248074507823
3.5237878987805726
3.530870480397999
3.539163846627594
3.5485578221212672
3.5589419707740335
3.5702066693722023
3.5822440359969887
3.594948709696341
3.608218483523307
3.621954797277157
3.636063099505933
3.650453089334432
3.6650388938838283
3.553026255491287
3.694187621807301
3.7086243726299055
3.7229807226285305
3.7371920597565866
3.751197483937118
3.764939556182953
3.778364023978715
3.7914195318836645
3.8040573224902676
3.816230931160424
3.8278958770224456
3.8390093517105885
3.849529906549846
3.859417138211671
3.8686313721588568
3.8771333426185035
3.884883867210665
3.891843513790477
3.897972256345835
3.9032291161806434
3.9075717833877053
3.910956210906753
3.9133361532154347
3.914664446012039
3.679738983598814
3.9138719174258862
3.911818656003067
3.908816335535989
3.9049055813794276
3.900125150745573
3.894512284474183
3.8881030348668966
3.8809325740525344
3.8730354868847487
3.8644460518456216
3.8551985128538724
3.8453273444456615
3.834867512322966
3.8238547308808184
3.8123257188811484
3.8003184540416544
3.7878724268671125
3.775028893553855
3.7618311273147094
3.748324666872756
3.7345575603196726
3.7205806020325802
3.70644756218461
3.6922153270971636
3.9149332480410672
3.6635134575517982
3.6491890564630864
3.6350424401394092
3.621148715936611
3.6075867681037836
3.5944391730844947
3.581792032668798
3.569734716704469
3.558359506249312
3.547761129118847
3.53803618166093
3.5292824333558626
3.5215980144171506
3.515080490915959
3.5098258369716446
3.505927319031474
3.503474313130105
3.502551081458183
3.503235539798696
3.5055980513323957
3.509700284776638
3.515594174849903
3.523321017153601
3.5329106801434036
3.567134822972128
3.5445622833735353
3.5445622833735357
3.544562283373536
3.544562283373535
3.544562283373536
3.544562283373536
3.5445622833735353
3.544562283373536
3.5445622833735357
3.544562283373536
3.5445622833735357
3.5445622833735357
3.5445622833735357
3.5445622833735353
3.544562283373535
3.5445622833735353
3.5445622833735357
3.5445622833735357
3.5445622833735357
3.5445622833735357
3.5445622833735353
3.544562283373536
3.544562283373535
3.5445622833735357
3.544562283373536
3.5445622833735357
3.5445622833735357
3.544562283373536
3.5445622833735353
3.5445622833735353
3.544562283373536
3.5445622833735357
3.544562283373535
3.5445622833735357
3.5445622833735357
3.5445622833735353
3.5445622833735353
3.544562283373536
3.6779443091418687
3.6779443091418678
3.538558317234888
3.5263067281984655
3.516255075325248
3.5083727913989975
3.502615778383911
3.4989272713528607
3.497238923578987
3.4974720695482224
3.4995391163482172
3.5033450121224603
3.5087887417459434
3.5157648036816815
3.524164628001857
3.533877902721126
3.544793783237077
3.556801967605671
3.56979362760132
3.5836621918975844
3.5983039829771815
3.6136187123960566
3.6295098355700715
3.6458847015322493
3.6626566881430542
3.5530262554912873
3.689231140504696
3.699075594536254
3.709215902659953
3.7195986487344515
3.730173280484049
3.740891791015538
3.7517083694790254
3.7625790406485717
3.773461301711843
3.7843137613664863
3.7950957849054956
3.805767147703493
3.8162876985085012
3.8266170330393536
3.8367141774470173
3.8465372803795392
3.8560433115395107
3.8651877638178824
3.8739243551391533
3.882204725283286
3.889978121291533
3.897191060739268
3.9037869269168453
3.909707771356212
3.679738983598814
3.913435311031423
3.9109814504356493
3.9076146573753494
3.9033756439362404
3.898303242040866
3.892434758105308
3.8858063015598643
3.878453093417184
3.870409759231899
3.861710610018688
3.85238991405851
3.84248216207287
3.832022327766105
3.8210461253490315
3.809590265212366
3.7976927085178027
3.7853929210320194
3.772732126028746
3.75975355559121
3.746502699018097
3.7330275463624805
3.7193788239631513
3.7056102139365104
3.6917786866914795
3.9149332480410672
3.66268499423513
3.647596731955794
3.6327512378242535
3.618224004069508
3.6040942705684373
3.590444934947839
3.577362384054669
3.564936235814471
3.553258981822894
3.5424255224794132
3.5325325884475416
3.5236780450232503
3.515960079581121
3.5094762766209553
3.504322589960907
3.5005922271092467
3.4983744667244148
3.497753435534423
3.4988068763722247
3.5016049430841836
3.5062090610442445
3.512670894082837
3.521031463983824
3.531320531258198
3.567134822972128
3.567134822972128
3.567134822972129
3.5671348229721285
3.5671348229721285
3.5671348229721285
3.567134822972129
3.5671348229721285
3.567134822972128
3.5671348229721285
3.567134822972128
3.5671348229721285
3.567134822972128
3.5671348229721285
3.567134822972128
3.5671348229721285
3.5671348229721285
3.5671348229721276
3.567134822972129
3.567134822972128
3.567134822972128
3.5671348229721285
3.567134822972128
3.5671348229721285
3.5671348229721285
3.567134822972129
3.567134822972128
3.5671348229721285
3.567134822972128
3.567134822972129
3.567134822972128
3.567134822972129
3.5671348229721285
3.5671348229721285
3.567134822972128
3.567134822972128
3.5671348229721285
3.567134822972128
3.567134822972128
3.5671348229721285
3.5445622833735353
3.6024940149475912
3.6127999610394657
3.6223800267377717
3.6312677011093677
3.639494151731827
3.64708845406114
3.654077794868116
3.660487653287993
3.666341962512759
3.671663254674998
3.676472791032155
3.680790679374918
3.6846359801755697
3.6880268029065952
3.6909803936521435
3.6935132150830516
3.6956410196538223
3.697378916805565
3.69874143485791
3.6997425781660853
3.700395880068741
3.700714452088758
3.7007110297720116
3.7003980155232292
3.699787518758202
3.698891393614763
3.697721274507965
3.696288609683133
3.694604692990035
3.69268069401105
3.690527686618394
3.6881566760485924
3.685578624123497
3.6828044708900665
3.6798451357537942
3.6767119887286257
3.5914261178966562
3.668970354223122
3.664430404303935
3.6598072797054293
3.6551126877691504
3.6503584510107268
3.6455565323304064
3.640719052001501
3.635858302019116
3.6309867587919107
3.6261170944873564
3.621262186995954
3.6164351284918896
3.611649232503175
3.6069180394063802
3.6022553202211536
3.5976750786149814
3.593191550966771
3.588819204401564
3.584572732655685
3.580467049628031
3.5765172805464123
3.5727387505543002
3.5691469706818073
3.565757621023847
3.5625865310490115
3.559649656854944
3.5569630551042746
3.554542852759037
3.5524052082893185
3.5505662258842685
3.5490429263352405
3.673415454020485
3.546084000060622
3.544628614735615
3.5434997666558945
3.5427131251304416
3.5422840683565893
3.542227628849544
3.542558438511329
3.543290673160129
3.5444379967890822
3.546013506045878
3.5480296753642833
3.5504983033140554
3.553430460628627
3.5568364404934227
3.560725711581772
3.5651068743789693
3.5699876212479134
3.5753747007504013
3.5812738865828333
3.587689951554036
3.5946266468904438
3.602086687137347
3.610071740853118
3.618582427192252
3.6276183184076665
3.6371779481716393
3.647258825295449
3.657857451215408
3.6689693291236947
3.5794129470001184
3.680603693337714
3.6806036933377144
3.6806036933377144
3.6806036933377144
3.680603693337715
3.6806036933377144
3.680603693337715
3.6806036933377144
3.6806036933377144
3.6806036933377144
3.680603693337715
3.680603693337715
3.6806036933377144
3.6806036933377144
3.6806036933377144
3.680603693337715
3.6806036933377144
3.6806036933377144
3.680603693337714
3.6806036933377144
3.680603693337715
3.680603693337715
3.6806036933377144
3.6806036933377144
3.680603693337715
3.680603693337715
3.6806036933377144
3.6806036933377144
3.680603693337714
3.6806036933377144
3.6806036933377144
3.6806036933377144
3.680603693337714
3.680603693337714
3.680603693337715
3.6806036933377144
3.680603693337714
3.6806036933377144
3.547850021660373
3.5478500216603726
3.5882669170573886
3.584746609770151
3.580948184217304
3.5769537454546376
3.572844414398988
3.5687001522467163
3.5645994909173995
3.5606191725258594
3.556833705661213
3.553314849722991
3.550131041983706
3.5473467856107965
3.5450220198721283
3.5432114964111503
3.541964186956863
3.541322748334966
3.5413230695574245
3.5419939233028574
3.543356740148625
3.54542551869703
3.54820687864794
3.5517002572756304
3.5558982431600232
3.5607870349588655
3.5663470078594743
3.572553366426473
3.57937686022366
3.586784537595852
3.5947405136536394
3.603206730283081
3.6121436889209577
3.6215111409922756
3.6312687271815167
3.641376575694069
3.6517960238361518
3.6624856210507213
3.5914261178966567
3.669277892319505
3.665026659771759
3.6606730910370935
3.656228710834301
3.651705193709103
3.6471143717570444
3.6424682473624785
3.637779006229055
3.6330590296229666
3.628320905577029
3.623577438833404
3.618841659430172
3.614126829813713
3.609446450377507
3.604814263295288
3.6002442545553093
3.595750654042402
3.591347933579445
3.5870508027877026
3.5828742026229277
3.5788332965187855
3.5749434589483395
3.5712202613783135
3.5676794554625295
3.5643369534526763
3.5612088057839837
3.5583111759948753
3.5556603136562113
3.5532725287730216
3.5511641992670953
3.5493509188896764
3.673415454020485
3.545940581908747
3.5443512393244774
3.54309795134667
3.5421964052559645
3.5416619902698927
3.5415097474775776
3.541754316034242
3.542409878065324
3.5434901030749844
3.545008092493804
3.546976324844648
3.5494066021115795
3.5523099977792247
3.5556968071292556
3.5595765002830735
3.5639576785325664
3.568848034413558
3.5742543160373526
3.5801822960411207
3.5866367455881463
3.5936214137093025
3.601139012266667
3.6091912067621403
3.6177786131475314
3.626900800824001
3.6365563022023486
3.646742630134222
3.657456310222918
3.6686929934820958
3.5794129470001184
3.5794129470001184
3.5794129470001184
3.5794129470001184
3.5794129470001184
3.579412947000119
3.5794129470001184
3.5794129470001184
3.5794129470001184
3.5794129470001184
3.5794129470001184
3.5794129470001184
3.5794129470001184
3.5794129470001184
3.5794129470001184
3.5794129470001184
3.5794129470001184
3.5794129470001184
3.579412947000119
3.5794129470001184
3.5794129470001184
3.5794129470001184
3.5794129470001184
3.5794129470001184
3.5794129470001184
3.5794129470001184
3.5794129470001184
3.5794129470001184
3.5794129470001184
3.5794129470001184
3.5794129470001184
3.5794129470001184
3.5794129470001184
3.579412947000119
3.5794129470001184
3.5794129470001184
3.5794129470001184
3.5794129470001184
3.579412947000119
3.5794129470001184
3.6806036933377144
31.649587357314005
0.0
0.0
0.0
0.0
0.0
0.0
0.0
0.0
0.0
0.0
0.0
31.649587357314005
0.0
0.0
0.0
0.0
0.0
0.0
0.0
0.0
0.0
0.0
0.0
0.0
0.0
0.0
0.0
0.0
0.0
0.0
0.0
0.0
0.0
0.0
0.0
0.0
0.0
0.0
0.0
0.0
0.0
0.0
0.0
0.0
0.0
0.0
0.0
0.0
0.0
0.0
0.0
0.0
0.0
0.0
0.0
0.0
0.0
0.0
0.0
0.0
0.0
0.0
0.0
0.0
0.0
0.0
0.0
0.0
0.0
0.0
0.0
0.0
0.0
0.0
0.0
0.0
0.0
0.0
0.0
0.0
0.0
0.0
0.0
0.0
0.0
0.0
0.0
0.0
0.0
0.0
0.0
0.0
0.0
0.0
0.0
0.0
0.0
0.0
0.0
0.0
0.0
0.0
0.0
0.0
0.0
0.0
0.0
0.0
0.0
0.0
0.0
0.0
0.0
0.0
0.0
0.0
0.0
0.0
33.87827405346515
33.878274053465134
33.87827405346519
37.30079177670712
40.89443538611123
40.89443538611125
44.66776117598554
48.62975325535359
57.157941206192966
61.744442287071145
71.61688586366205
0.0
0.0
0.0
0.0
0.0
0.0
0.0
0.0
0.0
50.266991958465674
51.24148134195267
52.14074890946335
52.9679571062201
37.428745572358864
54.41845924651708
55.04768490752493
51.085482048991786
39.10222345417994
51.97512394863438
52.34701509201887
48.22386243842224
50.266991958465674
53.121896341945344
40.38090990100016
53.31756391497876
44.553536619643765
44.550939202296554
44.518173403373396
44.4571970627013
48.644663220903034
44.258403667319406
52.839120080737715
48.20624666125895
48.0166613286718
52.220182813821204
47.58495205999333
47.34702285928168
47.09716836429347
46.83747898133832
42.47764976101889
42.228555295865156
41.97620542413155
41.72250590796795
37.6643607251049
41.21869004667812
36.30070071818828
40.09531553941487
43.05958528087961
38.51612886414325
41.46276885577565
40.76991161247807
36.62245417987004
36.12702453257784
32.42700639710549
32.10828438218495
31.857650887938064
31.676638464860314
31.566717135749304
31.529314226644054
28.52841415340753
28.626557115283195
25.869894536950174
26.071663884666325
26.328077367471256
26.63764280024858
24.09771482263173
24.46469766662383
24.87480766180847
25.32648528320936
25.818165841208124
37.21299099436929
23.43964927633318
23.55652376925189
23.676677421034146
23.799051342129463
23.922588314679746
24.04623252454611
24.168929335371143
24.289625073133447
24.407266812279214
24.520802163328202
24.629179060442887
24.731345548835005
24.826249572644137
24.912838762032067
24.990060221210413
25.056860315554967
28.36432723442378
28.41266149651879
28.445647120231936
28.462088285849894
28.460787141890478
28.440543566003203
28.40015492668192
28.33841584556702
28.254117959829273
31.534521406959897
31.385449514406254
31.207018767204953
30.99785930884737
30.756596621184844
30.481851264656797
30.17223862183283
29.82636864601081
29.442845624454794
32.29449162202522
31.77920931040075
31.217328903372177
31.217328903372177
0.0
0.0
0.0
0.0
0.0
0.0
0.0
0.0
0.0
0.0
0.0
0.0
0.0
0.0
0.0
0.0
83.40502472039582
77.76903285847679
72.40142156141097
67.28941080230058
49.1624736737499
41.34241834449855
41.34241834449857
41.34241834449851
45.157079480718686
45.157079480718764
45.157079480718714
45.15707948071877
45.157079480718686
45.157079480718735
45.157079480718714
49.16247367374997
53.36813757643272
57.78408467424968
57.784084674249634
67.28941080230061
72.4014215614109
77.76903285847678
83.40502472039591
1.0900866076989646
0.0
0.0
0.0
0.0
0.0
0.0
0.0
0.0
0.0
0.0
0.0
1.0
0.0
0.0
0.0
0.0
0.0
0.0
0.0
0.0
0.0
0.0
0.0
0.0
0.0
0.0
0.0
0.0
0.0
0.0
0.0
0.0
0.0
0.0
0.0
0.0
0.0
0.0
0.0
0.0
0.0
0.0
0.0
0.0
0.0
0.0
0.0
0.0
0.0
0.0
0.0
0.0
0.0
0.0
0.0
0.0
0.0
0.0
0.0
0.0
0.0
0.0
0.0
0.0
0.0
0.0
0.0
0.0
0.0
0.0
0.0
0.0
0.0
0.0
0.0
0.0
0.0
0.0
0.0
0.0
0.0
0.0
0.0
0.0
0.0
0.0
0.0
0.0
0.0
0.0
0.0
0.0
0.0
0.0
0.0
0.0
0.0
0.0
0.0
0.0
0.0
0.0
0.0
0.0
0.0
0.0
0.0
0.0
0.0
0.0
0.0
0.0
0.0
0.0
0.0
0.0
0.0
0.0
1.6298741887577493
1.6442709759309966
1.6658661566908677
1.6730645502774912
1.680262943864115
1.8314292091832123
1.835028405976524
1.838627602769836
1.84266191270059
1.8466962226313441
1.8507305325620984
0.0
0.0
0.0
0.0
0.0
0.0
0.0
0.0
0.0
0.9294060802398902
0.9294060802398902
0.9294060802398902
0.9294060802398902
1.8222100382156647
0.9294060802398902
0.9294060802398902
1.825033795006069
1.825033795006069
0.9294060802398902
0.9294060802398902
1.8278575517964735
0.9294060802398902
1.8321611130015616
1.8321611130015616
1.83646467420665
1.83646467420665
1.83646467420665
1.8407682354117378
1.8407682354117378
1.8450717966168262
1.8450717966168262
1.8493753578219143
1.8493753578219143
1.8493753578219143
1.7126557150039217
1.7090565182106097
1.7090565182106097
1.705457321417298
1.705457321417298
1.7018581246239861
1.7018581246239861
1.6982589278306741
1.6982589278306741
1.6946597310373623
1.6946597310373623
1.8278575517964735
1.6874613374507388
1.1655630524923446
1.0071983935866238
1.021595180759871
0.9280160641337631
0.9280160641337631
0.9280160641337631
0.9280160641337631
0.9280160641337631
0.9280160641337631
1.1439678717324737
1.158364658905721
1.1727614460789684
1.1871582332522157
1.201555020425463
0.9280160641337631
0.9280160641337631
1.2375469883585815
1.2519437755318288
1.2663405627050761
1.2807373498783234
1.2879357434649472
1.3023325306381945
1.3167293178114419
1.6910605342440506
1.338324498571313
1.5075014977851469
1.3527212857445603
1.3594701484802245
1.365769480364929
1.3783681441343383
1.3909668079037474
1.3909668079037474
1.397266139788452
1.4098648035578611
1.4161641354425658
1.4224634673272702
1.4350621310966796
1.441361462981384
1.4539601267507933
1.4602594586354978
1.4665587905202024
1.472858122404907
1.4791574542896115
1.4931047106118993
1.5003031041985229
1.5146998913717704
1.521898284958394
1.5290966785450177
1.5362950721316415
1.543493465718265
1.5578902528915126
1.5578902528915126
1.5650886464781362
1.5722870400647597
1.5794854336513835
1.5866838272380073
0.9280160641337631
0.9280160641337631
1.6082790079978784
0.9280160641337631
0.9280160641337631
0.9280160641337631
0.0
0.0
0.0
0.0
0.0
0.0
0.0
0.0
0.0
0.0
0.0
0.0
0.0
0.0
0.0
0.0
1.7233785505515111
1.7205547937611065
1.7177310369707022
1.7149072801802978
0.9294060802398902
1.6471371172105926
1.6188995493065486
1.5906619814025047
1.5624244134984608
1.5012737307695683
1.3668968771213659
1.2484905975555862
1.1920154617474985
1.152482866681837
1.101655244454558
1.0677701629697054
1.0169425407424264
1.709259766599489
1.7120835233898934
1.7149072801802978
1.7177310369707022
1.7205547937611065
1.7233785505515111
