31.649587357314005
0.0
0.0
0.0
0.0
0.0
0.0
0.0
0.0
0.0
0.0
0.0
31.649587357314005
0.0
0.0
0.0
0.0
0.0
0.0
0.0
0.0
0.0
0.0
0.0
0.0
0.0
0.0
0.0
0.0
0.0
0.0
0.0
0.0
0.0
0.0
0.0
0.0
0.0
0.0
0.0
0.0
0.0
0.0
0.0
0.0
0.0
0.0
0.0
0.0
0.0
0.0
0.0
0.0
0.0
0.0
0.0
0.0
0.0
0.0
0.0
0.0
0.0
0.0
0.0
0.0
0.0
0.0
0.0
0.0
0.0
0.0
0.0
0.0
0.0
0.0
0.0
0.0
0.0
0.0
0.0
0.0
0.0
0.0
0.0
0.0
0.0
0.0
0.0
0.0
0.0
0.0
0.0
0.0
0.0
0.0
0.0
0.0
0.0
0.0
0.0
0.0
0.0
0.0
0.0
0.0
0.0
0.0
0.0
0.0
0.0
0.0
0.0
0.0
0.0
0.0
0.0
0.0
0.0
0.0
33.87827405346515
33.878274053465134
33.87827405346519
37.30079177670712
40.89443538611123
40.89443538611125
44.66776117598554
48.62975325535359
57.157941206192966
61.744442287071145
71.61688586366205
0.0
0.0
0.0
0.0
0.0
0.0
0.0
0.0
0.0
50.266991958465674
51.24148134195267
52.14074890946335
52.9679571062201
37.428745572358864
54.41845924651708
55.04768490752493
51.085482048991786
39.10222345417994
51.97512394863438
52.34701509201887
48.22386243842224
50.266991958465674
53.121896341945344
40.38090990100016
53.31756391497876
44.553536619643765
44.550939202296554
44.518173403373396
44.4571970627013
48.644663220903034
44.258403667319406
52.839120080737715
48.20624666125895
48.0166613286718
52.220182813821204
47.58495205999333
47.34702285928168
47.09716836429347
46.83747898133832
42.47764976101889
42.228555295865156
41.97620542413155
41.72250590796795
37.6643607251049
41.21869004667812
36.30070071818828
40.09531553941487
43.05958528087961
38.51612886414325
41.46276885577565
40.76991161247807
36.62245417987004
36.12702453257784
32.42700639710549
32.10828438218495
31.857650887938064
31.676638464860314
31.566717135749304
31.529314226644054
28.52841415340753
28.626557115283195
25.869894536950174
26.071663884666325
26.328077367471256
26.63764280024858
24.09771482263173
24.46469766662383
24.87480766180847
25.32648528320936
25.818165841208124
37.21299099436929
23.43964927633318
23.55652376925189
23.676677421034146
23.799051342129463
23.922588314679746
24.04623252454611
24.168929335371143
24.289625073133447
24.407266812279214
24.520802163328202
24.629179060442887
24.731345548835005
24.826249572644137
24.912838762032067
24.990060221210413
25.056860315554967
28.36432723442378
28.41266149651879
28.445647120231936
28.462088285849894
28.460787141890478
28.440543566003203
28.40015492668192
28.33841584556702
28.254117959829273
31.534521406959897
31.385449514406254
31.207018767204953
30.99785930884737
30.756596621184844
30.481851264656797
30.17223862183283
29.82636864601081
29.442845624454794
32.29449162202522
31.77920931040075
31.217328903372177
31.217328903372177
0.0
0.0
0.0
0.0
0.0
0.0
0.0
0.0
0.0
0.0
0.0
0.0
0.0
0.0
0.0
0.0
83.40502472039582
77.76903285847679
72.40142156141097
67.28941080230058
49.1624736737499
41.34241834449855
41.34241834449857
41.34241834449851
45.157079480718686
45.157079480718764
45.157079480718714
45.15707948071877
45.157079480718686
45.157079480718735
45.157079480718714
49.16247367374997
53.36813757643272
57.78408467424968
57.784084674249634
67.28941080230061
72.4014215614109
77.76903285847678
83.40502472039591
