1.0900866076989646
0.0
0.0
0.0
0.0
0.0
0.0
0.0
0.0
0.0
0.0
0.0
1.0
0.0
0.0
0.0
0.0
0.0
0.0
0.0
0.0
0.0
0.0
0.0
0.0
0.0
0.0
0.0
0.0
0.0
0.0
0.0
0.0
0.0
0.0
0.0
0.0
0.0
0.0
0.0
0.0
0.0
0.0
0.0
0.0
0.0
0.0
0.0
0.0
0.0
0.0
0.0
0.0
0.0
0.0
0.0
0.0
0.0
0.0
0.0
0.0
0.0
0.0
0.0
0.0
0.0
0.0
0.0
0.0
0.0
0.0
0.0
0.0
0.0
0.0
0.0
0.0
0.0
0.0
0.0
0.0
0.0
0.0
0.0
0.0
0.0
0.0
0.0
0.0
0.0
0.0
0.0
0.0
0.0
0.0
0.0
0.0
0.0
0.0
0.0
0.0
0.0
0.0
0.0
0.0
0.0
0.0
0.0
0.0
0.0
0.0
0.0
0.0
0.0
0.0
0.0
0.0
0.0
0.0
1.6298741887577493
1.6442709759309966
1.6658661566908677
1.6730645502774912
1.680262943864115
1.8314292091832123
1.835028405976524
1.838627602769836
1.84266191270059
1.8466962226313441
1.8507305325620984
0.0
0.0
0.0
0.0
0.0
0.0
0.0
0.0
0.0
0.9294060802398902
0.9294060802398902
0.9294060802398902
0.9294060802398902
1.8222100382156647
0.9294060802398902
0.9294060802398902
1.825033795006069
1.825033795006069
0.9294060802398902
0.9294060802398902
1.8278575517964735
0.9294060802398902
1.8321611130015616
1.8321611130015616
1.83646467420665
1.83646467420665
1.83646467420665
1.8407682354117378
1.8407682354117378
1.8450717966168262
1.8450717966168262
1.8493753578219143
1.8493753578219143
1.8493753578219143
1.7126557150039217
1.7090565182106097
1.7090565182106097
1.705457321417298
1.705457321417298
1.7018581246239861
1.7018581246239861
1.6982589278306741
1.6982589278306741
1.6946597310373623
1.6946597310373623
1.8278575517964735
1.6874613374507388
1.1655630524923446
1.0071983935866238
1.021595180759871
0.9280160641337631
0.9280160641337631
0.9280160641337631
0.9280160641337631
0.9280160641337631
0.9280160641337631
1.1439678717324737
1.158364658905721
1.1727614460789684
1.1871582332522157
1.201555020425463
0.9280160641337631
0.9280160641337631
1.2375469883585815
1.2519437755318288
1.2663405627050761
1.2807373498783234
1.2879357434649472
1.3023325306381945
1.3167293178114419
1.6910605342440506
1.338324498571313
1.5075014977851469
1.3527212857445603
1.3594701484802245
1.365769480364929
1.3783681441343383
1.3909668079037474
1.3909668079037474
1.397266139788452
1.4098648035578611
1.4161641354425658
1.4224634673272702
1.4350621310966796
1.441361462981384
1.4539601267507933
1.4602594586354978
1.4665587905202024
1.472858122404907
1.4791574542896115
1.4931047106118993
1.5003031041985229
1.5146998913717704
1.521898284958394
1.5290966785450177
1.5362950721316415
1.543493465718265
1.5578902528915126
1.5578902528915126
1.5650886464781362
1.5722870400647597
1.5794854336513835
1.5866838272380073
0.9280160641337631
0.9280160641337631
1.6082790079978784
0.9280160641337631
0.9280160641337631
0.9280160641337631
0.0
0.0
0.0
0.0
0.0
0.0
0.0
0.0
0.0
0.0
0.0
0.0
0.0
0.0
0.0
0.0
1.7233785505515111
1.7205547937611065
1.7177310369707022
1.7149072801802978
0.9294060802398902
1.6471371172105926
1.6188995493065486
1.5906619814025047
1.5624244134984608
1.5012737307695683
1.3668968771213659
1.2484905975555862
1.1920154617474985
1.152482866681837
1.101655244454558
1.0677701629697054
1.0169425407424264
1.709259766599489
1.7120835233898934
1.7149072801802978
1.7177310369707022
1.7205547937611065
1.7233785505515111
