121.640603854 1.152344594
123.976332153 51.5514078921
126.319584066 51.9827802581
128.670137055 52.444676728
131.02776858 52.9353123379
133.392256103 53.4529021239
135.763377084 53.9956611219
138.140908985 54.561804368
140.524629267 55.1495468982
142.91431539 55.7571037486
145.309744816 56.3826899553
147.710695007 57.0245205541
150.116943422 57.6808105813
152.528267524 58.3497750728
154.944444772 59.0296290647
157.365252629 59.718587593
159.790468556 60.4148656937
162.219870012 61.1166784029
164.653234461 61.8222407566
167.090339361 62.5297677909
169.530962176 63.2374745417
171.974880365 63.9435760452
174.42187139 64.6462873374
176.871712712 65.3438234543
179.324181791 66.034399432
181.77905609 66.7162303064
184.236113069 67.3875311136
186.695130189 68.0465168898
189.155884911 68.6914026708
191.618154696 69.3204034927
194.081717006 69.9317343917
196.546349301 70.5236104036
199.011829043 71.0942465646
201.477933692 71.6418579107
203.94444071 72.164659478
206.411127558 72.6608663024
208.877771696 73.12869342
211.344150587 73.5663558668
213.81004169 73.972068679
216.275222468 74.3440468924
218.73947038 74.6805055433
221.202562889 74.9796596675
223.664277455 75.2397243011
226.124391539 75.4589144803
228.582682603 75.6354452409
231.038928107 75.7675316191
233.492905512 75.8533886509
235.944392281 75.8912313723
238.393165873 75.8792748194
240.839003749 75.8157340282
243.281683372 75.6988240347
245.721029913 75.5273291536
248.15708578 75.3026257144
250.589955178 75.0268273669
253.019742315 74.7020478129
255.446551397 74.3304007545
257.870486634 73.9139998934
260.291652234 73.4549589316
262.710152403 72.9553915709
265.12609135 72.4174115133
267.539573284 71.8431324607
269.950702411 71.2346681149
272.35958294 70.5941321778
274.766319079 69.9236383514
277.171015036 69.2253003375
279.573775018 68.501231838
281.974703233 67.7535465548
284.373903891 66.9843581898
286.771481197 66.1957804449
289.167539361 65.389927022
291.56218259 64.568911623
293.955515092 63.7348479498
296.347641076 62.8898497043
298.738664748 62.0360305883
301.128690318 61.1755043039
303.517821992 60.3103845527
305.906163979 59.4427850368
308.293820487 58.5748194581
310.680895724 57.7086015184
313.067493897 56.8462449197
315.453719215 55.9898633638
317.839675885 55.1415705526
320.225468115 54.303480188
322.611200114 53.4777059719
324.996976089 52.6663616063
327.382900249 51.8715607929
329.7690768 51.0954172338
332.155609952 50.3400446307
334.542603911 49.6075566856
336.930162886 48.9000671004
339.318391086 48.219689577
341.707392716 47.5685378172
344.097271987 46.948725523
346.488133105 46.3623663963
348.880080279 45.8115741388
351.273217716 45.2984624527
353.667649625 44.8251450397
356.063480212 44.3937356017
358.460813688 44.0063478406
360.859754258 43.6650954584
363.26040613 43.3720921568
