198.587328614 14.237382399
200.688359427 214.308708927
202.791227273 214.365895981
204.895759439 214.408877184
207.001783213 214.43758616
209.109125881 214.451956532
211.217614731 214.451921925
213.32707705 214.437415963
215.437340123 214.408372268
217.54823124 214.364724466
219.659577685 214.306406178
221.771206747 214.23335103
223.882945713 214.145492646
225.99462187 214.042764648
228.106062503 213.92510066
230.217094902 213.792434307
232.327546352 213.644699212
234.43724414 213.481828999
236.546015555 213.303757292
238.653687881 213.110417714
240.760088408 212.901743889
242.865044421 212.677669441
244.968383208 212.438127993
247.069932055 212.183053171
249.16951825 211.912378596
251.26696908 211.626037893
253.362111831 211.323964686
255.454773791 211.006092599
257.544782247 210.672355254
259.631964486 210.322686277
261.716147794 209.95701929
263.797159459 209.575287918
265.874826768 209.177425785
267.948977007 208.763366513
270.019437465 208.333043727
272.086035427 207.886391051
274.148598181 207.423342108
276.206953014 206.943830522
278.260927213 206.447789917
280.310348064 205.935153916
282.355042856 205.405856144
284.394838874 204.859830224
286.429563407 204.29700978
288.45904374 203.717328435
290.483107161 203.120719814
292.501580957 202.50711754
294.514292415 201.876455237
296.521068822 201.228666529
298.521737465 200.563685039
300.516132409 199.88145682
302.504295007 199.182308017
304.486507245 198.467006013
306.463064602 197.736342933
308.43426256 196.991110903
310.400396598 196.232102046
312.361762195 195.46010849
314.318654832 194.675922359
316.271369988 193.880335778
318.220203143 193.074140873
320.165449778 192.258129769
322.107405372 191.433094591
324.046365405 190.599827466
325.982625357 189.759120517
327.916480708 188.91176587
329.848226938 188.058555651
331.778159527 187.200281984
333.706573954 186.337736996
335.6337657 185.471712812
337.560030244 184.603001556
339.485663067 183.732395354
341.410959647 182.860686332
343.336215467 181.988666614
345.261726004 181.117128326
347.187786739 180.246863594
349.114693152 179.378664542
351.042740723 178.513323296
352.972224931 177.651631981
354.903441257 176.794382723
356.836685181 175.942367646
358.772252182 175.096378877
360.710437741 174.25720854
362.651537337 173.42564876
364.595846449 172.602491664
366.54366056 171.788529376
368.495275147 170.984554021
370.45098569 170.191357726
372.411087671 169.409732614
374.375876569 168.640470812
376.345647863 167.884364445
378.320697033 167.142205638
380.30131956 166.414786517
382.287810923 165.702899206
384.280466603 165.007335831
386.279582079 164.328888518
388.28545283 163.668349391
390.298374338 163.026510576
392.318642082 162.404164198
394.346551541 161.802102383
396.382398196 161.221117255
398.426477527 160.662000941
400.47908501 160.125545565
