2.203277135505431 -35.668048098742894
2.398601609446615 -36.37868661653676
2.596908300747799 -37.03061624228099
2.796846956571585 -37.6257407352396
2.997700460588902 -38.16592398712546
3.1988823029212483 -38.65302106346975
3.399864816045266 -39.088882635010066
3.600161299009926 -39.47535607834502
3.7993202557178734 -39.81428582055045
3.996923892652376 -40.107513386491334
4.192593281382528 -40.35687676391492
4.385905562005263 -40.56421967874308
2.203277135505431 -35.668048098742894
4.513148781517685 -40.882152627519545
4.445218431628064 -40.99651537744926
4.373181402382215 -41.07623002031261
4.297424950277588 -41.123067908469466
4.218323834123794 -41.1388014702582
4.136239300212765 -41.12520432503387
4.05151882865448 -41.08405131107445
3.9644960490749384 -41.01711849556765
3.875490707049522 -40.926183177594496
3.784808649347468 -40.81302389091865
3.6927418169147472 -40.67942040360523
3.59956824205409 -40.52715371940154
3.505552047983997 -40.358006077376764
3.410943450724659 -40.17376095196584
3.315978763988113 -39.976203052691815
3.2208804093337164 -39.76711832342894
3.1258569372846807 -39.54829394124076
3.03110307432587 -39.321518313220025
2.9367998409038876 -39.08858106888354
2.843114905796824 -38.85127303661113
2.750204004187651 -38.611386151546675
2.6582208644145737 -38.37071280625185
2.567183731760764 -38.13105457654658
4.576579803214685 -40.73137069688727
2.5328258887696222 -37.64911859570465
2.587933820388969 -37.410592746430645
2.6427573123557693 -37.18041655099294
2.6974710049709927 -36.96038009696043
2.7522652730796153 -36.75227211993201
2.80734468944965 -36.5578801034774
2.86292764326177 -36.37899030432593
2.919246216229425 -36.217387759854944
2.976546137485201 -36.074856291045734
3.0350867690818575 -35.95317850291057
3.0951411072770725 -35.85413578379149
3.1569957957364068 -35.77950830346766
3.2209511522040373 -35.73107501027055
3.287278606778102 -35.71015079883602
3.3560436999625836 -35.71574921971135
3.427236531547152 -35.746171086765045
3.5008349559901433 -35.7997180725852
3.57680506173881 -35.8746928750507
3.6551021829002366 -35.96939910263359
3.735673428971438 -36.08214098876638
3.818465274264497 -36.211222533423864
3.9034539160958843 -36.354944070718865
3.990857782489684 -36.511578241449605
4.078280244466669 -36.679693056966386
2.4772853827171275 -37.8942019550224
4.285743493700011 -37.033062917422505
4.406345502577892 -37.21477427714702
4.528657223086498 -37.40088484776716
4.65243882323756 -37.589715955053
4.777478180396429 -37.77958672310005
4.903558447383091 -37.96881774222522
5.030449943902852 -38.15573198476589
5.15790745391206 -38.33865511155563
5.285669144524547 -38.51591559344411
5.413456074826513 -38.685844767217716
5.540971950436187 -38.84677686332308
5.667902991540302 -38.99704902044603
5.793917857902159 -39.13500129443558
5.918667604155814 -39.25897666257399
6.041785652619296 -39.36732102734122
6.1628877762945535 -39.4583832174771
6.281572088704934 -39.53051498941698
6.3974190382242 -39.582071027335104
6.509991406014478 -39.61140894307039
6.618834307059501 -39.61688927534565
6.72347519448374 -39.596875488897105
6.823423867489055 -39.54973397197477
6.918172484311867 -39.473834033413226
7.0071955821608185 -39.367547898418444
7.089950107403638 -39.22925070152525
7.165875461957796 -39.0573204765359
7.234393575730053 -38.850138140152396
7.2949090235140375 -38.60608746700048
7.346809220148884 -38.32355504618107
7.389464762799548 -38.00093020640007
7.4222300669111405 -37.6366048764297
7.444444638414552 -37.22897330663278
7.455435872189753 -36.77643145504784
7.454526047860725 -36.2773754540246
7.441053315875649 -35.73019701121472
7.414455637849414 -35.133265010632684
7.374858361768247 -34.484796729955036
9.60470379067715 -33.211118756583
11.85098542386686 -32.47742121003147
14.116564414240827 -31.5586969488459
16.37443101400447 -30.448427758065197
18.59551375552911 -29.145078695011872
20.74987844023451 -27.652690442088943
22.808112558245455 -25.98112286836181
24.74277192979457 -24.14588953011831
26.529746587367242 -22.167572938429302
28.149406280413416 -20.070866200309535
29.587413141648938 -17.88333658901171
30.83513464728685 -15.634040272885258
31.889644193447452 -13.352128563859395
32.75334810744164 -11.06557417051885
33.43331725477242 -8.800115982885956
33.94042324553004 -6.5784811229332405
34.28838299583498 -4.419902204963442
34.492804333277604 -2.3399130746106493
34.5703048369316 -0.3503818661569298
34.53775185696304 1.5402729100236883
17.310693921218444 29.92605252846416
19.314564945774066 28.67361722779288
21.292664176861138 27.236945427524
23.21720699887419 25.616206650125513
25.05960617752328 23.81690328732821
26.79177812416799 21.850157182863946
28.38754525611654 19.73261306321193
29.82400036466487 17.485929950076347
31.082691760635385 15.135885071043447
32.15050464716137 12.711168117185863
33.02015254316251 10.241985647167489
33.690244935097724 7.758617156660733
34.164952611078206 5.290062102970737
34.45333925970772 2.862893261368221
34.568458897776 0.5003932486347509
34.5263303215047 -1.7779928292459886
34.34489360709051 -3.956896143208887
34.043034604327545 -6.024992854689891
33.63973759478546 -7.974760091970374
33.15339959469151 -9.802083415540679
-9.76392296657825 34.37629842802747
-10.397894323151931 34.91336202854996
-11.030934970438452 35.38876886411534
-11.662192392010411 35.804801920969055
-12.290360225611195 36.163865848478295
-12.91412787277146 36.468359257876955
-13.53224471042357 36.720656487994006
-14.143536095681654 36.92310306937267
-14.746908552975924 37.078014280261556
-15.341351243668356 37.18767484609712
-15.925932221526665 37.254340823871196
-16.499861075015247 37.280211007288194
-9.76392296657825 34.37629842802747
-16.89257110672912 37.484931793871795
-16.70630520083057 37.66947381219057
-16.504892823913536 37.822530801841474
-16.289629461480615 37.94553417565361
-16.061769286012122 38.039930875984176
-15.82252592364668 38.107183024786316
-15.573072645399208 38.14876783537928
-15.314542431011489 38.166177583728135
-15.04802799389202 38.160919596096335
-14.774581792681715 38.13451624487989
-14.495216035921715 38.0885049450397
-14.210902684460592 38.024438153915895
-13.92257345131236 37.94388337045791
-13.631119799847 37.848423135683305
-13.337392939346017 37.73965503387393
-13.042203815898375 37.61919169507705
-12.746323093740898 37.48866080075135
-12.45048111358372 37.349705095883735
-12.155367788182758 37.203982419774476
-11.861632288526408 37.053165797873646
-11.569881788953552 36.89894381135926
-11.280672681121189 36.74302318002103
-10.99462855057925 36.58709407425597
-17.062348378974605 37.26749132067975
-9.326714704298155 35.97276034372646
-7.959334723040115 35.52169155502423
-6.609679452132184 35.08127398402368
-5.277138906507474 34.65303680702583
-3.9608498423189644 34.23846577958385
-2.659697117616986 33.83900283465286
-1.3723140310127633 33.45604598144811
-0.09708243242465642 33.09094926971072
1.1678672354384219 32.74502277375302
2.424655922250821 32.419532582054885
3.6756559684490355 32.11570078786477
4.923491113004815 31.834705477707715
6.171036511325866 31.57768071530819
7.42132257061283 31.345310268741315
8.67700729683844 31.13623977478001
9.940413989680081 30.948521023186856
11.213629532640908 30.780246810251626
12.498504669397562 30.629550956901795
13.796654528579722 30.49460792369321
15.109459935953453 30.373631849631664
16.43807135019813 30.26487366780333
17.783424605959 30.16660956961782
19.1463511140185 30.077060255117587
20.52608718115863 29.99548323642358
-10.712166588472826 36.43291055702596
21.895751544792745 30.161522661017713
21.870195106874235 30.40926713141947
21.845860474824974 30.661646584413774
21.821684260995596 30.917336730720038
21.796652379895534 31.174980393688216
21.769783229583197 31.433199834116934
21.740123486508878 31.69059983038626
21.706746704630348 31.945768706091627
21.668752754563286 32.197278740157486
21.625267569153607 32.44368635377986
21.575443016251256 32.683532203672804
21.51845683016296 32.915341231958536
21.45351257301553 33.137622695147826
21.379839611253374 33.34887018057888
21.296693101941003 33.54756161756605
21.203353983688544 33.73215928337383
21.099128971753203 33.90110980769968
20.983350555228526 34.05284417476801
20.855376996483812 34.185777724447746
20.71459233242132 34.29831015204797
20.560406378105938 34.38882550735824
20.392254732568517 34.45569219152581
20.209598788518008 34.49726295260069
20.011925747354894 34.51187487863981
19.79874864175582 34.49784938637543
19.569606370886845 34.453492204179554
19.324063755505676 34.37709334452604
19.061711627872683 34.2669270604745
18.782166981897205 34.12125177096136
18.485073237781762 33.938309930436255
18.17010073466963 33.71632778557744
17.83694771778886 33.453514888384845
17.48534251127603 33.14806302279576
17.115048952872712 32.7981435211747
16.72588270074732 32.40189921303008
16.31777646212197 31.95741221470533
15.891236602175468 31.462478461218424
15.891236602175468 31.462478461218424
-0.3028849380393268 -34.949491949336576
-2.8940817964234498 -34.830776869861
-5.5943831118096625 -34.50016817931084
-8.371917125948258 -33.933312989431016
-11.18795902321908 -33.11175470580205
-13.998402652434521 -32.02504410586732
-16.75598720603068 -30.672391813384383
-19.413090630609304 -29.063562048898664
-21.924770217759388 -27.218801915236536
-24.25165624843855 -25.16775508483036
-26.362314130998357 -22.947486146874517
-28.234785253549845 -20.599893895075237
-29.857169897613687 -18.168878130128583
-31.227283139255462 -15.697627672460733
-32.35155331151232 -13.226326970660054
-33.24341446223963 -10.790464387327823
-33.9214630586747 -8.41980229942488
-34.407616856407856 -6.137966199407742
-34.7254515445573 -3.9625423441317196
-34.89881992125095 -1.9055432051077545
-11.889354157530391 32.86642640323477
-14.294150975678917 31.8941369954876
-16.731512099508635 30.685749618779553
-19.163288240099448 29.228874604221417
-21.5468234299407 27.518959407677315
-23.83704416477333 25.560791307959917
-25.989108416102837 23.36931686075752
-27.961337321865017 20.969557505472338
-29.71805982217505 18.39553334937746
-31.23198149338151 15.688277751222657
-32.48575675377609 12.8931894788266
-33.47258349188729 10.05708114619084
-34.19581225890798 7.225313194315703
-34.667721276498554 4.439349985914987
-34.9077159502546 1.7349622297831715
-34.940250845736074 -0.8588350478834315
-34.79274901462611 -3.320141986070354
-34.49372887820452 -5.633950202065407
-34.0712676466549 -7.7914984279302715
