21.40848763896081 -29.796060690241305
21.547264232619366 -30.164186762822126
21.67069113106511 -30.51437198232827
21.77922354102772 -30.84692086282719
21.87331061343969 -31.162141946239885
21.953396442152307 -31.46034708025077
22.0199203134125 -31.741851238536157
22.073316788191505 -32.00697246066983
22.1140157346517 -32.25603182842369
22.142442342759242 -32.489353455822
22.159017130436666 -32.707264483570356
22.164155946947403 -32.91009507731553
22.158269973644 -33.098178426185584
22.141765724250863 -33.27185074311453
22.115045043732977 -33.43145126479364
22.078505106929946 -33.57732225272346
22.032538416266956 -33.7098089943655
21.97753279863396 -33.82925980479125
21.913871401339826 -33.936026029222006
21.84193268639015 -34.03046204619859
21.762090422583587 -34.112925272015616
21.674713674518877 -34.18377616728927
21.58016678644474 -34.24337824616015
21.478809358214967 -34.29209809005761
21.37099620852798 -34.33030536927032
21.25707731576754 -34.3583728765326
21.13739772034694 -34.376676584113966
21.012297353194054 -34.385595742300154
20.88211071803129 -34.38551306312621
20.74716625611528 -34.37681508762887
20.607784948164422 -34.3598929924124
20.464276821025155 -34.33514460846422
20.316930466017176 -34.30298047406691
20.165971114953948 -34.26384804978207
20.011267170895522 -34.21840121908855
19.856274600030098 -34.1652221012186
21.25389309200479 -29.40969833414833
19.361809990918804 -34.09784328506504
19.02346443013399 -34.084495899064336
18.684659744625442 -34.06619259984751
18.345825517464124 -34.04327965419975
18.007315389979254 -34.016145145073295
17.669451496628476 -33.985193307636735
17.332535572796907 -33.95083811284164
16.99685265722529 -33.91350112961425
16.662672571833358 -33.8736106690009
16.330250594060384 -33.83160139623945
15.999827791920076 -33.78791413663447
15.671631203375963 -33.74299577145993
15.345873937422734 -33.697299178803945
15.022755233053037 -33.65128319884724
14.702460493579142 -33.60541261258382
14.385161305727266 -33.56015812941499
14.071015447476235 -33.515996379707815
13.760166886851412 -33.47340991212593
13.452745770931692 -33.432887194812906
13.148868401921881 -33.39492262030663
12.848637194459435 -33.36001651765122
12.552140599888176 -33.32867517298649
12.259452971413182 -33.301410869189255
11.970634310636356 -33.278741959637784
11.685729758791439 -33.26119301781614
11.404768475211299 -33.24929516665114
11.127760831912546 -33.243586903498
10.854689995708235 -33.244616576823034
10.585478253937538 -33.252952292570654
10.31975129132347 -33.26925126103589
10.06002317831122 -33.293322806364216
19.6988798564034 -34.10610996055419
9.8202013546016 -33.25771591946943
9.838606441959584 -33.199679195091676
9.860023474512147 -33.152569284678066
9.884703661786347 -33.116836919830405
9.912849867075487 -33.09294702363934
9.944652491804014 -33.08136815381124
9.98029844857156 -33.08256986260096
10.01997415470472 -33.097021816555326
10.063866732343975 -33.12519344280233
10.112164557658275 -33.16755376771604
10.165057539710844 -33.22457133411925
10.222737276614417 -33.296714155652666
10.28539715207274 -33.38444968742144
10.353232403646537 -33.48824480563039
10.42644017931633 -33.608565789900894
10.505219594023245 -33.745878305754786
10.589771795988867 -33.90064738283263
10.680300055663722 -34.0733373867227
10.777009895075594 -34.26441197631917
10.880109289532768 -34.47433403828214
10.989808999456812 -34.70356557844826
11.106323147951557 -34.95256753279253
11.22987029108279 -35.221799417439115
11.36067555635168 -35.51171862876254
11.498975345830274 -35.82277890415992
11.645029092926123 -36.15542647474331
11.799154531556837 -36.510088522980396
11.96186877234112 -36.88712701366384
12.13487583641512 -37.28651551147192
19.177074991634072 -30.292583985126953
20.55081487003801 -33.932278612206886
23.352123785014243 -32.06889206643069
26.09623012426607 -29.87845874439236
28.720854026267887 -27.36508848223994
31.162954333458515 -24.54803048820392
33.363441587072785 -21.461973094405636
35.27193554677851 -18.15560757515189
36.85081929559094 -14.68852071798625
38.07793506524237 -11.126831750601553
38.94753339281405 -7.538246895309527
39.46944461904752 -3.9872879383047746
39.66677697547169 -0.5313454781953055
39.572664979035864 2.7820334462398932
39.22665615402698 5.916499861636623
38.67125171035862 8.84702293390805
37.94896222948154 11.559056594047547
37.100063521020445 14.047092595098007
36.16108617114469 16.312920356639324
-12.67432408824179 37.59118290962951
-9.777357296841032 38.44657082145193
-6.647628570889452 39.10939219704781
-3.3098258350912175 39.532019637002776
0.19861024551659057 39.669838386479285
3.8278798652879686 39.485223304116346
7.517705453313852 38.9515035442308
11.200700779289505 38.056271831221636
14.806909124679962 36.803409703619565
18.268902430303797 35.213388471305194
21.52667422151228 33.3217319567859
24.53159216066379 31.175896293480776
27.24889207094077 28.831118683554934
29.65851801410136 26.345926304577603
31.754436627055185 23.777957821001877
33.5427897597136 21.180575506219384
35.0393561955794 18.60051184882613
36.26677935018799 16.07657423718709
37.25192331197914 13.639271725331724
38.02359211119 11.31114347008554
9.804257478345818 -33.32631681181516
-10.131176863778549 33.22839316455148
-36.165404246612056 0.6549151440513015
-36.01070005551561 1.5541928321168825
-35.82248870461578 2.47042681562624
-35.60225768005256 3.401984745616403
-35.351465373655124 4.347273352536519
-35.071541125302126 5.304745179314921
-34.76388523455679 6.272900264374613
-34.429868964538485 7.250286702276043
-34.070834544065356 8.23550086765411
-33.68809516972739 9.227187516834505
-33.282935006517086 10.224039838108496
-32.8566091897565 11.22479947870329
-32.41034382600555 12.228256559593547
-31.94533599516647 13.233249684227218
-31.462753751952405 14.238665943258866
-30.963736128407987 15.243440917223893
-30.449393136651775 16.246558677532505
-29.920805772399284 17.247051786238927
-29.379026019809857 18.24400129483118
-28.825076857687375 19.23653674172388
-28.25995226802162 20.22383614826913
-27.684617248246823 21.205126012896585
-27.10000782868614 22.17968130214942
-26.507031098563722 23.146825437103217
-25.906565246305398 24.10593027254248
-25.29945962315869 25.056416063047266
-24.686534849941097 25.997751407282976
-24.068583002613977 26.929453149612186
-23.446367957398955 27.851086198074768
-22.820626080645475 28.762263160392877
-22.19206774540425 29.66264354222696
-21.561381124255664 30.551931745006755
-20.929243565137703 31.429871056795207
-20.296367096464802 32.296219618959014
-19.663816959457503 33.15058218999195
-19.028727293851393 33.99467294856183
-36.28508440366565 -0.22578195418677183
-18.11228401034069 34.79128867254889
-17.830122557768675 34.74981778935867
-17.547578729936312 34.70332590699539
-17.264854162198862 34.65228418303212
-16.982206974494034 34.597132661481794
-16.69990354209803 34.53830574631681
-16.418206438541738 34.47623856897164
-16.13737041755697 34.41136911144545
-15.857640806035322 34.34413905435164
-15.579252774706976 34.27499416301774
-15.302430974141593 34.20438447980297
-15.027389339872247 34.13276442740977
-14.754330982361509 34.06059286740151
-14.48344812285851 33.98833313500131
-14.214922055552453 33.91645305981467
-13.948923126507827 33.84542497863367
-13.685610723993502 33.775725742014515
-13.425133278747882 33.70783671716711
-13.167628274250397 33.642243786963036
-12.913222269506392 33.57943734384841
-12.662030941453406 33.519912278642664
-12.414159159102091 33.464167957842875
-12.169701117327044 33.412708184009546
-11.928740587571049 33.366041119438734
-11.691351421910014 33.324679133112625
-11.457598663758734 33.289138461993076
-11.227541326836942 33.25993836382443
-11.00124073430478 33.23759857514875
-10.778793877094735 33.22262914053769
-10.560566926107782 33.215459215643165
-10.344040156207697 33.21739903495612
-18.394255547570815 34.82705797349368
-10.218503118586945 33.13230058719563
-10.309179165742016 33.04652370782077
-10.403082386953429 32.971620864868044
-10.50039489157787 32.90805714432142
-10.601354694112082 32.856280244646314
-10.706220166565416 32.81673131528751
-10.8152611496945 32.78984766685434
-10.928755988131606 32.77606367594302
-11.046990341645788 32.77581114747687
-11.17025664182161 32.789519481333144
-11.29885381615928 32.8176157566746
-11.433087134614318 32.860524780348726
-11.573268114818028 32.91866911660122
-11.719714456224544 32.99246910931481
-11.872749986168202 33.082342900843514
-12.032704607192656 33.188706452103986
-12.199914235630274 33.311973566230336
-12.374720720742161 33.452555922042734
-12.557471726873501 33.61086312213047
-12.748520550787333 33.78730276915945
-12.94822582111641 33.9822805912635
-13.156950975533526 34.196200660636634
-13.375063292333536 34.42946579915247
-13.602931955304228 34.68247838861308
-13.840923797969594 34.955642153020676
-14.08939266551181 35.24936661441342
-14.348647501113618 35.564080459596084
-14.618824691926982 35.90028500739666
-14.898994490861341 36.2589284809502
17.22097036185004 -31.445811001260708
17.22097036185004 -31.445811001260708
15.139852592530584 -32.49901095736871
12.945333945328693 -33.43380293616997
10.652463210262004 -34.2334029463146
8.279408754214522 -34.88340924295335
5.846932006059907 -35.37250677923801
3.377679146924521 -35.69302639607852
0.8953406080927522 -35.8413059880109
-1.5762559005394756 -35.81782052368263
-4.01404570307583 -35.62707238637978
-6.396550254598743 -35.27725888686817
-8.704564235880554 -34.77975576674103
-10.921666284446772 -34.14847076081014
-13.034534509285528 -33.399128130191826
-15.033068850840102 -32.548543602696384
-16.91033969298539 -31.613940931155184
-18.66239412124711 -30.612348740238275
-20.28795734641146 -29.56010210471061
-21.78806763306848 -28.472459650468565
-35.77051574586701 -2.42302558909455
-35.54538337742696 -4.682581583108373
-35.16569127048326 -6.983910595059456
-34.623469088824955 -9.30678451377861
-33.91406515309625 -11.629145906826906
-33.036592825285915 -13.927827692321358
-31.994187841373602 -16.179394120350366
-30.79404104219745 -18.361042618059173
-29.44719323541854 -20.451495306863194
-27.968104291768412 -22.431807596702768
-26.374032791433955 -24.28602981236523
-24.684281500324786 -26.001674879581316
-22.919374725611576 -27.569967571938193
-21.100235019485197 -28.98587469532734
-19.247419514761162 -30.247936983429426
-17.380462630305857 -31.35793948089173
-15.517355000295495 -32.32046632592932
-13.674171281596173 -33.14238810786418
-11.864844395742566 -33.83232651171869
-10.101072262646412 -34.400133558977956
14.99892208288722 -36.72557501238731
