0.25876129752663246 -34.49838059313538
0.2669386462492298 -34.152761185173745
0.27550606765672114 -33.87829355841552
0.2844895557344387 -33.67220019724081
0.29392377755280563 -33.53170353703587
0.3038433771551752 -33.45402602647633
0.31428080617916976 -33.436390142979405
0.32526560677629845 -33.47601839819919
0.3368241329154955 -33.57013333994465
0.3489794350603006 -33.71595755218411
0.36175121899651685 -33.91071365605484
0.3751558485282942 -34.15162430915518
0.38920638626714776 -34.43591220439052
0.4039126832323916 -34.760800069461084
0.41928154928081085 -35.12351066359295
0.4353170788001819 -35.5212667727011
0.4520213086225908 -35.95129120016907
0.4693956703387414 -36.410806744929346
0.4874446250902338 -36.89703614828551
0.506186571436757 -37.40720193265469
0.525697480429784 -37.93852575911154
0.5464163459499787 -38.48822392556366
0.5650654809691105 -39.05356748942094
0.2510175993733128 -34.91792881126122
0.7880113329663061 -40.2051695673959
0.9985542149333639 -40.785423522125456
1.2152094274510432 -41.36973116322588
1.4378485246075456 -41.95531634352133
1.6663551557122673 -42.539406060030586
1.9005777139499855 -43.1192311516144
2.140317501879963 -43.69202647318144
2.385324790789241 -44.25503095227859
2.6352972500593523 -44.80548761227905
2.889879240750986 -45.340643580629234
3.1486614730866336 -45.85775009220319
3.4111808375786836 -46.354062489003184
3.6769203321078407 -46.82684021622205
3.9453090556426673 -47.27334681525633
4.2157222666602365 -47.69084991045244
4.487481530971195 -48.076621185420294
4.759855028024674 -48.4279363383838
5.032058186996551 -48.74207499363857
5.303255104099719 -49.01632050387903
5.572562101265191 -49.24795945943646
5.8390584154920475 -49.43428021303143
6.101828970163012 -49.57256697831917
6.3602637943954505 -49.66005852534255
6.610036737918904 -49.69456272872091
0.5840528010488981 -39.63174370599006
6.81343906253079 -49.62699589533352
6.768116607379056 -49.52949686023999
6.716732330875402 -49.385255504639076
6.659604312751014 -49.19669339704245
6.597109450328276 -48.96622394363729
6.5296371212693884 -48.696258780396164
6.457577601457956 -48.389209370989335
6.381318207164725 -48.04748753924093
6.301241755683179 -47.6735056811697
6.2177258709829175 -47.26967686120335
6.131142644040835 -46.83841485901928
6.041858461093057 -46.38213419371772
5.9502339224086995 -45.90325013525654
5.8566238205743275 -45.40417870834031
5.761377171930803 -44.887336689136305
5.66483731646116 -44.355141593414146
5.567342134751016 -43.810011650570516
5.46922450504303 -43.25436574788313
5.370813327010524 -42.69062330599823
5.2724360963151184 -42.12120396485744
5.174426642291621 -41.548526640454696
5.077156093052906 -40.975005748268075
4.981249652321537 -40.40302476729883
4.8846530606053875 -39.835293987927145
6.8527648066909705 -49.67527813117832
4.866821693726251 -38.69324830007662
4.941905438268975 -38.124513961901414
5.014847204082457 -37.57025020590595
5.086064648210822 -37.03285615708609
5.156058844823974 -36.51471892757684
5.225380790680617 -36.01821770072729
5.294623036925202 -35.54572475103552
5.364416906472627 -35.099605782783414
5.435431389602115 -34.682220063073316
5.508372653589163 -34.29592048009226
5.583983813414989 -33.94305356869688
5.663044830818194 -33.62595951900505
5.7463724897235124 -33.346972173866135
5.834820432100969 -33.10841901620344
5.9292792610359015 -32.9126211433269
6.030676742157823 -32.761893219192046
6.1399781771348785 -32.65854339059078
6.258187111863094 -32.60487312742595
6.386346764574455 -32.603176903202865
6.525543177039026 -32.65574149067294
6.6769131007559395 -32.764844199059866
6.841667663915359 -32.93274758528267
7.021187049264313 -33.16167829899135
7.217683253905591 -33.453678989032525
-2.263524849014516 -35.34256759635076
13.791527597043967 -31.75927561551532
15.87303785905442 -30.77181324211034
17.91983232522813 -29.6266338033534
19.909856791735763 -28.327644159281306
21.821627077153494 -26.88260427837926
23.635087387499198 -25.30297344715774
25.33241020532364 -23.603533936076303
26.89867161061153 -21.801818425690442
28.322348979316416 -19.917388618393403
29.595608019842416 -17.971026877118987
30.71436954508141 -15.983908299613972
31.67816922283788 -13.976817082996376
32.48984228620486 -11.96945985831556
33.15507752414129 -9.979912597336352
33.681890038058725 -8.024219871514703
34.080060859853006 -6.116148532451348
34.36058515763142 -4.267084333295003
34.535161403357165 -2.486050668502628
24.657094389235283 24.308136855025197
26.146570843462996 22.69834034043157
27.567267968886313 20.950025246140058
28.899451569814914 19.070383321952818
30.124190046173283 17.07017853287789
31.224160972819675 14.963608943892439
32.1844243243313 12.767954103680239
32.993095828121795 10.503020934886536
33.64186043194087 8.190424150195383
34.126281115244126 5.852756472434635
34.44587997916818 3.512715978133201
34.6039930584912 1.192260663690604
34.60742346315374 -1.0881462788844374
34.4659356419063 -3.310151266976419
34.191644435380795 -5.457954917987507
33.798355480259204 -7.518576189168044
33.30090931105127 -9.48194390087977
32.71457211712453 -11.340837371012327
32.054503928184545 -13.090706589038405
31.335322274342786 -14.729405929818427
4.7894962235424146 -39.27401348636164
32.52640988804052 22.525986531058322
-1.5994593026030657 34.380079035579854
-1.0955116318318687 33.98051623559627
-0.6026727256407298 33.65274886104055
-0.11790113004093428 33.39367660048691
0.3616980210195493 33.2002178422766
0.8388643580476582 33.0693091475834
1.3161801182745023 32.997905117402865
1.7960694318255435 32.982978347055365
2.2807980434462536 33.02151940569689
2.7724731960541362 33.110536823349776
3.27304358718726 33.24705708135488
3.784299367519907 33.42812459988414
4.307872174673179 33.65080172043247
4.845235211159746 33.912168679504674
5.397703394049074 34.20932356119883
5.966433642064857 34.53938221101279
6.5524254562667466 34.899478064379764
7.156522202078207 35.28676176823819
7.779414318424301 35.69840023686922
8.421648948120662 36.13157381806059
9.083668463173495 36.58346496062873
9.766080145151449 37.05117888318867
10.466050288351198 37.53280430379428
-2.1176432230408864 34.85455995251428
12.065910739440824 38.15153457408633
12.970016527984711 38.271938409581026
13.89696017453025 38.38349498657723
14.845913029095414 38.48353977990945
15.815907490884968 38.5695120481555
16.80579520063941 38.63896713139124
17.814236590042185 38.68957952464575
18.83969739928841 38.719143900121566
19.88044728645758 38.72557551539791
20.934559197295812 38.706910395402275
21.9999090536607 38.66130542061461
23.07417559048406 38.587038369682745
24.154840269383726 38.48250793597131
25.239187238115903 38.34623372633337
26.32430332336537 38.17685624083029
27.407078058222282 37.97313682575293
28.48420376089598 37.733957578197504
29.552175713106124 37.45832115027798
30.607292566683213 37.14535031195916
31.645657375005214 36.79428685749426
32.66318069706324 36.404488319599466
33.65559302487105 35.9754148231911
34.61853179538497 35.50653706158744
35.546403523349966 34.99862549328881
11.185625169597841 38.02496569908979
36.58930351572337 34.18032151228044
36.70528319433231 33.875062082318976
36.785738104020766 33.53900139544402
36.83191128188315 33.17446671834361
36.84510193229352 32.783719383329554
36.826651959434514 32.36896903122485
36.777942600350514 31.93237717234456
36.70039330271578 31.476058373559596
36.59546127570303 31.002080732546744
36.46464128652519 30.512466093122583
36.30946555905831 30.009190151729456
36.131503720527974 29.49418251341612
35.93236277251208 28.969326721112736
35.71368707661799 28.436460269272487
35.477158350184254 27.89737460525143
35.22449567208895 27.353815117707114
34.95745550320589 26.80748110535916
34.67783173383532 26.2600257067281
34.387455794084815 25.71305574008761
34.088196933945824 25.1681312979606
33.781963068550226 24.62676452659059
33.47070416244958 24.090414738098048
33.1564359283085 23.560454190602286
32.84092021957679 23.038629586025223
36.436706467107 34.45228678528653
31.83451701482676 22.469959675915874
31.158613903986577 22.413002126180828
30.50042173883844 22.356840417682605
29.861634486138428 22.303222418221225
29.243893261981327 22.253954343145836
28.64878267219723 22.210906040979097
28.077829900419886 22.17601231229702
27.53250440766601 22.151273346355936
27.01421781603659 22.138754891607903
26.524323861609844 22.140588328512337
26.064118378161993 22.158970699381513
25.63483929837537 22.196164715264445
25.237666669078124 22.254498746734555
24.873722682491405 22.33636679870807
24.544071730657834 22.444228463678996
24.249720497696046 22.580608838941572
23.99161812429088 22.748098380893765
23.770656512063795 22.949352631643734
23.58767093330613 23.187091672630913
23.443441371644383 23.46409892255653
23.338695872019343 23.78321813238813
23.27412058929616 24.147344372348044
23.25039998072407 24.559387983771302
23.268498142153987 25.022022243699297
-4.922167461272409 -35.07125456164806
-4.922167461272409 -35.07125456164806
-7.6946606802644055 -34.56895754951722
-10.545498061595794 -33.80847674293548
-13.431028387425584 -32.76931652477509
-16.301143340265725 -31.440314165810122
-19.10195380773831 -29.821736867120308
-21.779231039592958 -27.92643415061724
-24.28219742974707 -25.779750135086914
-26.567135563549613 -23.418111302850775
-28.600289469619497 -20.88645664775865
-30.35966459282247 -18.234894977927667
-31.835553314340075 -15.515095043683743
-33.029852896294784 -12.776910686619715
-33.954435393802385 -10.065631929135321
-34.628933264951854 -7.420081534339147
-35.07831437444909 -4.87160032145988
-35.33055824405278 -2.443825527389862
-35.41464660673856 -0.15308417472706992
-35.35897806381877 1.990803688743
-4.655194753138602 35.10768848635695
-7.2893162460952965 34.65669484687109
-10.02136122865599 33.9675278489548
-12.814060352050518 33.015458293634765
-15.6224729150359 31.782998113200392
-18.395848925896985 30.26240855153975
-21.08044146382437 28.457610875388042
-23.623018066703025 26.385102737434096
-25.974636836220213 24.073613569034478
-28.094151400320044 21.562450837987456
-29.95093120180269 18.898739354507512
-31.526430630331674 16.133964198411235
-32.81446851633632 13.320333518163238
-33.82031876849342 10.507457705944915
-34.55889761168618 7.739717366268621
-35.0524252067093 5.054514434916484
-35.327937422622796 2.481424290196742
-35.41495240602379 0.0421322180704351
-35.343492439258796 -2.2490378477885713
-35.142556722049704 -4.384214420195349
9.610421209755032 -33.26405906159653
