148.554402702
3.636169855
150.862217553
64.001471132
153.176937089
64.4025991168
155.498357022
64.8376516028
157.826273065
65.3047263833
160.160480932
65.8019212515
162.500776334
66.3273340007
164.846954984
66.8790624241
167.198812596
67.4552043152
169.556144883
68.053857467
171.918747556
68.673119673
174.286416328
69.3110887264
176.658946913
69.9658624205
179.036135023
70.6355385485
181.417776371
71.3182149037
183.80366667
72.0119892795
186.193601631
72.714959469
188.587376969
73.4252232657
190.984788396
74.1408784626
193.385631625
74.8600228532
195.789702368
75.5807542307
198.196796338
76.3011703883
200.606709249
77.0193691195
203.019236812
77.7334482173
205.43417474
78.4415054752
207.851318746
79.1416386864
210.270464544
79.8319456441
212.691407845
80.5105241417
215.113944363
81.1754719724
217.53786981
81.8248869295
219.962979899
82.4568668064
222.389070343
83.0695093961
224.815936854
83.6609124921
227.243375146
84.2291738877
229.671180931
84.772391376
232.099149921
85.2886627504
234.52707783
85.7760858042
236.954760371
86.2327583306
239.381993255
86.6567781229
241.808572197
87.0462429744
244.234292908
87.3992506784
246.658951101
87.7138990281
249.08234249
87.9882858169
251.504262786
88.2205088379
253.924507703
88.4086658845
256.342872953
88.55085475
258.75915425
88.6451732277
261.173147305
88.6897191107
263.584647833
88.6825901924
265.993451544
88.6218842662
268.399356652
88.5057373988
270.802265804
88.3338851304
273.202221688
88.1082077336
275.599276802
87.8307357572
277.993483646
87.5034997498
280.384894719
87.12853026
282.773562519
86.7078578364
285.159539547
86.2435130277
287.5428783
85.7375263826
289.923631279
85.1919284496
292.301850981
84.6087497775
294.677589907
83.9900209147
297.050900556
83.33777241
299.421835426
82.654034812
301.790447017
81.9408386694
304.156787827
81.2002145307
306.520910356
80.4341929447
308.882867104
79.6448044598
311.242710568
78.8340796249
313.600493248
78.0040489885
315.956267644
77.1567430992
318.310086254
76.2941925057
320.662001578
75.4184277566
323.012066114
74.5314794006
325.360332362
73.6353779863
327.70685282
72.7321540622
330.051679988
71.8238381772
332.394866366
70.9124608797
334.736464451
70.0000527185
337.076526744
69.0886442422
339.415105743
68.1802659993
341.752253947
67.2769485386
344.088023856
66.3807224086
346.422467968
65.4936181581
348.755638783
64.6176663356
351.0875888
63.7548974897
353.418370517
62.9073421692
355.748036435
62.0770309227
358.076639052
61.2659942987
360.404230867
60.4762628459
362.730864379
59.709867113
365.056592088
58.9688376486
367.381466492
58.2552050013
369.70554009
57.5709997197
372.028865383
56.9182523526
374.351494868
56.2989934485
376.673481045
55.715253556
378.994876413
55.1690632239
381.315733472
54.6624530006
383.636104719
54.197453435
385.95604265
53.7760950756
199.70047539
49.60412474
201.875893794
249.073883117
204.035514067
248.511502885
206.179792132
247.917905322
208.309183913
247.294011706
210.424145335
246.640743316
212.525132321
245.959021431
214.612600796
245.249767328
216.687006682
244.513902286
218.748805905
243.752347583
220.798454388
242.966024498
222.836408055
242.155854309
224.86312283
241.322758294
226.879054637
240.467657733
228.8846594
239.591473902
230.880393043
238.695128081
232.86671149
237.779541548
234.844070664
236.845635581
236.812926491
235.894331459
238.773734893
234.92655046
240.726951795
233.943213862
242.673033121
232.945242944
244.612434794
231.933558984
246.545612738
230.909083261
248.473022879
229.872737052
250.395121139
228.825441637
252.312363442
227.768118293
254.225205712
226.7016883
256.134103874
225.627072934
258.039513852
224.545193476
259.941891568
223.456971202
261.841692948
222.363327392
263.739373915
221.265183324
265.635390393
220.163460276
267.530198307
219.059079527
269.424253579
217.952962355
271.318012134
216.846030037
273.211929897
215.739203854
275.10646279
214.633405083
277.002066738
213.529555002
278.899197665
212.42857489
280.798311495
211.331386025
282.699864152
210.238909685
284.604311559
209.15206715
286.512109641
208.071779696
288.423714322
206.998968604
290.339581525
205.93455515
292.260167175
204.879460614
294.185927195
203.834606274
296.11731751
202.800913407
298.054794043
201.779303293
299.998812178
200.770696153
301.949652356
199.77566976
303.907169771
198.793969488
305.871156248
197.825216659
307.84140361
196.869032599
309.817703681
195.925038631
311.799848286
194.99285608
313.787629247
194.07210627
315.780838389
193.162410525
317.779267536
192.26339017
319.782708512
191.374666527
321.790953139
190.495860923
323.803793243
189.626594681
325.821020647
188.766489124
327.842427174
187.915165578
329.86780465
187.072245367
331.896944897
186.237349814
333.929639739
185.410100245
335.965681
184.590117982
338.004860505
183.777024351
340.046970077
182.970440675
342.091801539
182.16998828
344.139146716
181.375288488
346.188797431
180.585962624
348.240545509
179.801632013
350.294182773
179.021917978
352.349501046
178.246441844
354.406292154
177.474824935
356.46434792
176.706688575
358.523460166
175.941654089
360.583420719
175.1793428
362.6440214
174.419376033
364.705054035
173.661375112
366.766310447
172.904961361
368.827582459
172.149756104
370.888661896
171.395380666
372.949340581
170.641456371
375.009410339
169.887604543
377.068662993
169.133446507
379.126890367
168.378603585
381.183884284
167.622697103
383.23943657
166.865348385
385.293339047
166.106178755
387.345383539
165.344809538
389.395361871
164.580862057
391.443065865
163.813957636
393.488287347
163.0437176
395.530818139
162.269763273
397.570450066
161.49171598
399.60697495
160.709197044
-20.4096456433
40.477189213
-19.7365299609
141.513035926
-19.0521646062
142.534786028
-18.3566880962
143.542569674
-17.6502389475
144.536517021
-16.9329556772
145.516758225
-16.2049768021
146.483423441
-15.4664408391
147.436642826
-14.7174863051
148.376546535
-13.9582517168
149.303264724
-13.1888755913
150.216927549
-12.4094964453
151.117665166
-11.6202527958
152.005607731
-10.8212831595
152.880885399
-10.0127260535
153.743628327
-9.1947199945
154.593966671
-8.36740349943
155.432030586
-7.53091508517
156.257950228
-6.68539326858
157.071855753
-5.83097656653
157.873877318
-4.96780349589
158.664145077
-4.09601257355
159.442789187
-3.21574231636
160.209939804
-2.3271312412
160.965727083
-1.43031786495
161.710281181
-0.52544070448
162.443732253
0.387361723346
163.166210456
1.30795090165
163.877845944
2.23618831356
164.578768875
3.17193544221
165.269109403
4.11505377072
165.948997685
5.06540478222
166.618563877
6.02284995984
167.277938135
6.98725078671
167.927250614
7.95846874595
168.56663147
8.93636532069
169.196210859
9.92080199407
169.816118938
10.9116402492
170.426485861
11.9087415692
171.027441786
12.9119674372
171.619116867
13.9211793364
172.20164126
14.9362387499
172.775145123
15.9570071607
173.33975861
16.9833460521
173.895611877
18.0151169071
174.44283508
19.0521812089
174.981558375
20.0944004406
175.511911919
21.1416360853
176.034025866
22.1937496262
176.548030373
23.2506025464
177.054055595
24.3120563291
177.55223169
25.3779724572
178.042688811
26.4482124141
178.525557116
27.5226376827
179.00096676
28.6011097463
179.469047899
29.6834900879
179.929930689
30.7696401908
180.383745286
31.8594215379
180.830621845
32.9526956125
181.270690524
34.0493238977
181.704081476
35.1491678765
182.13092486
36.2520890322
182.551350829
37.3579488478
182.965489541
38.4666088066
183.37347115
39.5779303915
183.775425814
40.6917750858
184.171483687
41.8080043725
184.561774926
42.9264797348
184.946429687
44.0470626559
185.325578125
45.1696146188
185.699350397
46.2939971066
186.067876658
47.4200716026
186.431287064
48.5476995898
186.789711771
49.6767425514
187.143280935
50.8070619705
187.492124711
51.9385193302
187.836373257
53.0709761136
188.176156727
54.2042938039
188.511605277
55.3383338842
188.842849064
56.4729578376
189.170018243
57.6080271473
189.493242971
58.7434032964
189.812653402
59.878947768
190.128379693
61.0145220452
190.440552
62.1499876112
190.749300479
63.285205949
191.054755285
64.420038542
191.357046575
65.554346873
191.656304504
66.6879924253
191.952659228
67.8208366821
192.246240903
68.9527411264
192.537179686
70.0835672413
192.825605731
71.21317651
193.111649195
72.3414304157
193.395440234
73.4681904414
193.677109003
74.5933180703
193.956785659
75.7166747854
194.234600357
76.83812207
194.510683253
77.9575214072
194.785164504
79.07473428
195.058174264
80.189622171
195.32984269
2.36515913524687
-36.741037472394574
2.36515913524687
-36.741037472394574
3.539616049217557
-37.94726094547757
3.540356799150146
-38.503318530776475
3.5342778477713637
-39.00032883910491
3.5218027969055186
-39.44038027851018
3.5033431429764335
-39.82556221821642
3.479298990445784
-40.157964920935406
3.450059230455679
-40.43967952617696
3.4160016006914873
-40.6727980441986
3.377492709895847
-40.85941335451158
3.334888049577671
-41.00161920380113
3.2885320009593784
-41.10151020622121
3.2387578400590087
-41.16118184228414
3.1858877428584833
-41.18273045888797
3.130232791890279
-41.168253268978184
3.072092986144412
-41.119848350316616
3.0117572578845113
-41.03961464523521
2.949503503262491
-40.92965195814359
2.8855986433253804
-40.79206095197245
2.8202987579431635
-40.62894313993558
2.7538494204221706
-40.44240086495558
2.6864867011568663
-40.234537237960545
2.618441182054312
-40.00745589129006
2.549966057087289
-39.763259250672064
2.480958416217021
-39.504071817722945
3.531614897890165
-37.33006910858304
2.4686833337551093
-38.93872491879977
2.5239250945273
-38.636934490338184
2.5776132419855173
-38.32873202613953
2.6298472328680873
-38.016231257748295
2.680748786421816
-37.7015441583248
2.7304575372532156
-37.386781209204614
2.7791299505688585
-37.074051467270536
2.826938963017284
-36.76546258627237
2.8740738423132655
-36.46312082533595
2.920740127878048
-36.16913105259883
2.9671596073417277
-35.885596745897566
3.013570312986303
-35.6146199926038
3.0602265333798755
-35.358301487154876
3.1073988422622847
-35.118740528696556
3.1553741527367833
-34.89803501394703
3.2044558164587613
-34.6982814267958
3.2549638106321765
-34.52157481739964
3.307235114227524
-34.370008760836775
3.361624537461182
-34.24567526643095
3.4185067969204965
-34.15066454936172
3.478282742795159
-34.08706434766432
3.5414042696280603
-34.05695718777688
3.6085434923773505
-34.06235212814511
3.678060542327046
-34.10369662019113
2.411841206350431
-39.231985950163214
3.8281757043501443
-34.280859124429085
3.909118578222376
-34.412252853574046
3.9938444237888007
-34.57084347789956
4.082200576464913
-34.754462874265045
4.174055114792168
-34.96094141985387
4.269270382380569
-35.188110898119
4.367696368379484
-35.43380522541218
4.469168500980686
-35.69586069335166
4.573506764769661
-35.97211606528583
4.680515299571027
-36.26041262041311
4.789982199939402
-36.55859417618242
4.901679407127688
-36.86450709963984
5.015362647442487
-37.17600031438879
5.130771395299405
-37.49092530483978
5.247628850081469
-37.80713611824208
5.365641921313625
-38.122489366807145
5.484501218742082
-38.43484422848893
5.60388104566232
-38.742062447907564
5.723439394296918
-39.042008336743244
5.8428179425819735
-39.332548773869426
5.961642052069976
-39.61155320605871
6.079520766435451
-39.876893647506364
6.1960468107746465
-40.12644468045639
6.310796591274766
-40.35808345456057
6.423330195602659
-40.56968968733436
6.533191393695688
-40.75914566332421
6.6399076394294525
-40.92433623432909
6.742990072967018
-41.06314881826832
6.841933524425201
-41.17347339890576
6.936216518987692
-41.253202524568344
7.025301284205284
-41.300231306520125
7.10863376043676
-41.31245741689723
7.185643615849983
-41.28778108580884
7.255744268104991
-41.22410509635229
7.318332916654583
-41.11933477846566
7.37279059143134
-40.97137799859648
7.418482228632854
-40.778145144309924
7.454756792338117
-40.53754909916959
7.480947477638267
-40.24750520086126
7.496372066570643
-39.905931168109134
7.500333589462514
-39.510746964707394
7.4921216479179975
-39.05987452774383
7.471015325320764
-38.55123716887061
7.436290463105138
-37.982758078730825
7.38724148867351
-37.352355839951166
7.32326872487198
-36.65792647901181
7.244489550411572
-35.89721783230462
9.45049217767064
-34.52264865479375
11.73515899034544
-33.814362569977
14.038029239473474
-32.92504833123611
16.33337541880394
-31.848797779052145
18.593668992974585
-30.58431862772556
20.790660366616578
-29.135433994751885
22.896609084438296
-27.511277051001546
24.88556008903089
-25.726134019665288
26.734547344259852
-23.79892961542759
28.424609774171415
-21.752393701122294
29.94152649416293
-19.611987756010016
31.276214576272366
-17.404696904040428
32.42477571296121
-15.157803023746759
33.38821965301452
-12.897746351382544
34.17192494035942
-10.649160455781832
34.78491695306013
-8.434134520581082
35.23904863160675
-6.2717241713741885
35.54816265648475
-4.177703231519466
35.72729900265011
-2.164527319712697
35.79199304373401
-0.24146738877590934
20.986781259625843
28.994483697820222
22.87646174886862
27.5280324468549
24.71952457188047
25.885713771938832
26.48980779262348
24.071043925272754
28.161086644861655
22.092493556028067
29.7082601847805
19.963575564911544
31.10857136893702
17.702594722986213
32.34274659028273
15.33205190244606
33.39594148305446
12.877739126218906
34.25839893052125
10.3676021943267
34.92575983117263
7.8304771730588385
35.39901067662095
5.294819700331878
35.68409579961792
2.7875400456744686
35.79125815681988
0.3330346745004107
35.73419515858848
-2.0475275115261766
35.52912340024051
-4.3366418981776675
35.1938396983914
-6.520637992288435
34.74684948384902
-8.589617191079391
34.20661216734197
-10.537208196462636
33.59093103148206
-12.36019518376471
-9.097549022537521
35.67537545794676
-9.097549022537521
35.67537545794676
-9.722473633801826
36.809742936453134
-10.204281703250132
37.21444867951041
-10.679653528763424
37.55842730268333
-11.14761445053955
37.84430377486619
-11.607265208014326
38.074674199840246
-12.057781281894478
38.252105983300424
-12.498412729576955
38.37913787493133
-12.928484129919411
38.45827998210743
-13.347394561122911
38.49201377644721
-13.754617589798386
38.482792095742525
-14.149701265284818
38.43303914658708
-14.532268115232029
38.34515050519046
-14.902015141845936
38.22149311937889
-15.258713817220638
38.0644053109129
-15.602210076205694
37.87619677841725
-15.932424305209054
37.65914860407146
-16.249351321060914
37.415513264011466
-16.553060329560026
37.14751465035732
-16.843694834352902
36.85734811921597
-17.12147240932768
36.5471806106478
-17.386684015977153
36.21915100852944
-17.6396912731353
35.87537158014315
-17.880907344602093
35.51793805153474
-18.111054185491497
35.14879398918883
-9.235283984063614
36.34165506924917
-17.012156969944925
34.627601372383225
-15.707653643796704
34.47583926992101
-14.418665976045077
34.31655860954392
-13.146523877711843
34.15159549511553
-11.892296267431533
33.9828124665661
-10.656794027575131
33.81209693954327
-9.440570741925313
33.641360815668776
-8.243922939143715
33.47254035119573
-7.066890187451662
33.30759610391519
-5.909255133836609
33.1485129080793
-4.770543518082462
32.99729985979093
-3.650024172397849
32.85599030711758
-2.5467090089043154
32.72664183992515
-1.4593529929226747
32.611336279258694
-0.3864540937611878
32.51217965927631
0.6737468041399097
32.43130219924515
1.7232660684881864
32.37085825120663
2.7643776553633757
32.33302619652794
3.799613850488697
32.32000821914234
4.831767123859038
32.334029737416074
5.863895695854978
32.37733770191225
6.899345806406018
32.45219378342972
7.941896181361585
32.5607797299312
8.993186733611253
32.70416630653074
-18.33056434738583
34.77004616483562
10.259078913966789
32.910888560580844
10.471346173421068
32.969051945052485
10.69353698695403
33.05264245658772
10.925330584474807
33.1594388274126
11.166396815853375
33.28722912584527
11.416372483794134
33.43381799506716
11.67485542743367
33.5970284627507
11.941402550545945
33.774702544254566
12.215529032909501
33.9647014833118
12.49670797212832
34.16490586158851
12.784370204832783
34.37321565370006
13.077904210300858
34.58755025609602
13.376656055658657
34.80584850396771
13.679929363123051
35.02606868142557
13.98698528937365
35.24618852725334
14.297042512551684
35.46420523937567
14.609277223406139
35.67813547723783
14.922823119415114
35.88601536379973
15.236771400611303
36.085900486702414
15.550170766578105
36.275865898974516
15.86202741455503
36.454006120116915
16.17130503772006
36.61843513598804
16.476924824400953
36.76728639962256
16.77776545719189
36.898712830811704
17.072663112900102
37.0108868166177
17.360411462365846
37.102000210623714
17.639761671189092
37.17026433303998
17.90942240047383
37.213909969429864
18.16805980871692
37.23118737001117
18.41429755434416
37.2203662477492
18.646716799613728
37.17973577571249
18.863856216530394
37.10760458340113
19.064211995646815
37.00230075137725
19.246237858834604
36.86217180257918
19.408345079129163
36.68558469034816
19.548902510737605
36.470925779118836
19.666236636536325
36.216600814676305
19.75863164481632
35.92103487563867
19.824329558311263
35.58267229200611
19.861530461395375
35.19997650210897
19.868392923425517
34.77142978589522
19.843034847287015
34.29553273063676
19.783535337902947
33.770803053509056
19.68793937672882
33.195772657538605
19.554271848413464
32.56897879702541
19.380593652033212
31.888928735901793
19.165394489626976
31.153852352457818
19.165394489626976
31.153852352457818
-0.22553363304032814
-36.07096234972623
-2.9095474827152827
-35.954133610766156
-5.709616628596962
-35.616926709212976
-8.59255033452368
-35.03331655729552
-11.517789148687001
-34.1834129861456
-14.438934485930247
-33.05574626545306
-17.30610248695126
-31.649075925943535
-20.06890529494629
-29.973392042234323
-22.679716387818743
-28.049877982321163
-25.096791103005614
-25.90977164289754
-27.28682061898178
-23.592257432524562
-29.226599769365635
-21.141690002843106
-30.903656879983046
-18.6045473392737
-32.31587845737306
-16.02651521021621
-33.4703143874472
-13.450027697385757
-34.381439083537174
-10.912462453544649
-35.069163851793206
-8.44505399574686
-35.55685911356018
-6.072475626417301
-35.8695758354482
-3.812967301201212
-36.03257743575446
-1.678854845231534
-11.354647886808806
34.237949144503204
-13.871370114762755
33.29790205695048
-16.430412685811064
32.11240771460368
-18.992169844692683
30.666963900023518
-21.511922051968384
28.955179154773603
-23.941996650248683
26.980474174011107
-26.23456528891282
24.757075238338842
-28.344788694265574
22.310045811975243
-30.23391086878806
19.674242649545093
-31.871875370901193
16.89226895940095
-33.23910340396225
14.011680668488921
-34.327222676273806
11.081830786856145
-35.138725441943706
8.150776930495496
-35.68571109942319
5.262624210743596
-35.98799021754448
2.455554999775458
-36.07087331303299
-0.2393505590628635
-35.96294476508254
-2.798534273262014
-35.694052603758905
-5.205746725983872
-35.29365637761427
-7.451376366409541
0.2075041543332361
-33.7151945771366
0.2045547074477554
-33.391746993355554
0.20205482325019375
-33.13839043463042
0.1999798253195877
-32.95241679656982
0.19830687081520182
-32.831117963858844
0.19701386798422504
-32.77178581635437
0.19607920781592725
-32.77171223124682
0.19548167748141054
-32.82818908329804
0.1952004295019094
-32.93850824533607
0.19521497286234535
-33.099961587715796
0.1955051757681474
-33.30984097910999
0.19605127758597973
-33.56543828584776
0.19683391151170326
-33.86404537199334
0.19783414324402315
-34.20295409923696
0.19903353687732306
-34.57945632633732
0.20041427109828192
-34.99084390859059
0.20195935552189326
-35.434408696854945
0.20365306367904168
-35.907442534697054
0.20548188576350412
-36.40723725361414
0.20743691054050828
-36.93108466018731
0.20952097100575884
-37.476276496743026
0.21177722684024047
-38.04010428649863
0.2144892410993009
-38.61985824588399
0.2155047144775324
-39.212841830669674
0.21093726419294967
-34.1114412319038
0.39951132618753604
-40.41614112832909
0.58857114668848
-41.02068696293142
0.7832862455034615
-41.62726721939492
0.9835607212637001
-42.23317512521871
1.1892936160703016
-42.83570674976471
1.4003479986557181
-43.43216117222988
1.6165432368434267
-44.01984052361999
1.8376524237253307
-44.596049999831905
2.063401350794095
-45.158097867708165
2.293468044618521
-45.70329546605899
2.527482540000392
-46.22895720653693
2.7650267646236557
-46.7324005730062
3.0056344831508
-47.21094611975482
3.248791279037107
-47.661917468861446
3.4939345676385756
-48.082641305225536
3.7404536457542576
-48.470447368654675
3.987689797374685
-48.82266843925257
4.23493650402753
-49.13664031124381
4.481439875991612
-49.409701739052394
4.726399609728901
-49.63919431989632
4.968971388993793
-49.82246219970378
5.208274095453987
-49.9568511908781
5.443418659229565
-50.03970524265151
5.673710025251296
-50.06834173496242
5.895931868185528
-50.04039262457604
0.21641405660113833
-39.816338153929905
6.02336435282939
-49.83513254850595
5.930397704433972
-49.66295738310248
5.832188935759007
-49.44098528267074
5.72921904387249
-49.17206121908765
5.621996367955319
-48.85902652349867
5.511025385247365
-48.50472270364526
5.396798913030693
-48.111992398210845
5.279795512953967
-47.683679694216266
5.160478457618126
-47.222630253777936
5.0392952673759055
-46.73169137121488
4.9166774878429464
-46.21371200036441
4.793040583535685
-45.67154276904952
4.6687838972230224
-45.108035984607056
4.54429065767539
-44.52604563499662
4.41992803791743
-43.92842738466496
4.296047287229442
-43.31803856410946
4.172983997152073
-42.69773814718073
4.0510586489270395
-42.07038670400098
3.9305778299411145
-41.438846296652144
3.811837284737294
-40.80598021632804
3.695131077164149
-40.174652194178776
3.5807882482863533
-39.5477232421394
3.469429435592019
-38.92802954197029
3.3584916914507517
-38.318681885621885
6.1108536718658115
-49.95463544474413
3.408060110561564
-37.10390301482707
3.561559710178585
-36.505327250348586
3.711062494229907
-35.92948415928615
3.857164851597986
-35.37918187227919
4.00058345647534
-34.85721368901835
4.1421154980751
-34.366361503177046
4.282628747772321
-33.9093966574431
4.423058260559458
-33.48908022474305
4.564405072599357
-33.108163117591886
4.707735632803747
-32.769386132283046
4.854181552852822
-32.47547996294787
5.004939524443614
-32.22916519809121
5.161271353562938
-32.03315229918954
5.324504116774619
-31.890141558344823
5.496030497075253
-31.802823017284226
5.677309449734821
-31.77387631366321
5.869867564093624
-31.805970371776795
6.075302082151438
-31.901762719516626
6.295288463474435
-32.063897778876736
6.531603096659808
-32.29500173741869
6.78621416163287
-32.597662030115515
7.061917690361213
-32.97428371458179
-2.219232144019742
-34.512585196173745
13.253752516059365
-31.57188287541848
15.149795249449255
-30.707156298749936
17.01536673688679
-29.714020913793206
18.834206670399738
-28.59577596696343
20.590527062902652
-27.358288311368568
22.26952844943321
-26.00987979011009
23.857879536035227
-24.561093788757148
25.34412791397466
-23.024355025411268
26.719015523916198
-21.41354602789596
27.975681449948127
-19.743530369898906
29.109745036581728
-18.02965579153684
30.119272766520623
-16.287269632201145
31.00464144836002
-14.531274985861643
31.768317039455894
-12.775749548919237
32.414572361879266
-11.033641404929995
32.949168051302706
-9.316548115214431
33.37901970823651
-7.634578401801264
33.71187104921
-5.996290054486252
29.048028720059392
18.12892085962912
30.058554431232835
16.399056361897948
30.984784754873203
14.573567090807558
31.81394391001669
12.661702766468835
32.53448680976004
10.674872930468155
33.13654610814592
8.626416178159559
33.612324575342086
6.5312617998322935
33.956403071699754
4.405500481029492
34.16594046346762
2.2658897375817446
34.240750850199845
0.12932621787666676
34.1832542616238
-1.987680090273841
33.998308022696506
-4.069495748854507
33.69293576430778
-6.10178856060449
33.27597834724884
-8.071865279445603
32.75769504378371
-9.96890964321372
32.149344041369034
-11.784117352003108
31.462769080546536
-13.51073298678861
30.71001456912046
-15.144000436493059
29.902985754280394
-16.681042744247037
29.05316439212362
-18.120689359412722
3.2503660367660814
-37.72236449916784
27.358451119462245
26.17359003127075
16.21557640470354
29.35773772213841
16.571585821371855
28.600580405124134
16.953545044762592
27.91167048218199
17.363247069589107
27.285771929303962
17.802319965876507
26.717802440729088
18.27222613595478
26.202833818692255
18.77426212942339
25.736092070802016
19.30955858157762
25.312957441550992
19.879080189367016
24.92896442469592
20.483625700398363
24.579801767735944
21.123827908502506
24.261312474338837
21.800153651230175
23.9694938040667
22.512903809404605
23.70049727157945
23.26221330780473
23.45062864460732
24.048051116917065
23.216347940099524
24.87022025677308
22.994269417802457
25.728357804347723
22.781161568462323
26.621934907802682
22.573947089883177
27.55025681886309
22.36970283557031
28.51246297303254
22.165659686142476
29.507527229399642
21.959202163640782
30.534258831412046
21.747866891056816
31.591309128817983
21.52933180811391
32.677078164461676
21.301566031108678
15.883564076804447
30.18852943859801
34.34938299202622
21.316657081276674
34.91440586681995
21.571407462986713
35.48270642294045
21.825292534171297
36.05198053155533
22.076889456116902
36.61991461401635
22.324791599781463
37.184184603324866
22.56761021207373
37.7424556847356
22.803974832371892
38.29238220878517
23.032533430914782
38.831607657526945
23.2519524646693
39.357764628105144
23.460916901977356
39.86847482540071
23.65813023529003
40.361349057906466
23.842314487768448
40.83398723530013
24.012210216767414
41.28397836744108
24.16657651576523
41.708900563776865
24.304191014834345
42.10632103381232
24.423849880079757
42.473796088114625
24.524367811113223
42.80887114171031
24.60457803588082
43.109080720149336
24.663332298623345
43.37194847455902
24.69950083305588
43.594987219524796
24.711972293919416
43.77569904770769
24.699653550179022
43.91157578913459
24.66146885523449
44.00010223036202
24.596354034507044
44.03872498521844
24.5033311190287
33.789939748950246
21.06246877254182
43.608752429832464
24.735423912971356
43.147044496786805
25.060036566675194
42.644648097952654
25.35614785058536
42.10492515240975
25.62400687460442
41.53116816498175
25.86395674566279
40.926599730128316
26.076435464469483
40.29437240922988
26.26197614862511
39.63756869059711
26.421207105395382
38.95920097519826
26.554851859260935
38.26221157220493
26.663729162335102
37.54947269910815
26.748752996434746
36.82378648639775
26.810932570623407
36.08788498521892
26.851372313143486
35.344430181544794
26.871271857322654
34.59601401998094
26.871926016793424
33.84515844607898
26.8547247418241
33.09431548445002
26.82115303745053
32.345867395187156
26.77279079971146
31.602127018523902
26.711312455816994
30.86533863571418
26.63848606414072
30.137680551897688
26.556170614694906
29.421275426263776
26.4663052304374
28.71826258642818
26.370833580247933
28.029820585470702
26.272725569482134
44.026344044608095
24.382148491920162
27.079484153164458
25.58958667922343
26.80994338432032
25.023986728946852
26.552049012406428
24.47859042377945
26.30816060274799
23.95504471412326
26.08069862224619
23.45492527416951
25.87213323063088
22.979748216643657
25.68498148026231
22.53097302035559
25.52180638368924
22.110003503033226
25.38521654347886
21.718188207649746
25.277865987095538
21.356820573266845
25.202454088930494
21.027139013434976
25.16172553618685
20.730326948399664
25.15847032036544
20.46751280625338
25.195523752609006
20.239769996591406
25.275766507329195
20.048116844581955
25.402124715739603
19.893516455835453
25.577570162429993
19.776876437052124
25.805120724395124
19.6990482734237
26.087841474486822
19.66082576528035
26.42884799883427
19.662940332248382
26.83131967135631
19.706042220446903
27.29859259015018
19.790568942445333
-4.8384158547191305
-34.24373315292894
-4.8384158547191305
-34.24373315292894
-7.621686353648727
-33.73356526308487
-10.534229404462877
-32.9404544456562
-13.527785995171655
-31.828329115758493
-16.541592655452405
-30.37135559459415
-19.505270356203454
-28.558500600760055
-22.343658077793464
-26.39705422835769
-24.98308418855507
-23.914201484887002
-27.358096655021626
-21.15604111469571
-29.41743035628727
-18.184012743759013
-31.128106313627512
-15.06932399146379
-32.47701091980548
-11.886433020340377
-33.46992091011023
-8.70677451776308
-34.128492312653464
-5.593705453217524
-34.48604927930046
-2.599217831937551
-34.58304674659183
0.23749937946502087
-34.462905748088616
2.8899231184517475
-34.1686477331217
5.342943039378099
-33.74048844910331
7.590979347101893
13.910541363932083
31.66291785661167
11.46140689317474
32.629429664970985
8.755548360236588
33.457195057920785
5.804720742464326
34.093236064272446
2.6351722082559377
34.48332054290938
-0.7110361387772173
34.5765521103761
-4.176495730273928
34.330750234260904
-7.691120892464454
33.717802236351304
-11.17699370453596
32.72794432837122
-14.554790851843165
31.371987369169062
-17.750725701383686
29.680890574685236
-20.70275212163895
27.702699919361237
-23.36496557631895
25.497488343945406
-25.70962442418869
23.131336757726785
-27.726802276547858
20.670461140221903
-29.422161759104284
18.176356225968505
-30.813587794850946
15.702430876816948
-31.92742691475101
13.292213466365752
-32.7949224118488
10.97891580407736
-33.44921201377804
8.785997034459399
9.434579645656868
-32.91556548148384
21.297679345125044
-28.85484609552745
21.45948089687797
-29.278340260984066
21.604151883979014
-29.683340108496637
21.732204619417512
-30.070128829231706
21.84414576089205
-30.43899329813297
21.94047620589551
-30.79022415194123
22.02169106482595
-31.124115808590133
22.088279651749833
-31.440966474094793
22.140725480547054
-31.741078145925627
22.179506262120277
-32.02475661395876
22.20509390308789
-32.292311462045916
22.21795450417764
-32.5440560686618
22.21854835883656
-32.78030760785444
22.207329951731577
-33.0013870503561
22.18474795661567
-33.2076191643591
22.151245234079347
-33.39933251703934
22.10725882853472
-33.576859476284966
22.0532199643676
-33.740536213127754
21.98955404034165
-33.890702704367555
21.916680622594434
-34.02770273726155
21.835013433956355
-34.151883914935055
21.744960339211453
-34.26359766537067
21.64692332259841
-34.363199254023
21.541298453289492
-34.45104780341063
21.428475830434067
-34.52750632460186
21.30883949173104
-34.59294176963391
21.182767253142
-34.64772512243363
21.050630412149655
-34.69223156877703
20.91279315383357
-34.72684083508082
20.769611244650275
-34.751937933896926
20.621428767381786
-34.76791502787984
20.468568325862364
-34.775177020720776
20.31129186523821
-34.77416392206345
20.149526412683457
-34.765507397939274
19.98654943566472
-34.74792711730501
21.118229992019877
-28.412577560555818
19.48207782818211
-34.7351351039984
19.141557449466966
-34.740885914705046
18.799698735030105
-34.74051231999056
18.456962845731567
-34.73436613615405
18.113738244892026
-34.72283839753638
17.770382218065297
-34.70633565610706
17.42723125271646
-34.68527405702548
17.084604497257292
-34.660077363421976
16.742805144242222
-34.6311761668554
16.402121058408277
-34.5990075286505
16.062825089779498
-34.56401480058483
15.725175241422686
-34.52664752889379
15.389414763963561
-34.487361399481415
15.055772210889675
-34.44661820576951
14.724461471000005
-34.4048858289662
14.395681786646591
-34.36263822592397
14.069617762409091
-34.320355422654046
13.746439365381615
-34.27852351048213
13.426301918059966
-34.23763464640635
13.109346081274953
-34.19818705558879
12.795697824059623
-34.160685039081585
12.485468371581277
-34.12563898662742
12.178754116320164
-34.09356540085619
11.87563646018311
-34.06498693981558
11.576181519702693
-34.04043249728156
11.28043953491325
-34.02043736402817
10.988443567839482
-34.00554358415931
10.700206247118388
-33.996300845507676
10.415710000810023
-33.99326915200004
10.134867986439332
-33.997029514486286
9.857250598661743
-34.00825878615149
9.585779922868888
-34.02671874841829
19.820435370169882
-34.72311319266731
9.345110831186624
-33.97407971777602
9.374121021239667
-33.90472228574862
9.4057482630488
-33.84591257021785
9.440260297941315
-33.798113669480614
9.477869254442219
-33.76180384182081
9.518773241271433
-33.73746512337209
9.563166748119805
-33.72558048296008
9.611244114905048
-33.726632871927364
9.663200922853228
-33.74110484401737
9.719234630287524
-33.769478380211694
9.779544895667676
-33.81223480092953
9.844333757322076
-33.86985471566979
9.913805744434832
-33.94281799265221
9.988167954133111
-34.03160373636615
10.067630114587246
-34.13669026944129
10.152404646516672
-34.258555113830084
10.242706734625145
-34.39767496933047
10.338754421580944
-34.554525683679685
10.440768744431637
-34.72958220976108
10.548973946120753
-34.9233185387549
10.663597822830553
-35.1362075897639
10.78487232800532
-35.3687210182776
10.91303469072514
-35.62132886090288
11.048329649710794
-35.894498825579774
11.191014365957898
-36.18869473152563
11.341370701723406
-36.50437260867241
11.499742055128607
-36.84196899642376
11.666680696757894
-37.20185414219384
11.84397911951423
-37.58400438547815
18.951867832443753
-29.313252189953474
20.214289777943335
-34.3422022627264
22.967313268795223
-32.565424743026114
25.658019763555714
-30.490496704607153
28.232161602345514
-28.123822975188148
30.63582212355996
-25.484324010934017
32.81910611067609
-22.60333253254612
34.73972524820009
-19.523213289831233
36.3659663354628
-16.294810829483737
37.67861928071149
-12.974051663989627
38.67163071135701
-9.618177873438611
39.35148333282443
-6.282127584434704
39.735514559154566
-3.01550164979065
39.8495279662653
0.1396006680280948
39.725096142658145
3.1497783949416487
39.39691380755217
5.990621830910328
38.90046632567349
8.64627591080793
38.27016650102088
11.108497804150346
37.538010127068176
13.375431326906892
-3.964845898542407
39.65204111368652
-0.9869458760410481
39.83754893713265
2.1498263455373063
39.791740526957454
5.411616669647103
39.4806126155797
8.75523419559029
38.87608830195035
12.129565862469605
37.9588988179147
15.478034920515753
36.72104032404269
18.741925239072756
35.167379854258144
21.86419979402396
33.31607922381738
24.793310259721977
31.197694367466312
27.486471989239604
28.853045334338987
29.911977018350896
26.330172774486726
32.05030809028894
23.680838642206766
33.894041186312776
20.957059420186
35.446720382589476
18.20808561049705
36.72101356308289
15.478098409706433
37.73649702887526
12.804731917161064
38.51738449863116
10.21838827140968
39.090439229135356
7.742217276333065
39.483216465664626
5.392586114856556
9.318103199629242
-34.053616591950515
-12.647029501029628
32.96253168418036
-34.57755015538334
8.471028601590945
-34.57864025094902
9.195506371587811
-34.54588425078765
9.928405064387647
-34.48064184900563
10.668596283434226
-34.38424797208931
11.414988802557815
-34.25801306683531
12.166527285781825
-34.10322317230822
12.922191966905785
-33.92113994441239
13.680998542518722
-33.713000666492846
14.441998129129956
-33.480018253633574
15.204277243067054
-33.2233812561156
15.966957790494291
-32.94425386120082
16.72919706150367
-32.643775894927956
17.49018772648003
-32.32306282393337
18.249157833570592
-31.983205756923777
19.005370806364027
-31.625271446967496
19.758125441949318
-31.250302294127536
20.506755908759317
-30.859316349012996
21.25063174414143
-30.453307316918224
21.98915785090435
-30.0332445644883
22.721774493374
-29.600073127994726
23.447957291180757
-29.154713726342788
24.167217211078906
-28.698062779735203
24.87910055430632
-28.23099243854726
25.583188937284035
-27.754350629573228
26.27909926102052
-27.268961132964026
26.966483660287736
-26.77562371613667
27.645029414253685
-26.2751143832589
28.314458781578082
-25.76818587321031
28.97452866997739
-25.25556875511277
29.62502990964225
-24.737974167179686
30.265785437298405
-24.216102032356158
30.896644847991695
-23.690673921455197
31.5174626038297
-23.162663091747778
32.12794549283839
-22.630207936543812
32.72969934720072
-34.54122748971069
7.756146281143884
-21.794349514441212
33.34360830320878
-21.49117412347621
33.35900719021751
-21.1862681323646
33.36830118473907
-20.87994283134785
33.37192020382952
-20.5725460584241
33.37026812737497
-20.264427373899316
33.36374589101166
-19.955929354797412
33.3527572596019
-19.647384693159612
33.337710750934065
-19.339115036132217
33.319020405302155
-19.031430459363957
33.29710613506066
-18.72462920431668
33.272393898884985
-18.418997537854363
33.245315795513335
-18.114809672951143
33.21631011660597
-17.81232772266529
33.18582137819104
-17.511801673087195
33.15430033941166
-17.213469368215506
33.12220401359011
-16.917556503531028
33.0899956748614
-16.624276625920977
33.05814486005036
-16.33383114102719
33.02712736821789
-16.04640932846759
32.99742525541558
-15.762188369655938
32.969526825536775
-15.481333394369571
32.94392661246553
-15.203997561166283
32.92112535023756
-14.930322199361989
32.90162991871938
-14.660437074293146
32.885953242109565
-14.394460918967738
32.874614084955084
-14.132502605113082
32.86813660343495
-13.874664071294344
32.867049221818235
-13.621049108483941
32.87188126161956
-13.371798503686485
32.88314945802256
-13.127336046357936
32.90126357213782
-12.88504642425525
32.92780101312189
-22.095763343659154
33.32148691632588
-12.407138177435328
32.95771369450321
-12.17218476532183
32.96215734879118
-11.94176363424203
32.9765517983833
-11.715770777030244
33.00146909312102
-11.494141929882232
33.03746465938269
-11.276815158431404
33.08509165353476
-11.06372150216955
33.14490455177656
-10.85478185269993
33.21746034630979
-10.649905701890411
33.30331902532632
-10.448990568233398
33.403043790759966
-10.251921705134983
33.5172011693536
-10.058571936684395
33.64636107250965
-9.86880155520874
33.79109683297102
-9.682458247629306
33.951985228063165
-9.499377033226871
34.12960649762266
-9.31938020011642
34.32454435910469
-9.14227722950865
34.537386024103796
-8.96786469331385
34.76872221751594
-8.795926104358898
35.019147204947814
-8.626231682705253
35.28925883405839
-8.458537970683523
35.57965860135988
-8.292587162952088
35.890951768279166
-8.128105865163562
36.223747575130716
-7.9648026138158485
36.578659668120935
-7.802362422342384
36.95630703874485
-7.640433148215422
37.35731637043514
-7.478584596402911
37.782329077526896
-7.316144936350156
38.232029463043744
-7.151055623537047
38.70734181475308
16.92343749399712
-30.529286131139727
16.92343749399712
-30.529286131139727
14.745390504961378
-31.638797498426243
12.430462428140483
-32.61784254227763
9.996290942858728
-33.444195545355086
7.465073267744948
-34.09857371500203
4.862863929359547
-34.565772126407964
2.218547951325089
-34.8355865929928
-0.4374293713721187
-34.903419658183765
-3.0744590523678035
-34.77050114429676
-5.663156590610733
-34.443703426322344
-8.176611257082982
-33.93498308001304
-10.591390654108377
-33.26052453438301
-12.888233472806899
-32.43968998373208
-15.05240744769507
-31.49388953938211
-17.073750207358696
-30.44547753192495
-18.946441653832505
-29.316759659760294
-20.66857462758436
-28.12916762284665
-22.241596112976875
-26.9026290655289
-23.66968658444132
-25.655135651259897
-34.48426191024953
5.4107050183447996
-34.771494582134935
3.0632030319240755
-34.90061386708358
0.6222539601816948
-34.8549136356214
-1.8907786077704145
-34.621248927241396
-4.4507494883687855
-34.19101607895655
-7.029542501383901
-33.56090456663135
-9.597173175455936
-32.73332321233407
-12.123101903683704
-31.716437957461427
-14.577640809840545
-30.52380609932626
-16.93331950625634
-29.17364360803185
-19.16607854835648
-27.6878074485607
-21.2561842055825
-26.09060500917138
-23.188798557614618
-24.40755314850824
-24.95418597335872
-22.664200357600844
-26.547581254056908
-20.885101626773444
-27.968778634927446
-19.093003656165056
-29.221520488774985
-17.308265048548915
-30.312769739821007
-15.548507559149169
-31.25194331514936
-13.828473522376402
-32.050169552299764
14.720790236944794
-37.031104524177294
3.60596202749082
3.60596202749082
3.6405288320910967
3.6549540083376657
3.667659459456278
3.6787611012675425
3.6883631936728216
3.6965600555190745
3.7034375043262804
3.7090740748660513
3.713542058867579
3.7169083990828584
3.71923546427525
3.7205817262384997
3.721002355986458
3.7205497529115963
3.7192740181587203
3.7172233814528997
3.714444588824412
3.7109832574170367
3.7068842023423256
3.702191739604344
3.6969499682910785
3.691203034563909
3.6849953799220176
3.6783719549470635
3.6242542991384292
3.66399495460592
3.6563377542332742
3.64845599211493
3.6404002257123715
3.63222260749655
3.623976998799584
3.615719059218752
3.607506308458569
3.5993981571884244
3.591455903143451
3.5837426885175043
3.576323414711181
3.5692646105365142
3.5626342504031823
3.5565015193388585
3.5509365226616647
3.5460099389573476
3.541792616387544
3.5383551138455904
3.5357671901654038
3.534097246524369
3.5334117285034554
3.533773048203156
3.5351879589725645
3.6713784940891263
3.5407837971305436
3.544823519428696
3.5496396861472674
3.555159067091422
3.561308378633244
3.56801475020536
3.575206129190724
3.582811624250915
3.590761787997388
3.598988841106901
3.607426840892393
3.6160117980044655
3.6246817454584384
3.6333767643407255
3.6420389705841627
3.650612467145935
3.659043265587163
3.667279180801269
3.6752697021810707
3.6829658440924913
3.6903199780583824
3.6972856484928864
3.7038173734217064
3.7098704309901263
3.715400632158014
3.720364079329756
3.724716910236441
3.728415025695225
3.731413799370957
3.7336677668949414
3.7351302910098996
3.735753198538616
3.7354863839745147
3.734277373297351
3.7320708402582654
3.728808065564213
3.7244263273282705
3.718858208434098
3.712030803125321
3.703864800847548
3.6942734198597
3.683161156014487
3.670422302735607
3.6559391858682155
3.639580040236624
3.6211964305973257
3.600620070175439
3.5777469668879114
3.5777469668879114
3.5777469668879114
3.577746966887911
3.577746966887911
3.577746966887911
3.5777469668879114
3.5777469668879114
3.577746966887912
3.577746966887911
3.5777469668879114
3.5777469668879114
3.577746966887911
3.5777469668879114
3.577746966887911
3.577746966887912
3.5777469668879105
3.577746966887911
3.5777469668879114
3.577746966887911
3.577746966887911
3.577746966887911
3.5777469668879114
3.5777469668879114
3.5777469668879114
3.577746966887912
3.577746966887912
3.577746966887911
3.5777469668879114
3.577746966887912
3.5777469668879114
3.5777469668879114
3.577746966887912
3.577746966887911
3.5777469668879105
3.577746966887912
3.577746966887911
3.577746966887911
3.5777469668879114
3.5777469668879105
3.6059620274908197
3.6059620274908197
3.639481340691973
3.6529443061308196
3.664773346004874
3.67508484978968
3.6839835059252413
3.6915640160753735
3.6979125342160573
3.7031078846294387
3.7072226010989207
3.710323820543906
3.7124740576614474
3.713731881683869
3.7141525123939165
3.713788349196452
3.7126894444937215
3.7109039306037417
3.708478407665321
3.7054582987178573
3.7018881769238736
3.697812068976514
3.693273737956305
3.688316948515282
3.6829857200003553
3.677324459648048
3.6242542991384297
3.652756803527048
3.6345694167229774
3.6169168877166613
3.599899873018
3.5836185634262137
3.568172052280153
3.553657669921236
3.540170305674777
3.527801739266349
3.516640003684246
3.50676880040631
3.4982669854553796
3.491208140794307
3.4856602406790937
3.481685416623672
3.479339818780675
3.47867356555338
3.4797307682965646
3.4825496140233008
3.487162486351583
3.4935961028632034
3.501871639013747
3.5120032784155333
3.5239498355986774
3.671378494089126
3.5401711736761636
3.543622864669772
3.5478757300711
3.552856653131425
3.5584924558516664
3.564710367792591
3.5714384315021297
3.578605845987785
3.586143249415708
3.5939829432132453
3.6020590606114937
3.610307683312755
3.6186669104820632
3.6270768844185386
3.635479777297206
3.6438197433155026
3.652042840243844
3.660096924127604
3.6679315204305665
3.6754976744878443
3.6827477836718354
3.689635413111674
3.696115096401599
3.7021421221000894
3.7076723064190307
3.7126617518508525
3.717066591050958
3.7208427146003675
3.723945480773617
3.7263294046667728
3.7279478233545436
3.728752532873913
3.728693391832419
3.727717885244081
3.725770640836973
3.722792888262044
3.718721849568975
3.7134900465961715
3.707024507583399
3.6992458510303536
3.690067219308452
3.679393027403743
3.6671174827616473
3.6531228197392056
3.6372771748709267
3.619432002483744
3.5994188552056694
3.5994188552056694
3.5855077211043076
3.5855077211043076
3.5855077211043076
3.5855077211043076
3.5855077211043076
3.5855077211043076
3.5855077211043076
3.585507721104307
3.5855077211043076
3.5855077211043076
3.5855077211043076
3.5855077211043076
3.5855077211043076
3.5855077211043076
3.5855077211043076
3.585507721104307
3.5855077211043076
3.5855077211043076
3.5855077211043076
3.585507721104307
3.5855077211043076
3.5855077211043076
3.585507721104307
3.5855077211043076
3.5855077211043076
3.5855077211043076
3.5855077211043076
3.5855077211043076
3.5855077211043076
3.585507721104307
3.585507721104308
3.5855077211043076
3.5855077211043076
3.5855077211043076
3.5855077211043076
3.5855077211043076
3.5855077211043076
3.5855077211043076
3.585507721104307
3.5179675527080203
3.508327536452962
3.500711030368935
3.495083020146632
3.4913950257915833
3.4895860265810135
3.4895836102368114
3.4913052984187036
3.494659996355575
3.499549513257428
3.5058701022220298
3.51351397270463
3.522370735193938
3.5323287452769727
3.5432763224578236
3.555102827202414
3.5676995871807646
3.580960670281856
3.5947835075555483
3.6090693734759838
3.623723734099983
3.6386564758393916
3.6537820289451632
3.6690193923787087
3.529651967144813
3.6992780917351333
3.714179423700198
3.7289324166142603
3.743477163606636
3.757757297986084
3.7717197169348897
3.7853142905758506
3.798493562812498
3.8112124477174856
3.8234279238679028
3.8350987282508284
3.8461850504678514
3.856648227333083
3.866450437349768
3.8755543939556154
3.8839230359272623
3.8915192127761653
3.8983053624821173
3.9042431782809346
3.9092932606635062
3.913414749938062
3.9165649337018085
3.9186988213944667
3.919768665087154
3.9197239761547795
3.684292105503548
3.9159716434117806
3.9123386963401376
3.9076893698726494
3.902067662159782
3.895515753367459
3.888074424245433
3.879783450863976
3.870681980723164
3.860808895018708
3.8502031611414904
3.8389041788317293
3.8269521228364254
3.8143882842343406
3.801255412082806
3.7875980563380787
3.7734629123535313
3.7588991664652167
3.7439588413542344
3.728697138919912
3.7131727773030145
3.6974483176281625
3.681590475296595
3.665670416047287
3.6497638165068556
3.918541950494197
3.6179228475605534
3.6021949383213703
3.5868641339237186
3.5720315916160623
3.557803253907912
3.5442894921809542
3.531604593474887
3.51986608016048
3.5091938532395797
3.499709154495567
3.491533349273884
3.4847865397549165
3.479586027771611
3.4760446564293943
3.4742690698532104
3.474357940068352
3.4764002180173725
3.4804734711641085
3.486642372117096
3.494957399804485
3.5054538018045927
3.5181507880503537
3.5433871643456394
3.533423612761813
3.533423612761813
3.533423612761813
3.533423612761813
3.533423612761813
3.533423612761813
3.533423612761813
3.533423612761812
3.5334236127618133
3.5334236127618124
3.533423612761813
3.533423612761813
3.5334236127618124
3.5334236127618133
3.533423612761813
3.533423612761813
3.5334236127618124
3.5334236127618133
3.5334236127618124
3.533423612761813
3.5334236127618124
3.533423612761813
3.5334236127618124
3.5334236127618133
3.5334236127618133
3.5334236127618124
3.5334236127618124
3.5334236127618124
3.533423612761813
3.5334236127618137
3.5334236127618133
3.533423612761813
3.5334236127618124
3.5334236127618124
3.533423612761813
3.533423612761813
3.533423612761813
3.533423612761813
3.6339516742890634
3.6339516742890634
3.512689898725955
3.4981626044649285
3.4860612858667497
3.476362266178946
3.469027565148361
3.4640057390002763
3.461232949434377
3.4606342153723797
3.462124796617875
3.4656116572738274
3.470994958690482
3.4781695359008697
3.48702631787975
3.497453659283157
3.509338559274519
3.522567750908554
3.537028651801291
3.5526101731826163
3.569203389782976
3.5867020770297153
3.6050031249556715
3.6240068397633163
3.643617140512517
3.663741808520653
3.529651967144813
3.6994788038878874
3.7145649401488634
3.7294867671506826
3.7441843466270806
3.7586012875640353
3.7726844664782972
3.7863837356350363
3.799651623609194
3.812443031565737
3.824714927548483
3.836426040364473
3.847536553778718
3.858007801108004
3.867801959696374
3.8768817441615275
3.8852100968028593
3.8927498730050627
3.8994635189876616
3.905312738627152
3.9102581455355687
3.9142588958273405
3.917272296213975
3.9192533810645247
3.9201544507415362
3.9199247445835645
3.6842921055035474
3.9147285690605744
3.909953303974692
3.904263149410005
3.8977027701918705
3.8903149496964584
3.882141007847827
3.8732211948972353
3.8635950665918957
3.8533018456007757
3.842380773300018
3.8308714553493965
3.8188142039139956
3.8062503786988278
3.7932227284530873
3.779775733897778
3.7659559523831874
3.751812363789664
3.7373967163702564
3.722763870294349
3.707972135610073
3.693083600488528
3.678164446058753
3.6632852613068168
3.6485207563387765
3.9185419504941974
3.6178547444346254
3.6020645998504905
3.5866774197662346
3.5717943783777
3.557521437296463
3.5439689858530663
3.531251327040854
3.519485996898759
3.508792907689311
3.4992933099910277
3.4911085754506384
3.4843588100452925
3.479161316903712
3.475628937945616
3.4738683136717774
3.473978110129613
3.4760472701005103
3.4801533510744886
3.4863610147881925
3.494720731114795
3.5052677511588004
3.518021375332686
3.5433871643456394
3.5433871643456394
3.5433871643456394
3.5433871643456394
3.5433871643456394
3.5433871643456394
3.5433871643456394
3.5433871643456394
3.5433871643456394
3.543387164345639
3.5433871643456394
3.54338716434564
3.5433871643456394
3.54338716434564
3.5433871643456394
3.5433871643456394
3.5433871643456394
3.5433871643456394
3.5433871643456394
3.5433871643456394
3.5433871643456403
3.5433871643456394
3.543387164345639
3.54338716434564
3.543387164345639
3.5433871643456394
3.5433871643456394
3.543387164345639
3.54338716434564
3.543387164345639
3.5433871643456394
3.54338716434564
3.5433871643456394
3.5433871643456394
3.54338716434564
3.54338716434564
3.5433871643456394
3.5433871643456394
3.5433871643456394
3.5433871643456394
3.533423612761813
3.5797210978730964
3.5918331197658087
3.6031293167796634
3.613650158268863
3.6234330931335506
3.6325128626009806
3.6409217753087226
3.648689950140967
3.655845531358414
3.6624148797980354
3.6684227434382226
3.673892410003023
3.678845843965122
3.6833038099259143
3.6872859840572345
3.6908110550985636
3.6938968161516286
3.6965602483743556
3.6988175974989863
3.7006844440427242
3.7021757678719323
3.703306007804026
3.7040891167514474
3.7045386129085145
3.7046676274053194
3.7044889487959796
3.704015064684843
3.7032582008126425
3.7022303577974736
3.700943345731735
3.699408816715693
3.6976382950475264
3.6956432031126574
3.693434863967971
3.6910250306776184
3.5667494043628114
3.6845107260437087
3.6804743194436647
3.67632690700898
3.672080272222721
3.6677462622278703
3.6633368154603514
3.6588639815263178
3.654339938501056
3.6497770087099606
3.645187673214271
3.640584585037623
3.635980581123677
3.631388692945505
3.6268221557111713
3.6222944160586104
3.6178191381464893
3.613410208056085
3.6090817363435495
3.6048480586857052
3.600723734433523
3.5967235430135056
3.592862477987345
3.589155738707379
3.5856187193951863
3.5822669955424775
3.579116307487528
3.5761825410097736
3.573481704563514
3.5710299021161602
3.568843296575846
3.5669380190182145
3.5653313074052875
3.6884243245506876
3.5620656668273405
3.5603855944929172
3.559013733521326
3.5579660942350495
3.5572584498076028
3.5569062827359805
3.5569247310141296
3.557328533348732
3.5581319737224377
3.5593488256074575
3.560992296378766
3.5630749723179918
3.565608764801445
3.5686048581288374
3.5720736595768043
3.57602475216453
3.580466850685876
3.585407761451342
3.5908543462516107
3.5968124909452106
3.603287079042687
3.610281970628636
3.6177999868599593
3.6258429002282138
3.6344114306901356
3.643505247563553
3.653122976708596
3.6632622106927886
3.6739195028493783
3.5526633353078996
3.6851166960529955
3.6851166960529955
3.6851166960529955
3.685116696052995
3.6851166960529955
3.6851166960529955
3.685116696052995
3.6851166960529955
3.6851166960529955
3.6851166960529955
3.6851166960529955
3.6851166960529955
3.6851166960529955
3.6851166960529955
3.685116696052995
3.6851166960529955
3.685116696052995
3.6851166960529955
3.6851166960529955
3.685116696052995
3.6851166960529955
3.685116696052995
3.6851166960529955
3.6851166960529955
3.6851166960529955
3.685116696052995
3.685116696052995
3.6851166960529955
3.6851166960529955
3.6851166960529955
3.685116696052995
3.685116696052995
3.6851166960529955
3.6851166960529955
3.6851166960529955
3.6851166960529955
3.6851166960529955
3.685116696052995
3.5640377643564816
3.5640377643564816
3.5723477289394214
3.5774013021262303
3.5819699930081126
3.586110055923712
3.589874392708141
3.5933127625959123
3.596471951174628
3.5993959055621922
3.6021258418729762
3.604700330328506
3.6071553629559077
3.6095244082366404
3.6118384567552724
3.614126061472466
3.6164133758606023
3.618724192809829
3.621079986775199
3.6234999612694545
3.6260011033685293
3.628598246554251
3.6313041427092116
3.6341295437944945
3.6370832932594848
3.6401724269443476
3.6434022829010946
3.6467766192805966
3.6502977391935594
3.6539666213536544
3.6577830551458086
3.6617457788751717
3.665852620321452
3.6701006403542937
3.674486289473506
3.6790056771933304
3.6836520769358585
3.5667494043628114
3.6847341572149706
3.6809080998135477
3.676957660795597
3.6728944703727375
3.6687302523085266
3.664476835880439
3.6601461719529675
3.655750349100957
3.651301608995359
3.6468123607697254
3.6422951942351363
3.6377628918689586
3.6332284394701726
3.628705035412644
3.624206098382859
3.61974527350544
3.615336436769678
3.6109936975956876
3.6067313994832877
3.6025641185584365
3.5985066599590962
3.594574051874211
3.5907815371796925
3.5871445625116523
3.5836787647035284
3.5803999545044602
3.577324097587861
3.574467292969677
3.571845749628932
3.5694757654489764
3.5673737458711905
3.5655552043220204
3.688424324550688
3.5614929909507005
3.5592778426880307
3.557408580202553
3.555901325562748
3.5547719623078993
3.554036076317549
3.5537089005230036
3.5538052595871026
3.5543395142142766
3.555325505218374
3.556776497839082
3.5587051266754717
3.5611233418204313
3.5640423566478683
3.567472597834236
3.571423658100024
3.5759042522240643
3.580922176772179
3.5864842740491674
3.592596400671964
3.5992634011276965
3.606489086640748
3.614276219550429
3.6226265033014293
3.6315405779285337
3.64101802026557
3.651057345953357
3.661655998731599
3.672810198229418
3.5526633353078996
3.5526633353078996
3.5526633353078996
3.5526633353078996
3.5526633353078996
3.552663335307899
3.5526633353078996
3.5526633353078996
3.5526633353078996
3.5526633353078996
3.552663335307899
3.552663335307899
3.5526633353078996
3.552663335307899
3.5526633353078996
3.5526633353078996
3.5526633353078996
3.5526633353078996
3.5526633353078996
3.5526633353078996
3.5526633353078996
3.5526633353078996
3.5526633353078996
3.5526633353078996
3.5526633353078996
3.5526633353078996
3.5526633353078996
3.5526633353078996
3.5526633353078996
3.5526633353078996
3.5526633353078996
3.5526633353078996
3.5526633353078996
3.552663335307899
3.5526633353078996
3.5526633353078996
3.5526633353078996
3.5526633353078996
3.552663335307899
3.5526633353078996
3.685116696052995
36.078225847598496
36.078225847598496
0.0
0.0
0.0
0.0
0.0
0.0
0.0
0.0
0.0
0.0
0.0
0.0
0.0
0.0
0.0
0.0
0.0
0.0
0.0
0.0
0.0
0.0
0.0
0.0
0.0
0.0
0.0
0.0
0.0
0.0
0.0
0.0
0.0
0.0
0.0
0.0
0.0
0.0
0.0
0.0
0.0
0.0
0.0
0.0
0.0
0.0
0.0
0.0
0.0
0.0
0.0
0.0
0.0
0.0
0.0
0.0
0.0
0.0
0.0
0.0
0.0
0.0
0.0
0.0
0.0
0.0
0.0
0.0
0.0
0.0
0.0
0.0
0.0
0.0
0.0
0.0
0.0
0.0
0.0
0.0
0.0
0.0
0.0
0.0
0.0
0.0
0.0
0.0
0.0
0.0
0.0
0.0
0.0
0.0
0.0
0.0
0.0
0.0
0.0
0.0
0.0
0.0
0.0
0.0
0.0
0.0
0.0
0.0
0.0
0.0
0.0
0.0
0.0
0.0
0.0
0.0
0.0
28.485932317330697
31.699869310858645
35.07450315406315
38.61786868942768
46.244963004300146
54.65383448644704
59.176166588430924
74.1456511375102
0.0
0.0
0.0
0.0
0.0
0.0
0.0
0.0
0.0
0.0
0.0
0.0
20.298298272660766
20.298298272660766
37.308039307115344
45.64489967143901
46.18804109719685
42.565879075828434
42.94634851955324
43.27314081165896
47.744319766507445
43.77557469692097
43.95606986364315
52.800961652843164
48.44463626127048
48.505609427234916
44.26173943690865
52.984209347522956
52.92601673062674
52.831600908077725
52.7036119310499
48.10594983152812
57.00148360252664
56.769612289492535
56.5125567398238
56.23312899964907
55.93413504954576
55.61837200021164
40.45630169141692
58.91108146221243
62.63607056378481
56.83710090411321
55.87808604995154
54.97568371155781
54.13302601549764
53.352993119420226
52.63823281891845
47.894029806460786
43.5036823749149
43.0763612396144
39.10360074125979
38.828546422891876
38.61372597790423
38.46054784076459
34.99859579930189
28.709818057307483
28.740186205530428
25.89922407201592
23.223159438080454
20.693187535752365
18.291686465515824
18.477953237361316
16.194398336540374
55.28864831014181
16.459235345015863
16.516145701396923
16.586536220620292
16.66935857603013
14.293388255512735
14.382540167155407
14.479633071069479
14.583787415686338
14.694126618100418
14.80977681012635
14.929866583115329
15.05352673134262
15.1798899947821
15.308090801105617
15.437265006723809
15.566549637644018
15.695082629504155
15.822002567388914
15.946448425188315
16.067559304659927
16.184474174598616
16.296331609468492
16.402269528505823
19.35319819567273
19.460521433979032
19.55786127773204
19.64420052741372
19.71851968648751
22.840162669250134
19.827006437009018
19.85912081499421
19.875108070245933
19.873932670412284
19.85455497122946
19.815930917546734
19.75701174512753
19.676743683904434
22.602602911154957
22.456936314219046
22.282929167706175
22.07933814005356
24.918274902259192
24.614259302466934
24.27219019180066
26.984556500867303
23.468062192827166
25.98206263416513
25.98206263416513
0.0
0.0
0.0
0.0
0.0
0.0
0.0
0.0
0.0
0.0
0.0
0.0
0.0
0.0
0.0
0.0
0.0
80.26306513960671
74.72331597023636
69.44736438035982
38.918738454740776
46.60525505661164
46.60525505661169
46.60525505661168
42.668258748336314
38.918738454740776
42.668258748336356
46.6052550566117
50.739101180300835
50.73910118030083
55.079639610174524
55.07963961017438
55.079639610174446
55.079639610174475
59.63720496154177
64.4226485804773
74.72331597023638
80.26306513960677
0.0
1.007507217308247
1.0
0.0
0.0
0.0
0.0
0.0
0.0
0.0
0.0
0.0
0.0
0.0
0.0
0.0
0.0
0.0
0.0
0.0
0.0
0.0
0.0
0.0
0.0
0.0
0.0
0.0
0.0
0.0
0.0
0.0
0.0
0.0
0.0
0.0
0.0
0.0
0.0
0.0
0.0
0.0
0.0
0.0
0.0
0.0
0.0
0.0
0.0
0.0
0.0
0.0
0.0
0.0
0.0
0.0
0.0
0.0
0.0
0.0
0.0
0.0
0.0
0.0
0.0
0.0
0.0
0.0
0.0
0.0
0.0
0.0
0.0
0.0
0.0
0.0
0.0
0.0
0.0
0.0
0.0
0.0
0.0
0.0
0.0
0.0
0.0
0.0
0.0
0.0
0.0
0.0
0.0
0.0
0.0
0.0
0.0
0.0
0.0
0.0
0.0
0.0
0.0
0.0
0.0
0.0
0.0
0.0
0.0
0.0
0.0
0.0
0.0
0.0
0.0
0.0
0.0
0.0
0.0
0.0
1.838627602769836
1.84266191270059
1.8466962226313441
1.8507305325620984
1.8547648424928522
1.8628334623543605
1.8668677722851146
1.8709020822158688
0.0
0.0
0.0
0.0
0.0
0.0
0.0
0.0
0.0
0.0
0.0
0.0
1.0112608259623705
1.0037536086541234
1.8407682354117378
1.8450717966168262
1.8450717966168262
1.8450717966168262
1.8450717966168262
1.8450717966168262
1.8493753578219143
1.8493753578219143
1.8493753578219143
1.8536789190270024
1.8536789190270024
1.8536789190270024
1.8536789190270024
1.8579824802320906
1.8579824802320906
1.8579824802320906
1.8579824802320906
1.8579824802320906
1.8622860414371787
1.8622860414371787
1.8622860414371787
1.8622860414371787
1.8622860414371787
1.8622860414371787
1.8407682354117378
1.6982589278306741
1.6982589278306741
1.6946597310373623
1.6910605342440506
1.6874613374507388
1.1727614460789684
1.0071983935866238
1.021595180759871
1.043190361519742
0.9280160641337631
0.9280160641337631
0.9280160641337631
0.9280160641337631
0.9280160641337631
0.9280160641337631
1.3594701484802245
1.1871582332522157
1.201555020425463
0.9280160641337631
0.9280160641337631
0.9280160641337631
0.9280160641337631
0.9280160641337631
0.9280160641337631
1.8622860414371787
0.9280160641337631
0.9280160641337631
1.3167293178114419
1.3239277113980656
1.3311261049846892
1.338324498571313
1.3455228921579367
1.521898284958394
1.365769480364929
1.3783681441343383
1.3846674760190427
1.397266139788452
1.4035654716731565
1.4161641354425658
1.4224634673272702
1.4350621310966796
1.441361462981384
1.4539601267507933
1.4602594586354978
1.472858122404907
1.4791574542896115
1.4931047106118993
1.5003031041985229
1.5075014977851469
1.991931380138492
1.5290966785450177
1.543493465718265
1.5506918593048888
1.5578902528915126
0.9280160641337631
1.5794854336513835
0.9280160641337631
0.9280160641337631
0.9280160641337631
0.9280160641337631
0.9280160641337631
0.9280160641337631
1.2843365466716354
1.2843365466716354
0.9280160641337631
0.9280160641337631
1.6658661566908677
1.6730645502774912
1.680262943864115
1.8314292091832123
1.8314292091832123
1.835028405976524
1.835028405976524
0.0
0.0
0.0
0.0
0.0
0.0
0.0
0.0
0.0
0.0
0.0
0.0
0.0
0.0
0.0
0.0
0.0
1.7120835233898934
1.709259766599489
1.0056475135808087
1.8321611130015616
0.9294060802398902
0.9294060802398902
1.8222100382156647
1.7036122530186804
1.686669712276254
1.6527846307914014
1.6188995493065486
1.5793669542408872
1.9913928775898238
1.3937722478510064
1.2654331382980126
1.203310488909116
1.1468353531010282
1.1073027580353667
1.050827622227279
1.0
1.7120835233898934
0.0
