36.078225847598496
36.078225847598496
0.0
0.0
0.0
0.0
0.0
0.0
0.0
0.0
0.0
0.0
0.0
0.0
0.0
0.0
0.0
0.0
0.0
0.0
0.0
0.0
0.0
0.0
0.0
0.0
0.0
0.0
0.0
0.0
0.0
0.0
0.0
0.0
0.0
0.0
0.0
0.0
0.0
0.0
0.0
0.0
0.0
0.0
0.0
0.0
0.0
0.0
0.0
0.0
0.0
0.0
0.0
0.0
0.0
0.0
0.0
0.0
0.0
0.0
0.0
0.0
0.0
0.0
0.0
0.0
0.0
0.0
0.0
0.0
0.0
0.0
0.0
0.0
0.0
0.0
0.0
0.0
0.0
0.0
0.0
0.0
0.0
0.0
0.0
0.0
0.0
0.0
0.0
0.0
0.0
0.0
0.0
0.0
0.0
0.0
0.0
0.0
0.0
0.0
0.0
0.0
0.0
0.0
0.0
0.0
0.0
0.0
0.0
0.0
0.0
0.0
0.0
0.0
0.0
0.0
0.0
0.0
0.0
28.485932317330697
31.699869310858645
35.07450315406315
38.61786868942768
46.244963004300146
54.65383448644704
59.176166588430924
74.1456511375102
0.0
0.0
0.0
0.0
0.0
0.0
0.0
0.0
0.0
0.0
0.0
0.0
20.298298272660766
20.298298272660766
37.308039307115344
45.64489967143901
46.18804109719685
42.565879075828434
42.94634851955324
43.27314081165896
47.744319766507445
43.77557469692097
43.95606986364315
52.800961652843164
48.44463626127048
48.505609427234916
44.26173943690865
52.984209347522956
52.92601673062674
52.831600908077725
52.7036119310499
48.10594983152812
57.00148360252664
56.769612289492535
56.5125567398238
56.23312899964907
55.93413504954576
55.61837200021164
40.45630169141692
58.91108146221243
62.63607056378481
56.83710090411321
55.87808604995154
54.97568371155781
54.13302601549764
53.352993119420226
52.63823281891845
47.894029806460786
43.5036823749149
43.0763612396144
39.10360074125979
38.828546422891876
38.61372597790423
38.46054784076459
34.99859579930189
28.709818057307483
28.740186205530428
25.89922407201592
23.223159438080454
20.693187535752365
18.291686465515824
18.477953237361316
16.194398336540374
55.28864831014181
16.459235345015863
16.516145701396923
16.586536220620292
16.66935857603013
14.293388255512735
14.382540167155407
14.479633071069479
14.583787415686338
14.694126618100418
14.80977681012635
14.929866583115329
15.05352673134262
15.1798899947821
15.308090801105617
15.437265006723809
15.566549637644018
15.695082629504155
15.822002567388914
15.946448425188315
16.067559304659927
16.184474174598616
16.296331609468492
16.402269528505823
19.35319819567273
19.460521433979032
19.55786127773204
19.64420052741372
19.71851968648751
22.840162669250134
19.827006437009018
19.85912081499421
19.875108070245933
19.873932670412284
19.85455497122946
19.815930917546734
19.75701174512753
19.676743683904434
22.602602911154957
22.456936314219046
22.282929167706175
22.07933814005356
24.918274902259192
24.614259302466934
24.27219019180066
26.984556500867303
23.468062192827166
25.98206263416513
25.98206263416513
0.0
0.0
0.0
0.0
0.0
0.0
0.0
0.0
0.0
0.0
0.0
0.0
0.0
0.0
0.0
0.0
0.0
80.26306513960671
74.72331597023636
69.44736438035982
38.918738454740776
46.60525505661164
46.60525505661169
46.60525505661168
42.668258748336314
38.918738454740776
42.668258748336356
46.6052550566117
50.739101180300835
50.73910118030083
55.079639610174524
55.07963961017438
55.079639610174446
55.079639610174475
59.63720496154177
64.4226485804773
74.72331597023638
80.26306513960677
0.0
