-20.4096456433 40.477189213
-19.7365299609 141.513035926
-19.0521646062 142.534786028
-18.3566880962 143.542569674
-17.6502389475 144.536517021
-16.9329556772 145.516758225
-16.2049768021 146.483423441
-15.4664408391 147.436642826
-14.7174863051 148.376546535
-13.9582517168 149.303264724
-13.1888755913 150.216927549
-12.4094964453 151.117665166
-11.6202527958 152.005607731
-10.8212831595 152.880885399
-10.0127260535 153.743628327
-9.1947199945 154.593966671
-8.36740349943 155.432030586
-7.53091508517 156.257950228
-6.68539326858 157.071855753
-5.83097656653 157.873877318
-4.96780349589 158.664145077
-4.09601257355 159.442789187
-3.21574231636 160.209939804
-2.3271312412 160.965727083
-1.43031786495 161.710281181
-0.52544070448 162.443732253
0.387361723346 163.166210456
1.30795090165 163.877845944
2.23618831356 164.578768875
3.17193544221 165.269109403
4.11505377072 165.948997685
5.06540478222 166.618563877
6.02284995984 167.277938135
6.98725078671 167.927250614
7.95846874595 168.56663147
8.93636532069 169.196210859
9.92080199407 169.816118938
10.9116402492 170.426485861
11.9087415692 171.027441786
12.9119674372 171.619116867
13.9211793364 172.20164126
14.9362387499 172.775145123
15.9570071607 173.33975861
16.9833460521 173.895611877
18.0151169071 174.44283508
19.0521812089 174.981558375
20.0944004406 175.511911919
21.1416360853 176.034025866
22.1937496262 176.548030373
23.2506025464 177.054055595
24.3120563291 177.55223169
25.3779724572 178.042688811
26.4482124141 178.525557116
27.5226376827 179.00096676
28.6011097463 179.469047899
29.6834900879 179.929930689
30.7696401908 180.383745286
31.8594215379 180.830621845
32.9526956125 181.270690524
34.0493238977 181.704081476
35.1491678765 182.13092486
36.2520890322 182.551350829
37.3579488478 182.965489541
38.4666088066 183.37347115
39.5779303915 183.775425814
40.6917750858 184.171483687
41.8080043725 184.561774926
42.9264797348 184.946429687
44.0470626559 185.325578125
45.1696146188 185.699350397
46.2939971066 186.067876658
47.4200716026 186.431287064
48.5476995898 186.789711771
49.6767425514 187.143280935
50.8070619705 187.492124711
51.9385193302 187.836373257
53.0709761136 188.176156727
54.2042938039 188.511605277
55.3383338842 188.842849064
56.4729578376 189.170018243
57.6080271473 189.493242971
58.7434032964 189.812653402
59.878947768 190.128379693
61.0145220452 190.440552
62.1499876112 190.749300479
63.285205949 191.054755285
64.420038542 191.357046575
65.554346873 191.656304504
66.6879924253 191.952659228
67.8208366821 192.246240903
68.9527411264 192.537179686
70.0835672413 192.825605731
71.21317651 193.111649195
72.3414304157 193.395440234
73.4681904414 193.677109003
74.5933180703 193.956785659
75.7166747854 194.234600357
76.83812207 194.510683253
77.9575214072 194.785164504
79.07473428 195.058174264
80.189622171 195.32984269
