199.70047539 49.60412474
201.875893794 249.073883117
204.035514067 248.511502885
206.179792132 247.917905322
208.309183913 247.294011706
210.424145335 246.640743316
212.525132321 245.959021431
214.612600796 245.249767328
216.687006682 244.513902286
218.748805905 243.752347583
220.798454388 242.966024498
222.836408055 242.155854309
224.86312283 241.322758294
226.879054637 240.467657733
228.8846594 239.591473902
230.880393043 238.695128081
232.86671149 237.779541548
234.844070664 236.845635581
236.812926491 235.894331459
238.773734893 234.92655046
240.726951795 233.943213862
242.673033121 232.945242944
244.612434794 231.933558984
246.545612738 230.909083261
248.473022879 229.872737052
250.395121139 228.825441637
252.312363442 227.768118293
254.225205712 226.7016883
256.134103874 225.627072934
258.039513852 224.545193476
259.941891568 223.456971202
261.841692948 222.363327392
263.739373915 221.265183324
265.635390393 220.163460276
267.530198307 219.059079527
269.424253579 217.952962355
271.318012134 216.846030037
273.211929897 215.739203854
275.10646279 214.633405083
277.002066738 213.529555002
278.899197665 212.42857489
280.798311495 211.331386025
282.699864152 210.238909685
284.604311559 209.15206715
286.512109641 208.071779696
288.423714322 206.998968604
290.339581525 205.93455515
292.260167175 204.879460614
294.185927195 203.834606274
296.11731751 202.800913407
298.054794043 201.779303293
299.998812178 200.770696153
301.949652356 199.77566976
303.907169771 198.793969488
305.871156248 197.825216659
307.84140361 196.869032599
309.817703681 195.925038631
311.799848286 194.99285608
313.787629247 194.07210627
315.780838389 193.162410525
317.779267536 192.26339017
319.782708512 191.374666527
321.790953139 190.495860923
323.803793243 189.626594681
325.821020647 188.766489124
327.842427174 187.915165578
329.86780465 187.072245367
331.896944897 186.237349814
333.929639739 185.410100245
335.965681 184.590117982
338.004860505 183.777024351
340.046970077 182.970440675
342.091801539 182.16998828
344.139146716 181.375288488
346.188797431 180.585962624
348.240545509 179.801632013
350.294182773 179.021917978
352.349501046 178.246441844
354.406292154 177.474824935
356.46434792 176.706688575
358.523460166 175.941654089
360.583420719 175.1793428
362.6440214 174.419376033
364.705054035 173.661375112
366.766310447 172.904961361
368.827582459 172.149756104
370.888661896 171.395380666
372.949340581 170.641456371
375.009410339 169.887604543
377.068662993 169.133446507
379.126890367 168.378603585
381.183884284 167.622697103
383.23943657 166.865348385
385.293339047 166.106178755
387.345383539 165.344809538
389.395361871 164.580862057
391.443065865 163.813957636
393.488287347 163.0437176
395.530818139 162.269763273
397.570450066 161.49171598
399.60697495 160.709197044
