148.554402702 3.636169855
150.862217553 64.001471132
153.176937089 64.4025991168
155.498357022 64.8376516028
157.826273065 65.3047263833
160.160480932 65.8019212515
162.500776334 66.3273340007
164.846954984 66.8790624241
167.198812596 67.4552043152
169.556144883 68.053857467
171.918747556 68.673119673
174.286416328 69.3110887264
176.658946913 69.9658624205
179.036135023 70.6355385485
181.417776371 71.3182149037
183.80366667 72.0119892795
186.193601631 72.714959469
188.587376969 73.4252232657
190.984788396 74.1408784626
193.385631625 74.8600228532
195.789702368 75.5807542307
198.196796338 76.3011703883
200.606709249 77.0193691195
203.019236812 77.7334482173
205.43417474 78.4415054752
207.851318746 79.1416386864
210.270464544 79.8319456441
212.691407845 80.5105241417
215.113944363 81.1754719724
217.53786981 81.8248869295
219.962979899 82.4568668064
222.389070343 83.0695093961
224.815936854 83.6609124921
227.243375146 84.2291738877
229.671180931 84.772391376
232.099149921 85.2886627504
234.52707783 85.7760858042
236.954760371 86.2327583306
239.381993255 86.6567781229
241.808572197 87.0462429744
244.234292908 87.3992506784
246.658951101 87.7138990281
249.08234249 87.9882858169
251.504262786 88.2205088379
253.924507703 88.4086658845
256.342872953 88.55085475
258.75915425 88.6451732277
261.173147305 88.6897191107
263.584647833 88.6825901924
265.993451544 88.6218842662
268.399356652 88.5057373988
270.802265804 88.3338851304
273.202221688 88.1082077336
275.599276802 87.8307357572
277.993483646 87.5034997498
280.384894719 87.12853026
282.773562519 86.7078578364
285.159539547 86.2435130277
287.5428783 85.7375263826
289.923631279 85.1919284496
292.301850981 84.6087497775
294.677589907 83.9900209147
297.050900556 83.33777241
299.421835426 82.654034812
301.790447017 81.9408386694
304.156787827 81.2002145307
306.520910356 80.4341929447
308.882867104 79.6448044598
311.242710568 78.8340796249
313.600493248 78.0040489885
315.956267644 77.1567430992
318.310086254 76.2941925057
320.662001578 75.4184277566
323.012066114 74.5314794006
325.360332362 73.6353779863
327.70685282 72.7321540622
330.051679988 71.8238381772
332.394866366 70.9124608797
334.736464451 70.0000527185
337.076526744 69.0886442422
339.415105743 68.1802659993
341.752253947 67.2769485386
344.088023856 66.3807224086
346.422467968 65.4936181581
348.755638783 64.6176663356
351.0875888 63.7548974897
353.418370517 62.9073421692
355.748036435 62.0770309227
358.076639052 61.2659942987
360.404230867 60.4762628459
362.730864379 59.709867113
365.056592088 58.9688376486
367.381466492 58.2552050013
369.70554009 57.5709997197
372.028865383 56.9182523526
374.351494868 56.2989934485
376.673481045 55.715253556
378.994876413 55.1690632239
381.315733472 54.6624530006
383.636104719 54.197453435
385.95604265 53.7760950756
