0.2075041543332361 -33.7151945771366
0.2045547074477554 -33.391746993355554
0.20205482325019375 -33.13839043463042
0.1999798253195877 -32.95241679656982
0.19830687081520182 -32.831117963858844
0.19701386798422504 -32.77178581635437
0.19607920781592725 -32.77171223124682
0.19548167748141054 -32.82818908329804
0.1952004295019094 -32.93850824533607
0.19521497286234535 -33.099961587715796
0.1955051757681474 -33.30984097910999
0.19605127758597973 -33.56543828584776
0.19683391151170326 -33.86404537199334
0.19783414324402315 -34.20295409923696
0.19903353687732306 -34.57945632633732
0.20041427109828192 -34.99084390859059
0.20195935552189326 -35.434408696854945
0.20365306367904168 -35.907442534697054
0.20548188576350412 -36.40723725361414
0.20743691054050828 -36.93108466018731
0.20952097100575884 -37.476276496743026
0.21177722684024047 -38.04010428649863
0.2144892410993009 -38.61985824588399
0.2155047144775324 -39.212841830669674
0.21093726419294967 -34.1114412319038
0.39951132618753604 -40.41614112832909
0.58857114668848 -41.02068696293142
0.7832862455034615 -41.62726721939492
0.9835607212637001 -42.23317512521871
1.1892936160703016 -42.83570674976471
1.4003479986557181 -43.43216117222988
1.6165432368434267 -44.01984052361999
1.8376524237253307 -44.596049999831905
2.063401350794095 -45.158097867708165
2.293468044618521 -45.70329546605899
2.527482540000392 -46.22895720653693
2.7650267646236557 -46.7324005730062
3.0056344831508 -47.21094611975482
3.248791279037107 -47.661917468861446
3.4939345676385756 -48.082641305225536
3.7404536457542576 -48.470447368654675
3.987689797374685 -48.82266843925257
4.23493650402753 -49.13664031124381
4.481439875991612 -49.409701739052394
4.726399609728901 -49.63919431989632
4.968971388993793 -49.82246219970378
5.208274095453987 -49.9568511908781
5.443418659229565 -50.03970524265151
5.673710025251296 -50.06834173496242
5.895931868185528 -50.04039262457604
0.21641405660113833 -39.816338153929905
6.02336435282939 -49.83513254850595
5.930397704433972 -49.66295738310248
5.832188935759007 -49.44098528267074
5.72921904387249 -49.17206121908765
5.621996367955319 -48.85902652349867
5.511025385247365 -48.50472270364526
5.396798913030693 -48.111992398210845
5.279795512953967 -47.683679694216266
5.160478457618126 -47.222630253777936
5.0392952673759055 -46.73169137121488
4.9166774878429464 -46.21371200036441
4.793040583535685 -45.67154276904952
4.6687838972230224 -45.108035984607056
4.54429065767539 -44.52604563499662
4.41992803791743 -43.92842738466496
4.296047287229442 -43.31803856410946
4.172983997152073 -42.69773814718073
4.0510586489270395 -42.07038670400098
3.9305778299411145 -41.438846296652144
3.811837284737294 -40.80598021632804
3.695131077164149 -40.174652194178776
3.5807882482863533 -39.5477232421394
3.469429435592019 -38.92802954197029
3.3584916914507517 -38.318681885621885
6.1108536718658115 -49.95463544474413
3.408060110561564 -37.10390301482707
3.561559710178585 -36.505327250348586
3.711062494229907 -35.92948415928615
3.857164851597986 -35.37918187227919
4.00058345647534 -34.85721368901835
4.1421154980751 -34.366361503177046
4.282628747772321 -33.9093966574431
4.423058260559458 -33.48908022474305
4.564405072599357 -33.108163117591886
4.707735632803747 -32.769386132283046
4.854181552852822 -32.47547996294787
5.004939524443614 -32.22916519809121
5.161271353562938 -32.03315229918954
5.324504116774619 -31.890141558344823
5.496030497075253 -31.802823017284226
5.677309449734821 -31.77387631366321
5.869867564093624 -31.805970371776795
6.075302082151438 -31.901762719516626
6.295288463474435 -32.063897778876736
6.531603096659808 -32.29500173741869
6.78621416163287 -32.597662030115515
7.061917690361213 -32.97428371458179
-2.219232144019742 -34.512585196173745
13.253752516059365 -31.57188287541848
15.149795249449255 -30.707156298749936
17.01536673688679 -29.714020913793206
18.834206670399738 -28.59577596696343
20.590527062902652 -27.358288311368568
22.26952844943321 -26.00987979011009
23.857879536035227 -24.561093788757148
25.34412791397466 -23.024355025411268
26.719015523916198 -21.41354602789596
27.975681449948127 -19.743530369898906
29.109745036581728 -18.02965579153684
30.119272766520623 -16.287269632201145
31.00464144836002 -14.531274985861643
31.768317039455894 -12.775749548919237
32.414572361879266 -11.033641404929995
32.949168051302706 -9.316548115214431
33.37901970823651 -7.634578401801264
33.71187104921 -5.996290054486252
29.048028720059392 18.12892085962912
30.058554431232835 16.399056361897948
30.984784754873203 14.573567090807558
31.81394391001669 12.661702766468835
32.53448680976004 10.674872930468155
33.13654610814592 8.626416178159559
33.612324575342086 6.5312617998322935
33.956403071699754 4.405500481029492
34.16594046346762 2.2658897375817446
34.240750850199845 0.12932621787666676
34.1832542616238 -1.987680090273841
33.998308022696506 -4.069495748854507
33.69293576430778 -6.10178856060449
33.27597834724884 -8.071865279445603
32.75769504378371 -9.96890964321372
32.149344041369034 -11.784117352003108
31.462769080546536 -13.51073298678861
30.71001456912046 -15.144000436493059
29.902985754280394 -16.681042744247037
29.05316439212362 -18.120689359412722
3.2503660367660814 -37.72236449916784
27.358451119462245 26.17359003127075
16.21557640470354 29.35773772213841
16.571585821371855 28.600580405124134
16.953545044762592 27.91167048218199
17.363247069589107 27.285771929303962
17.802319965876507 26.717802440729088
18.27222613595478 26.202833818692255
18.77426212942339 25.736092070802016
19.30955858157762 25.312957441550992
19.879080189367016 24.92896442469592
20.483625700398363 24.579801767735944
21.123827908502506 24.261312474338837
21.800153651230175 23.9694938040667
22.512903809404605 23.70049727157945
23.26221330780473 23.45062864460732
24.048051116917065 23.216347940099524
24.87022025677308 22.994269417802457
25.728357804347723 22.781161568462323
26.621934907802682 22.573947089883177
27.55025681886309 22.36970283557031
28.51246297303254 22.165659686142476
29.507527229399642 21.959202163640782
30.534258831412046 21.747866891056816
31.591309128817983 21.52933180811391
32.677078164461676 21.301566031108678
15.883564076804447 30.18852943859801
34.34938299202622 21.316657081276674
34.91440586681995 21.571407462986713
35.48270642294045 21.825292534171297
36.05198053155533 22.076889456116902
36.61991461401635 22.324791599781463
37.184184603324866 22.56761021207373
37.7424556847356 22.803974832371892
38.29238220878517 23.032533430914782
38.831607657526945 23.2519524646693
39.357764628105144 23.460916901977356
39.86847482540071 23.65813023529003
40.361349057906466 23.842314487768448
40.83398723530013 24.012210216767414
41.28397836744108 24.16657651576523
41.708900563776865 24.304191014834345
42.10632103381232 24.423849880079757
42.473796088114625 24.524367811113223
42.80887114171031 24.60457803588082
43.109080720149336 24.663332298623345
43.37194847455902 24.69950083305588
43.594987219524796 24.711972293919416
43.77569904770769 24.699653550179022
43.91157578913459 24.66146885523449
44.00010223036202 24.596354034507044
44.03872498521844 24.5033311190287
33.789939748950246 21.06246877254182
43.608752429832464 24.735423912971356
43.147044496786805 25.060036566675194
42.644648097952654 25.35614785058536
42.10492515240975 25.62400687460442
41.53116816498175 25.86395674566279
40.926599730128316 26.076435464469483
40.29437240922988 26.26197614862511
39.63756869059711 26.421207105395382
38.95920097519826 26.554851859260935
38.26221157220493 26.663729162335102
37.54947269910815 26.748752996434746
36.82378648639775 26.810932570623407
36.08788498521892 26.851372313143486
35.344430181544794 26.871271857322654
34.59601401998094 26.871926016793424
33.84515844607898 26.8547247418241
33.09431548445002 26.82115303745053
32.345867395187156 26.77279079971146
31.602127018523902 26.711312455816994
30.86533863571418 26.63848606414072
30.137680551897688 26.556170614694906
29.421275426263776 26.4663052304374
28.71826258642818 26.370833580247933
28.029820585470702 26.272725569482134
44.026344044608095 24.382148491920162
27.079484153164458 25.58958667922343
26.80994338432032 25.023986728946852
26.552049012406428 24.47859042377945
26.30816060274799 23.95504471412326
26.08069862224619 23.45492527416951
25.87213323063088 22.979748216643657
25.68498148026231 22.53097302035559
25.52180638368924 22.110003503033226
25.38521654347886 21.718188207649746
25.277865987095538 21.356820573266845
25.202454088930494 21.027139013434976
25.16172553618685 20.730326948399664
25.15847032036544 20.46751280625338
25.195523752609006 20.239769996591406
25.275766507329195 20.048116844581955
25.402124715739603 19.893516455835453
25.577570162429993 19.776876437052124
25.805120724395124 19.6990482734237
26.087841474486822 19.66082576528035
26.42884799883427 19.662940332248382
26.83131967135631 19.706042220446903
27.29859259015018 19.790568942445333
-4.8384158547191305 -34.24373315292894
-4.8384158547191305 -34.24373315292894
-7.621686353648727 -33.73356526308487
-10.534229404462877 -32.9404544456562
-13.527785995171655 -31.828329115758493
-16.541592655452405 -30.37135559459415
-19.505270356203454 -28.558500600760055
-22.343658077793464 -26.39705422835769
-24.98308418855507 -23.914201484887002
-27.358096655021626 -21.15604111469571
-29.41743035628727 -18.184012743759013
-31.128106313627512 -15.06932399146379
-32.47701091980548 -11.886433020340377
-33.46992091011023 -8.70677451776308
-34.128492312653464 -5.593705453217524
-34.48604927930046 -2.599217831937551
-34.58304674659183 0.23749937946502087
-34.462905748088616 2.8899231184517475
-34.1686477331217 5.342943039378099
-33.74048844910331 7.590979347101893
13.910541363932083 31.66291785661167
11.46140689317474 32.629429664970985
8.755548360236588 33.457195057920785
5.804720742464326 34.093236064272446
2.6351722082559377 34.48332054290938
-0.7110361387772173 34.5765521103761
-4.176495730273928 34.330750234260904
-7.691120892464454 33.717802236351304
-11.17699370453596 32.72794432837122
-14.554790851843165 31.371987369169062
-17.750725701383686 29.680890574685236
-20.70275212163895 27.702699919361237
-23.36496557631895 25.497488343945406
-25.70962442418869 23.131336757726785
-27.726802276547858 20.670461140221903
-29.422161759104284 18.176356225968505
-30.813587794850946 15.702430876816948
-31.92742691475101 13.292213466365752
-32.7949224118488 10.97891580407736
-33.44921201377804 8.785997034459399
9.434579645656868 -32.91556548148384
