2.36515913524687 -36.741037472394574
2.36515913524687 -36.741037472394574
3.539616049217557 -37.94726094547757
3.540356799150146 -38.503318530776475
3.5342778477713637 -39.00032883910491
3.5218027969055186 -39.44038027851018
3.5033431429764335 -39.82556221821642
3.479298990445784 -40.157964920935406
3.450059230455679 -40.43967952617696
3.4160016006914873 -40.6727980441986
3.377492709895847 -40.85941335451158
3.334888049577671 -41.00161920380113
3.2885320009593784 -41.10151020622121
3.2387578400590087 -41.16118184228414
3.1858877428584833 -41.18273045888797
3.130232791890279 -41.168253268978184
3.072092986144412 -41.119848350316616
3.0117572578845113 -41.03961464523521
2.949503503262491 -40.92965195814359
2.8855986433253804 -40.79206095197245
2.8202987579431635 -40.62894313993558
2.7538494204221706 -40.44240086495558
2.6864867011568663 -40.234537237960545
2.618441182054312 -40.00745589129006
2.549966057087289 -39.763259250672064
2.480958416217021 -39.504071817722945
3.531614897890165 -37.33006910858304
2.4686833337551093 -38.93872491879977
2.5239250945273 -38.636934490338184
2.5776132419855173 -38.32873202613953
2.6298472328680873 -38.016231257748295
2.680748786421816 -37.7015441583248
2.7304575372532156 -37.386781209204614
2.7791299505688585 -37.074051467270536
2.826938963017284 -36.76546258627237
2.8740738423132655 -36.46312082533595
2.920740127878048 -36.16913105259883
2.9671596073417277 -35.885596745897566
3.013570312986303 -35.6146199926038
3.0602265333798755 -35.358301487154876
3.1073988422622847 -35.118740528696556
3.1553741527367833 -34.89803501394703
3.2044558164587613 -34.6982814267958
3.2549638106321765 -34.52157481739964
3.307235114227524 -34.370008760836775
3.361624537461182 -34.24567526643095
3.4185067969204965 -34.15066454936172
3.478282742795159 -34.08706434766432
3.5414042696280603 -34.05695718777688
3.6085434923773505 -34.06235212814511
3.678060542327046 -34.10369662019113
2.411841206350431 -39.231985950163214
3.8281757043501443 -34.280859124429085
3.909118578222376 -34.412252853574046
3.9938444237888007 -34.57084347789956
4.082200576464913 -34.754462874265045
4.174055114792168 -34.96094141985387
4.269270382380569 -35.188110898119
4.367696368379484 -35.43380522541218
4.469168500980686 -35.69586069335166
4.573506764769661 -35.97211606528583
4.680515299571027 -36.26041262041311
4.789982199939402 -36.55859417618242
4.901679407127688 -36.86450709963984
5.015362647442487 -37.17600031438879
5.130771395299405 -37.49092530483978
5.247628850081469 -37.80713611824208
5.365641921313625 -38.122489366807145
5.484501218742082 -38.43484422848893
5.60388104566232 -38.742062447907564
5.723439394296918 -39.042008336743244
5.8428179425819735 -39.332548773869426
5.961642052069976 -39.61155320605871
6.079520766435451 -39.876893647506364
6.1960468107746465 -40.12644468045639
6.310796591274766 -40.35808345456057
6.423330195602659 -40.56968968733436
6.533191393695688 -40.75914566332421
6.6399076394294525 -40.92433623432909
6.742990072967018 -41.06314881826832
6.841933524425201 -41.17347339890576
6.936216518987692 -41.253202524568344
7.025301284205284 -41.300231306520125
7.10863376043676 -41.31245741689723
7.185643615849983 -41.28778108580884
7.255744268104991 -41.22410509635229
7.318332916654583 -41.11933477846566
7.37279059143134 -40.97137799859648
7.418482228632854 -40.778145144309924
7.454756792338117 -40.53754909916959
7.480947477638267 -40.24750520086126
7.496372066570643 -39.905931168109134
7.500333589462514 -39.510746964707394
7.4921216479179975 -39.05987452774383
7.471015325320764 -38.55123716887061
7.436290463105138 -37.982758078730825
7.38724148867351 -37.352355839951166
7.32326872487198 -36.65792647901181
7.244489550411572 -35.89721783230462
9.45049217767064 -34.52264865479375
11.73515899034544 -33.814362569977
14.038029239473474 -32.92504833123611
16.33337541880394 -31.848797779052145
18.593668992974585 -30.58431862772556
20.790660366616578 -29.135433994751885
22.896609084438296 -27.511277051001546
24.88556008903089 -25.726134019665288
26.734547344259852 -23.79892961542759
28.424609774171415 -21.752393701122294
29.94152649416293 -19.611987756010016
31.276214576272366 -17.404696904040428
32.42477571296121 -15.157803023746759
33.38821965301452 -12.897746351382544
34.17192494035942 -10.649160455781832
34.78491695306013 -8.434134520581082
35.23904863160675 -6.2717241713741885
35.54816265648475 -4.177703231519466
35.72729900265011 -2.164527319712697
35.79199304373401 -0.24146738877590934
20.986781259625843 28.994483697820222
22.87646174886862 27.5280324468549
24.71952457188047 25.885713771938832
26.48980779262348 24.071043925272754
28.161086644861655 22.092493556028067
29.7082601847805 19.963575564911544
31.10857136893702 17.702594722986213
32.34274659028273 15.33205190244606
33.39594148305446 12.877739126218906
34.25839893052125 10.3676021943267
34.92575983117263 7.8304771730588385
35.39901067662095 5.294819700331878
35.68409579961792 2.7875400456744686
35.79125815681988 0.3330346745004107
35.73419515858848 -2.0475275115261766
35.52912340024051 -4.3366418981776675
35.1938396983914 -6.520637992288435
34.74684948384902 -8.589617191079391
34.20661216734197 -10.537208196462636
33.59093103148206 -12.36019518376471
-9.097549022537521 35.67537545794676
-9.097549022537521 35.67537545794676
-9.722473633801826 36.809742936453134
-10.204281703250132 37.21444867951041
-10.679653528763424 37.55842730268333
-11.14761445053955 37.84430377486619
-11.607265208014326 38.074674199840246
-12.057781281894478 38.252105983300424
-12.498412729576955 38.37913787493133
-12.928484129919411 38.45827998210743
-13.347394561122911 38.49201377644721
-13.754617589798386 38.482792095742525
-14.149701265284818 38.43303914658708
-14.532268115232029 38.34515050519046
-14.902015141845936 38.22149311937889
-15.258713817220638 38.0644053109129
-15.602210076205694 37.87619677841725
-15.932424305209054 37.65914860407146
-16.249351321060914 37.415513264011466
-16.553060329560026 37.14751465035732
-16.843694834352902 36.85734811921597
-17.12147240932768 36.5471806106478
-17.386684015977153 36.21915100852944
-17.6396912731353 35.87537158014315
-17.880907344602093 35.51793805153474
-18.111054185491497 35.14879398918883
-9.235283984063614 36.34165506924917
-17.012156969944925 34.627601372383225
-15.707653643796704 34.47583926992101
-14.418665976045077 34.31655860954392
-13.146523877711843 34.15159549511553
-11.892296267431533 33.9828124665661
-10.656794027575131 33.81209693954327
-9.440570741925313 33.641360815668776
-8.243922939143715 33.47254035119573
-7.066890187451662 33.30759610391519
-5.909255133836609 33.1485129080793
-4.770543518082462 32.99729985979093
-3.650024172397849 32.85599030711758
-2.5467090089043154 32.72664183992515
-1.4593529929226747 32.611336279258694
-0.3864540937611878 32.51217965927631
0.6737468041399097 32.43130219924515
1.7232660684881864 32.37085825120663
2.7643776553633757 32.33302619652794
3.799613850488697 32.32000821914234
4.831767123859038 32.334029737416074
5.863895695854978 32.37733770191225
6.899345806406018 32.45219378342972
7.941896181361585 32.5607797299312
8.993186733611253 32.70416630653074
-18.33056434738583 34.77004616483562
10.259078913966789 32.910888560580844
10.471346173421068 32.969051945052485
10.69353698695403 33.05264245658772
10.925330584474807 33.1594388274126
11.166396815853375 33.28722912584527
11.416372483794134 33.43381799506716
11.67485542743367 33.5970284627507
11.941402550545945 33.774702544254566
12.215529032909501 33.9647014833118
12.49670797212832 34.16490586158851
12.784370204832783 34.37321565370006
13.077904210300858 34.58755025609602
13.376656055658657 34.80584850396771
13.679929363123051 35.02606868142557
13.98698528937365 35.24618852725334
14.297042512551684 35.46420523937567
14.609277223406139 35.67813547723783
14.922823119415114 35.88601536379973
15.236771400611303 36.085900486702414
15.550170766578105 36.275865898974516
15.86202741455503 36.454006120116915
16.17130503772006 36.61843513598804
16.476924824400953 36.76728639962256
16.77776545719189 36.898712830811704
17.072663112900102 37.0108868166177
17.360411462365846 37.102000210623714
17.639761671189092 37.17026433303998
17.90942240047383 37.213909969429864
18.16805980871692 37.23118737001117
18.41429755434416 37.2203662477492
18.646716799613728 37.17973577571249
18.863856216530394 37.10760458340113
19.064211995646815 37.00230075137725
19.246237858834604 36.86217180257918
19.408345079129163 36.68558469034816
19.548902510737605 36.470925779118836
19.666236636536325 36.216600814676305
19.75863164481632 35.92103487563867
19.824329558311263 35.58267229200611
19.861530461395375 35.19997650210897
19.868392923425517 34.77142978589522
19.843034847287015 34.29553273063676
19.783535337902947 33.770803053509056
19.68793937672882 33.195772657538605
19.554271848413464 32.56897879702541
19.380593652033212 31.888928735901793
19.165394489626976 31.153852352457818
19.165394489626976 31.153852352457818
-0.22553363304032814 -36.07096234972623
-2.9095474827152827 -35.954133610766156
-5.709616628596962 -35.616926709212976
-8.59255033452368 -35.03331655729552
-11.517789148687001 -34.1834129861456
-14.438934485930247 -33.05574626545306
-17.30610248695126 -31.649075925943535
-20.06890529494629 -29.973392042234323
-22.679716387818743 -28.049877982321163
-25.096791103005614 -25.90977164289754
-27.28682061898178 -23.592257432524562
-29.226599769365635 -21.141690002843106
-30.903656879983046 -18.6045473392737
-32.31587845737306 -16.02651521021621
-33.4703143874472 -13.450027697385757
-34.381439083537174 -10.912462453544649
-35.069163851793206 -8.44505399574686
-35.55685911356018 -6.072475626417301
-35.8695758354482 -3.812967301201212
-36.03257743575446 -1.678854845231534
-11.354647886808806 34.237949144503204
-13.871370114762755 33.29790205695048
-16.430412685811064 32.11240771460368
-18.992169844692683 30.666963900023518
-21.511922051968384 28.955179154773603
-23.941996650248683 26.980474174011107
-26.23456528891282 24.757075238338842
-28.344788694265574 22.310045811975243
-30.23391086878806 19.674242649545093
-31.871875370901193 16.89226895940095
-33.23910340396225 14.011680668488921
-34.327222676273806 11.081830786856145
-35.138725441943706 8.150776930495496
-35.68571109942319 5.262624210743596
-35.98799021754448 2.455554999775458
-36.07087331303299 -0.2393505590628635
-35.96294476508254 -2.798534273262014
-35.694052603758905 -5.205746725983872
-35.29365637761427 -7.451376366409541
