21.297679345125044 -28.85484609552745
21.45948089687797 -29.278340260984066
21.604151883979014 -29.683340108496637
21.732204619417512 -30.070128829231706
21.84414576089205 -30.43899329813297
21.94047620589551 -30.79022415194123
22.02169106482595 -31.124115808590133
22.088279651749833 -31.440966474094793
22.140725480547054 -31.741078145925627
22.179506262120277 -32.02475661395876
22.20509390308789 -32.292311462045916
22.21795450417764 -32.5440560686618
22.21854835883656 -32.78030760785444
22.207329951731577 -33.0013870503561
22.18474795661567 -33.2076191643591
22.151245234079347 -33.39933251703934
22.10725882853472 -33.576859476284966
22.0532199643676 -33.740536213127754
21.98955404034165 -33.890702704367555
21.916680622594434 -34.02770273726155
21.835013433956355 -34.151883914935055
21.744960339211453 -34.26359766537067
21.64692332259841 -34.363199254023
21.541298453289492 -34.45104780341063
21.428475830434067 -34.52750632460186
21.30883949173104 -34.59294176963391
21.182767253142 -34.64772512243363
21.050630412149655 -34.69223156877703
20.91279315383357 -34.72684083508082
20.769611244650275 -34.751937933896926
20.621428767381786 -34.76791502787984
20.468568325862364 -34.775177020720776
20.31129186523821 -34.77416392206345
20.149526412683457 -34.765507397939274
19.98654943566472 -34.74792711730501
21.118229992019877 -28.412577560555818
19.48207782818211 -34.7351351039984
19.141557449466966 -34.740885914705046
18.799698735030105 -34.74051231999056
18.456962845731567 -34.73436613615405
18.113738244892026 -34.72283839753638
17.770382218065297 -34.70633565610706
17.42723125271646 -34.68527405702548
17.084604497257292 -34.660077363421976
16.742805144242222 -34.6311761668554
16.402121058408277 -34.5990075286505
16.062825089779498 -34.56401480058483
15.725175241422686 -34.52664752889379
15.389414763963561 -34.487361399481415
15.055772210889675 -34.44661820576951
14.724461471000005 -34.4048858289662
14.395681786646591 -34.36263822592397
14.069617762409091 -34.320355422654046
13.746439365381615 -34.27852351048213
13.426301918059966 -34.23763464640635
13.109346081274953 -34.19818705558879
12.795697824059623 -34.160685039081585
12.485468371581277 -34.12563898662742
12.178754116320164 -34.09356540085619
11.87563646018311 -34.06498693981558
11.576181519702693 -34.04043249728156
11.28043953491325 -34.02043736402817
10.988443567839482 -34.00554358415931
10.700206247118388 -33.996300845507676
10.415710000810023 -33.99326915200004
10.134867986439332 -33.997029514486286
9.857250598661743 -34.00825878615149
9.585779922868888 -34.02671874841829
19.820435370169882 -34.72311319266731
9.345110831186624 -33.97407971777602
9.374121021239667 -33.90472228574862
9.4057482630488 -33.84591257021785
9.440260297941315 -33.798113669480614
9.477869254442219 -33.76180384182081
9.518773241271433 -33.73746512337209
9.563166748119805 -33.72558048296008
9.611244114905048 -33.726632871927364
9.663200922853228 -33.74110484401737
9.719234630287524 -33.769478380211694
9.779544895667676 -33.81223480092953
9.844333757322076 -33.86985471566979
9.913805744434832 -33.94281799265221
9.988167954133111 -34.03160373636615
10.067630114587246 -34.13669026944129
10.152404646516672 -34.258555113830084
10.242706734625145 -34.39767496933047
10.338754421580944 -34.554525683679685
10.440768744431637 -34.72958220976108
10.548973946120753 -34.9233185387549
10.663597822830553 -35.1362075897639
10.78487232800532 -35.3687210182776
10.91303469072514 -35.62132886090288
11.048329649710794 -35.894498825579774
11.191014365957898 -36.18869473152563
11.341370701723406 -36.50437260867241
11.499742055128607 -36.84196899642376
11.666680696757894 -37.20185414219384
11.84397911951423 -37.58400438547815
18.951867832443753 -29.313252189953474
20.214289777943335 -34.3422022627264
22.967313268795223 -32.565424743026114
25.658019763555714 -30.490496704607153
28.232161602345514 -28.123822975188148
30.63582212355996 -25.484324010934017
32.81910611067609 -22.60333253254612
34.73972524820009 -19.523213289831233
36.3659663354628 -16.294810829483737
37.67861928071149 -12.974051663989627
38.67163071135701 -9.618177873438611
39.35148333282443 -6.282127584434704
39.735514559154566 -3.01550164979065
39.8495279662653 0.1396006680280948
39.725096142658145 3.1497783949416487
39.39691380755217 5.990621830910328
38.90046632567349 8.64627591080793
38.27016650102088 11.108497804150346
37.538010127068176 13.375431326906892
-3.964845898542407 39.65204111368652
-0.9869458760410481 39.83754893713265
2.1498263455373063 39.791740526957454
5.411616669647103 39.4806126155797
8.75523419559029 38.87608830195035
12.129565862469605 37.9588988179147
15.478034920515753 36.72104032404269
18.741925239072756 35.167379854258144
21.86419979402396 33.31607922381738
24.793310259721977 31.197694367466312
27.486471989239604 28.853045334338987
29.911977018350896 26.330172774486726
32.05030809028894 23.680838642206766
33.894041186312776 20.957059420186
35.446720382589476 18.20808561049705
36.72101356308289 15.478098409706433
37.73649702887526 12.804731917161064
38.51738449863116 10.21838827140968
39.090439229135356 7.742217276333065
39.483216465664626 5.392586114856556
9.318103199629242 -34.053616591950515
-12.647029501029628 32.96253168418036
-34.57755015538334 8.471028601590945
-34.57864025094902 9.195506371587811
-34.54588425078765 9.928405064387647
-34.48064184900563 10.668596283434226
-34.38424797208931 11.414988802557815
-34.25801306683531 12.166527285781825
-34.10322317230822 12.922191966905785
-33.92113994441239 13.680998542518722
-33.713000666492846 14.441998129129956
-33.480018253633574 15.204277243067054
-33.2233812561156 15.966957790494291
-32.94425386120082 16.72919706150367
-32.643775894927956 17.49018772648003
-32.32306282393337 18.249157833570592
-31.983205756923777 19.005370806364027
-31.625271446967496 19.758125441949318
-31.250302294127536 20.506755908759317
-30.859316349012996 21.25063174414143
-30.453307316918224 21.98915785090435
-30.0332445644883 22.721774493374
-29.600073127994726 23.447957291180757
-29.154713726342788 24.167217211078906
-28.698062779735203 24.87910055430632
-28.23099243854726 25.583188937284035
-27.754350629573228 26.27909926102052
-27.268961132964026 26.966483660287736
-26.77562371613667 27.645029414253685
-26.2751143832589 28.314458781578082
-25.76818587321031 28.97452866997739
-25.25556875511277 29.62502990964225
-24.737974167179686 30.265785437298405
-24.216102032356158 30.896644847991695
-23.690673921455197 31.5174626038297
-23.162663091747778 32.12794549283839
-22.630207936543812 32.72969934720072
-34.54122748971069 7.756146281143884
-21.794349514441212 33.34360830320878
-21.49117412347621 33.35900719021751
-21.1862681323646 33.36830118473907
-20.87994283134785 33.37192020382952
-20.5725460584241 33.37026812737497
-20.264427373899316 33.36374589101166
-19.955929354797412 33.3527572596019
-19.647384693159612 33.337710750934065
-19.339115036132217 33.319020405302155
-19.031430459363957 33.29710613506066
-18.72462920431668 33.272393898884985
-18.418997537854363 33.245315795513335
-18.114809672951143 33.21631011660597
-17.81232772266529 33.18582137819104
-17.511801673087195 33.15430033941166
-17.213469368215506 33.12220401359011
-16.917556503531028 33.0899956748614
-16.624276625920977 33.05814486005036
-16.33383114102719 33.02712736821789
-16.04640932846759 32.99742525541558
-15.762188369655938 32.969526825536775
-15.481333394369571 32.94392661246553
-15.203997561166283 32.92112535023756
-14.930322199361989 32.90162991871938
-14.660437074293146 32.885953242109565
-14.394460918967738 32.874614084955084
-14.132502605113082 32.86813660343495
-13.874664071294344 32.867049221818235
-13.621049108483941 32.87188126161956
-13.371798503686485 32.88314945802256
-13.127336046357936 32.90126357213782
-12.88504642425525 32.92780101312189
-22.095763343659154 33.32148691632588
-12.407138177435328 32.95771369450321
-12.17218476532183 32.96215734879118
-11.94176363424203 32.9765517983833
-11.715770777030244 33.00146909312102
-11.494141929882232 33.03746465938269
-11.276815158431404 33.08509165353476
-11.06372150216955 33.14490455177656
-10.85478185269993 33.21746034630979
-10.649905701890411 33.30331902532632
-10.448990568233398 33.403043790759966
-10.251921705134983 33.5172011693536
-10.058571936684395 33.64636107250965
-9.86880155520874 33.79109683297102
-9.682458247629306 33.951985228063165
-9.499377033226871 34.12960649762266
-9.31938020011642 34.32454435910469
-9.14227722950865 34.537386024103796
-8.96786469331385 34.76872221751594
-8.795926104358898 35.019147204947814
-8.626231682705253 35.28925883405839
-8.458537970683523 35.57965860135988
-8.292587162952088 35.890951768279166
-8.128105865163562 36.223747575130716
-7.9648026138158485 36.578659668120935
-7.802362422342384 36.95630703874485
-7.640433148215422 37.35731637043514
-7.478584596402911 37.782329077526896
-7.316144936350156 38.232029463043744
-7.151055623537047 38.70734181475308
16.92343749399712 -30.529286131139727
16.92343749399712 -30.529286131139727
14.745390504961378 -31.638797498426243
12.430462428140483 -32.61784254227763
9.996290942858728 -33.444195545355086
7.465073267744948 -34.09857371500203
4.862863929359547 -34.565772126407964
2.218547951325089 -34.8355865929928
-0.4374293713721187 -34.903419658183765
-3.0744590523678035 -34.77050114429676
-5.663156590610733 -34.443703426322344
-8.176611257082982 -33.93498308001304
-10.591390654108377 -33.26052453438301
-12.888233472806899 -32.43968998373208
-15.05240744769507 -31.49388953938211
-17.073750207358696 -30.44547753192495
-18.946441653832505 -29.316759659760294
-20.66857462758436 -28.12916762284665
-22.241596112976875 -26.9026290655289
-23.66968658444132 -25.655135651259897
-34.48426191024953 5.4107050183447996
-34.771494582134935 3.0632030319240755
-34.90061386708358 0.6222539601816948
-34.8549136356214 -1.8907786077704145
-34.621248927241396 -4.4507494883687855
-34.19101607895655 -7.029542501383901
-33.56090456663135 -9.597173175455936
-32.73332321233407 -12.123101903683704
-31.716437957461427 -14.577640809840545
-30.52380609932626 -16.93331950625634
-29.17364360803185 -19.16607854835648
-27.6878074485607 -21.2561842055825
-26.09060500917138 -23.188798557614618
-24.40755314850824 -24.95418597335872
-22.664200357600844 -26.547581254056908
-20.885101626773444 -27.968778634927446
-19.093003656165056 -29.221520488774985
-17.308265048548915 -30.312769739821007
-15.548507559149169 -31.25194331514936
-13.828473522376402 -32.050169552299764
14.720790236944794 -37.031104524177294
