82.4192170443
2.1093407435
84.7807663802
32.4420521937
87.1480206243
32.8109465355
89.5208096855
33.214135084
91.8989634729
33.6497291546
94.2823118953
34.1158400626
96.6706848616
34.6105791233
99.0639122809
35.132057652
101.461824062
35.6783869639
103.864250114
36.2476783744
106.271020345
36.8380431988
108.681964666
37.4475927523
111.096912983
38.0744383503
113.515695208
38.7166913081
115.938141247
39.3724629409
118.364081012
40.0398645641
120.793344409
40.7170074929
123.225761349
41.4020030427
125.661161739
42.0929625286
128.09937549
42.7879972662
130.54023251
43.4852185705
132.983562708
44.182737757
135.429195993
44.8786661409
137.876962274
45.5711150375
140.326691459
46.2581957622
142.778213459
46.9380196302
145.23135818
47.6086979567
147.685955534
48.2683420572
150.141835428
48.9150632469
152.598827771
49.546972841
155.056762473
50.162182155
157.515469442
50.7588025041
159.974778587
51.3349452035
162.434519818
51.8887215686
164.894523043
52.4182429148
167.35461817
52.9216205571
169.81463511
53.3969658111
172.274403771
53.8423899919
174.733754061
54.2560044149
177.19251589
54.6359203954
179.650519167
54.9802492486
182.107593801
55.2871022899
184.5635697
55.5545908345
187.018276774
55.7808261977
189.471544931
55.9639196949
191.923204081
56.1019826414
194.373084132
56.1931263524
196.821014993
56.2354621432
199.266826573
56.2271013291
201.710348782
56.1661552255
204.151422091
56.0509358235
206.590003949
55.8819771784
209.02612459
55.6611960217
211.459815346
55.3905299465
213.89110755
55.0719165457
216.320032535
54.7072934123
218.746621633
54.2985981393
221.170906177
53.8477683197
223.592917499
53.3567415466
226.012686932
52.827455413
228.430245809
52.2618475117
230.845625463
51.6618554359
233.258857225
51.0294167786
235.669972429
50.3664691327
238.079002406
49.6749500912
240.485978491
48.9567972472
242.890932015
48.2139481936
245.293894311
47.4483405235
247.694896711
46.6619118298
250.093970548
45.8565997056
252.491147156
45.0343417438
254.886457865
44.1970755375
257.27993401
43.3467386797
259.671606922
42.4852687633
262.061507934
41.6146033814
264.44966838
40.736680127
266.83611959
39.853436593
269.220892899
38.9668103725
271.604019638
38.0787390585
273.985531141
37.1911602439
276.365458739
36.3060115219
278.743833766
35.4252304853
281.120687554
34.5507547271
283.496051436
33.6845218405
285.869956744
32.8284694184
288.24243481
31.9845350537
290.613516969
31.1546563395
292.983234551
30.3407708689
295.351618891
29.5448162347
297.718701319
28.76873003
300.08451317
28.0144498478
302.449085775
27.2839132811
304.812450467
26.5790579229
307.174638579
25.9018213662
309.535681444
25.254141204
311.895610393
24.6379550294
314.25445676
24.0552004352
316.612251877
23.5078150145
318.969027077
22.9977363604
321.324813693
22.5269020658
323.67964305
22.0972497237
199.699792913
5.91155476
201.768665354
206.231642877
203.840438511
206.531632536
205.914936178
206.811588773
207.991982148
207.071576625
210.071400217
207.311661128
212.153014178
207.531907318
214.236647824
207.73238023
216.32212495
207.913144902
218.40926935
208.074266369
220.497904818
208.215809668
222.587855147
208.337839834
224.678944132
208.440421903
226.770995566
208.523620913
228.863833243
208.587501898
230.957280958
208.632129896
233.051162504
208.657569942
235.145301676
208.663887072
237.239522266
208.651146322
239.33364807
208.61941273
241.427502881
208.56875133
243.520910493
208.499227158
245.613694699
208.410905252
247.705679295
208.303850648
249.796688073
208.17812838
251.886544829
208.033803486
253.975073355
207.870941001
256.062097445
207.689605962
258.147440895
207.489863405
260.230927496
207.271778366
262.312381045
207.035415881
264.391625334
206.780840987
266.468484157
206.508118719
268.542781308
206.217314113
270.614340582
205.908492206
272.682985772
205.581718034
274.748540672
205.237056632
276.810829076
204.874573038
278.869674778
204.494332287
280.924901573
204.096399415
282.976333253
203.680839459
285.023793613
203.247717454
287.067106446
202.797098437
289.106095548
202.329047444
291.140584711
201.843629511
293.17039773
201.340909674
295.195358399
200.82095297
297.215290511
200.283824434
299.23001786
199.729589102
301.239415881
199.158383835
303.243582153
198.570654473
305.242673983
197.966929924
307.236848674
197.347739095
309.226263533
196.713610896
311.211075865
196.065074236
313.191442976
195.402658024
315.167522171
194.726891168
317.139470755
194.038302577
319.107446034
193.337421161
321.071605313
192.624775827
323.032105898
191.900895485
324.989105094
191.166309044
326.942760207
190.421545412
328.893228542
189.667133498
330.840667405
188.903602212
332.785234101
188.131480461
334.727085935
187.351297155
336.666380214
186.563581203
338.603274242
185.768861513
340.537925324
184.967666994
342.470490767
184.160526556
344.401127876
183.347969106
346.329993956
182.530523554
348.257246313
181.708718809
350.183042252
180.883083779
352.107539078
180.054147373
354.030894098
179.2224385
355.953264616
178.38848607
357.874807938
177.55281899
359.79568137
176.715966169
361.716042216
175.878456517
363.636047783
175.040818942
365.555855375
174.203582354
367.475622299
173.36727566
369.39550586
172.53242777
371.315663362
171.699567592
373.236252113
170.869224036
375.157429416
170.04192601
377.079352578
169.218202423
379.002178904
168.398582184
380.926065699
167.583594201
382.851170269
166.773767384
384.77764992
165.969630642
386.705661956
165.171712883
388.635363684
164.380543015
390.566912408
163.596649949
392.500465434
162.820562592
394.436180068
162.052809854
396.374213616
161.293920643
398.314723381
160.544423869
400.25786667
159.804848439
-20.187000819
39.961893105
-19.5691960618
141.099950413
-18.9370558204
142.217323659
-18.2907804694
143.314285689
-17.6305703836
144.391109349
-16.9566259377
145.448067487
-16.2691475067
146.485432949
-15.5683354652
147.503478582
-14.854390188
148.502477231
-14.1275120499
149.482701745
-13.3879014257
150.444424969
-12.6357586901
151.38791975
-11.8712842179
152.313458935
-11.094678384
153.221315371
-10.306141563
154.111761903
-9.50587412981
154.985071379
-8.69407645912
155.841516646
-7.87094892574
156.681370549
-7.03669190444
157.504905936
-6.19150577
158.312395653
-5.33559089719
159.104112548
-4.46914766079
159.880329465
-3.59237643559
160.641319253
-2.70547759635
161.387354757
-1.80865151784
162.118708825
-0.902098574859
162.835654303
0.0139808578324
163.538464037
0.939386405454
164.227410875
1.87391769323
164.902767662
2.81737434638
165.564807246
3.76955599014
166.213802474
4.73026224972
166.850026191
5.69929275034
167.473751244
6.67644711724
168.085250481
7.66152497564
168.684796747
8.65432595075
169.27266289
9.65464966781
169.849121756
10.662295752
170.414446191
11.6770638287
170.968909043
12.6987535229
171.512783157
13.7271644599
172.046341381
14.7620962651
172.569856561
15.8033485635
173.083601544
16.8507209804
173.587849177
17.9040131411
174.082872305
18.9630246707
174.568943776
20.0275551945
175.046336436
21.0974043377
175.515323133
22.1723717255
175.976176712
23.2522569832
176.42917002
24.3368597359
176.874575904
25.4259796089
177.31266721
26.5194162275
177.743716786
27.6169692168
178.167997477
28.7184382021
178.585782131
29.8236228086
178.997343593
30.9323226614
179.402954712
32.044337386
179.802888333
33.1594666074
180.197417302
34.2775099508
180.586814467
35.3982670416
180.971352675
36.5215375049
181.351304771
37.647120966
181.726943602
38.7748170501
182.098542016
39.9044253823
182.466372859
41.035745588
182.830708976
42.1685772924
183.191823216
43.3027201206
183.549988425
44.4379736979
183.905477448
45.5741376496
184.258563134
46.7110116008
184.609518328
47.8483951767
184.958615877
48.9860880027
185.306128628
50.1238897039
185.652329428
51.2615999055
185.997491122
52.3990182328
186.341886558
53.5359443109
186.685788583
54.6721777652
187.029470042
55.8075182208
187.373203784
56.941765303
187.717262653
58.074718637
188.061919497
59.206177848
188.407447163
60.3359425612
188.754118496
61.4638124018
189.102206345
62.5895869952
189.451983555
63.7130659664
189.803722973
64.8340489408
190.157697446
65.9523355435
190.51417982
67.0677253997
190.873442941
68.1800181348
191.235759658
69.2890133739
191.601402816
70.3945107423
191.970645261
71.4963098651
192.343759841
72.5942103676
192.721019402
73.688011875
193.102696791
74.7775140126
193.489064854
75.8625164055
193.880396438
76.942818679
194.27696439
78.0182204583
194.679041556
79.0885213686
195.086900783
80.153521035
195.500814917
1.5989678466907264
-35.478651930987986
1.713542450166301
-36.32008766508706
1.8285608480368296
-37.087043524278535
1.943297601390384
-37.7819688608298
2.057348168473382
-38.40729795593368
2.1703784828763446
-38.96546130583015
2.2820891788481106
-39.45888723391174
2.392206647493765
-39.89000229389879
2.5004800554032727
-40.26123140429218
2.606680152043154
-40.574997901901874
2.710598727727074
-40.833723566345114
2.8120483427975387
-41.039828632207374
2.9108621822246477
-41.19573179573039
3.0068939731863793
-41.30385021783079
3.1000179368714527
-41.36659952682981
3.1901287602135966
-41.386393819210106
3.2771415807028603
-41.36564565986229
3.3609919813918054
-41.30676608176636
3.4416359963157106
-41.21216458533855
3.5190501300129995
-41.08424913505841
3.5932314018850207
-40.92542615520792
3.664197441267902
-40.73810051966094
3.731986702115961
-40.52467552876859
3.79665900491014
-40.28755285243542
3.8582971674903206
-40.02913235911549
3.9170135340872037
-39.75181143013794
3.97299568766212
-39.45798016077295
4.025889076642187
-39.15008616946531
1.5989678466907264
-35.478651930987986
3.9873859180871705
-38.512516554924616
3.898833372600393
-38.18742469087452
3.810776927278056
-37.857601185225825
3.723458619780189
-37.52543447810757
3.637116768551863
-37.19331316593446
3.5519789183261707
-36.863626741856095
3.4682600765975167
-36.53876578098744
3.3861621258878927
-36.221122002110825
3.3058735888126023
-35.91308829244524
3.2275695214744644
-35.61705871864574
3.151411460470854
-35.335428532481046
3.077547394785398
-35.07059417380593
3.0061117504041306
-34.82495327231161
2.937225382160534
-34.600904648238625
2.8709955705830623
-34.400848313010414
2.807516023408823
-34.22718546896132
2.746866883971876
-34.08231850923529
2.6891147535399966
-33.968651015969456
2.634312750445531
-33.888587756262666
2.582500690314049
-33.84453466958373
2.533689679388175
-33.8386833853903
2.487691679757262
-33.870600379962234
2.444132904588514
-33.93810265538891
4.076238188751489
-38.83048330995847
2.4500501794773015
-34.16347215446417
2.4997552359838835
-34.31682642953487
2.5517847306673787
-34.496789889706214
2.6060590339817225
-34.70112265607532
2.6624896140367866
-34.92758561942636
2.7209782540917615
-35.173940494777526
2.781416860313186
-35.43794983523575
2.8436874019011213
-35.71737703606539
2.907661892625555
-36.00998633547231
2.9732023899358353
-36.31354281475786
3.040161004947265
-36.62581239686296
3.108379923100557
-36.94456184433709
3.177691439115108
-37.26755875583324
3.247918014677964
-37.59257156047785
3.318872375630775
-37.91736950794805
3.39035768283415
-38.23972265197981
3.462167849893234
-38.55740181856661
3.5340881791213405
-38.86817854362341
3.6058967608676085
-39.16982493402673
3.6773679724565227
-39.46011332272276
3.748282975240045
-39.73681523092027
3.8184717038998883
-39.99769722007677
3.8881067929406186
-40.24049185175588
3.953760155234363
-40.46328729551131
2.4027457848052904
-34.038967324665094
4.216823013698388
-40.815445463278174
4.415455015113764
-40.94010909045987
4.612345352923455
-41.03549401304837
4.80674823503557
-41.09944678305845
4.997941970059117
-41.129813660389
5.185183335869397
-41.12444511984759
5.367696183105352
-41.0811969757314
5.544667651917052
-40.99793075343571
5.715246680730104
-40.87251383355238
5.878543360691083
-40.70281951083613
6.033628661752573
-40.4867270133035
6.179534362542256
-40.22212149722924
6.315253138319633
-39.90689401752261
6.439738838490143
-39.53894146412202
6.551907081971024
-39.1161664362897
6.650636503022838
-38.636476984280094
6.734771533347839
-38.09778603869333
6.803129389710023
-37.498009978972114
6.854521065376105
-36.83506433759102
6.887835323552963
-36.10684661312933
6.902626687000804
-35.311115957657016
9.24662614326843
-33.898992464229345
11.490220443077703
-33.20567149287502
13.751856708061837
-32.334628839746834
16.00627872970756
-31.280038784345606
18.226457229474192
-30.040606551556188
20.3846499591358
-28.620059943451498
22.453609653049398
-27.027341687108997
24.4078375582601
-25.276456453641597
26.224765965375354
-23.385966629253215
27.885756697272427
-21.37817481787863
29.376824112496138
-19.278070188344024
30.689026779363587
-17.11214248592962
31.818514328184676
-14.90717716639738
32.766256770910275
-12.689137178942936
33.53751567516389
-10.482214816601886
34.14113572564696
-8.3081066727748
34.58874052686258
-6.185532627723205
34.89391001041213
-4.129991441700028
35.07140225593088
-2.1537244312910104
35.136464121633026
-0.26584610670126096
20.622419257255558
28.449211045321235
22.476597282408648
27.008227630255078
24.284891420604367
25.394602454315176
26.02161546945581
23.611804536778457
27.661024531047076
21.66816805860769
29.178480426763144
19.576977936041473
30.551649743517885
17.35622317996215
31.761622566387132
15.028011081763978
32.7938407418539
12.617677857719158
33.638743325350276
10.15267120586769
34.292070894933374
7.661309213190336
34.754813149950564
5.171532464876986
35.03282723979066
2.7097602680374457
35.13618962084621
0.2999400793360465
35.078366461709436
-2.037152792814954
34.87529480017599
-4.284343324719732
34.54446029222191
-6.4282227903485065
34.10404130969994
-8.459086917010296
33.57216807551606
-10.370695050600721
32.96632384905621
-12.159904481631557
-8.265661227613549
34.539401927150884
-8.665823923772365
35.29771647644616
-9.056831855255865
35.98107564863965
-9.438392229303162
36.59212407428064
-9.809988201766174
37.13355527244718
-10.171110041533439
37.60805633053357
-10.5212881544618
38.01830000105336
-10.860101339834898
38.3669427258911
-11.187179542902271
38.656623977715704
-11.50220495610641
38.8899659962814
-11.80491251985488
39.06957366875618
-12.095090172914453
39.19803446990039
-12.372578987129316
39.27791843018212
-12.637273243759878
39.31177811711918
-12.889120478783
39.30214862549141
-13.128121509587032
39.251547571160266
-13.354330449918436
39.16247508819464
-13.567854715905654
39.03741382872627
-13.7688550234935
38.87882896624324
-13.9575453738519
38.68916820196899
-14.1341930196144
38.470861780731
-14.29911839081268
38.22632252284263
-14.45269492651289
37.95794589514116
-14.595348649421581
37.66811019078368
-14.727556884850287
37.359177069800424
-14.849843130499664
37.03349372134106
-14.962741136726322
36.693408002587645
-15.067279532017608
36.341064186497555
-8.265661227613549
34.539401927150884
-13.946917820658115
35.738103792864514
-12.74584900641048
35.48984548036419
-11.562030739049902
35.236270720396206
-10.396531226020045
34.97958006290359
-9.250140353038518
34.72199180166303
-8.12337522733938
34.46573963785532
-7.016481563442767
34.213072096059264
-5.929434144962698
33.96625232953344
-4.861937009204723
33.72755804239625
-3.813423530843977
33.49928145398473
-2.783056463537946
33.283729281159296
-1.7697279619312383
33.083222728627824
-0.7720595936289669
32.900097483350216
0.21159765461774782
32.73670371066169
1.1831633747416674
32.59540605166228
2.1448277391544934
32.47858362018199
3.0990515084771175
32.388629999383525
4.048566051618906
32.32795323446653
4.996373398491215
32.29897581625321
5.945746400405454
32.304134632618705
6.900185444264025
32.345674848567114
7.862832964024989
32.42333956749315
8.836269035944639
32.535204651458194
-15.163851849472707
35.97887920632941
10.4594979122366
32.43260245668696
11.109936144704221
32.21026664741442
11.774967970783166
32.009262652043304
12.455193923209578
31.82667928319406
13.151058707850467
31.659701618581984
13.862850507713205
31.50561120862917
14.59070081036532
31.36178612758303
15.334584351782297
31.225700988941277
16.094319095485417
31.094926949541964
16.86956622551861
30.967131709538755
17.65983014577361
30.84007950873972
18.46445848409914
30.711631120267043
19.282642101176833
30.579743839977276
20.113415106229894
30.44247146930386
20.95565488381419
30.29796428614292
21.808082141712845
30.144468994603635
22.669260999619212
29.980328630752695
23.53759916746452
29.80398237513603
24.4113483369091
29.61396513890454
25.28860516177798
29.40890653104212
26.167314197800295
29.187527757521693
27.04527966404669
28.94862922009409
27.920247771676543
28.691003703920813
28.788801509614814
28.41460177453792
9.822901792038436
32.67927606633882
29.436827308618604
28.523365075205447
29.20275034835845
28.912218073414742
28.94566623467142
29.282388344893256
28.664731374114353
29.63170059242252
28.3591948432221
29.957899268699627
28.02838560925727
30.25866205322231
27.67170934186379
30.53160321771631
27.288647359304605
30.77427474230717
26.87875622012865
30.984166753776655
26.44166755731169
31.158707712532255
25.977088025424393
31.295264486806815
25.484799321025832
31.39114236256564
24.964658275001796
31.44358499777333
24.41659705100767
31.44977430505042
23.840623538989234
31.40683020892472
23.236822159823305
31.311810140929474
22.605355651905313
31.161707915563714
21.94646955076888
30.953450905775654
21.260505643777833
30.683891557255468
20.547955806978223
30.34977342853765
19.80983889501448
29.94749344324123
19.80983889501448
29.94749344324123
-0.8810394646478841
-34.578712096735764
-3.4508490673466383
-34.41736773086518
-6.127447152602258
-34.042884017064026
-8.878585058403317
-33.43103779675265
-11.665103098647094
-32.56361359715996
-14.442436760472944
-31.430551716871708
-17.162897981357432
-30.031624892581554
-19.7785371743757
-28.377332997465526
-22.244254626085187
-26.488803237162205
-24.52075220429255
-24.396644690262004
-26.576927068974754
-22.1388913086813
-28.39140938439799
-19.75832568753549
-29.953107218758554
-17.299564409220288
-31.260797196573172
-14.806286483853064
-32.32194317443476
-12.318910269817621
-33.15100824807525
-9.872902964339005
-33.76754192432851
-7.497777883874896
-34.19428763328135
-5.216728290761285
-34.45548874295452
-3.046778018061307
-34.57549652928816
-0.9993000352191928
-10.400488560277623
32.989292179656445
-12.825688940064097
32.124216161953655
-15.294632775240004
31.02479281280958
-17.76963409219381
29.676651850179297
-20.20802477118184
28.07310627013883
-22.564195608042645
26.216800669974887
-24.792252037027552
24.12069235614331
-26.849011945960378
21.808120467680936
-28.69696838620731
19.311850409741304
-30.306809904660682
16.67215745516964
-31.659152750048413
13.934188457040072
-32.74527931367645
11.144964938326197
-33.56685652892713
8.35043134057333
-34.13477670423017
5.592904447561395
-34.46738033952702
2.9091671209460586
-34.588366769056684
0.3293099701226012
-34.52467875017086
-2.1237038411011397
-34.30458247179526
-4.433867639319491
-33.95608112463932
-6.591518449046518
0.2641660380944302
-33.74820652678093
0.29387215199452044
-33.76110384799418
0.32405959619987357
-33.81488247599145
0.35477782144377557
-33.90770720464303
0.38609612791540826
-34.03774275720238
0.4180848891933806
-34.20315391746732
0.45081086308485396
-34.4021055616829
0.4843356349574037
-34.63276266979665
0.5187150037014021
-34.8932903289774
0.5539987147363377
-35.181853735402655
0.5902303441063452
-35.4966181943083
0.6274472626741385
-35.835749119577116
0.6656806576657459
-36.197412032111885
0.7049556153144465
-36.57977255686447
0.745291295083149
-36.98099641780607
0.7867012731154261
-37.39924942787596
0.82919424335131
-37.832697469480195
0.8727755707329834
-38.27950645035369
0.917451183013327
-38.73784219490429
0.9632392539439252
-39.20587011659131
1.0102169439927593
-39.6817539073852
1.058847596543501
-40.16364636720729
1.1056063717463758
-40.6498120134888
0.23504311257880772
-33.77802473367689
1.3501191609535965
-41.612990509940005
1.5521676178873918
-42.085973679635174
1.7585921083796165
-42.55547900093228
1.969160716359056
-43.01968245859467
2.183680187365212
-43.47676068845982
2.401945125338557
-43.924892401600204
2.623725296108603
-44.36225873943255
2.8487614008168975
-44.7870433912978
3.076763392855071
-45.1974326408112
3.307409723340811
-45.59161538486953
3.5403469791954194
-45.9677831418326
3.775189711317239
-46.32413005233599
4.0115203728267375
-46.65885287493779
4.248889342425059
-46.97015097522518
4.486815045205105
-47.25622630488695
4.724784230661442
-47.5152833607774
4.962252567018368
-47.74552910257083
5.19864597765968
-47.9451727701578
5.433364005777321
-48.11242542727712
5.665789929023845
-48.24549859054221
5.895331239545385
-48.34259874675152
6.121703033511949
-48.40188897206397
6.341118497481034
-48.42200486988514
1.1530729619010742
-41.13834419088684
6.543106182948804
-48.35902686887087
6.52650075098876
-48.278635616537144
6.505171269506093
-48.16197305072197
6.479277829122225
-48.01083000523056
6.449041161408559
-47.826989100054845
6.41469877077526
-47.61223068222006
6.376493969306125
-47.36833431115295
6.33467222395393
-47.09707925320433
6.289479698440459
-46.80024467933998
6.241162594451907
-46.47960975418147
6.189966827826424
-46.13695368018972
6.136137861999941
-45.774055719754955
6.079920624589022
-45.39269520715618
6.0215594750356445
-44.99465155252574
5.961298212886504
-44.5817042411702
5.899380130687746
-44.155632826437966
5.836048133602958
-43.71821691412802
5.771544981015097
-43.27123613042528
5.706113784583749
-42.81647005586012
5.639999115946409
-42.35569807882203
5.573449786100184
-41.89069902736625
5.506727193098413
-41.423250063542355
5.440138723107907
-40.955122259923854
5.3742715723976175
-40.48804963172401
5.306828542767789
-40.024148208461895
6.555195202428422
-48.40130616973542
5.316058826584538
-39.086968222172345
5.390569139317506
-38.61774592774216
5.463524687705444
-38.15908046447527
5.535215788763139
-37.712739050504865
5.606008199574035
-37.28047774229432
5.676307046619343
-36.864046211305975
5.74654781354036
-36.465188936858254
5.8171933439216446
-36.08564560242522
5.888732651181442
-35.72715125187813
5.961680389419996
-35.391436358224894
6.036576604881532
-35.08022685377844
6.113986625065024
-34.795244141620856
6.194501028956211
-34.538205094516655
6.278735680412467
-34.31082204246874
6.367331830713056
-34.11480274646871
6.460956321485867
-33.95185035031568
6.560301961984351
-33.823663294330714
6.66608824517516
-33.73193515105277
6.779062792355489
-33.6783542978138
6.900004540179452
-33.664603192126066
7.029731716768538
-33.69235656200419
7.1691257768006835
-33.763275973344776
7.319227150085283
-33.878988101402655
7.4819054913836
-34.04093262525761
-2.1266330716774178
-33.785832597039104
13.631064555696526
-32.34716904462351
15.576993048820952
-31.456359510916087
17.49145195390423
-30.43344171577175
19.357679054876655
-29.281829309853663
21.159401538184
-28.00758812659373
22.881370248970143
-26.61931933112791
24.509855967340684
-25.127917275079312
26.033074064567188
-23.54621669975404
27.44151022454139
-21.88855369181357
28.728129188198466
-20.170271675641715
29.88845932723939
-18.40720688119123
30.920556724357652
-16.61518696791572
31.824861905696594
-14.80957226952745
32.60396939437828
-13.004862392715296
33.262334306544744
-11.214382845376377
33.8059412922546
-9.450058172712659
34.24195965467436
-7.722270723736045
34.57840514604641
-6.039798314421432
29.681794484213754
18.738632349238117
30.728498030269407
16.967753974134126
31.689056428873414
15.097978963115906
32.550241949567635
13.13876003082575
33.30008334094305
11.101788847265283
33.92833004298706
9.00076033550269
34.42686047603593
6.851025024517895
34.79000340150185
4.669146543695774
35.01474760635659
2.472390783464988
35.10082452017264
0.2781800263565515
35.05065958861144
-1.896451561811574
34.86919972773086
-4.035365717085426
34.56363438415548
-6.12376063227822
34.1430353418765
-8.148521569363936
33.61794468570429
-10.098468261669382
32.999941101380955
-11.964495535893064
32.3012123619269
-13.739612297030732
31.53415720686428
-15.418890860752185
30.711033832930184
-16.999343135416524
29.843665830055386
-18.479742312786755
5.240031398465192
-39.56493552326512
32.349640325846224
23.37397747079885
-9.327324042254702
32.285170865421634
-8.682910412660334
32.34149533439759
-8.047653930141252
32.43708843321437
-7.4188326790041685
32.57033640553803
-6.793842720313194
32.73962310218732
-6.170214399755082
32.94332493439899
-5.545616419750843
33.179809610601666
-4.917857190836401
33.44743571505043
-4.284885363760594
33.744552537148905
-3.644790059787425
34.06949999240203
-2.995800968869446
34.42060857970003
-2.336288376968298
34.796199354313416
-1.6647631412504609
35.19458390547467
-0.9798766081875101
35.61406433164976
-0.2804204445615426
36.05293320559446
0.43467369368241293
36.50947351427152
1.1663348360314387
36.981958543206616
1.9153541908439706
37.468651623865355
2.68238888654588
37.967805506197436
3.4679732019423852
38.47766047685806
4.2725634942528075
38.996436834317564
5.09685270513998
39.52228222102332
5.937562330551231
40.0539763073335
-9.983620531434042
32.269761716783535
7.693094252157266
40.70106144026744
8.608645842808869
40.802714776107734
9.54281582342162
40.89262434285402
10.494871426741156
40.96914779818721
11.464004523373717
41.03069678307273
12.44928278734102
41.07574509905061
13.449637489490897
41.1028307505365
14.463859431275239
41.110556623408144
15.490597321891642
41.09759075388567
16.5283570452807
41.062666446195266
17.57550130085849
41.0045823263622
18.630249420411246
40.922202362136744
19.690677279994418
40.814455860937386
20.754717274325287
40.68033744609215
21.82015834879394
40.518907002820185
22.88464611012938
40.32928956887932
23.94568308458389
40.11067511034855
25.00062931327176
39.86231802329297
26.046703863216692
39.583535885010235
27.080989379505127
39.27370570359119
28.100450314680813
38.93224891463041
29.10206056114106
38.558526353219804
30.08107928191663
38.15325703556732
6.797160310832851
40.58930341521247
31.336086689770696
37.33218070789883
31.611598775707705
36.92012229661668
31.86209587822208
36.481725259054855
32.08798685840986
36.01914637012385
32.28975664680934
35.53446809385912
32.467946484803406
35.02971484181279
32.62314898520873
34.50685703789236
32.75600648568246
33.96781247289658
32.86721039047785
33.41444684618051
32.95750087140976
32.848574011086384
33.027666719208696
32.271956097065214
33.07854526394459
31.68630357363483
33.111022331625406
31.0932752855
33.126032219832496
30.49447846982312
33.12455768664768
29.891468762259365
33.1076299494992
29.285750191849047
33.07632869585393
28.67877516228191
33.03178211168739
28.071944409377352
32.975166945354204
27.46660691043155
32.90770865398349
26.864059680433996
32.830681773830406
26.265547258216458
32.74541103602286
25.672260161248772
32.65327583493871
25.085328701091896
32.55574151284975
24.505779684539704
32.453934689823996
23.935124158161813
31.03536513605195
37.71555559646893
31.983549334144072
23.099466972709138
31.62416422343199
22.82989162057251
31.27289390343776
22.566368243444003
30.93118870925656
22.309956330399928
30.60050661366273
22.061704793107907
30.28230840101446
21.82265864496884
29.978056461649714
21.593860669485736
29.689214391410474
21.37635197483874
29.417246832742535
21.17117221342815
29.163619404759004
20.979359679131676
28.92979867048024
20.801951351896548
28.717252123229912
20.639982916814944
28.527448184206094
20.494488767518106
28.361856208979532
20.36650199680085
28.22194650438223
20.257054372912734
28.10919036052286
20.167176294353425
28.025060110209324
20.097896707691007
27.97102923938712
20.05024295139245
27.948572611385828
20.025240443608055
27.959166958362687
20.023911992641445
28.004292112514406
20.0472760745713
28.085434697261974
20.096341664915457
28.204102893496668
20.172087568350463
28.361929796849495
20.275317727882225
-4.600987553137344
-33.538574299343395
-4.600987553137344
-33.538574299343395
-7.162944228217697
-33.08620985365573
-9.781482843641243
-32.40875878333284
-12.419923386575704
-31.492071312765262
-15.037395444855633
-30.32955309152672
-17.5909127941828
-28.923430632692202
-20.037868595632773
-27.28532342928807
-22.338667956419215
-25.435977795822055
-24.45916674971474
-23.404149512561872
-26.372606525358776
-21.22476566549807
-28.06082208226431
-18.936613122842488
-29.51462715608855
-16.579862373788956
-30.733419603989176
-14.193730022155421
-31.72415722399691
-11.81452076572836
-32.499918411571855
-9.474194199924085
-33.07827440124524
-7.199501033587467
-33.47967177310295
-5.011649475172391
-33.725972069683564
-2.926407430899957
-33.83923671778675
-0.9545212696921794
-12.237235988651321
31.56350911820101
-14.521180810351979
30.580064754178807
-16.826649176625438
29.374630720801804
-19.118033113732025
27.937535008639344
-21.356091540739214
26.266374066480296
-23.499872139101257
24.36721284723788
-25.50907135624024
22.25516414315888
-27.346585832836894
19.954179907577952
-28.980941445387685
17.496001984330974
-30.388280435505038
14.918359985930238
-31.553650364285858
12.262634349319285
-32.47145668529734
9.571287960957022
-33.145082106770275
6.8853892142826965
-33.58580384464031
4.242503106191663
-33.81122561628135
1.675134269729483
-33.8434724835856
-0.7902042454253433
-33.70737816606669
-3.13332246448914
-33.4288423556566
-5.340182698874827
-33.03346949801414
-7.402360800479244
-32.54553707556386
-9.316279781103646
9.711110653554442
-33.731878038399174
21.16096439501319
-29.96836208104736
21.341200915174458
-30.415637551357435
21.503062156244972
-30.841516615279374
21.64709314450222
-31.246345080067783
21.77383238000658
-31.63047293167419
21.88381229212955
-31.994254011431067
21.97755935267752
-32.33804593542034
22.055594112986018
-32.66221006797852
22.118431218176664
-32.96711151153846
22.166579412732823
-33.25311910201046
22.200541543093983
-33.520605407608286
22.220814557642857
-33.769946727663324
22.227889506493277
-34.00152309338199
22.222251539932714
-34.21571826816486
22.204379906482792
-34.412919748746205
22.174747950187502
-34.59351876667262
22.133823106958673
-34.75791029020803
22.082066899946355
-34.90649302724955
22.01993493291109
-35.039669428681634
21.94787688132744
-35.15784569334616
21.86633648000638
-35.261431775306875
21.775751504757654
-35.35084139365151
21.67655374562021
-35.42649204793
21.56916896518283
-35.48880504102556
21.454016832629144
-35.53820551641704
21.33151081380462
-35.57512251971812
21.202057978957548
-35.599989105962095
21.066058646419826
-35.61324253941808
20.923905669933998
-35.615324692445455
20.775982871246693
-35.60668292296404
20.622661122056662
-35.58777226798901
20.464286590075595
-35.559062023433654
20.301133724687713
-35.52106206413944
20.13307615724249
-35.47450708246808
19.96400995780639
-35.41788033768128
20.96179785194236
-29.499350844585976
19.42454001142084
-35.33552597439885
19.055494144990398
-35.31079296162815
18.6854065365668
-35.27911937449471
18.314800557174756
-35.24090266546608
17.944112829770518
-35.19658623424755
17.57374309697498
-35.14663150998757
17.204066687586295
-35.091510972505034
16.835438671208664
-35.03170582587833
16.468195519427272
-34.96770506822111
16.10265586013398
-34.900005069289875
15.739120853657226
-34.829109359489394
15.37787439396405
-34.7555285163329
15.019183222311732
-34.679780100409346
14.66329699339024
-34.60238861734254
14.31044831388019
-34.523885494361025
13.960852764172515
-34.44480906698058
13.614708907311009
-34.36570457042066
13.272198288057687
-34.287124136506094
12.933485420983324
-34.20962679410937
12.59871776469138
-34.133778474132725
12.268025675008822
-34.06015202059385
11.941522322676143
-33.98932721150297
11.619303545887028
-33.92189079730781
11.30144757358984
-33.85843657376671
10.988014469849936
-33.79956552950367
10.679044909003167
-33.74588617091564
10.374557111803846
-33.69801533635669
10.074537651687336
-33.65658063945219
9.778904677602213
-33.62223024424773
9.48725046969183
-33.59570129208774
9.202322079164809
-33.57689477080615
19.79158493661773
-35.35316233114517
8.943880998676676
-33.45138793110411
8.967949430687916
-33.34680039911672
8.994701946046817
-33.25371652090166
9.024423440634095
-33.172664085337715
9.057347256805357
-33.104184502313956
9.093694335368156
-33.04882239591805
9.13368300528996
-33.00712300303098
9.177532248444976
-32.979631304737325
9.225463007794538
-32.96689167888161
9.277698784506853
-32.969447741057394
9.334465939725156
-32.98784226414111
9.395993861116246
-33.02261713368247
9.462515063270018
-33.07431332065741
9.534265255018127
-33.14347086336559
9.611483390644658
-33.23062885223513
9.694411716345336
-33.33632541698981
9.783295819393814
-33.46109771133382
9.878384688962598
-33.605481894768815
9.979930798954996
-33.770013105942525
10.088190230936448
-33.955225425219766
10.203422865744614
-34.161651813076105
10.325892700543719
-34.38982401132844
10.455868400261537
-34.6402723677688
10.593624320708898
-34.913525514168725
10.739442552477001
-35.21010971989048
10.893617416763817
-35.5305474715945
11.056466704224391
-35.87535392328033
11.228365390176918
-36.245026244127445
11.409880496123264
-36.64000101289267
11.602715120181514
-37.06035597555439
18.809465271233673
-30.29096767144091
20.04138457755178
-33.83192987127947
22.851031035762418
-32.00135864620634
25.609766848894964
-29.839510997094806
28.254039567990873
-27.348963832125463
30.719018942433024
-24.547880760158165
32.94350083762737
-21.470498996570768
34.8749309779744
-18.16578552890084
36.47374645541916
-14.694298013389414
37.716316663501885
-11.123669895270666
38.59604356091526
-7.523429805908478
39.1225667279636
-3.9599680827674035
39.31938654960011
-0.49235755668783554
39.22046302003537
2.830522053356816
38.866421847204236
5.9714175365374444
38.30092275933126
8.904823995129988
37.56757727847341
11.61609710816981
36.707612294513865
14.099921071983204
35.75831193146135
16.358474941534467
-13.99503188653145
36.74772995839973
-11.15208342967027
37.707925026155664
-8.06529436712043
38.48645997454426
-4.756873787017042
39.03368707123235
-1.262291193593839
39.302203443866574
2.369840529912665
39.25099273220087
6.07944037344997
38.84967154746832
9.798247245649776
38.082160200198956
13.45443269378707
36.94908409539883
16.97792279062007
35.468390325982455
20.305616097684606
33.67400376394161
23.38569361652307
31.612749147687452
26.180431590171253
29.3401018463274
28.66727071776728
26.91550044481329
30.838249519879398
24.397929034042193
32.69817414726893
21.842298002622726
34.262022103695216
19.296901719353883
35.55206948171826
16.80199185119369
36.59513314767062
14.389329536318229
37.4201832812889
12.082485580179622
8.921886145204788
-33.567037790977935
-11.67543878436068
32.71131620160804
-36.14140337613553
2.37514711711151
-36.083795690960116
3.2628060312860327
-35.98602092201219
4.169256756998919
-35.8498151463195
5.092652526068264
-35.67688159132879
6.031195239287342
-35.468890479897766
6.983139209768581
-35.22747899198538
7.946792098383611
-34.954251252541326
8.920515225209357
-34.650778327380976
9.902723693760436
-34.31859822157379
10.891886446969096
-33.959215880116346
11.886526294994809
-33.574103188027095
12.885219929463148
-33.16469897223904
13.886597931430572
-32.7324090030087
14.889344775380295
-32.27860599625384
15.892198831158566
-31.804629616428482
16.89395236440646
-31.311786480152882
17.89345153579353
-30.801350161300803
18.88959639933887
-30.27456119726913
19.881340899278825
-29.7326270978956
20.86769286550333
-29.17672235820194
21.84771400699006
-28.60798847618983
22.820519901682047
-28.027533980024327
23.785279981749966
-27.436434469082513
24.741217510277608
-26.83573268002863
25.687609544495587
-26.22643859631348
26.623786874304415
-25.609529639325363
27.549133914569495
-24.985951023627333
28.463088505734845
-24.356616466627187
29.365141514759983
-23.72240974961219
30.254835957470277
-23.084188619948254
31.1317648046996
-22.44279649678034
31.99556440051876
-21.799109293869503
32.845888136527265
-21.154363177406797
33.68222217180116
-20.505749504255693
34.50636215899476
-36.157076144097964
1.5081492457887293
-19.58543987024925
35.27030779855963
-19.31283222439664
35.21631995204655
-19.03868238303712
35.155457569710336
-18.763260752504245
35.08824862151522
-18.486896031222976
35.015187104938775
-18.209925544962882
34.936760968389166
-17.932682831507016
34.85345909223608
-17.65549350264871
34.76577361517434
-17.378673589740362
34.67420086459899
-17.10252879254487
34.579241779377384
-16.827354104531242
34.48140212080051
-16.55343361209966
34.38119258548747
-16.28104038146486
34.27912886980906
-16.010436392522305
34.17573170772246
-15.74187249976922
34.07152689318255
-15.475588410742654
33.96704529431659
-15.211812675835011
33.86282286014321
-14.95076268850106
33.7594006235303
-14.692644695466889
33.6573246992686
-14.437653819970187
33.5571462770767
-14.185974104487489
33.459421607293194
-13.937778586221228
33.364711974629415
-13.693229432604333
33.273583650325406
-13.452478195713098
33.18660780163347
-13.215666323669907
33.104360309908145
-12.98292628749131
33.02742136832725
-12.75438440053627
32.95637447585719
-12.530169278746762
32.89180341763699
-12.310445684210986
32.834280185746366
-12.09565143337625
32.78428042129258
-11.883294772697703
32.74332650577114
-19.856640862529595
35.3166636982059
-11.731925590198209
32.57481349654742
-11.792186001209977
32.44890107633023
-11.856132779912699
32.33422571616859
-11.923987563046168
32.23132361645702
-11.996028667531228
32.14071041697082
-12.072555061532682
32.06289405614601
-12.153877356270499
31.998377987220692
-12.240314801514131
31.947662250081095
-12.332194082276253
31.911243901445317
-12.429848769621586
31.889617211129234
-12.533619043422888
31.883273761464977
-12.643851539681016
31.892702502411538
-12.760899258835963
31.91838978500195
-12.885121505085976
31.960819384552565
-13.016883840209452
32.02047251796088
-13.156558043167117
32.09782786105782
-13.304522067262639
32.19336156650979
-13.461159988440834
32.30754728740786
-13.626861934447703
32.440856208629185
-13.802023981494152
32.59375709560621
-13.98704799165126
32.76671636826816
-14.182341345984355
32.960198226216306
-14.388316478477584
33.17466486398243
-14.605390013487067
33.410576873282196
-14.833981040829158
33.668394044437406
-15.074507322586868
33.94857713062697
-15.32737581109005
34.251592258894334
-15.59295420226588
34.577924160863375
-15.871457150326322
34.928129098734786
-16.16214976836784
35.30320534542901
16.82949827858173
-31.434164438604668
16.82949827858173
-31.434164438604668
14.721643029836676
-32.474789187369396
12.497935174434762
-33.39371681376079
10.174050557986194
-34.173489747252404
7.768971157527808
-34.79916368844982
5.304421456145512
-35.25906719239191
2.8041053703910315
-35.545403350275365
0.2927986000617224
-35.654634695111184
-2.2046304416550555
-35.58761457133298
-4.6641896624217765
-35.349456022051896
-7.063643999750376
-34.94915792557546
-9.38324319760433
-34.39903273867793
-11.606253219377567
-33.71399698151663
-13.719272331305415
-32.91079265167434
-15.712336372637768
-32.0072053134151
-17.578836844747844
-31.021334617449313
-19.31528825518085
-29.970958374421343
-20.920987212721673
-28.873015088611027
-22.39760587124876
-27.74321462084427
-35.648403830214136
-0.728018282735917
-35.528461284991565
-3.011170035530796
-35.252834003075506
-5.3456899473900705
-34.81204046798484
-7.7110663800417
-34.1999805874119
-10.08464347821345
-33.41446293327071
-12.442362040348314
-32.45753467719403
-14.759645962582226
-31.335570459766362
-17.01236991788744
-30.059100712951025
-19.17783018463483
-28.642388463045695
-21.235637249539067
-27.102791485792952
-23.168457003858776
-25.4599690097532
-24.962545629090613
-23.73500536131795
-26.608048157657706
-21.949525478207608
-28.099057591733185
-20.124869804710702
-29.43345582165756
-18.28138124229407
-30.612575947409624
-16.43783803741604
-31.640736194306584
-14.611047242997959
-32.52469838022954
-12.815596489529451
-33.273100139295465
-11.063748968384836
-33.895901891328805
14.493781319188045
-36.55389004842107
3.569945714113056
3.593482655816981
3.6144816729515896
3.6331529831058824
3.649680128106858
3.6642244930700443
3.6769289303766244
3.6879207028883814
3.6973138983971148
3.705211428949988
3.711706701420566
3.71688502569134
3.720824811988606
3.723598597721292
3.725273935772642
3.725914169579522
3.725579115374469
3.7243256679836856
3.7222083434607924
3.7192797692796242
3.715591130900827
3.7111925817333065
3.7061336221805377
3.70046345228497
3.694231301395443
3.6874867371917732
3.680279953952036
3.6726620937571814
3.569945714113056
3.65631449874467
3.647691218379987
3.6388725879961417
3.6299176732153127
3.6208876709719817
3.61184602471428
3.6028585044065684
3.5939932461853488
3.5853207462537875
3.576913803353482
3.568847404125291
3.5611985458263975
3.5540459913590596
3.54746995235831
3.5415516973030727
3.53637308315959
3.532016011128365
3.5285618093868787
3.5260905485333156
3.524680298394317
3.524399971614569
3.5252373696161787
3.527124904359826
3.66468535020946
3.533721973132452
3.5382818687149142
3.5435947181262204
3.54958413214067
3.556173945619812
3.563288678117498
3.570853928172927
3.578796701399351
3.587045674060474
3.5955313950679924
3.604186430162327
3.6129454527067817
3.621745285814025
3.6305249006501112
3.639225375661726
3.6477898212843995
3.6561632742742263
3.664292565458111
3.6721261641018836
3.679614001668651
3.68670727694773
3.6933582436111956
3.6995199756307136
3.7051462759719773
3.529991119324007
3.714369225281434
3.7178926597876294
3.7207145903014687
3.72278743877184
3.7240623754508912
3.7244889329266506
3.7240145797135478
3.7225842492446692
3.720139816151552
3.716619509317688
3.711957248629059
3.7060818892920144
3.698916353643634
3.69037662548137
3.6803705755218514
3.6687965782200553
3.655541869259618
3.6404805781632565
3.623471350143408
3.604354439827574
3.58294807463719
3.5592680772284635
3.559268077228464
3.5592680772284635
3.559268077228464
3.5592680772284635
3.559268077228463
3.5592680772284635
3.5592680772284635
3.559268077228464
3.559268077228464
3.559268077228464
3.5592680772284635
3.5592680772284635
3.5592680772284644
3.559268077228463
3.5592680772284635
3.559268077228464
3.5592680772284644
3.559268077228464
3.559268077228464
3.5592680772284635
3.559268077228464
3.559268077228464
3.559268077228464
3.5592680772284644
3.559268077228464
3.559268077228463
3.559268077228464
3.5592680772284635
3.5592680772284635
3.559268077228463
3.559268077228464
3.5592680772284635
3.5592680772284635
3.5592680772284644
3.559268077228464
3.5592680772284635
3.5592680772284644
3.559268077228464
3.5592680772284644
3.569945714113056
3.5930817254963148
3.6137092330569005
3.6320384575070923
3.6482530036573544
3.6625143239882854
3.674965334655378
3.6857333566756583
3.6949325296736713
3.702665810904382
3.7090266456707903
3.714100375418079
3.7179654350129074
3.7206943795456318
3.722354772597958
3.723009961307651
3.722719758603841
3.7215410490054377
3.7195283312623624
3.7167342085635093
3.7132098351280285
3.7090053262056117
3.7041701371882025
3.6987534163837927
3.6928043350147846
3.686372397463185
3.6795077378410483
3.672261280570086
3.569945714113056
3.6470964466482103
3.6299048118775956
3.613204614697466
3.5970903621958987
3.5816566053476637
3.5669975893764283
3.553206877554215
3.5403769588037557
3.528598847433918
3.5179616822964106
3.5085523314217206
3.500455006545861
3.4937508900554515
3.488517774839632
3.484829715628204
3.4827566887116803
3.4823642558751127
3.4837132278679137
3.486859323170175
3.4918528189515685
3.498731826498387
3.5074507905050583
3.5179067571667857
3.66468535020946
3.5286368225343328
3.5284891870776516
3.5294834360642797
3.5315537768140026
3.534633848036964
3.5386571034949488
3.543557133871702
3.5492679283704356
3.5557240788994253
3.5628609308256984
3.5706146849782003
3.5789224561009974
3.5877222930744983
3.596953166159109
3.6065549262127203
3.616468240433758
3.6266345085508545
3.636995762813602
3.6474945543065505
3.6580738273560254
3.668676782238191
3.6792467219249168
3.6897268385134847
3.7000611998838617
3.529991119324007
3.7133070224084195
3.7158621686225346
3.7178104059635975
3.719104847099957
3.7196972919518774
3.7195378302664053
3.7185744113901213
3.716752371285715
3.714013907523107
3.7102974914211404
3.705537204165013
3.699661980738627
3.692594741593993
3.6842513871020923
3.6745396234440455
3.663357580294178
3.650592169923625
3.6361171231324065
3.6197906196534833
3.6014524132834276
3.580920407877316
3.580920407877316
3.5435627260320586
3.543562726032058
3.543562726032058
3.543562726032058
3.543562726032058
3.543562726032058
3.543562726032058
3.5435627260320586
3.543562726032058
3.543562726032058
3.5435627260320586
3.543562726032058
3.543562726032058
3.543562726032058
3.5435627260320586
3.543562726032058
3.543562726032058
3.543562726032058
3.5435627260320586
3.543562726032058
3.5435627260320586
3.543562726032058
3.543562726032058
3.543562726032058
3.543562726032058
3.543562726032058
3.543562726032058
3.543562726032058
3.543562726032058
3.5435627260320586
3.543562726032058
3.543562726032058
3.5435627260320586
3.543562726032058
3.5435627260320586
3.543562726032058
3.543562726032058
3.543562726032058
3.543562726032058
3.5189579103516007
3.519347248482613
3.52094693363859
3.5236970743609497
3.5275343197153832
3.5323925619634813
3.5382036228920857
3.5448979111268075
3.552405039626366
3.560654394986794
3.569575652418927
3.5790992325431636
3.5891566981194325
3.5996810906257815
3.610607208080256
3.62187182665958
3.6334138696088676
3.6451745275011356
3.657097334358732
3.669128204162511
3.6812154319152235
3.6933096592207173
3.705363948885225
3.519834644750523
3.728938441417794
3.740394155848493
3.7516617497813147
3.7627042525005674
3.773486314462801
3.783974069088275
3.7941349860209392
3.803937720166015
3.8133519579095574
3.822348261139615
3.830897909377435
3.838972739969598
3.846544986106771
3.853587112181039
3.8600716457880786
3.865971005433891
3.8712573228025664
3.875902258143121
3.8798768070289302
3.8831510960955624
3.8856941633747364
3.8874737014213228
3.888456308020967
3.7173332977567166
3.8877235350286115
3.886044009707934
3.8836093266927842
3.8804510373983683
3.8765995003891955
3.87208410014553
3.866933451843224
3.861175594466971
3.854838174311176
3.847948620586677
3.840534314616373
3.8326227538106843
3.82424171145452
3.8154193930339977
3.8061845897089532
3.796566829258679
3.786596524662079
3.7763051202159765
3.765725234882956
3.7548908023120195
3.743837206690873
3.732601413335898
3.721222092692258
3.709739736830616
3.6981967469723642
3.888614923379505
3.6749534222259737
3.663360598543797
3.6519100122039685
3.640654736913328
3.629650014997486
3.6189532057108686
3.608623693024747
3.5987227507292885
3.5893133614414934
3.580459986341059
3.572228283007477
3.5646847696940287
3.5578964354765867
3.5519302971400237
3.5468529053175293
3.5427298042169695
3.5396249512786055
3.5376001050428334
3.536714191652662
3.5370226620020464
3.5385768531404436
3.5414233677627847
3.5456034821574045
3.5511525506679518
3.522018653037676
3.5582560239783336
3.5582560239783345
3.558256023978334
3.5582560239783336
3.5582560239783345
3.558256023978334
3.5582560239783336
3.5582560239783345
3.5582560239783336
3.5582560239783336
3.5582560239783345
3.5582560239783336
3.558256023978333
3.558256023978334
3.5582560239783336
3.5582560239783345
3.5582560239783345
3.558256023978334
3.5582560239783336
3.5582560239783336
3.558256023978333
3.5582560239783345
3.558256023978334
3.558256023978334
3.5582560239783336
3.558256023978334
3.5582560239783345
3.558256023978334
3.558256023978334
3.558256023978333
3.5582560239783336
3.5582560239783345
3.5582560239783345
3.5582560239783345
3.5582560239783345
3.5582560239783345
3.5582560239783336
3.558256023978334
3.6866375768590225
3.6866375768590225
3.5146904530309926
3.511151099228785
3.50916931384739
3.5086929835810854
3.509665866702659
3.5120282546412267
3.5157176144822238
3.520669205561152
3.526816661005004
3.5340925266898444
3.5424287520494806
3.5517571292996215
3.5620096794906995
3.5731189854755057
3.5850184732319046
3.597642644002408
3.610927260490075
3.624809490672378
3.639228012717836
3.6541230827023647
3.669436556981735
3.685111762785121
3.7010963730772937
3.5198346447505235
3.7238057346528635
3.73052422241405
3.7374632433532424
3.74459798021025
3.7519042513860863
3.75935829525437
3.766936537871705
3.7746153613913713
3.782370878391273
3.790178714749966
3.798013802796924
3.8058501857549722
3.813660834004824
3.8214174731463926
3.829090423317251
3.8366484486690133
3.8440586153842653
3.8512861559927587
3.858294337046394
3.8650443257910836
3.871495046274115
3.8776029674412418
3.8833233411448473
3.7173332977567166
3.886511507427639
3.8837142540071836
3.8802568370870985
3.87617140756214
3.8714888635848337
3.8662390735066645
3.860451081031339
3.854153297935869
3.847373687022886
3.8401399371904272
3.8324796321597665
3.824420414075323
3.815990143018925
3.807217053171796
3.7981299062327305
3.788758142420406
3.7791320292198196
3.7692828077727536
3.759242836594624
3.749045732038437
3.738726504599512
3.7283216897325064
3.71786947068674
3.707409781906372
3.696984667372057
3.888614923379505
3.6751080320713374
3.6636575324765115
3.6523369410336444
3.641199315170327
3.630299886238649
3.6196960046925835
3.609447047093282
3.5996142809516836
3.5902606836343223
3.581450712054523
3.57325002048922
3.565725124844589
3.558943012803546
3.5529707007164752
3.547874739751189
3.5437206756393826
3.540572468371071
3.5384918801316805
3.5375378419440917
3.5377658111246117
3.5392271334561785
3.5419684249778256
3.546030989076633
3.551450284045693
3.522018653037676
3.522018653037676
3.5220186530376765
3.5220186530376756
3.5220186530376765
3.5220186530376765
3.522018653037676
3.522018653037676
3.5220186530376765
3.5220186530376756
3.522018653037676
3.522018653037676
3.522018653037676
3.522018653037676
3.522018653037676
3.522018653037676
3.5220186530376765
3.522018653037676
3.522018653037676
3.5220186530376756
3.5220186530376756
3.5220186530376765
3.522018653037676
3.5220186530376765
3.5220186530376756
3.522018653037676
3.5220186530376756
3.5220186530376765
3.5220186530376765
3.5220186530376765
3.522018653037676
3.522018653037676
3.5220186530376765
3.5220186530376756
3.522018653037676
3.522018653037677
3.522018653037676
3.5220186530376765
3.522018653037676
3.522018653037676
3.5582560239783336
3.602405072109083
3.6151214729269454
3.626940679622683
3.637908328234752
3.6480664772512124
3.6574539912116713
3.666106876198024
3.6740585744438623
3.681340224038953
3.6879808887005603
3.6940077618340847
3.6994463483406723
3.704320627227497
3.708653197487157
3.7124654094444423
3.715777483402325
3.7186086171729897
3.720977083872061
3.7229003211320904
3.724395012780094
3.725477163867796
3.726162169804618
3.726464880305294
3.726399658704388
3.725980437191023
3.7252207683925698
3.7241338737030425
3.722732688721248
3.7210299060661876
3.7190380158101193
3.7167693436424827
3.7142360865109487
3.711450343716044
3.7084241237730513
3.7051699013502333
3.5887418229738564
3.6969121303458388
3.6919835352890282
3.686925855430883
3.68175174674475
3.6764739691565147
3.6711054210260206
3.6656591644262972
3.6601484474952835
3.6545867251063973
3.64898767813693
3.6433652313584393
3.637733569894134
3.632107154173839
3.6265007332457775
3.6209293563060556
3.6154083823338476
3.609953487601179
3.604580670946392
3.5993062565819023
3.594146894256596
3.589119556568254
3.584241533219316
3.579530422005859
3.5750041163223942
3.5706807889694536
3.5665788719659437
3.5627170319617325
3.5591141401106983
3.555789231409764
3.552761409501694
3.550050955720899
3.7016989879537965
3.5446167242106807
3.541875608018419
3.539471848176214
3.537424853358053
3.535753816379455
3.534477643371819
3.5336148814532407
3.5331836443454097
3.5332015363836606
3.533685575453211
3.534652115542042
3.5361167696417937
3.5380943337730084
3.540598712962822
3.54364284995713
3.5472386575718464
3.5513969554279354
3.556127411926513
3.5614384921468623
3.5673374124487953
3.5738301022747603
3.580921173812248
3.588613899806121
3.5969101999648823
3.605810636030577
3.615314415616833
3.6254194046304677
3.6361221475616037
3.6474178929943912
3.659300603305286
3.5739128618494327
3.671796087831207
3.671796087831207
3.6717960878312064
3.671796087831206
3.6717960878312064
3.6717960878312064
3.6717960878312064
3.6717960878312064
3.671796087831206
3.671796087831206
3.671796087831206
3.6717960878312064
3.671796087831206
3.6717960878312064
3.6717960878312064
3.671796087831207
3.6717960878312064
3.6717960878312064
3.671796087831206
3.671796087831207
3.6717960878312064
3.6717960878312064
3.6717960878312064
3.6717960878312064
3.671796087831207
3.671796087831206
3.671796087831206
3.6717960878312064
3.6717960878312064
3.6717960878312064
3.6717960878312064
3.6717960878312064
3.671796087831206
3.671796087831207
3.6717960878312064
3.6717960878312064
3.6717960878312064
3.6717960878312064
3.547675650004439
3.547675650004439
3.589593905618446
3.589915431120939
3.5897974107130683
3.5893277944484168
3.5885915748606814
3.5876707981899782
3.5866444811447566
3.585588443097852
3.584575065802521
3.583672994298971
3.5829467943161033
3.582456582843411
3.582257649880977
3.5824000899517543
3.582928462134148
3.5838814966090333
3.585291864173603
3.5871860227848233
3.589584151994735
3.592500182417103
3.595941923190454
3.599911286105386
3.604404601008767
3.609413013328963
3.6149229515935195
3.6209166505125987
3.627372713888882
3.6342667012213283
3.6415717222989
3.6492590254527077
3.657298567501072
3.665659558227362
3.6743109895826085
3.6832223124292804
3.6923594382356844
3.5887418229738564
3.6974260134454027
3.6929796835247397
3.688372204341679
3.6836159545810387
3.6787234587141824
3.6737074035395816
3.6685806591819943
3.6633563001826692
3.658047625797985
3.652668179204439
3.6472317654401514
3.6417524679530047
3.6362446636537435
3.6307230363181096
3.6252025881913066
3.6196986496788397
3.614226886890616
3.608803306926638
3.6034442606750243
3.598166442944014
3.592986889726088
3.587922972393247
3.5829923886247435
3.578213149874442
3.573603565221824
3.5691822214565216
3.564967959434782
3.5609798471908873
3.5572371529202935
3.553759346815528
3.550565310696543
3.701698987953796
3.5445200461002373
3.5416884001867506
3.5392003155339697
3.5370752162295687
3.5353323033397266
3.533990488929688
3.5330683249456274
3.5325839292350976
3.532554909718549
3.5329982873991455
3.5339304189527523
3.53536691964929
3.537322587390303
3.53981132869493
3.542846087418396
3.546438777108959
3.550600217748914
3.555340077736896
3.560666821795524
3.566587665587643
3.57310853753972
3.5802340485388466
3.587967469804592
3.59631071940471
3.605264357542482
3.614827590871279
3.6249982861045345
3.635772993864643
3.647146988402186
3.6591143763967953
3.5739128618494322
3.5739128618494322
3.5739128618494322
3.5739128618494322
3.5739128618494327
3.5739128618494322
3.5739128618494327
3.573912861849432
3.5739128618494327
3.5739128618494322
3.5739128618494322
3.5739128618494322
3.5739128618494327
3.5739128618494327
3.5739128618494327
3.5739128618494322
3.5739128618494322
3.5739128618494327
3.5739128618494322
3.5739128618494327
3.5739128618494322
3.573912861849432
3.5739128618494322
3.5739128618494322
3.5739128618494322
3.5739128618494322
3.573912861849432
3.5739128618494322
3.5739128618494322
3.5739128618494327
3.5739128618494322
3.5739128618494327
3.5739128618494322
3.5739128618494322
3.5739128618494322
3.5739128618494322
3.5739128618494327
3.5739128618494327
3.5739128618494322
3.5739128618494327
3.671796087831206
19.580236980539457
0.0
0.0
0.0
0.0
0.0
0.0
0.0
0.0
0.0
0.0
0.0
0.0
0.0
0.0
0.0
0.0
0.0
0.0
0.0
0.0
0.0
0.0
0.0
0.0
0.0
0.0
0.0
19.580236980539457
0.0
0.0
0.0
0.0
0.0
0.0
0.0
0.0
0.0
0.0
0.0
0.0
0.0
0.0
0.0
0.0
0.0
0.0
0.0
0.0
0.0
0.0
0.0
0.0
0.0
0.0
0.0
0.0
0.0
0.0
0.0
0.0
0.0
0.0
0.0
0.0
0.0
0.0
0.0
0.0
0.0
0.0
0.0
0.0
0.0
0.0
0.0
0.0
0.0
0.0
0.0
0.0
0.0
0.0
0.0
0.0
0.0
0.0
0.0
0.0
0.0
0.0
0.0
0.0
0.0
0.0
0.0
0.0
0.0
0.0
0.0
0.0
0.0
0.0
0.0
0.0
0.0
0.0
0.0
0.0
0.0
0.0
0.0
0.0
0.0
0.0
0.0
0.0
0.0
0.0
49.42504086748519
49.42504086748526
49.425040867485365
53.65316640169715
58.092698212619716
58.09269821261975
62.754206614088446
67.64879043563046
72.78810344825
78.18438211149984
83.85047470791274
0.0
0.0
0.0
0.0
0.0
0.0
0.0
0.0
0.0
45.88559792979657
46.95958361226699
47.93830233923613
48.825076355955446
49.62320597823781
50.335968803614364
50.9666204660644
47.16635990159038
47.6022532612798
47.97180194321326
48.277915184578255
48.52348673401832
48.71139580795264
53.35138631361909
44.626278720122414
53.47506895411392
53.45955259607038
48.88588071583901
53.289212277206914
44.3761574327722
52.953566101640135
57.40861877292145
57.131707249199074
56.82307737749635
56.486035804446765
47.19651076215552
60.508275908074005
60.07139012104004
45.88559792979657
53.96229518318736
48.721012002883654
47.91411789422626
55.7213162887662
46.42611798472059
54.06948610451402
49.126371886422994
48.50011055814446
52.0326422462909
51.48209575629307
46.98091475072609
42.805242768214164
46.29065055028525
58.46774946654862
62.79598341804238
58.13188014118121
49.6817004741285
42.09457240969723
42.22721448911088
42.43860325172142
42.73154514332319
43.10574891138138
43.558825735214555
46.1839769225997
40.30938782757929
40.303437171973506
40.34352875074255
40.427140124454525
40.551850555290784
40.71532964793069
40.915325592944626
37.5335819255649
41.41618087090027
38.047259296404604
38.343415066926966
38.66329026856245
39.00502230767523
39.36673963316062
39.74655012781917
40.14252966034154
40.55271085297536
40.975072118836366
41.40752701203989
41.84791392593694
42.29398613189956
42.7434019794369
43.19371335184125
43.642407283834146
40.36401568492435
44.22433239534203
44.33747651916581
44.42394064549994
44.48148205566019
44.507842688549474
44.50074595878101
44.45789374574563
44.37696343191171
48.51929119165628
48.339307970043876
48.109745802769815
47.82791900557279
47.49109925891429
47.096512559921365
46.6413362209526
46.122695920012696
45.53766281753261
49.02462418434442
48.23072194566379
47.354317417156345
46.39195177218501
46.39195177218501
0.0
0.0
0.0
0.0
0.0
0.0
0.0
0.0
0.0
0.0
0.0
0.0
0.0
0.0
0.0
0.0
0.0
0.0
0.0
76.96606105468739
44.690828837863556
40.91555439864605
40.91555439864613
44.69082883786355
40.91555439864609
37.320054932724744
37.32005493272472
40.91555439864614
44.690828837863535
44.69082883786354
44.69082883786354
48.65486699904184
52.81710706827908
57.187459140978156
66.59464197746289
71.6538707956212
76.9660610546874
0.0
0.0
1.2102020846309174
0.0
0.0
0.0
0.0
0.0
0.0
0.0
0.0
0.0
0.0
0.0
0.0
0.0
0.0
0.0
0.0
0.0
0.0
0.0
0.0
0.0
0.0
0.0
0.0
0.0
0.0
0.0
1.0
0.0
0.0
0.0
0.0
0.0
0.0
0.0
0.0
0.0
0.0
0.0
0.0
0.0
0.0
0.0
0.0
0.0
0.0
0.0
0.0
0.0
0.0
0.0
0.0
0.0
0.0
0.0
0.0
0.0
0.0
0.0
0.0
0.0
0.0
0.0
0.0
0.0
0.0
0.0
0.0
0.0
0.0
0.0
0.0
0.0
0.0
0.0
0.0
0.0
0.0
0.0
0.0
0.0
0.0
0.0
0.0
0.0
0.0
0.0
0.0
0.0
0.0
0.0
0.0
0.0
0.0
0.0
0.0
0.0
0.0
0.0
0.0
0.0
0.0
0.0
0.0
0.0
0.0
0.0
0.0
0.0
0.0
0.0
0.0
0.0
0.0
0.0
0.0
0.0
0.0
1.5290966785450177
1.5506918593048888
0.9280160641337631
1.6010806144112546
1.6082790079978784
1.637072582344373
1.658667763104244
1.6658661566908677
1.6730645502774912
1.8314292091832123
1.835028405976524
0.0
0.0
0.0
0.0
0.0
0.0
0.0
0.0
0.0
0.9294060802398902
0.9294060802398902
0.9294060802398902
1.1383640827298152
1.1383640827298152
1.1383640827298152
1.1383640827298152
0.9294060802398902
0.9294060802398902
0.9294060802398902
0.9294060802398902
0.9294060802398902
0.9294060802398902
1.1383640827298152
1.65843214437221
1.1383640827298152
1.1383640827298152
1.686669712276254
0.9294060802398902
1.7036122530186804
0.9294060802398902
0.9294060802398902
0.9294060802398902
0.9294060802398902
0.9294060802398902
1.825033795006069
0.9294060802398902
1.8278575517964735
0.9294060802398902
1.8321611130015616
1.8321611130015616
1.83646467420665
1.8407682354117378
1.8407682354117378
1.8450717966168262
1.8450717966168262
1.7090565182106097
1.705457321417298
1.705457321417298
1.7018581246239861
1.6982589278306741
1.6946597310373623
1.6946597310373623
0.9280160641337631
0.9280160641337631
1.1655630524923446
1.0071983935866238
1.021595180759871
1.0359919679331184
0.9280160641337631
0.9280160641337631
1.0863807230394842
1.8278575517964735
0.9280160641337631
1.1223726909726026
1.13676947814585
1.1439678717324737
1.158364658905721
1.1727614460789684
1.179959839665592
1.1943566268388395
1.201555020425463
1.2159518075987104
1.2231502011853341
1.2375469883585815
1.2447453819452052
1.2591421691184526
1.2663405627050761
1.2807373498783234
1.2879357434649472
1.3023325306381945
1.3095309242248183
1.3239277113980656
1.3455228921579367
1.3527212857445603
1.365769480364929
1.3846674760190427
0.9280160641337631
1.4161641354425658
1.4224634673272702
1.428762799211975
1.4350621310966796
1.441361462981384
1.4476607948660887
1.4539601267507933
1.4539601267507933
1.4602594586354978
1.4602594586354978
1.4602594586354978
1.4665587905202024
1.472858122404907
1.4791574542896115
1.5003031041985229
1.5003031041985229
1.991931380138492
1.5146998913717704
1.521898284958394
1.5146998913717704
1.5146998913717704
1.5146998913717704
0.0
0.0
0.0
0.0
0.0
0.0
0.0
0.0
0.0
0.0
0.0
0.0
0.0
0.0
0.0
0.0
0.0
0.0
0.0
1.7346735777131286
1.3534591917565457
1.2484905975555862
1.1920154617474985
0.9294060802398902
1.1185977851969844
1.0790651901313228
1.0338850814848526
1.0
1.709259766599489
1.7149072801802978
1.7177310369707022
1.7205547937611065
1.7233785505515111
1.7262023073419155
1.7290260641323199
1.7318498209227242
1.7346735777131286
0.0
0.0
