19.580236980539457
0.0
0.0
0.0
0.0
0.0
0.0
0.0
0.0
0.0
0.0
0.0
0.0
0.0
0.0
0.0
0.0
0.0
0.0
0.0
0.0
0.0
0.0
0.0
0.0
0.0
0.0
0.0
19.580236980539457
0.0
0.0
0.0
0.0
0.0
0.0
0.0
0.0
0.0
0.0
0.0
0.0
0.0
0.0
0.0
0.0
0.0
0.0
0.0
0.0
0.0
0.0
0.0
0.0
0.0
0.0
0.0
0.0
0.0
0.0
0.0
0.0
0.0
0.0
0.0
0.0
0.0
0.0
0.0
0.0
0.0
0.0
0.0
0.0
0.0
0.0
0.0
0.0
0.0
0.0
0.0
0.0
0.0
0.0
0.0
0.0
0.0
0.0
0.0
0.0
0.0
0.0
0.0
0.0
0.0
0.0
0.0
0.0
0.0
0.0
0.0
0.0
0.0
0.0
0.0
0.0
0.0
0.0
0.0
0.0
0.0
0.0
0.0
0.0
0.0
0.0
0.0
0.0
0.0
0.0
49.42504086748519
49.42504086748526
49.425040867485365
53.65316640169715
58.092698212619716
58.09269821261975
62.754206614088446
67.64879043563046
72.78810344825
78.18438211149984
83.85047470791274
0.0
0.0
0.0
0.0
0.0
0.0
0.0
0.0
0.0
45.88559792979657
46.95958361226699
47.93830233923613
48.825076355955446
49.62320597823781
50.335968803614364
50.9666204660644
47.16635990159038
47.6022532612798
47.97180194321326
48.277915184578255
48.52348673401832
48.71139580795264
53.35138631361909
44.626278720122414
53.47506895411392
53.45955259607038
48.88588071583901
53.289212277206914
44.3761574327722
52.953566101640135
57.40861877292145
57.131707249199074
56.82307737749635
56.486035804446765
47.19651076215552
60.508275908074005
60.07139012104004
45.88559792979657
53.96229518318736
48.721012002883654
47.91411789422626
55.7213162887662
46.42611798472059
54.06948610451402
49.126371886422994
48.50011055814446
52.0326422462909
51.48209575629307
46.98091475072609
42.805242768214164
46.29065055028525
58.46774946654862
62.79598341804238
58.13188014118121
49.6817004741285
42.09457240969723
42.22721448911088
42.43860325172142
42.73154514332319
43.10574891138138
43.558825735214555
46.1839769225997
40.30938782757929
40.303437171973506
40.34352875074255
40.427140124454525
40.551850555290784
40.71532964793069
40.915325592944626
37.5335819255649
41.41618087090027
38.047259296404604
38.343415066926966
38.66329026856245
39.00502230767523
39.36673963316062
39.74655012781917
40.14252966034154
40.55271085297536
40.975072118836366
41.40752701203989
41.84791392593694
42.29398613189956
42.7434019794369
43.19371335184125
43.642407283834146
40.36401568492435
44.22433239534203
44.33747651916581
44.42394064549994
44.48148205566019
44.507842688549474
44.50074595878101
44.45789374574563
44.37696343191171
48.51929119165628
48.339307970043876
48.109745802769815
47.82791900557279
47.49109925891429
47.096512559921365
46.6413362209526
46.122695920012696
45.53766281753261
49.02462418434442
48.23072194566379
47.354317417156345
46.39195177218501
46.39195177218501
0.0
0.0
0.0
0.0
0.0
0.0
0.0
0.0
0.0
0.0
0.0
0.0
0.0
0.0
0.0
0.0
0.0
0.0
0.0
76.96606105468739
44.690828837863556
40.91555439864605
40.91555439864613
44.69082883786355
40.91555439864609
37.320054932724744
37.32005493272472
40.91555439864614
44.690828837863535
44.69082883786354
44.69082883786354
48.65486699904184
52.81710706827908
57.187459140978156
66.59464197746289
71.6538707956212
76.9660610546874
0.0
0.0
