1.2102020846309174
0.0
0.0
0.0
0.0
0.0
0.0
0.0
0.0
0.0
0.0
0.0
0.0
0.0
0.0
0.0
0.0
0.0
0.0
0.0
0.0
0.0
0.0
0.0
0.0
0.0
0.0
0.0
1.0
0.0
0.0
0.0
0.0
0.0
0.0
0.0
0.0
0.0
0.0
0.0
0.0
0.0
0.0
0.0
0.0
0.0
0.0
0.0
0.0
0.0
0.0
0.0
0.0
0.0
0.0
0.0
0.0
0.0
0.0
0.0
0.0
0.0
0.0
0.0
0.0
0.0
0.0
0.0
0.0
0.0
0.0
0.0
0.0
0.0
0.0
0.0
0.0
0.0
0.0
0.0
0.0
0.0
0.0
0.0
0.0
0.0
0.0
0.0
0.0
0.0
0.0
0.0
0.0
0.0
0.0
0.0
0.0
0.0
0.0
0.0
0.0
0.0
0.0
0.0
0.0
0.0
0.0
0.0
0.0
0.0
0.0
0.0
0.0
0.0
0.0
0.0
0.0
0.0
0.0
1.5290966785450177
1.5506918593048888
0.9280160641337631
1.6010806144112546
1.6082790079978784
1.637072582344373
1.658667763104244
1.6658661566908677
1.6730645502774912
1.8314292091832123
1.835028405976524
0.0
0.0
0.0
0.0
0.0
0.0
0.0
0.0
0.0
0.9294060802398902
0.9294060802398902
0.9294060802398902
1.1383640827298152
1.1383640827298152
1.1383640827298152
1.1383640827298152
0.9294060802398902
0.9294060802398902
0.9294060802398902
0.9294060802398902
0.9294060802398902
0.9294060802398902
1.1383640827298152
1.65843214437221
1.1383640827298152
1.1383640827298152
1.686669712276254
0.9294060802398902
1.7036122530186804
0.9294060802398902
0.9294060802398902
0.9294060802398902
0.9294060802398902
0.9294060802398902
1.825033795006069
0.9294060802398902
1.8278575517964735
0.9294060802398902
1.8321611130015616
1.8321611130015616
1.83646467420665
1.8407682354117378
1.8407682354117378
1.8450717966168262
1.8450717966168262
1.7090565182106097
1.705457321417298
1.705457321417298
1.7018581246239861
1.6982589278306741
1.6946597310373623
1.6946597310373623
0.9280160641337631
0.9280160641337631
1.1655630524923446
1.0071983935866238
1.021595180759871
1.0359919679331184
0.9280160641337631
0.9280160641337631
1.0863807230394842
1.8278575517964735
0.9280160641337631
1.1223726909726026
1.13676947814585
1.1439678717324737
1.158364658905721
1.1727614460789684
1.179959839665592
1.1943566268388395
1.201555020425463
1.2159518075987104
1.2231502011853341
1.2375469883585815
1.2447453819452052
1.2591421691184526
1.2663405627050761
1.2807373498783234
1.2879357434649472
1.3023325306381945
1.3095309242248183
1.3239277113980656
1.3455228921579367
1.3527212857445603
1.365769480364929
1.3846674760190427
0.9280160641337631
1.4161641354425658
1.4224634673272702
1.428762799211975
1.4350621310966796
1.441361462981384
1.4476607948660887
1.4539601267507933
1.4539601267507933
1.4602594586354978
1.4602594586354978
1.4602594586354978
1.4665587905202024
1.472858122404907
1.4791574542896115
1.5003031041985229
1.5003031041985229
1.991931380138492
1.5146998913717704
1.521898284958394
1.5146998913717704
1.5146998913717704
1.5146998913717704
0.0
0.0
0.0
0.0
0.0
0.0
0.0
0.0
0.0
0.0
0.0
0.0
0.0
0.0
0.0
0.0
0.0
0.0
0.0
1.7346735777131286
1.3534591917565457
1.2484905975555862
1.1920154617474985
0.9294060802398902
1.1185977851969844
1.0790651901313228
1.0338850814848526
1.0
1.709259766599489
1.7149072801802978
1.7177310369707022
1.7205547937611065
1.7233785505515111
1.7262023073419155
1.7290260641323199
1.7318498209227242
1.7346735777131286
0.0
0.0
