-20.187000819 39.961893105
-19.5691960618 141.099950413
-18.9370558204 142.217323659
-18.2907804694 143.314285689
-17.6305703836 144.391109349
-16.9566259377 145.448067487
-16.2691475067 146.485432949
-15.5683354652 147.503478582
-14.854390188 148.502477231
-14.1275120499 149.482701745
-13.3879014257 150.444424969
-12.6357586901 151.38791975
-11.8712842179 152.313458935
-11.094678384 153.221315371
-10.306141563 154.111761903
-9.50587412981 154.985071379
-8.69407645912 155.841516646
-7.87094892574 156.681370549
-7.03669190444 157.504905936
-6.19150577 158.312395653
-5.33559089719 159.104112548
-4.46914766079 159.880329465
-3.59237643559 160.641319253
-2.70547759635 161.387354757
-1.80865151784 162.118708825
-0.902098574859 162.835654303
0.0139808578324 163.538464037
0.939386405454 164.227410875
1.87391769323 164.902767662
2.81737434638 165.564807246
3.76955599014 166.213802474
4.73026224972 166.850026191
5.69929275034 167.473751244
6.67644711724 168.085250481
7.66152497564 168.684796747
8.65432595075 169.27266289
9.65464966781 169.849121756
10.662295752 170.414446191
11.6770638287 170.968909043
12.6987535229 171.512783157
13.7271644599 172.046341381
14.7620962651 172.569856561
15.8033485635 173.083601544
16.8507209804 173.587849177
17.9040131411 174.082872305
18.9630246707 174.568943776
20.0275551945 175.046336436
21.0974043377 175.515323133
22.1723717255 175.976176712
23.2522569832 176.42917002
24.3368597359 176.874575904
25.4259796089 177.31266721
26.5194162275 177.743716786
27.6169692168 178.167997477
28.7184382021 178.585782131
29.8236228086 178.997343593
30.9323226614 179.402954712
32.044337386 179.802888333
33.1594666074 180.197417302
34.2775099508 180.586814467
35.3982670416 180.971352675
36.5215375049 181.351304771
37.647120966 181.726943602
38.7748170501 182.098542016
39.9044253823 182.466372859
41.035745588 182.830708976
42.1685772924 183.191823216
43.3027201206 183.549988425
44.4379736979 183.905477448
45.5741376496 184.258563134
46.7110116008 184.609518328
47.8483951767 184.958615877
48.9860880027 185.306128628
50.1238897039 185.652329428
51.2615999055 185.997491122
52.3990182328 186.341886558
53.5359443109 186.685788583
54.6721777652 187.029470042
55.8075182208 187.373203784
56.941765303 187.717262653
58.074718637 188.061919497
59.206177848 188.407447163
60.3359425612 188.754118496
61.4638124018 189.102206345
62.5895869952 189.451983555
63.7130659664 189.803722973
64.8340489408 190.157697446
65.9523355435 190.51417982
67.0677253997 190.873442941
68.1800181348 191.235759658
69.2890133739 191.601402816
70.3945107423 191.970645261
71.4963098651 192.343759841
72.5942103676 192.721019402
73.688011875 193.102696791
74.7775140126 193.489064854
75.8625164055 193.880396438
76.942818679 194.27696439
78.0182204583 194.679041556
79.0885213686 195.086900783
80.153521035 195.500814917
