82.4192170443 2.1093407435
84.7807663802 32.4420521937
87.1480206243 32.8109465355
89.5208096855 33.214135084
91.8989634729 33.6497291546
94.2823118953 34.1158400626
96.6706848616 34.6105791233
99.0639122809 35.132057652
101.461824062 35.6783869639
103.864250114 36.2476783744
106.271020345 36.8380431988
108.681964666 37.4475927523
111.096912983 38.0744383503
113.515695208 38.7166913081
115.938141247 39.3724629409
118.364081012 40.0398645641
120.793344409 40.7170074929
123.225761349 41.4020030427
125.661161739 42.0929625286
128.09937549 42.7879972662
130.54023251 43.4852185705
132.983562708 44.182737757
135.429195993 44.8786661409
137.876962274 45.5711150375
140.326691459 46.2581957622
142.778213459 46.9380196302
145.23135818 47.6086979567
147.685955534 48.2683420572
150.141835428 48.9150632469
152.598827771 49.546972841
155.056762473 50.162182155
157.515469442 50.7588025041
159.974778587 51.3349452035
162.434519818 51.8887215686
164.894523043 52.4182429148
167.35461817 52.9216205571
169.81463511 53.3969658111
172.274403771 53.8423899919
174.733754061 54.2560044149
177.19251589 54.6359203954
179.650519167 54.9802492486
182.107593801 55.2871022899
184.5635697 55.5545908345
187.018276774 55.7808261977
189.471544931 55.9639196949
191.923204081 56.1019826414
194.373084132 56.1931263524
196.821014993 56.2354621432
199.266826573 56.2271013291
201.710348782 56.1661552255
204.151422091 56.0509358235
206.590003949 55.8819771784
209.02612459 55.6611960217
211.459815346 55.3905299465
213.89110755 55.0719165457
216.320032535 54.7072934123
218.746621633 54.2985981393
221.170906177 53.8477683197
223.592917499 53.3567415466
226.012686932 52.827455413
228.430245809 52.2618475117
230.845625463 51.6618554359
233.258857225 51.0294167786
235.669972429 50.3664691327
238.079002406 49.6749500912
240.485978491 48.9567972472
242.890932015 48.2139481936
245.293894311 47.4483405235
247.694896711 46.6619118298
250.093970548 45.8565997056
252.491147156 45.0343417438
254.886457865 44.1970755375
257.27993401 43.3467386797
259.671606922 42.4852687633
262.061507934 41.6146033814
264.44966838 40.736680127
266.83611959 39.853436593
269.220892899 38.9668103725
271.604019638 38.0787390585
273.985531141 37.1911602439
276.365458739 36.3060115219
278.743833766 35.4252304853
281.120687554 34.5507547271
283.496051436 33.6845218405
285.869956744 32.8284694184
288.24243481 31.9845350537
290.613516969 31.1546563395
292.983234551 30.3407708689
295.351618891 29.5448162347
297.718701319 28.76873003
300.08451317 28.0144498478
302.449085775 27.2839132811
304.812450467 26.5790579229
307.174638579 25.9018213662
309.535681444 25.254141204
311.895610393 24.6379550294
314.25445676 24.0552004352
316.612251877 23.5078150145
318.969027077 22.9977363604
321.324813693 22.5269020658
323.67964305 22.0972497237
