199.699792913 5.91155476
201.768665354 206.231642877
203.840438511 206.531632536
205.914936178 206.811588773
207.991982148 207.071576625
210.071400217 207.311661128
212.153014178 207.531907318
214.236647824 207.73238023
216.32212495 207.913144902
218.40926935 208.074266369
220.497904818 208.215809668
222.587855147 208.337839834
224.678944132 208.440421903
226.770995566 208.523620913
228.863833243 208.587501898
230.957280958 208.632129896
233.051162504 208.657569942
235.145301676 208.663887072
237.239522266 208.651146322
239.33364807 208.61941273
241.427502881 208.56875133
243.520910493 208.499227158
245.613694699 208.410905252
247.705679295 208.303850648
249.796688073 208.17812838
251.886544829 208.033803486
253.975073355 207.870941001
256.062097445 207.689605962
258.147440895 207.489863405
260.230927496 207.271778366
262.312381045 207.035415881
264.391625334 206.780840987
266.468484157 206.508118719
268.542781308 206.217314113
270.614340582 205.908492206
272.682985772 205.581718034
274.748540672 205.237056632
276.810829076 204.874573038
278.869674778 204.494332287
280.924901573 204.096399415
282.976333253 203.680839459
285.023793613 203.247717454
287.067106446 202.797098437
289.106095548 202.329047444
291.140584711 201.843629511
293.17039773 201.340909674
295.195358399 200.82095297
297.215290511 200.283824434
299.23001786 199.729589102
301.239415881 199.158383835
303.243582153 198.570654473
305.242673983 197.966929924
307.236848674 197.347739095
309.226263533 196.713610896
311.211075865 196.065074236
313.191442976 195.402658024
315.167522171 194.726891168
317.139470755 194.038302577
319.107446034 193.337421161
321.071605313 192.624775827
323.032105898 191.900895485
324.989105094 191.166309044
326.942760207 190.421545412
328.893228542 189.667133498
330.840667405 188.903602212
332.785234101 188.131480461
334.727085935 187.351297155
336.666380214 186.563581203
338.603274242 185.768861513
340.537925324 184.967666994
342.470490767 184.160526556
344.401127876 183.347969106
346.329993956 182.530523554
348.257246313 181.708718809
350.183042252 180.883083779
352.107539078 180.054147373
354.030894098 179.2224385
355.953264616 178.38848607
357.874807938 177.55281899
359.79568137 176.715966169
361.716042216 175.878456517
363.636047783 175.040818942
365.555855375 174.203582354
367.475622299 173.36727566
369.39550586 172.53242777
371.315663362 171.699567592
373.236252113 170.869224036
375.157429416 170.04192601
377.079352578 169.218202423
379.002178904 168.398582184
380.926065699 167.583594201
382.851170269 166.773767384
384.77764992 165.969630642
386.705661956 165.171712883
388.635363684 164.380543015
390.566912408 163.596649949
392.500465434 162.820562592
394.436180068 162.052809854
396.374213616 161.293920643
398.314723381 160.544423869
400.25786667 159.804848439
