0.2641660380944302 -33.74820652678093
0.29387215199452044 -33.76110384799418
0.32405959619987357 -33.81488247599145
0.35477782144377557 -33.90770720464303
0.38609612791540826 -34.03774275720238
0.4180848891933806 -34.20315391746732
0.45081086308485396 -34.4021055616829
0.4843356349574037 -34.63276266979665
0.5187150037014021 -34.8932903289774
0.5539987147363377 -35.181853735402655
0.5902303441063452 -35.4966181943083
0.6274472626741385 -35.835749119577116
0.6656806576657459 -36.197412032111885
0.7049556153144465 -36.57977255686447
0.745291295083149 -36.98099641780607
0.7867012731154261 -37.39924942787596
0.82919424335131 -37.832697469480195
0.8727755707329834 -38.27950645035369
0.917451183013327 -38.73784219490429
0.9632392539439252 -39.20587011659131
1.0102169439927593 -39.6817539073852
1.058847596543501 -40.16364636720729
1.1056063717463758 -40.6498120134888
0.23504311257880772 -33.77802473367689
1.3501191609535965 -41.612990509940005
1.5521676178873918 -42.085973679635174
1.7585921083796165 -42.55547900093228
1.969160716359056 -43.01968245859467
2.183680187365212 -43.47676068845982
2.401945125338557 -43.924892401600204
2.623725296108603 -44.36225873943255
2.8487614008168975 -44.7870433912978
3.076763392855071 -45.1974326408112
3.307409723340811 -45.59161538486953
3.5403469791954194 -45.9677831418326
3.775189711317239 -46.32413005233599
4.0115203728267375 -46.65885287493779
4.248889342425059 -46.97015097522518
4.486815045205105 -47.25622630488695
4.724784230661442 -47.5152833607774
4.962252567018368 -47.74552910257083
5.19864597765968 -47.9451727701578
5.433364005777321 -48.11242542727712
5.665789929023845 -48.24549859054221
5.895331239545385 -48.34259874675152
6.121703033511949 -48.40188897206397
6.341118497481034 -48.42200486988514
1.1530729619010742 -41.13834419088684
6.543106182948804 -48.35902686887087
6.52650075098876 -48.278635616537144
6.505171269506093 -48.16197305072197
6.479277829122225 -48.01083000523056
6.449041161408559 -47.826989100054845
6.41469877077526 -47.61223068222006
6.376493969306125 -47.36833431115295
6.33467222395393 -47.09707925320433
6.289479698440459 -46.80024467933998
6.241162594451907 -46.47960975418147
6.189966827826424 -46.13695368018972
6.136137861999941 -45.774055719754955
6.079920624589022 -45.39269520715618
6.0215594750356445 -44.99465155252574
5.961298212886504 -44.5817042411702
5.899380130687746 -44.155632826437966
5.836048133602958 -43.71821691412802
5.771544981015097 -43.27123613042528
5.706113784583749 -42.81647005586012
5.639999115946409 -42.35569807882203
5.573449786100184 -41.89069902736625
5.506727193098413 -41.423250063542355
5.440138723107907 -40.955122259923854
5.3742715723976175 -40.48804963172401
5.306828542767789 -40.024148208461895
6.555195202428422 -48.40130616973542
5.316058826584538 -39.086968222172345
5.390569139317506 -38.61774592774216
5.463524687705444 -38.15908046447527
5.535215788763139 -37.712739050504865
5.606008199574035 -37.28047774229432
5.676307046619343 -36.864046211305975
5.74654781354036 -36.465188936858254
5.8171933439216446 -36.08564560242522
5.888732651181442 -35.72715125187813
5.961680389419996 -35.391436358224894
6.036576604881532 -35.08022685377844
6.113986625065024 -34.795244141620856
6.194501028956211 -34.538205094516655
6.278735680412467 -34.31082204246874
6.367331830713056 -34.11480274646871
6.460956321485867 -33.95185035031568
6.560301961984351 -33.823663294330714
6.66608824517516 -33.73193515105277
6.779062792355489 -33.6783542978138
6.900004540179452 -33.664603192126066
7.029731716768538 -33.69235656200419
7.1691257768006835 -33.763275973344776
7.319227150085283 -33.878988101402655
7.4819054913836 -34.04093262525761
-2.1266330716774178 -33.785832597039104
13.631064555696526 -32.34716904462351
15.576993048820952 -31.456359510916087
17.49145195390423 -30.43344171577175
19.357679054876655 -29.281829309853663
21.159401538184 -28.00758812659373
22.881370248970143 -26.61931933112791
24.509855967340684 -25.127917275079312
26.033074064567188 -23.54621669975404
27.44151022454139 -21.88855369181357
28.728129188198466 -20.170271675641715
29.88845932723939 -18.40720688119123
30.920556724357652 -16.61518696791572
31.824861905696594 -14.80957226952745
32.60396939437828 -13.004862392715296
33.262334306544744 -11.214382845376377
33.8059412922546 -9.450058172712659
34.24195965467436 -7.722270723736045
34.57840514604641 -6.039798314421432
29.681794484213754 18.738632349238117
30.728498030269407 16.967753974134126
31.689056428873414 15.097978963115906
32.550241949567635 13.13876003082575
33.30008334094305 11.101788847265283
33.92833004298706 9.00076033550269
34.42686047603593 6.851025024517895
34.79000340150185 4.669146543695774
35.01474760635659 2.472390783464988
35.10082452017264 0.2781800263565515
35.05065958861144 -1.896451561811574
34.86919972773086 -4.035365717085426
34.56363438415548 -6.12376063227822
34.1430353418765 -8.148521569363936
33.61794468570429 -10.098468261669382
32.999941101380955 -11.964495535893064
32.3012123619269 -13.739612297030732
31.53415720686428 -15.418890860752185
30.711033832930184 -16.999343135416524
29.843665830055386 -18.479742312786755
5.240031398465192 -39.56493552326512
32.349640325846224 23.37397747079885
-9.327324042254702 32.285170865421634
-8.682910412660334 32.34149533439759
-8.047653930141252 32.43708843321437
-7.4188326790041685 32.57033640553803
-6.793842720313194 32.73962310218732
-6.170214399755082 32.94332493439899
-5.545616419750843 33.179809610601666
-4.917857190836401 33.44743571505043
-4.284885363760594 33.744552537148905
-3.644790059787425 34.06949999240203
-2.995800968869446 34.42060857970003
-2.336288376968298 34.796199354313416
-1.6647631412504609 35.19458390547467
-0.9798766081875101 35.61406433164976
-0.2804204445615426 36.05293320559446
0.43467369368241293 36.50947351427152
1.1663348360314387 36.981958543206616
1.9153541908439706 37.468651623865355
2.68238888654588 37.967805506197436
3.4679732019423852 38.47766047685806
4.2725634942528075 38.996436834317564
5.09685270513998 39.52228222102332
5.937562330551231 40.0539763073335
-9.983620531434042 32.269761716783535
7.693094252157266 40.70106144026744
8.608645842808869 40.802714776107734
9.54281582342162 40.89262434285402
10.494871426741156 40.96914779818721
11.464004523373717 41.03069678307273
12.44928278734102 41.07574509905061
13.449637489490897 41.1028307505365
14.463859431275239 41.110556623408144
15.490597321891642 41.09759075388567
16.5283570452807 41.062666446195266
17.57550130085849 41.0045823263622
18.630249420411246 40.922202362136744
19.690677279994418 40.814455860937386
20.754717274325287 40.68033744609215
21.82015834879394 40.518907002820185
22.88464611012938 40.32928956887932
23.94568308458389 40.11067511034855
25.00062931327176 39.86231802329297
26.046703863216692 39.583535885010235
27.080989379505127 39.27370570359119
28.100450314680813 38.93224891463041
29.10206056114106 38.558526353219804
30.08107928191663 38.15325703556732
6.797160310832851 40.58930341521247
31.336086689770696 37.33218070789883
31.611598775707705 36.92012229661668
31.86209587822208 36.481725259054855
32.08798685840986 36.01914637012385
32.28975664680934 35.53446809385912
32.467946484803406 35.02971484181279
32.62314898520873 34.50685703789236
32.75600648568246 33.96781247289658
32.86721039047785 33.41444684618051
32.95750087140976 32.848574011086384
33.027666719208696 32.271956097065214
33.07854526394459 31.68630357363483
33.111022331625406 31.0932752855
33.126032219832496 30.49447846982312
33.12455768664768 29.891468762259365
33.1076299494992 29.285750191849047
33.07632869585393 28.67877516228191
33.03178211168739 28.071944409377352
32.975166945354204 27.46660691043155
32.90770865398349 26.864059680433996
32.830681773830406 26.265547258216458
32.74541103602286 25.672260161248772
32.65327583493871 25.085328701091896
32.55574151284975 24.505779684539704
32.453934689823996 23.935124158161813
31.03536513605195 37.71555559646893
31.983549334144072 23.099466972709138
31.62416422343199 22.82989162057251
31.27289390343776 22.566368243444003
30.93118870925656 22.309956330399928
30.60050661366273 22.061704793107907
30.28230840101446 21.82265864496884
29.978056461649714 21.593860669485736
29.689214391410474 21.37635197483874
29.417246832742535 21.17117221342815
29.163619404759004 20.979359679131676
28.92979867048024 20.801951351896548
28.717252123229912 20.639982916814944
28.527448184206094 20.494488767518106
28.361856208979532 20.36650199680085
28.22194650438223 20.257054372912734
28.10919036052286 20.167176294353425
28.025060110209324 20.097896707691007
27.97102923938712 20.05024295139245
27.948572611385828 20.025240443608055
27.959166958362687 20.023911992641445
28.004292112514406 20.0472760745713
28.085434697261974 20.096341664915457
28.204102893496668 20.172087568350463
28.361929796849495 20.275317727882225
-4.600987553137344 -33.538574299343395
-4.600987553137344 -33.538574299343395
-7.162944228217697 -33.08620985365573
-9.781482843641243 -32.40875878333284
-12.419923386575704 -31.492071312765262
-15.037395444855633 -30.32955309152672
-17.5909127941828 -28.923430632692202
-20.037868595632773 -27.28532342928807
-22.338667956419215 -25.435977795822055
-24.45916674971474 -23.404149512561872
-26.372606525358776 -21.22476566549807
-28.06082208226431 -18.936613122842488
-29.51462715608855 -16.579862373788956
-30.733419603989176 -14.193730022155421
-31.72415722399691 -11.81452076572836
-32.499918411571855 -9.474194199924085
-33.07827440124524 -7.199501033587467
-33.47967177310295 -5.011649475172391
-33.725972069683564 -2.926407430899957
-33.83923671778675 -0.9545212696921794
-12.237235988651321 31.56350911820101
-14.521180810351979 30.580064754178807
-16.826649176625438 29.374630720801804
-19.118033113732025 27.937535008639344
-21.356091540739214 26.266374066480296
-23.499872139101257 24.36721284723788
-25.50907135624024 22.25516414315888
-27.346585832836894 19.954179907577952
-28.980941445387685 17.496001984330974
-30.388280435505038 14.918359985930238
-31.553650364285858 12.262634349319285
-32.47145668529734 9.571287960957022
-33.145082106770275 6.8853892142826965
-33.58580384464031 4.242503106191663
-33.81122561628135 1.675134269729483
-33.8434724835856 -0.7902042454253433
-33.70737816606669 -3.13332246448914
-33.4288423556566 -5.340182698874827
-33.03346949801414 -7.402360800479244
-32.54553707556386 -9.316279781103646
9.711110653554442 -33.731878038399174
