1.5989678466907264 -35.478651930987986
1.713542450166301 -36.32008766508706
1.8285608480368296 -37.087043524278535
1.943297601390384 -37.7819688608298
2.057348168473382 -38.40729795593368
2.1703784828763446 -38.96546130583015
2.2820891788481106 -39.45888723391174
2.392206647493765 -39.89000229389879
2.5004800554032727 -40.26123140429218
2.606680152043154 -40.574997901901874
2.710598727727074 -40.833723566345114
2.8120483427975387 -41.039828632207374
2.9108621822246477 -41.19573179573039
3.0068939731863793 -41.30385021783079
3.1000179368714527 -41.36659952682981
3.1901287602135966 -41.386393819210106
3.2771415807028603 -41.36564565986229
3.3609919813918054 -41.30676608176636
3.4416359963157106 -41.21216458533855
3.5190501300129995 -41.08424913505841
3.5932314018850207 -40.92542615520792
3.664197441267902 -40.73810051966094
3.731986702115961 -40.52467552876859
3.79665900491014 -40.28755285243542
3.8582971674903206 -40.02913235911549
3.9170135340872037 -39.75181143013794
3.97299568766212 -39.45798016077295
4.025889076642187 -39.15008616946531
1.5989678466907264 -35.478651930987986
3.9873859180871705 -38.512516554924616
3.898833372600393 -38.18742469087452
3.810776927278056 -37.857601185225825
3.723458619780189 -37.52543447810757
3.637116768551863 -37.19331316593446
3.5519789183261707 -36.863626741856095
3.4682600765975167 -36.53876578098744
3.3861621258878927 -36.221122002110825
3.3058735888126023 -35.91308829244524
3.2275695214744644 -35.61705871864574
3.151411460470854 -35.335428532481046
3.077547394785398 -35.07059417380593
3.0061117504041306 -34.82495327231161
2.937225382160534 -34.600904648238625
2.8709955705830623 -34.400848313010414
2.807516023408823 -34.22718546896132
2.746866883971876 -34.08231850923529
2.6891147535399966 -33.968651015969456
2.634312750445531 -33.888587756262666
2.582500690314049 -33.84453466958373
2.533689679388175 -33.8386833853903
2.487691679757262 -33.870600379962234
2.444132904588514 -33.93810265538891
4.076238188751489 -38.83048330995847
2.4500501794773015 -34.16347215446417
2.4997552359838835 -34.31682642953487
2.5517847306673787 -34.496789889706214
2.6060590339817225 -34.70112265607532
2.6624896140367866 -34.92758561942636
2.7209782540917615 -35.173940494777526
2.781416860313186 -35.43794983523575
2.8436874019011213 -35.71737703606539
2.907661892625555 -36.00998633547231
2.9732023899358353 -36.31354281475786
3.040161004947265 -36.62581239686296
3.108379923100557 -36.94456184433709
3.177691439115108 -37.26755875583324
3.247918014677964 -37.59257156047785
3.318872375630775 -37.91736950794805
3.39035768283415 -38.23972265197981
3.462167849893234 -38.55740181856661
3.5340881791213405 -38.86817854362341
3.6058967608676085 -39.16982493402673
3.6773679724565227 -39.46011332272276
3.748282975240045 -39.73681523092027
3.8184717038998883 -39.99769722007677
3.8881067929406186 -40.24049185175588
3.953760155234363 -40.46328729551131
2.4027457848052904 -34.038967324665094
4.216823013698388 -40.815445463278174
4.415455015113764 -40.94010909045987
4.612345352923455 -41.03549401304837
4.80674823503557 -41.09944678305845
4.997941970059117 -41.129813660389
5.185183335869397 -41.12444511984759
5.367696183105352 -41.0811969757314
5.544667651917052 -40.99793075343571
5.715246680730104 -40.87251383355238
5.878543360691083 -40.70281951083613
6.033628661752573 -40.4867270133035
6.179534362542256 -40.22212149722924
6.315253138319633 -39.90689401752261
6.439738838490143 -39.53894146412202
6.551907081971024 -39.1161664362897
6.650636503022838 -38.636476984280094
6.734771533347839 -38.09778603869333
6.803129389710023 -37.498009978972114
6.854521065376105 -36.83506433759102
6.887835323552963 -36.10684661312933
6.902626687000804 -35.311115957657016
9.24662614326843 -33.898992464229345
11.490220443077703 -33.20567149287502
13.751856708061837 -32.334628839746834
16.00627872970756 -31.280038784345606
18.226457229474192 -30.040606551556188
20.3846499591358 -28.620059943451498
22.453609653049398 -27.027341687108997
24.4078375582601 -25.276456453641597
26.224765965375354 -23.385966629253215
27.885756697272427 -21.37817481787863
29.376824112496138 -19.278070188344024
30.689026779363587 -17.11214248592962
31.818514328184676 -14.90717716639738
32.766256770910275 -12.689137178942936
33.53751567516389 -10.482214816601886
34.14113572564696 -8.3081066727748
34.58874052686258 -6.185532627723205
34.89391001041213 -4.129991441700028
35.07140225593088 -2.1537244312910104
35.136464121633026 -0.26584610670126096
20.622419257255558 28.449211045321235
22.476597282408648 27.008227630255078
24.284891420604367 25.394602454315176
26.02161546945581 23.611804536778457
27.661024531047076 21.66816805860769
29.178480426763144 19.576977936041473
30.551649743517885 17.35622317996215
31.761622566387132 15.028011081763978
32.7938407418539 12.617677857719158
33.638743325350276 10.15267120586769
34.292070894933374 7.661309213190336
34.754813149950564 5.171532464876986
35.03282723979066 2.7097602680374457
35.13618962084621 0.2999400793360465
35.078366461709436 -2.037152792814954
34.87529480017599 -4.284343324719732
34.54446029222191 -6.4282227903485065
34.10404130969994 -8.459086917010296
33.57216807551606 -10.370695050600721
32.96632384905621 -12.159904481631557
-8.265661227613549 34.539401927150884
-8.665823923772365 35.29771647644616
-9.056831855255865 35.98107564863965
-9.438392229303162 36.59212407428064
-9.809988201766174 37.13355527244718
-10.171110041533439 37.60805633053357
-10.5212881544618 38.01830000105336
-10.860101339834898 38.3669427258911
-11.187179542902271 38.656623977715704
-11.50220495610641 38.8899659962814
-11.80491251985488 39.06957366875618
-12.095090172914453 39.19803446990039
-12.372578987129316 39.27791843018212
-12.637273243759878 39.31177811711918
-12.889120478783 39.30214862549141
-13.128121509587032 39.251547571160266
-13.354330449918436 39.16247508819464
-13.567854715905654 39.03741382872627
-13.7688550234935 38.87882896624324
-13.9575453738519 38.68916820196899
-14.1341930196144 38.470861780731
-14.29911839081268 38.22632252284263
-14.45269492651289 37.95794589514116
-14.595348649421581 37.66811019078368
-14.727556884850287 37.359177069800424
-14.849843130499664 37.03349372134106
-14.962741136726322 36.693408002587645
-15.067279532017608 36.341064186497555
-8.265661227613549 34.539401927150884
-13.946917820658115 35.738103792864514
-12.74584900641048 35.48984548036419
-11.562030739049902 35.236270720396206
-10.396531226020045 34.97958006290359
-9.250140353038518 34.72199180166303
-8.12337522733938 34.46573963785532
-7.016481563442767 34.213072096059264
-5.929434144962698 33.96625232953344
-4.861937009204723 33.72755804239625
-3.813423530843977 33.49928145398473
-2.783056463537946 33.283729281159296
-1.7697279619312383 33.083222728627824
-0.7720595936289669 32.900097483350216
0.21159765461774782 32.73670371066169
1.1831633747416674 32.59540605166228
2.1448277391544934 32.47858362018199
3.0990515084771175 32.388629999383525
4.048566051618906 32.32795323446653
4.996373398491215 32.29897581625321
5.945746400405454 32.304134632618705
6.900185444264025 32.345674848567114
7.862832964024989 32.42333956749315
8.836269035944639 32.535204651458194
-15.163851849472707 35.97887920632941
10.4594979122366 32.43260245668696
11.109936144704221 32.21026664741442
11.774967970783166 32.009262652043304
12.455193923209578 31.82667928319406
13.151058707850467 31.659701618581984
13.862850507713205 31.50561120862917
14.59070081036532 31.36178612758303
15.334584351782297 31.225700988941277
16.094319095485417 31.094926949541964
16.86956622551861 30.967131709538755
17.65983014577361 30.84007950873972
18.46445848409914 30.711631120267043
19.282642101176833 30.579743839977276
20.113415106229894 30.44247146930386
20.95565488381419 30.29796428614292
21.808082141712845 30.144468994603635
22.669260999619212 29.980328630752695
23.53759916746452 29.80398237513603
24.4113483369091 29.61396513890454
25.28860516177798 29.40890653104212
26.167314197800295 29.187527757521693
27.04527966404669 28.94862922009409
27.920247771676543 28.691003703920813
28.788801509614814 28.41460177453792
9.822901792038436 32.67927606633882
29.436827308618604 28.523365075205447
29.20275034835845 28.912218073414742
28.94566623467142 29.282388344893256
28.664731374114353 29.63170059242252
28.3591948432221 29.957899268699627
28.02838560925727 30.25866205322231
27.67170934186379 30.53160321771631
27.288647359304605 30.77427474230717
26.87875622012865 30.984166753776655
26.44166755731169 31.158707712532255
25.977088025424393 31.295264486806815
25.484799321025832 31.39114236256564
24.964658275001796 31.44358499777333
24.41659705100767 31.44977430505042
23.840623538989234 31.40683020892472
23.236822159823305 31.311810140929474
22.605355651905313 31.161707915563714
21.94646955076888 30.953450905775654
21.260505643777833 30.683891557255468
20.547955806978223 30.34977342853765
19.80983889501448 29.94749344324123
19.80983889501448 29.94749344324123
-0.8810394646478841 -34.578712096735764
-3.4508490673466383 -34.41736773086518
-6.127447152602258 -34.042884017064026
-8.878585058403317 -33.43103779675265
-11.665103098647094 -32.56361359715996
-14.442436760472944 -31.430551716871708
-17.162897981357432 -30.031624892581554
-19.7785371743757 -28.377332997465526
-22.244254626085187 -26.488803237162205
-24.52075220429255 -24.396644690262004
-26.576927068974754 -22.1388913086813
-28.39140938439799 -19.75832568753549
-29.953107218758554 -17.299564409220288
-31.260797196573172 -14.806286483853064
-32.32194317443476 -12.318910269817621
-33.15100824807525 -9.872902964339005
-33.76754192432851 -7.497777883874896
-34.19428763328135 -5.216728290761285
-34.45548874295452 -3.046778018061307
-34.57549652928816 -0.9993000352191928
-10.400488560277623 32.989292179656445
-12.825688940064097 32.124216161953655
-15.294632775240004 31.02479281280958
-17.76963409219381 29.676651850179297
-20.20802477118184 28.07310627013883
-22.564195608042645 26.216800669974887
-24.792252037027552 24.12069235614331
-26.849011945960378 21.808120467680936
-28.69696838620731 19.311850409741304
-30.306809904660682 16.67215745516964
-31.659152750048413 13.934188457040072
-32.74527931367645 11.144964938326197
-33.56685652892713 8.35043134057333
-34.13477670423017 5.592904447561395
-34.46738033952702 2.9091671209460586
-34.588366769056684 0.3293099701226012
-34.52467875017086 -2.1237038411011397
-34.30458247179526 -4.433867639319491
-33.95608112463932 -6.591518449046518
