21.16096439501319 -29.96836208104736
21.341200915174458 -30.415637551357435
21.503062156244972 -30.841516615279374
21.64709314450222 -31.246345080067783
21.77383238000658 -31.63047293167419
21.88381229212955 -31.994254011431067
21.97755935267752 -32.33804593542034
22.055594112986018 -32.66221006797852
22.118431218176664 -32.96711151153846
22.166579412732823 -33.25311910201046
22.200541543093983 -33.520605407608286
22.220814557642857 -33.769946727663324
22.227889506493277 -34.00152309338199
22.222251539932714 -34.21571826816486
22.204379906482792 -34.412919748746205
22.174747950187502 -34.59351876667262
22.133823106958673 -34.75791029020803
22.082066899946355 -34.90649302724955
22.01993493291109 -35.039669428681634
21.94787688132744 -35.15784569334616
21.86633648000638 -35.261431775306875
21.775751504757654 -35.35084139365151
21.67655374562021 -35.42649204793
21.56916896518283 -35.48880504102556
21.454016832629144 -35.53820551641704
21.33151081380462 -35.57512251971812
21.202057978957548 -35.599989105962095
21.066058646419826 -35.61324253941808
20.923905669933998 -35.615324692445455
20.775982871246693 -35.60668292296404
20.622661122056662 -35.58777226798901
20.464286590075595 -35.559062023433654
20.301133724687713 -35.52106206413944
20.13307615724249 -35.47450708246808
19.96400995780639 -35.41788033768128
20.96179785194236 -29.499350844585976
19.42454001142084 -35.33552597439885
19.055494144990398 -35.31079296162815
18.6854065365668 -35.27911937449471
18.314800557174756 -35.24090266546608
17.944112829770518 -35.19658623424755
17.57374309697498 -35.14663150998757
17.204066687586295 -35.091510972505034
16.835438671208664 -35.03170582587833
16.468195519427272 -34.96770506822111
16.10265586013398 -34.900005069289875
15.739120853657226 -34.829109359489394
15.37787439396405 -34.7555285163329
15.019183222311732 -34.679780100409346
14.66329699339024 -34.60238861734254
14.31044831388019 -34.523885494361025
13.960852764172515 -34.44480906698058
13.614708907311009 -34.36570457042066
13.272198288057687 -34.287124136506094
12.933485420983324 -34.20962679410937
12.59871776469138 -34.133778474132725
12.268025675008822 -34.06015202059385
11.941522322676143 -33.98932721150297
11.619303545887028 -33.92189079730781
11.30144757358984 -33.85843657376671
10.988014469849936 -33.79956552950367
10.679044909003167 -33.74588617091564
10.374557111803846 -33.69801533635669
10.074537651687336 -33.65658063945219
9.778904677602213 -33.62223024424773
9.48725046969183 -33.59570129208774
9.202322079164809 -33.57689477080615
19.79158493661773 -35.35316233114517
8.943880998676676 -33.45138793110411
8.967949430687916 -33.34680039911672
8.994701946046817 -33.25371652090166
9.024423440634095 -33.172664085337715
9.057347256805357 -33.104184502313956
9.093694335368156 -33.04882239591805
9.13368300528996 -33.00712300303098
9.177532248444976 -32.979631304737325
9.225463007794538 -32.96689167888161
9.277698784506853 -32.969447741057394
9.334465939725156 -32.98784226414111
9.395993861116246 -33.02261713368247
9.462515063270018 -33.07431332065741
9.534265255018127 -33.14347086336559
9.611483390644658 -33.23062885223513
9.694411716345336 -33.33632541698981
9.783295819393814 -33.46109771133382
9.878384688962598 -33.605481894768815
9.979930798954996 -33.770013105942525
10.088190230936448 -33.955225425219766
10.203422865744614 -34.161651813076105
10.325892700543719 -34.38982401132844
10.455868400261537 -34.6402723677688
10.593624320708898 -34.913525514168725
10.739442552477001 -35.21010971989048
10.893617416763817 -35.5305474715945
11.056466704224391 -35.87535392328033
11.228365390176918 -36.245026244127445
11.409880496123264 -36.64000101289267
11.602715120181514 -37.06035597555439
18.809465271233673 -30.29096767144091
20.04138457755178 -33.83192987127947
22.851031035762418 -32.00135864620634
25.609766848894964 -29.839510997094806
28.254039567990873 -27.348963832125463
30.719018942433024 -24.547880760158165
32.94350083762737 -21.470498996570768
34.8749309779744 -18.16578552890084
36.47374645541916 -14.694298013389414
37.716316663501885 -11.123669895270666
38.59604356091526 -7.523429805908478
39.1225667279636 -3.9599680827674035
39.31938654960011 -0.49235755668783554
39.22046302003537 2.830522053356816
38.866421847204236 5.9714175365374444
38.30092275933126 8.904823995129988
37.56757727847341 11.61609710816981
36.707612294513865 14.099921071983204
35.75831193146135 16.358474941534467
-13.99503188653145 36.74772995839973
-11.15208342967027 37.707925026155664
-8.06529436712043 38.48645997454426
-4.756873787017042 39.03368707123235
-1.262291193593839 39.302203443866574
2.369840529912665 39.25099273220087
6.07944037344997 38.84967154746832
9.798247245649776 38.082160200198956
13.45443269378707 36.94908409539883
16.97792279062007 35.468390325982455
20.305616097684606 33.67400376394161
23.38569361652307 31.612749147687452
26.180431590171253 29.3401018463274
28.66727071776728 26.91550044481329
30.838249519879398 24.397929034042193
32.69817414726893 21.842298002622726
34.262022103695216 19.296901719353883
35.55206948171826 16.80199185119369
36.59513314767062 14.389329536318229
37.4201832812889 12.082485580179622
8.921886145204788 -33.567037790977935
-11.67543878436068 32.71131620160804
-36.14140337613553 2.37514711711151
-36.083795690960116 3.2628060312860327
-35.98602092201219 4.169256756998919
-35.8498151463195 5.092652526068264
-35.67688159132879 6.031195239287342
-35.468890479897766 6.983139209768581
-35.22747899198538 7.946792098383611
-34.954251252541326 8.920515225209357
-34.650778327380976 9.902723693760436
-34.31859822157379 10.891886446969096
-33.959215880116346 11.886526294994809
-33.574103188027095 12.885219929463148
-33.16469897223904 13.886597931430572
-32.7324090030087 14.889344775380295
-32.27860599625384 15.892198831158566
-31.804629616428482 16.89395236440646
-31.311786480152882 17.89345153579353
-30.801350161300803 18.88959639933887
-30.27456119726913 19.881340899278825
-29.7326270978956 20.86769286550333
-29.17672235820194 21.84771400699006
-28.60798847618983 22.820519901682047
-28.027533980024327 23.785279981749966
-27.436434469082513 24.741217510277608
-26.83573268002863 25.687609544495587
-26.22643859631348 26.623786874304415
-25.609529639325363 27.549133914569495
-24.985951023627333 28.463088505734845
-24.356616466627187 29.365141514759983
-23.72240974961219 30.254835957470277
-23.084188619948254 31.1317648046996
-22.44279649678034 31.99556440051876
-21.799109293869503 32.845888136527265
-21.154363177406797 33.68222217180116
-20.505749504255693 34.50636215899476
-36.157076144097964 1.5081492457887293
-19.58543987024925 35.27030779855963
-19.31283222439664 35.21631995204655
-19.03868238303712 35.155457569710336
-18.763260752504245 35.08824862151522
-18.486896031222976 35.015187104938775
-18.209925544962882 34.936760968389166
-17.932682831507016 34.85345909223608
-17.65549350264871 34.76577361517434
-17.378673589740362 34.67420086459899
-17.10252879254487 34.579241779377384
-16.827354104531242 34.48140212080051
-16.55343361209966 34.38119258548747
-16.28104038146486 34.27912886980906
-16.010436392522305 34.17573170772246
-15.74187249976922 34.07152689318255
-15.475588410742654 33.96704529431659
-15.211812675835011 33.86282286014321
-14.95076268850106 33.7594006235303
-14.692644695466889 33.6573246992686
-14.437653819970187 33.5571462770767
-14.185974104487489 33.459421607293194
-13.937778586221228 33.364711974629415
-13.693229432604333 33.273583650325406
-13.452478195713098 33.18660780163347
-13.215666323669907 33.104360309908145
-12.98292628749131 33.02742136832725
-12.75438440053627 32.95637447585719
-12.530169278746762 32.89180341763699
-12.310445684210986 32.834280185746366
-12.09565143337625 32.78428042129258
-11.883294772697703 32.74332650577114
-19.856640862529595 35.3166636982059
-11.731925590198209 32.57481349654742
-11.792186001209977 32.44890107633023
-11.856132779912699 32.33422571616859
-11.923987563046168 32.23132361645702
-11.996028667531228 32.14071041697082
-12.072555061532682 32.06289405614601
-12.153877356270499 31.998377987220692
-12.240314801514131 31.947662250081095
-12.332194082276253 31.911243901445317
-12.429848769621586 31.889617211129234
-12.533619043422888 31.883273761464977
-12.643851539681016 31.892702502411538
-12.760899258835963 31.91838978500195
-12.885121505085976 31.960819384552565
-13.016883840209452 32.02047251796088
-13.156558043167117 32.09782786105782
-13.304522067262639 32.19336156650979
-13.461159988440834 32.30754728740786
-13.626861934447703 32.440856208629185
-13.802023981494152 32.59375709560621
-13.98704799165126 32.76671636826816
-14.182341345984355 32.960198226216306
-14.388316478477584 33.17466486398243
-14.605390013487067 33.410576873282196
-14.833981040829158 33.668394044437406
-15.074507322586868 33.94857713062697
-15.32737581109005 34.251592258894334
-15.59295420226588 34.577924160863375
-15.871457150326322 34.928129098734786
-16.16214976836784 35.30320534542901
16.82949827858173 -31.434164438604668
16.82949827858173 -31.434164438604668
14.721643029836676 -32.474789187369396
12.497935174434762 -33.39371681376079
10.174050557986194 -34.173489747252404
7.768971157527808 -34.79916368844982
5.304421456145512 -35.25906719239191
2.8041053703910315 -35.545403350275365
0.2927986000617224 -35.654634695111184
-2.2046304416550555 -35.58761457133298
-4.6641896624217765 -35.349456022051896
-7.063643999750376 -34.94915792557546
-9.38324319760433 -34.39903273867793
-11.606253219377567 -33.71399698151663
-13.719272331305415 -32.91079265167434
-15.712336372637768 -32.0072053134151
-17.578836844747844 -31.021334617449313
-19.31528825518085 -29.970958374421343
-20.920987212721673 -28.873015088611027
-22.39760587124876 -27.74321462084427
-35.648403830214136 -0.728018282735917
-35.528461284991565 -3.011170035530796
-35.252834003075506 -5.3456899473900705
-34.81204046798484 -7.7110663800417
-34.1999805874119 -10.08464347821345
-33.41446293327071 -12.442362040348314
-32.45753467719403 -14.759645962582226
-31.335570459766362 -17.01236991788744
-30.059100712951025 -19.17783018463483
-28.642388463045695 -21.235637249539067
-27.102791485792952 -23.168457003858776
-25.4599690097532 -24.962545629090613
-23.73500536131795 -26.608048157657706
-21.949525478207608 -28.099057591733185
-20.124869804710702 -29.43345582165756
-18.28138124229407 -30.612575947409624
-16.43783803741604 -31.640736194306584
-14.611047242997959 -32.52469838022954
-12.815596489529451 -33.273100139295465
-11.063748968384836 -33.895901891328805
14.493781319188045 -36.55389004842107
