73.3480539245
6.9365089725
75.7150834675
27.1792303373
78.086724075
27.463275941
80.4628354341
27.7866392379
82.8432772319
28.1473136823
85.2279091553
28.5432927286
87.6165908914
28.9725698311
90.0091821273
29.4331384441
92.4055425499
29.922992022
94.8055318463
30.4401240191
97.2090097035
30.9825278896
99.6158358085
31.548197088
102.025869848
32.1351250686
104.43897151
32.7413052857
106.855000481
33.3647311936
109.273816448
34.0033962466
111.695279097
34.6552938991
114.119248117
35.3184176055
116.545583193
35.9907608199
118.974144014
36.6703169968
121.404790266
37.3550795906
123.837381636
38.0430420554
126.271777811
38.7321978457
128.707838478
39.4205404157
131.145423324
40.1060632199
133.584392037
40.7867597125
136.024604303
41.4606233479
138.465919809
42.1256475803
140.908198242
42.7798258642
143.35129929
43.4211516538
145.795082639
44.0476184035
148.239407976
44.6572195676
150.684134989
45.2479486004
153.129123365
45.8177989563
155.574232789
46.3647640896
158.019322951
46.8868374545
160.464253535
47.3820125056
162.908884231
47.848282697
165.353074724
48.2836414831
167.796684701
48.6860823182
170.23957385
49.0535986567
172.681601858
49.3841839528
175.122628412
49.675831661
177.562513198
49.9265352355
180.001115904
50.1342881307
182.438296216
50.2970838009
184.873913823
50.4129157004
187.30782841
50.4797772836
189.739899665
50.4956620047
192.169987275
50.4585633182
194.597954585
50.3665646171
197.023744183
50.2196979535
199.447375284
50.0198796491
201.868870237
49.7691030819
204.28825139
49.4693616301
206.705541093
49.1226486717
209.120761694
48.7309575849
211.53393554
48.2962817478
213.945084982
47.8206145385
216.354232367
47.3059493351
218.761400044
46.7542795157
221.166610362
46.1675984583
223.569885669
45.5478995412
225.971248314
44.8971761424
228.370720645
44.2174216399
230.768325012
43.510629412
233.164083762
42.7787928368
235.558019244
42.0239052922
237.950153807
41.2479601565
240.3405098
40.4529508078
242.72910957
39.640870624
245.115975467
38.8137129835
247.501129839
37.9734712641
249.884595035
37.1221388442
252.266393403
36.2617091017
254.646547293
35.3941754147
257.025079051
34.5215311615
259.402011028
33.64576972
261.777365572
32.7688844684
264.15116503
31.8928687848
266.523431753
31.0197160473
268.894188088
30.151419634
271.263456385
29.289972923
273.63125899
28.4373692924
275.997618255
27.5956021204
278.362556526
26.7666647849
280.726096152
25.9525506642
283.088259482
25.1552531363
285.449068865
24.3767655793
287.80854665
23.6190813714
290.166715184
22.8841938906
292.523596816
22.1740965151
294.879213895
21.4907826229
297.23358877
20.8362455922
299.586743789
20.2124788011
301.938701301
19.6214756276
304.289483654
19.0652294499
306.639113198
18.5457336461
308.987612279
18.0649815943
311.335003248
17.6249666726
313.68130845
17.227682259
199.181972638
8.468881159
201.275120869
208.727301597
203.369115825
208.963112265
205.463845954
209.176516798
207.559199702
209.36771883
209.655065516
209.536921997
211.751331843
209.684329934
213.847887131
209.810146275
215.944619827
209.914574656
218.041418377
209.997818712
220.13817123
210.060082077
222.234766831
210.101568387
224.331093628
210.122481276
226.427040069
210.123024379
228.5224946
210.103401331
230.617345669
210.063815768
232.711481722
210.004471324
234.804791206
209.925571634
236.89716257
209.827320333
238.988484259
209.709921057
241.078644722
209.573577439
243.167532404
209.418493115
245.255035754
209.24487172
247.341043218
209.052916889
249.425443244
208.842832256
251.508124278
208.614821458
253.588974768
208.369088128
255.667883161
208.105835901
257.744737904
207.825268414
259.819427444
207.527589299
261.891840227
207.213002194
263.961864703
206.881710731
266.029389316
206.533918547
268.094302515
206.169829277
270.156492747
205.789646555
272.215848458
205.393574015
274.272258096
204.981815295
276.325610108
204.554574027
278.375792942
204.112053847
280.422695043
203.65445839
282.466204859
203.181991292
284.506210839
202.694856186
286.542601427
202.193256708
288.575265072
201.677396493
290.604090221
201.147479176
292.628965321
200.603708391
294.649778818
200.046287774
296.666419161
199.47542096
298.678774799
198.891311586
300.686779348
198.294199773
302.690526436
197.684454894
304.690145107
197.06247493
306.685764402
196.428657863
308.677513368
195.783401674
310.665521045
195.127104343
312.649916479
194.460163852
314.630828712
193.782978181
316.608386789
193.095945313
318.582719752
192.399463228
320.553956645
191.693929908
322.522226511
190.979743333
324.487658394
190.257301484
326.450381338
189.527002343
328.410524386
188.789243891
330.368216581
188.044424109
332.323586968
187.292940978
334.276764588
186.535192479
336.227878487
185.771576593
338.177057706
185.002491302
340.124431291
184.228334587
342.070128284
183.449504428
344.014277728
182.666398807
345.957008668
181.879415705
347.898450147
181.088953103
349.838731208
180.295408982
351.777980894
179.499181324
353.71632825
178.700668109
355.653902318
177.900267319
357.590832143
177.098376934
359.527246767
176.295394937
361.463275234
175.491719307
363.399046588
174.687748026
365.334689872
173.883879076
367.27033413
173.080510436
369.206108404
172.27804009
371.142141739
171.476866017
373.078563178
170.677386198
375.015501765
169.879998616
376.953086542
169.085101251
378.891446554
168.293092083
380.830710844
167.504369095
382.771008455
166.719330267
384.712468431
165.938373581
386.655219815
165.161897017
388.599391651
164.390298557
390.545112983
163.623976182
392.492512853
162.863327873
394.441720306
162.108751611
396.392864384
161.360645378
398.346074131
160.619407153
400.30147859
159.885434919
-20.4521533063
39.290004589
-19.8375392235
140.450265081
-19.2081138563
141.590244255
-18.5640794875
142.710190397
-17.9056383998
143.810351793
-17.2329928762
144.890976729
-16.5463451993
145.952313491
-15.8458976519
146.994610365
-15.131852517
148.018115636
-14.4044120773
149.023077592
-13.6637786156
150.009744517
-12.9101544148
150.978364698
-12.1437417575
151.929186421
-11.3647429267
152.862457971
-10.5733602051
153.778427634
-9.76979587556
154.677343698
-8.95425222087
155.559454447
-8.12693152383
156.425008167
-7.28803606725
157.274253145
-6.43776813394
158.107437666
-5.57633000671
158.924810016
-4.70392396835
159.726618482
-3.82075230168
160.513111349
-2.9270172895
161.284536904
-2.02292121463
162.041143431
-1.10866635986
162.783179218
-0.184455007996
163.510892549
0.749510558146
164.224531712
1.69302805576
164.924344992
2.64589520205
165.610580675
3.6079097142
166.283487046
4.57886930941
166.943312393
5.55857170486
167.590305001
6.54681461777
168.224713155
7.54339576531
168.846785142
8.54811286468
169.456769248
9.56076363307
170.054913758
10.5811457877
170.641466959
11.6090570457
171.216677137
12.6442951244
171.780792577
13.6866577408
172.334061566
14.7359426122
172.87673239
15.7919474558
173.409053333
16.8544699888
173.931272683
17.9233079284
174.443638726
18.9982589917
174.946399747
20.079120896
175.439804032
21.1656913585
175.924099867
22.2577680963
176.399535539
23.3551488267
176.866359333
24.4576312668
177.324819535
25.5650131338
177.77516443
26.6770921449
178.217642306
27.7936660174
178.652501448
28.9145324684
179.079990142
30.039489215
179.500356674
31.1683339746
179.91384933
32.3008644643
180.320716395
33.4368784013
180.721206157
34.5761735027
181.1155669
35.7185474858
181.50404691
36.8637980678
181.886894475
38.0117229659
182.264357879
39.1621198972
182.636685409
40.3147865789
183.00412535
41.4695207283
183.366925989
42.6261200625
183.725335611
43.7843822988
184.079602502
44.9441051543
184.429974949
46.1050863462
184.776701237
47.2671235917
185.120029653
48.430014608
185.460208482
49.5935571123
185.79748601
50.7575488218
186.132110523
51.9217874537
186.464330308
53.0860707252
186.794393649
54.2501963535
187.122548834
55.4139620557
187.449044147
56.5771655491
187.774127876
57.7396045508
188.098048305
58.9010767781
188.421053721
60.0613799481
188.74339241
61.2203117781
189.065312658
62.3776699852
189.387062751
63.5332522866
189.708890974
64.6868563995
190.031045615
65.8382800411
190.353774957
66.9873209287
190.677327289
68.1337767793
191.001950895
69.2774453103
191.327894061
70.4181242387
191.655405074
71.5556112818
191.984732219
72.6897041568
192.316123783
73.8202005808
192.649828051
74.9468982711
192.98609331
76.0695949449
193.325167844
77.1880883193
193.667299941
78.3021761115
194.012737886
79.4116560388
194.361729966
80.5163258183
194.714524465
81.615983167
195.07136967
2.1951344756392217
-35.37226487966598
2.3127028005718984
-36.10666085937696
2.429714554279556
-36.78023263401284
2.5455808958816704
-37.39493234437158
2.660011525430903
-37.95269311390297
2.77277856466317
-38.455443702011955
2.8836828257618095
-38.90511059715275
2.9925453785630083
-39.30361854055246
3.0992047394601343
-39.652890699962846
3.20351574686444
-39.95484874005129
3.305349049810232
-40.21141285404267
3.4045908519787815
-40.42450177931341
3.5011427736017993
-40.59603280627524
3.594921772169954
-40.72792178311496
3.685860094491261
-40.8220831191976
3.7739052461355698
-40.8804297862011
3.859019971169417
-40.90487332043159
3.941182237689432
-40.89732382300239
4.020385226874595
-40.85968996103536
4.096637323641232
-40.79387896822406
4.169962107531973
-40.7017966459843
4.24039834208817
-40.585347364270454
4.307999960371632
-40.44643406323686
4.372836042264197
-40.28695825618278
4.434990774478337
-40.108820034316416
4.494563372642148
-39.91391807695584
4.551667911552869
-39.70414967228808
4.606432902892379
-39.48141077158886
4.659000030017381
-39.24759614917904
4.709519089718839
-39.00460004438959
4.75811258810333
-38.75432065289171
4.805354249850836
-38.49859942156485
2.1951344756392217
-35.37226487966598
4.687198242994953
-37.996929798374595
4.524950047170904
-37.75451984301296
4.3646813787484575
-37.51401304374017
4.206595337604256
-37.27729744482171
4.050861224206443
-37.04626427984406
3.8976199780093452
-36.82280728179047
3.7469855370450773
-36.608822509862094
3.599045291349455
-36.406208293073796
3.4538602642832643
-36.216865206058166
3.3114651952826364
-36.04269605959704
3.1718685813910668
-35.88560589488293
3.0350527000486807
-35.747501980680234
2.9009736227750977
-35.63029381197511
2.76956122439222
-35.535893108542744
2.6407191907245533
-35.466213814618385
2.5143250270763815
-35.42317209777526
2.39022556312554
-35.408619566824854
2.268134275749958
-35.422721214245584
2.14765510730021
-35.463863685201574
2.0284100746771685
-35.53034697975901
1.9100459780709116
-35.62046903505288
1.7922393203310776
-35.732525512510094
1.6746301750237649
-35.86481265646309
4.85115099846945
-38.239362883943926
1.668781265932239
-36.16427303987317
1.7822448042774397
-36.327843128632765
1.8973994409687407
-36.504596261512226
2.0142646238568602
-36.69279909835954
2.1328408403161063
-36.89071984945074
2.253108858436349
-37.09662830821394
2.375029541505853
-37.3087958591744
2.498543791407684
-37.525495479089
2.623572533015448
-37.745001737907
2.7500167164855043
-37.965590796853455
2.8777573317814813
-38.185540406616646
3.0066554359957536
-38.403129904240906
3.1365521985068483
-38.61664020693449
3.2672689752044732
-38.82435380435461
3.3986074331766645
-39.02455474333727
3.5303497698260173
-39.2155286023533
3.6622591204882724
-39.39556244442931
3.7940803741870184
-39.562944722152714
3.925541968815196
-39.715965067939386
4.056360380040871
-39.85291377237609
4.1862535885652505
-39.97208021527858
4.314994950991206
-40.0717465941536
4.442790298237696
-40.150144016747156
4.565213727672756
-40.20604214180785
1.5569757531912671
-36.015620655665565
4.836749111513825
-40.22853192232131
4.986014053454369
-40.19161734144504
5.131593313730548
-40.125045458357675
5.272802749243056
-40.027170015525904
5.409015204587263
-39.896339055063386
5.539601488208518
-39.7309017872475
5.663915676574618
-39.529210296499436
5.7812903072961035
-39.28962009273125
5.891034603956996
-39.01049030345106
5.992433921771294
-38.69018371315218
6.084749934411718
-38.32706669556991
6.167221663129567
-37.919508999903925
6.239068135368086
-37.4658832363611
6.299495294799783
-36.9645635587351
6.347716929524836
-36.41392168816405
6.38303856005092
-35.81231098893447
6.405444868050665
-35.1579549759488
8.766044313397629
-33.93175648733056
11.043671213860762
-33.260260933133
13.344356180019588
-32.405798699626644
15.641749441725324
-31.36149399537968
17.90743631861244
-30.1252610895705
20.112075189988218
-28.700384366280012
22.22671365230042
-27.095771467861777
24.224168770906147
-25.325822367271847
26.08033877409065
-23.409903046544496
27.77531589758803
-21.371463637503698
29.294194059183212
-19.236887108959813
30.627505990972736
-17.03418644939875
31.771273724802086
-14.79167999666206
32.72670384741673
-12.536765392374175
33.49959610778774
-10.29488668393412
34.099555679483444
-8.088753530783265
34.539104743082305
-5.937834181445389
34.83278064643139
-3.858111410722355
34.996290345002535
-1.862066945153451
35.04576918254622
0.04115365893801126
19.44801721722689
29.15445519193243
21.37762120067515
27.770576929916206
23.268763783355723
26.20634013391309
25.09430043417842
24.46392685034731
26.82671374313003
22.55072196103953
28.43937891636432
20.479486274596926
29.907889904431045
18.268162268941605
31.211319612647003
15.939296071569334
32.333285208373354
13.519108656044462
33.26270861721616
11.036296782260013
33.9942001539647
8.520679967710052
34.52804238966752
6.001826385132688
34.86980173042127
3.5077854126299677
35.02963703544384
1.0640302556842904
35.021401151617454
-1.3073226829808622
34.86164004268966
-3.587991743843226
34.568586978293524
-5.763716296288852
34.16123061766507
-7.824190303581187
33.658511456485826
-9.762798663987782
33.078676204305054
-11.576217507920806
-5.029391408148683
35.08163280332076
-5.343288665419294
35.76639781112037
-5.655947883206608
36.38929623729871
-5.966972376338319
36.95240444663678
-6.275732540442661
37.45782790430291
-6.58159632893404
37.907668134301986
-6.883962178251778
38.30401799903528
-7.182267239339666
38.648960519621156
-7.475990121487001
38.94456848182564
-7.764651990228401
39.192904279263026
-8.047817066574439
39.396019841711265
-8.325092876854029
39.5559565989708
-8.596130387644422
39.674745461788994
-8.860624083148323
39.75440681051669
-9.118312012127248
39.796950488709264
-9.368975817475445
39.804375797980995
-9.6124407562627
39.778671495984796
-9.848575713513213
39.72181579341672
-10.07729321284701
39.63577635256807
-10.298549425250783
39.522510285378715
-10.512344177603751
39.38396415175503
-10.718720962166728
39.222073956689854
-10.91776694937576
39.038765146392905
-11.109613007706017
38.835952602076354
-11.29443373820719
38.61554062817878
-11.472447541830107
38.37942292985805
-11.643916765275861
38.129482562224936
-11.809148064498402
37.86759180602868
-11.968493492554302
37.59561179250516
-12.122354849321965
37.315391005304654
-12.271214125088335
37.02875479244667
-12.415222425268666
36.737646984784185
-5.029391408148683
35.08163280332076
-11.331386201372055
36.16341248313812
-10.122950334718581
35.883674893892206
-8.930237258896568
35.60639417965048
-7.753445295249833
35.33335670220207
-6.59255289108637
35.066338881975085
-5.447313943252993
34.807108809049986
-4.317256628881438
34.55742664522571
-3.2016830157848233
34.319044759257196
-2.099668906301929
34.09370777936052
-1.010063766377158
33.88315261846138
0.06850931021520523
33.68910848578413
1.1376536213989539
33.51329689320106
2.1991988684718535
33.3574316589148
3.2552011639563716
33.22321890875379
4.307943038051917
33.11235707693469
5.359933445647044
33.02653690461633
6.413895680067299
32.967379259581854
7.472415264277885
32.934927421704316
8.537666349733342
32.92757275561676
9.611604715923818
32.94363463094088
10.695981123586364
32.98143907783372
11.792345166002832
33.039317160266215
12.90199328950996
33.11562692987944
-12.55515939791536
36.44379936659784
14.576087754933837
33.014355143467206
15.136583876797516
32.830608284275534
15.70743819907517
32.65549964627473
16.288422236770316
32.487129838690045
16.879215052734338
32.32366383428275
17.47940266206558
32.163331220248054
18.088477884707345
32.00442625970033
18.705840297531125
31.84530790965593
19.330796217872148
31.68439982717087
19.962558698194385
31.520190368145904
20.600247527573572
31.351232583296138
21.242889238114458
31.176144210237076
21.889417116457594
30.99360765932323
22.538671224739005
30.802369992342662
23.18939843504893
30.601242884771636
23.840252490935228
30.38910256051215
24.489794122294143
30.16488967080536
25.136491275053316
29.927609051231727
25.77871961636771
29.676329186365116
26.414763799764046
29.410180873153337
27.042821258724928
29.12835320759013
27.661017384814443
28.830077533774976
28.267511772560795
28.514515080467568
28.85907468237184
28.182262463805152
14.026090044771763
33.20870221440132
28.96019634128669
28.224242758608206
28.4661108089216
28.596749155570652
27.951765629679016
28.94754010248007
27.417025558310968
29.274554210403
26.86186127463924
29.57564024122306
26.286332770481806
29.84857469124416
25.690585236425136
30.091066164568012
25.074847752303867
30.300756795778074
24.439432862910678
30.475222761440076
23.784736556783685
30.611974413908086
23.111238572360207
30.708456166561966
22.419503196907613
30.762046065495145
21.710181140297664
30.770054728630463
20.984014298514694
30.7297226111063
20.24185010677502
30.638211736644696
19.484699013318334
30.49257256368842
18.714136879985347
30.289511968907885
18.714136879985347
30.289511968907885
-0.3140723883446128
-34.633735992482556
-2.918739546976454
-34.51195835821285
-5.644346692490643
-34.17214744023372
-8.457903573056228
-33.586577339928304
-11.318369272110466
-32.73360394582681
-14.178158062816017
-31.600223799965523
-16.985595596848654
-30.184165591952645
-19.68812912924433
-28.49512031299926
-22.235913956197052
-26.55481953986326
-24.585283504282415
-24.395863282043564
-26.701606314651904
-22.059431780520637
-28.561147206711908
-19.592222449192317
-30.15174833879135
-17.043074322911792
-31.472367771809928
-14.45975024328023
-32.53169657059462
-11.886253762261036
-33.34618073671991
-9.360904899426785
-33.93779329684985
-6.915236539873078
-34.33185281658798
-4.5736410486878185
-34.55509817222905
-2.3536143629990036
-34.6341353916306
-0.266413093340109
-7.33649351071935
33.84922706989445
-9.86223966019515
33.201363513370595
-12.46215878686455
32.31545928240967
-15.098320200046658
31.171060896269886
-17.726144393680002
29.755303984273276
-20.29639688715801
28.065113284308417
-22.75801776919849
26.108752124123974
-25.061514775451613
23.906375455554162
-27.16249097625338
21.48937863752827
-29.024804759546683
18.89854541842569
-30.622902964846297
16.1812275266035
-31.94302166265109
13.387967632225063
-32.983167969233676
10.569055822324913
-33.752015154158904
7.771472402031051
-34.2670039837426
5.036541297385671
-34.552015292403375
2.398447309328663
-34.63496445905108
-0.11639236388672103
-34.545593600144755
-2.4892314226965944
-34.31363594640818
-4.708364726682362
0.610407989133364
-34.661207671219216
0.5961612380608301
-34.46191568934839
0.583079211505293
-34.324500826717184
0.5710678830635914
-34.24638903593504
0.5600319218184495
-34.22500630474457
0.5498779362935124
-34.25777859861972
0.5405152903921078
-34.34213184588867
0.5318563818692041
-34.475491932607355
0.523816762516816
-34.655284700897454
0.5163152050945996
-34.87893594758145
0.5092737546753483
-35.14387142356452
0.50261778330119
-35.44751683326729
0.49627606384541423
-35.78729783340248
0.49018088508762503
-36.16064003254618
0.4842682479608129
-36.5649689880797
0.4784782266090133
-36.99771020322845
0.47275568800810674
-37.45628911928429
0.4670518732454241
-37.938131098988094
0.4613283491655693
-38.440661385913785
0.45556886184689915
-38.96130498104597
0.4498267490040746
-39.49748615111662
0.44455682448338507
-40.04662498399995
0.4361809968973489
-40.60618340983726
0.6258895064015917
-34.92495126198153
0.6683922392919612
-41.726716835078065
0.916728980543752
-42.281996369658515
1.1717572247902126
-42.83682820048091
1.4332855486433687
-43.38864309636506
1.701136287005511
-43.93487582930169
1.9750940845078162
-44.47296570746576
2.2548930375527902
-45.00035670833577
2.540212413609538
-45.51449752182779
2.8306749458971012
-46.012841566706356
3.1258460677049698
-46.49284699665142
3.4252335428387255
-46.95197670090562
3.72828728608431
-47.38769830220522
4.034399290047759
-47.797484150451595
4.342903628050237
-48.17881131247938
4.653076533723436
-48.52916155280431
4.964136589951352
-48.84602130096326
5.275245114200288
-49.12688158918505
5.585506954719676
-49.36923792866361
5.893972261860483
-49.57059003598769
6.199640932906618
-49.72844114989243
6.501475961438075
-49.840295981171465
6.798456849969
-49.90365251151161
7.08995351751372
-49.915944594236265
7.370822742185169
-49.87618872665112
0.4273123463400168
-41.17355909310237
7.599882633712014
-49.673279865568475
7.550158788639976
-49.51474046492342
7.494162220303679
-49.31247691404275
7.432200298781709
-49.068901873781385
7.364656660108437
-48.78641626548145
7.2919333398245385
-48.467418155344916
7.214436308458062
-48.11430497558575
7.132570652536117
-47.729474263719055
7.046738650605391
-47.31532395861626
6.95733890335373
-46.87425253353885
6.864765905551678
-46.40865906239341
6.769409825477908
-45.920943253894905
6.671656393922831
-45.41350546840704
6.57188686175806
-44.88874672555323
6.47047801335367
-44.34906870226371
6.367802246229701
-43.79687372278448
6.264227757755805
-43.23456473216012
6.16011894750261
-42.66454523966564
6.055837325014352
-42.089219191413974
5.951743797960546
-41.51099064834307
5.848205553638991
-40.93226281675135
5.745623603316176
-40.35543417015643
5.644625617652991
-39.78287129471755
5.543455167068089
-39.21727652716058
7.643507728354962
-49.78560852566244
5.483288634769167
-38.09178187204998
5.521611329291375
-37.53730792125549
5.559228836528405
-36.9998292326475
5.596598471138066
-36.48172891982517
5.634248832820674
-35.98537883987842
5.672750011480275
-35.5131437889807
5.712706143834964
-35.06738254938125
5.754752939213063
-34.65044823767076
5.7995566985241
-34.26468844129363
5.847813880157219
-33.912445278745025
5.900250898900367
-33.59605542553538
5.957624040506005
-33.31785012343252
6.020719446260443
-33.080155177851196
6.090353154913714
-32.88529094553303
6.167371210092881
-32.735572307851015
6.252649865969715
-32.633308623614056
6.347095965282108
-32.58080364368101
6.451647654325029
-32.58035535008358
6.567275822951558
-32.63425563387918
6.694987280168789
-32.74478958428264
6.835832699783964
-32.914233711077884
6.990930463279938
-33.14485061073327
7.161562037939689
-33.4388676318726
7.3498396314285515
-33.79832752709342
-1.8494220194945683
-35.21300198577052
13.546014582948942
-32.330960887024986
15.50364359338397
-31.43918857555215
17.429931364551237
-30.413533756977955
19.30777035148293
-29.25740157659601
21.120541910085706
-27.976923568972325
22.852669602996002
-26.580839621353334
24.490133589360198
-25.08024919603264
26.0209107266478
-23.48824701665987
27.435311658222417
-21.819468764752543
28.726195950730585
-20.089579616309436
29.889057812923454
-18.31474176764516
30.921986407255645
-16.511096256436275
31.82551473422774
-14.69428987264294
32.602378418297576
-12.87907079062498
33.2572099048877
-11.07896801611244
33.79619460567005
-9.306061096698329
34.22671387009734
-7.570838831615021
34.556996055889044
-5.882139623731632
29.41524611586044
19.06643225417804
30.487592808507088
17.300064384344722
31.474245779321734
15.432348997565299
32.36157896775245
13.472703873897302
33.13721652700792
11.432865948746098
33.79051682777663
9.326656178478459
34.313000365175355
7.169626831243164
34.698688737503005
4.978608526254021
34.94432829250127
2.771184430112953
35.04948181051691
0.5651263345907864
35.0164834028061
-1.6221692454272727
34.850263968148965
-3.7742077725191336
34.55806537023756
-5.87585405079065
34.14906958791977
-7.913696306986992
33.633973628426986
-9.87630299869764
33.02454181400162
-11.754368589382608
32.33316458265557
-13.540753709846229
31.572448029188422
-15.230432311789514
30.754852088063387
-16.82036313523426
29.89238853581901
-18.30930502731985
5.444083318907246
-38.66082734143666
31.04062192190014
23.680739106059036
-7.174094002822301
33.77112152395844
-6.483191081657168
33.57655501503123
-5.810291981825969
33.44227718013673
-5.151503874775528
33.3657795837714
-4.50313223780546
33.34455289079847
-3.8616778595768153
33.37608755928687
-3.223836086702704
33.45787401217606
-2.58649656650951
33.587402692989855
-1.9467431359719285
33.762164086686624
-1.301853759718938
33.979648726009344
-0.6493004824617401
34.237347191049565
0.013250621664951723
34.532750103240744
0.687939517534403
34.86334811230458
1.3767123155511456
35.22663187421335
2.0813214532381323
35.620092009213124
2.8033260292056923
36.04121902574343
3.544092468647449
36.48750316593089
4.304795985498657
36.95643406576238
5.086424236280692
37.44549990611873
5.889788279903058
37.95218486409803
6.715566415298838
38.473958920063694
7.564611041661038
39.008206503864784
8.43384466062571
39.55318079016075
-7.887112815839316
34.02847939235946
10.20613333510272
40.2666699010835
11.108513746306784
40.41903944797258
12.031796123639708
40.56051508166195
12.975116576980326
40.688707301830135
13.937492339899563
40.80130905086696
14.917774198541395
40.89610677397215
15.914634600845034
40.97098318302912
16.926563695072446
41.02391817549764
17.95186774815005
41.052989199611034
18.98866843056379
41.05637141698608
20.03490246393045
41.03233777883844
21.088321439044364
40.979259060591374
22.146491723086058
40.89560387063571
23.20679442232114
40.77993863967998
24.266425388366656
40.630927585795604
25.32239527547091
40.44733264405855
26.371529678013815
40.22801332748236
27.410469429381862
39.97192644458684
28.435671276929327
39.678125473016564
29.443409584704852
39.34575899098647
30.429781454928218
38.97406596852764
31.390727227361708
38.56235692888018
32.32217400210726
38.10988207837923
33.218677704352956
37.61827327080755
9.325732911924064
40.10580095061039
34.237879009497135
36.74207795461655
34.36328769467775
36.36211771185236
34.456704894305915
35.951953061208826
34.51914685288625
35.514054612166404
34.551706997004544
35.050813896846876
34.55553372365608
34.56456377961189
34.531824847613166
34.05758355957428
34.48182575021252
33.532100670608145
34.40682863982033
32.990291361412545
34.308172215661045
32.434281003178654
34.18724150118203
31.86614424261495
34.04546775574238
31.28790508226038
33.8843284261053
30.70153692286482
33.705347121832915
30.1089625843577
33.51009360561005
29.51205430969128
33.300183799453976
28.91263375300565
33.077279809981235
28.31247194233154
32.843089990889666
27.713289195206045
32.59936908970923
27.11675492516423
32.34791862169533
26.52448715061942
32.09058799780513
25.938051014619788
31.829279045855912
25.35895285869492
31.565977666370998
24.788598727664237
31.302324356990596
24.228857323872575
34.07969525899938
37.08914123726339
30.617663200134643
23.322564926371882
30.205564595849125
22.97353404643664
29.8062295292209
22.63515883369692
29.421606810387914
22.308892044914245
29.05365639563138
21.99617171295526
28.70434449659723
21.698427558210994
28.37564235810106
21.417082589586187
28.069525852660433
21.153553636881867
27.787975319266252
20.90925156102068
27.532975492831724
20.685581347181028
27.306515471324133
20.483942147150117
27.110588702324037
20.305727296934833
26.947192980760462
20.152324318736873
26.818330456774163
20.025114910709476
26.726007653696456
19.925474921359324
26.67223550291999
19.85477430217165
26.659029407370042
19.814377021098608
26.68840936072553
19.805640899351516
26.762400187762125
19.829917284167152
26.883032072860715
19.88855032746767
27.05234188187427
19.982875182597923
27.27237712721859
20.114212594769356
27.545211828799722
20.283847265324937
27.87305753340172
20.492876402197595
-4.457552897996408
-34.97865195826785
-4.457552897996408
-34.97865195826785
-7.1667750174463265
-34.52554426081329
-9.943818886805104
-33.830405504553
-12.748720825123229
-32.876222227913274
-15.536403357487046
-31.65432105368137
-18.259003685340332
-30.165951917265915
-20.868746478841956
-28.423076734546015
-23.32102726635887
-26.44816738259604
-25.577303076473896
-24.2729775262589
-27.607404197479468
-21.936433259148203
-29.390984059666863
-19.481938472864528
-30.917984139822863
-16.95447219425401
-32.18816180193565
-14.397850897563927
-33.20986719139407
-11.852450876761225
-33.99833353383437
-9.353565500824999
-34.57375867560515
-6.930445995539429
-34.95941792580996
-4.605971009963866
-35.17998158059606
-2.396824283295217
-35.26013690250261
-0.314032279939795
-10.358155546632105
33.705852375037864
-12.830974693723789
32.844207389813675
-15.348644851016957
31.745786679391358
-17.873235120144074
30.396107267150484
-20.36184391706925
28.788386251281622
-22.768637834891422
26.925174127563622
-25.047495258847306
24.819324163121223
-27.154984711346287
22.494058681852408
-29.053306522339653
19.982023190233917
-30.71279796564079
17.323392040180863
-32.113662578968274
14.563260157679082
-33.24672114067809
11.74867669357107
-34.11315664865538
8.925716448575429
-34.72339049683282
6.1369392257485345
-35.09534214667693
3.419478068909484
-35.25237122629969
0.8038616667239751
-35.221183382263746
-1.686449468267341
-35.0299194217923
-4.034924529505986
-34.70656656791755
-6.231380884104112
-34.27775257678843
-8.271127428624567
9.604316826567128
-33.71264809021571
21.47410664642823
-28.418885345541156
21.707560519165884
-28.91495751954986
21.920254778594693
-29.388872159379318
22.112790206272226
-29.840963006685058
22.28575968201283
-30.271569271720892
22.439749293419478
-30.681034790754666
22.57533861204015
-31.069707815027016
22.693100784928426
-31.43794094096893
22.79360257092415
-31.786091083074155
22.87740435617841
-32.11451946153464
22.94506016114041
-32.42359159634725
22.99711764401105
-32.71367730520734
23.03411810144683
-32.98515070220108
23.056596468159444
-33.2383901977894
23.065081315693977
-33.4737784997249
23.060094849959576
-33.69170261407271
23.04215290788609
-33.89255384701816
23.01176495323435
-34.07672780801303
22.969434069991806
-34.24462441286684
22.91565695404004
-34.396647889270426
22.850923900698803
-34.5332067836238
22.7757187874198
-34.654713972037655
22.690519047295407
-34.76158667565443
22.59579562872542
-34.854246484806424
22.492012930977275
-34.93311939731922
22.379628697288915
-34.99863588260058
22.25909382763252
-35.05123099294366
22.13085203154027
-35.09134457044314
21.99533913451905
-35.119421661310355
21.85298155151104
-35.13591342553187
21.704192471804134
-35.141279412019
21.5493604146117
-35.13599438426215
21.38880345046719
-35.12057561979705
21.222448755715014
-35.095774011014555
21.05413439175952
-35.060008667457595
21.21927671096876
-27.900333272344028
20.47739244189443
-35.030472055955244
20.07056969959388
-35.03766687161479
19.66218694364548
-35.037040787304704
19.2528349430169
-35.028987467770065
18.843016416068004
-35.013949499486216
18.433194587166867
-34.99238943374442
18.023805325024107
-34.964782547541006
17.6152611880527
-34.93161443083511
17.207953041678614
-34.89338002172278
16.80225079249597
-34.85058316808073
16.39850375442862
-34.803736409116084
15.997040844147822
-34.75336085730498
15.59817069151324
-34.699986132379166
15.202181703248186
-34.644150321486904
14.809342100064711
-34.58639995562186
14.41989993659103
-34.527289995253085
14.034083108886815
-34.46738382195002
13.652099351565145
-34.407253235251915
13.274136223315825
-34.34747845340118
12.900361077381532
-34.28864811891674
12.530921008926036
-34.23135931072616
12.165942763129081
-34.17621756676718
11.805532571211444
-34.123836925948154
11.449775842916516
-34.07484000688581
11.098736549388128
-34.02985816730188
10.752455863548022
-33.98953185619234
10.410948758778893
-33.9545114942961
10.07419380351142
-33.92546011805604
9.742092336980768
-33.903063955644825
9.414182695971647
-33.88810646079264
9.093503151414197
-33.88046755430619
20.881636450662967
-35.015314299930566
8.816085504624368
-33.75372943700157
8.856404643922666
-33.637016286188526
8.899199019765128
-33.531779434611536
8.944784731607143
-33.43856880945947
8.993421666530345
-33.35794874438639
9.045356959178022
-33.29048671913475
9.100835858691454
-33.23675054527325
9.160105352570383
-33.19730742637839
9.223415618604449
-33.17272358208237
9.291020687470315
-33.163564076135884
9.3631787772376
-33.170392728970086
9.440152477904292
-33.19377207002674
9.522208862040742
-33.23426330793379
9.609619558521857
-33.2924263109432
9.702660808115695
-33.3688195910176
9.80161351284913
-33.46400028935514
9.906763287922786
-33.57852416083833
10.0184005246617
-33.71294555378486
10.136820476276057
-33.86781738274391
10.262323383790559
-34.04369108757919
10.395214672796072
-34.2411165694912
10.535805277528198
-34.460642084790095
10.684412205503634
-34.70281406097783
10.841359583379784
-34.96817675432425
11.006980747016257
-35.25727156625808
11.181622838140285
-35.570635540199504
11.365658294134377
-35.9087976022401
11.55951931721546
-36.27226728669484
11.763835748723139
-36.66148963401679
11.980400189570602
-37.07652948098536
19.089930428444198
-28.67483761962039
20.395186060331127
-33.7770837925307
23.154626823322943
-31.948681672892548
25.85370979944655
-29.806722288255173
28.433685049413967
-27.356545075610313
30.835589097688967
-24.617502898581137
33.004520925129654
-21.623057195175818
34.893883378908626
-18.419335131928364
36.468945449741994
-15.062238271482386
37.70917619246249
-11.613485043215263
38.609035629317844
-8.136176727261471
39.177211109021485
-4.690536609208948
39.43456733984871
-1.3303768947567391
39.41126043123792
1.8993565184835006
39.143520244048275
4.963852019042122
38.670546434361725
7.838612277121399
38.0318356236055
10.508781235815007
37.265109461870054
12.967907339197353
36.40488364123809
15.216420440796242
-9.383885613928328
38.324896539297725
-6.456057004910534
38.92524029357443
-3.3241798509311735
39.31672458740465
-0.016931612221611658
39.45699833088767
3.425573931073643
39.308020138464286
6.952646028065445
38.83961530668901
10.505192685585158
38.03282701301461
14.019126031168085
36.88250410811867
17.429642760809614
35.39862366242116
20.67580537938163
33.60604225250421
23.70475518804389
31.542662941452363
26.474956048730064
29.256310536036096
28.958078129824685
26.800834221906882
31.139413100836165
24.23204398515813
33.01697973258932
21.604028635903802
34.5996638788741
18.966240097396735
35.90481164731297
16.361525128610225
36.955670681941186
13.825100665495285
37.7789868128999
11.384338336236397
38.40295140659258
9.059157092470315
8.777565077879217
-33.88146217657601
-11.240147526289562
33.14601350851112
-35.06575086431651
2.7248310741403543
-35.083312082001484
3.591374021055998
-35.05667954218653
4.4789785522814896
-34.98771701180188
5.385693551968416
-34.878253704226864
6.309614097006971
-34.73008390379785
7.248888477153599
-34.54496687167699
8.201719949526534
-34.32462681537044
9.166367323046586
-34.07075287764447
10.141145191931372
-33.78499913169326
11.124424041323124
-33.46898457933917
12.114630299609445
-33.12429315151245
13.110246366347184
-32.75247370877411
14.109810627509034
-32.35504004287331
15.111917464099008
-31.933470879180593
16.11521725696116
-31.48920987935736
17.118416388878614
-31.02366564511757
18.120277244930946
-30.538211723756266
19.119618211668097
-30.034186614432222
20.11531367423936
-29.512893777914737
21.106294012278283
-28.975601649401813
22.091545592975194
-28.423543657998245
23.0701107612814
-27.857918254755454
24.041087824361654
-27.279888956272913
25.003631027794256
-26.69058441400367
25.9569505172922
-26.091098529777838
26.900312275178635
-25.48249065710897
27.833038008753107
-24.8657859750257
28.754504943283365
-24.24197623582434
29.664145408654548
-23.612021408527113
30.561445928834104
-22.976853787959534
31.445944946678395
-22.337390321664987
32.31722599908986
-21.69458191488813
33.17489041558662
-21.049758567377364
34.01836621365857
-20.399992988743826
34.84947530733942
-35.002100210433426
1.8812978773453324
-19.471297017524996
35.633515962072636
-19.191880479347066
35.59199293873385
-18.910477419325023
35.54269578725513
-18.627384039624296
35.48617440686718
-18.342957240236412
35.422943691313094
-18.057562321259546
35.353512487025085
-17.771559909091735
35.278390832225256
-17.4853015992454
35.19809236969721
-17.199128214264565
35.113135311591435
-16.913369012716572
35.02404287755269
-16.62834129492829
34.93134351380826
-16.344350191559727
34.83557100986803
-16.061688544855926
34.737264565640345
-15.780636839055958
34.63696883016419
-15.501463159893941
34.53523392542894
-15.224423172049406
34.432615460334716
-14.949760109268693
34.329674537928696
-14.677704775473288
34.22697775821035
-14.408475556911675
34.12509721590715
-14.142278448776878
34.02461049287297
-13.879307103609584
33.926100642706785
-13.619742916410935
33.83015616254502
-13.363755177328812
33.73737094216722
-13.111501357812028
33.648344167073134
-12.863127685628243
33.5636801238179
-12.6187704122096
33.48398777081337
-12.378558982659158
33.4098796631269
-12.142625548399096
33.341968727120985
-11.911143019732062
33.280855356573966
-11.68459143741832
33.227037083072844
-11.460157822894118
33.182129423836386
-19.74885761980204
35.666477245354145
-11.187200286382676
33.045731439924594
-11.138479362185166
32.95574434029422
-11.093740210649493
32.876783281493886
-11.05307741196237
32.809464324676355
-11.016641111103773
32.7543846789404
-10.984596507651766
32.71213643745236
-10.957113727080653
32.683310013318334
-10.934364442292221
32.668495284369016
-10.91652052024498
32.6682820524683
-10.903753404036983
32.68326025298407
-10.896233800486101
32.71402006021734
-10.894131507941182
32.76115194630438
-10.897615312169535
32.82524671583042
-10.906852916916336
32.90689552957801
-10.922010890623525
33.006689921972594
-10.943254618601252
33.12522181687311
-10.970748252218598
33.263083544505406
-11.004654646209246
33.42086786140359
-11.045135273224233
33.599167978356235
-11.09235009761322
33.798577601021094
-11.14645737803783
34.019690993633844
-11.207613341742828
34.26310308348732
-11.275971617615753
34.5294096440945
-11.351682184978642
34.81920763317581
-11.434889273176111
35.133095868795124
-11.525726742269214
35.471676516733254
-11.62430653545104
35.83555880678222
-11.730684038447478
36.22537018447744
-11.844719516590587
36.64180091322436
-11.965108176744153
37.085916293501754
17.187566066185788
-29.85396672127399
17.187566066185788
-29.85396672127399
15.153686893795909
-30.936023173627774
12.999635005056483
-31.901116689071344
10.740585418445688
-32.7308964304907
8.395240119192298
-33.409455242723425
5.9852722946279595
-33.92415469593303
3.534549367278988
-34.266291264808686
1.0681915657681635
-34.431536751258406
-1.3884558303849843
-34.420109626227315
-3.810848022149525
-34.23666446408755
-6.176177939953469
-33.88991859430277
-8.46415365262763
-33.392062817668915
-10.657567529017754
-32.758022080688306
-12.742635758894586
-32.00464013530815
-14.709112821598815
-31.14985965098259
-16.55020657061204
-30.211958207711504
-18.262333582020375
-29.208884408916532
-19.844760848175206
-28.157720489293325
-21.299179728352136
-27.07428113863395
-34.446658511788954
-0.3153944302521836
-34.35347219702093
-2.5516081758268854
-34.1060977035783
-4.842092079711762
-33.694451398883764
-7.166289221256449
-33.11187643007448
-9.501336514086546
-32.35571891728267
-11.822825788289052
-31.427698302610274
-14.105727052319693
-30.334022007819158
-16.325405511152837
-29.08522093529441
-18.458647822079172
-27.695713864064167
-20.484608608277597
-26.183139873550324
-22.385596767487243
-24.567522961415
-24.14764112319841
-22.870347810607335
-25.760802535951484
-21.113628412665143
-27.21922944402239
-19.31904280787355
-28.520980720550014
-17.5071904891579
-29.667659790599856
-15.697008042792348
-30.663915189990803
-13.905357351899148
-31.51686521833065
-12.146782296076381
-32.23549962581876
-10.433416197768071
-32.83010177746311
14.907734495097046
-36.53237545228697
3.5678499386354057
3.5885244906937923
3.6071377809690284
3.623846803430585
3.6387905860046295
3.652093000249423
3.663865057411026
3.674206807524179
3.6832089238132126
3.6909540352000616
3.6975178555475012
3.702970147813835
3.7073755533148804
3.7107943101097174
3.7132828798275
3.714894498462835
3.7156796638501874
3.7156865700302437
3.714961497005194
3.7135491627399753
3.7114930430889586
3.7088356642388445
3.7056188714379363
3.701884077017351
3.697672490057121
3.693025329526818
3.687984022161639
3.6825903859862827
3.676886799871975
3.670916359354228
3.6647230197241942
3.658351686187289
3.5678499386354057
3.645056563252057
3.638236339823423
3.631437573572893
3.624711408712079
3.6181103351530783
3.6116881655090185
3.605499981487891
3.5996020476522035
3.5940516902769457
3.588907139517091
3.584227333286412
3.580071681969008
3.57649979374289
3.5735711611389447
3.5713448105341974
3.5698789173149996
3.569228504729562
3.569399217573298
3.570344593956436
3.5720141319870105
3.574356049836572
3.5773176397964797
3.580845590306652
3.6518484376277005
3.5891352231308433
3.5937864725446813
3.598787160563901
3.6040850107941735
3.6096285309905447
3.6153671346866467
3.621251233489861
3.6272323015475623
3.6332629139637405
3.639296760872596
3.6452886390795873
3.6511944230381856
3.6569710168423044
3.6625762888829563
3.667968990478193
3.6731086597353135
3.677955511603053
3.6824703148029996
3.6866142560524295
3.690348791695012
3.6936354860838922
3.696435834170375
3.69871104788903
3.700422371750653
3.584886320377088
3.7017525933053457
3.701294792430797
3.7001124862701213
3.6981605266914985
3.6953916468308496
3.6917560824424345
3.6872011428642777
3.681670726148128
3.6751047683928006
3.6674386144750946
3.6586022942214003
3.6485196841073835
3.6371075297011344
3.624274297445414
3.609918815379708
3.5939286474886374
3.5761780917512267
3.556655587606273
3.5566555876062727
3.556655587606273
3.5566555876062727
3.5566555876062727
3.5566555876062727
3.5566555876062727
3.5566555876062735
3.556655587606272
3.556655587606272
3.556655587606272
3.556655587606273
3.5566555876062735
3.5566555876062735
3.5566555876062735
3.556655587606273
3.5566555876062735
3.556655587606273
3.556655587606273
3.556655587606273
3.5566555876062727
3.5566555876062727
3.556655587606273
3.5566555876062735
3.5566555876062735
3.556655587606273
3.5566555876062727
3.556655587606272
3.5566555876062735
3.556655587606272
3.556655587606272
3.5566555876062735
3.5566555876062727
3.556655587606273
3.556655587606272
3.5566555876062727
3.5566555876062727
3.556655587606273
3.556655587606272
3.5566555876062727
3.5678499386354057
3.5880454344445334
3.6062101458907403
3.6225010912099744
3.637057379602777
3.650002967644134
3.661448947672982
3.671495444931574
3.6802332012765495
3.6877449073821973
3.6941063318222853
3.6993872851261216
3.7036524489737443
3.706962094533439
3.7093727092527184
3.7109375476271755
3.711707118656028
3.71172962019636
3.711051328712447
3.7097169512768247
3.707769945502258
3.705252811995009
3.702207363099092
3.6986749709361804
3.694696797092374
3.6903140057774517
3.6855679617072754
3.680500413590989
3.6751536634960758
3.6695707217576152
3.66379544339386
3.6578727494377112
3.5678499386354057
3.634875471858357
3.6185698881838753
3.6030270632416204
3.588342055414678
3.5746089538213974
3.5619202102507286
3.5503659513416106
3.540033286311292
3.5310056279158144
3.5233620448375307
3.5171766624964937
3.5125181273867208
3.5094491470033504
3.5080261137236004
3.508298816982346
3.5103102438313583
3.514094578154402
3.5196313773766943
3.5268433339431025
3.535644899659095
3.545945650918642
3.5576512722003253
3.5706645933758363
3.6518484376277005
3.5859858289126345
3.5877314716960225
3.5900750238633803
3.5929685473262634
3.59636452281676
3.6002159511639302
3.60447642673206
3.609100184861488
3.6140421253051445
3.6192578135425055
3.6247034620290077
3.6303358932696335
3.63611248648851
3.641991109604603
3.6479300378521127
3.65388786030051
3.6598233751916105
3.6656954746999912
3.671463019383469
3.6770847021598696
3.6825189004205154
3.687723510614713
3.6926557180038744
3.697273015448158
3.5848863203770875
3.6997910366952595
3.6975824969194577
3.694862662052019
3.691588605924946
3.6877150013457687
3.6831937179642855
3.6779733820286697
3.6719988841869013
3.6652108237511665
3.657544876233245
3.6489310681366813
3.6392929392032083
3.6285465677031534
3.6165994285369663
3.603349048107058
3.5886814225637873
3.572469286908251
3.572469286908251
3.544869351917174
3.544869351917174
3.544869351917174
3.5448693519171743
3.544869351917174
3.544869351917174
3.544869351917174
3.544869351917174
3.544869351917174
3.544869351917174
3.544869351917174
3.544869351917174
3.544869351917174
3.5448693519171743
3.544869351917174
3.544869351917174
3.544869351917174
3.544869351917174
3.5448693519171743
3.544869351917174
3.544869351917174
3.544869351917174
3.544869351917174
3.544869351917174
3.544869351917174
3.544869351917174
3.544869351917174
3.544869351917174
3.544869351917174
3.544869351917174
3.5448693519171743
3.5448693519171743
3.544869351917174
3.544869351917174
3.544869351917174
3.544869351917174
3.5448693519171743
3.544869351917174
3.544869351917174
3.5457761713153744
3.5400044288403536
3.536003671674158
3.5337201425791602
3.5330904152470466
3.534042454966062
3.536496778860284
3.5403676761681377
3.545564450123132
3.551992645870206
3.5595552332383846
3.568153718401741
3.5776891641963333
3.5880631047298026
3.599178345319951
3.610939643981833
3.623254274793048
3.636032477081816
3.649187797053801
3.6626373303678923
3.6763018756748207
3.690106011994793
3.7039780448890594
3.553362064696944
3.731269892098864
3.7445963620418614
3.7577721844527345
3.7707430408232425
3.783457481087396
3.795866694766256
3.807924265854631
3.8195859187584906
3.830809258516639
3.841553507175713
3.8517792373793553
3.861448103618107
3.8705225709620237
3.8789656406439277
3.886740571287191
3.8938105941735306
3.9001386203630193
3.905686937026666
3.910416889688167
3.9142885463704613
3.9172603383817814
3.9192886688356245
3.920327451334572
3.920345993287621
3.7178501326048012
3.917036377048304
3.913762859031878
3.9095936827221243
3.9045666297087394
3.8987180595789774
3.892083226567613
3.8846965785808205
3.876592042087646
3.8678032961324957
3.8583640381726805
3.8483082441004886
3.8376704243236492
3.826485877398838
3.8147909423590205
3.8026232503786894
3.790021976101195
3.777028088362592
3.7636845996312323
3.7500368128790025
3.7361325639610277
3.7220224569150484
3.7077600890486484
3.6934022636197543
3.6790091291508453
3.9193746975147072
3.6502533887631516
3.636038641915253
3.622075323646659
3.6084422758636903
3.595222046732211
3.5825007243399476
3.570367678465925
3.5589152023803234
3.5482380466735997
3.5384328390507647
3.529597386643539
3.5218298610586536
3.515227870678311
3.509887429840928
3.5059018399814694
3.5033605036828197
3.5023476981584136
3.5029413397968443
3.5052117755316177
3.509220639342145
3.515019812920515
3.5226505275413977
3.532142636992878
3.5435140491461357
3.56279271785422
3.556890798577384
3.556890798577384
3.556890798577384
3.5568907985773843
3.5568907985773843
3.556890798577384
3.556890798577384
3.5568907985773843
3.5568907985773848
3.5568907985773843
3.5568907985773848
3.5568907985773848
3.5568907985773834
3.556890798577384
3.5568907985773834
3.5568907985773834
3.5568907985773834
3.556890798577384
3.5568907985773834
3.5568907985773843
3.5568907985773848
3.5568907985773843
3.556890798577384
3.5568907985773843
3.5568907985773843
3.5568907985773848
3.556890798577384
3.5568907985773834
3.5568907985773843
3.5568907985773843
3.5568907985773843
3.5568907985773848
3.5568907985773843
3.5568907985773843
3.5568907985773848
3.5568907985773843
3.556890798577384
3.5568907985773834
3.664644500948637
3.6646445009486373
3.541675581927276
3.532130226667532
3.524690522508388
3.51930985144205
3.5159313180297604
3.51448876428108
3.5149078888526777
3.517107430663668
3.521000378829298
3.5264951737655776
3.5334968686704404
3.541908225729703
3.5516307270468332
3.562565486069179
3.5746140505782953
3.5876790933779197
3.601664990778027
3.6164782923591083
3.6320280876425834
3.6482262753370374
3.6649877325174214
3.682230286406069
3.6998775560876673
3.5533620646969437
3.7266563150135807
3.7357093826892496
3.744962963339314
3.7543729028938317
3.7638971318351833
3.7734953796143027
3.7831288652329795
3.792759981881071
3.8023519817979334
3.8118686646995688
3.8212740718490505
3.8305321869915767
3.8396066445557575
3.8484604448789175
3.8570556754467105
3.865353236541817
3.8733125689150856
3.880891380442367
3.888045367859626
3.8947279287053385
3.9008898567807853
3.9064790083649426
3.911439874368561
3.915732219534656
3.717850132604801
3.9164459157817326
3.912630465406597
3.9079680957111003
3.902496744267711
3.896252905786809
3.889271953386185
3.8815884386846764
3.8732363769867635
3.8642495213653
3.85466162849742
3.8445067186633888
3.833819331801585
3.822634781122429
3.8109894054255933
3.798920820765853
3.7864681717913737
3.7736723824864713
3.7605764056313986
3.7472254696771805
3.733667321058292
3.7199524591559334
3.7061343597858327
3.6922696760239306
3.6784186081681547
3.9193746975147077
3.6503658078699135
3.6362545401444666
3.6223857317381847
3.608838214225708
3.595694529063501
3.583040759054873
3.57096626957012
3.559563350164119
3.548926748333586
3.5391530892799143
3.5303401782070964
3.522586185364368
3.5159887183461955
3.5106437912769186
3.506644705960028
3.504080865946238
3.5030365500464864
3.5035896769337596
3.5058105966278563
3.5097609472495463
3.51549261631923
3.5230468445151937
3.5324535061030398
3.543730592093402
3.5627927178542205
3.5627927178542205
3.56279271785422
3.562792717854221
3.56279271785422
3.56279271785422
3.5627927178542205
3.56279271785422
3.5627927178542205
3.5627927178542205
3.56279271785422
3.5627927178542205
3.56279271785422
3.562792717854221
3.56279271785422
3.56279271785422
3.5627927178542205
3.56279271785422
3.562792717854221
3.56279271785422
3.5627927178542205
3.562792717854221
3.5627927178542205
3.56279271785422
3.5627927178542205
3.5627927178542205
3.5627927178542205
3.56279271785422
3.56279271785422
3.5627927178542205
3.56279271785422
3.562792717854221
3.56279271785422
3.5627927178542205
3.5627927178542205
3.56279271785422
3.5627927178542205
3.56279271785422
3.56279271785422
3.5627927178542205
3.5568907985773843
3.572901721545898
3.5878569146637833
3.601778415665345
3.614723178072104
3.6267433267244247
3.6378867079465786
3.648197365541531
3.6577159545501603
3.666480102449724
3.674524725729855
3.681882308471131
3.688583148447267
3.694655575303309
3.700126144712323
3.705019811771541
3.709360086382078
3.7131691729859506
3.7164680966824624
3.7192768173978417
3.721614333650429
3.723498777135406
3.724947499285129
3.725977150712749
3.7266037544086097
3.7268427733981673
3.7267091735085387
3.7262174817709997
3.725381840957133
3.7242160606695394
3.722733665271531
3.7209479388986986
3.718871967376283
3.7165186749483374
3.713900835635373
3.7110316509004644
3.5568504147513877
3.703190666953091
3.6983105307380386
3.693296084470632
3.6881606928562283
3.6829177806542535
3.6775808713568283
3.6721636156336963
3.666679816596596
3.6611434532617904
3.655568702544141
3.649969959859057
3.6443618582555457
3.638759286062841
3.633177402874051
3.6276316537869016
3.6221377817236604
3.616711837664143
3.611370188635156
3.606129523236643
3.6010068545128338
3.5960195199513163
3.591185178384768
3.5865218035791147
3.5820476742416796
3.5777813602144457
3.573741704533914
3.5699478008029764
3.5664189645193023
3.563174692094237
3.560234552789934
3.5576195800998844
3.707923076276817
3.5520875000475347
3.5491402004387393
3.5465261919048006
3.544265761998213
3.5423790153656953
3.5408857998398524
3.539805631161175
3.5391576152509963
3.53896036841125
3.5392319359753115
3.539989710101044
3.541250347514818
3.5430296879708045
3.545342674351066
3.5482032752552626
3.5516244110163013
3.5556178840447323
3.5601943143543435
3.565363081150699
3.571132271235094
3.57750863495033
3.5844975502664416
3.5921029955590806
3.6003275314126664
3.6091722917349114
3.6186369842554136
3.6287199001691404
3.6394179321471145
3.650726596785686
3.6626400303646207
3.5394539120820405
3.6752115211165335
3.6752115211165335
3.6752115211165335
3.6752115211165335
3.6752115211165335
3.6752115211165335
3.6752115211165335
3.6752115211165335
3.675211521116533
3.6752115211165335
3.6752115211165335
3.675211521116533
3.6752115211165335
3.6752115211165335
3.675211521116533
3.6752115211165335
3.6752115211165335
3.6752115211165335
3.6752115211165335
3.675211521116533
3.6752115211165335
3.675211521116533
3.675211521116533
3.6752115211165335
3.6752115211165335
3.675211521116533
3.6752115211165335
3.675211521116533
3.6752115211165335
3.675211521116533
3.6752115211165335
3.675211521116533
3.6752115211165335
3.675211521116533
3.675211521116533
3.6752115211165335
3.6752115211165335
3.6752115211165335
3.5553477055379217
3.5553477055379217
3.5602349540449123
3.562937819183815
3.565062076914143
3.5667062488861982
3.5679646029612404
3.568927335967927
3.5696806397956062
3.5703066640638097
3.570883390777157
3.5714844373079897
3.572178805042828
3.5730305919499004
3.5740986879832506
3.57543647266645
3.5770915339445395
3.579105426466876
3.581513485835271
3.5843447129074026
3.5876217390553657
3.591360879711428
3.595572279396795
3.6002601474119236
3.6054230793017137
3.611054455737246
3.617142907457683
3.6236728327701817
3.6306249527443706
3.637976888834926
3.645703748062684
3.6537787020663797
3.6621735487047773
3.6708592496349794
3.6798064550189826
3.688986185093956
3.6983656577291657
3.5568504147513877
3.7039254308112275
3.6997351986715956
3.6953651388066233
3.690828154926594
3.6861372670252903
3.681305630527755
3.6763465603039656
3.6712735548205897
3.666100319452077
3.6608407886403778
3.6555091467639462
3.650119847555537
3.644687632014813
3.639227544621787
3.6337549477622333
3.628285534182397
3.6228353373044153
3.6174207392448117
3.6120584763165735
3.6067656418247283
3.6015596859419747
3.596458412446268
3.591479972118512
3.586642852564249
3.581965864294436
3.577468122927289
3.573169027495782
3.5690882354787155
3.565245638149433
3.5616613701838635
3.5583548922772557
3.707923076276817
3.552143453328546
3.5492484798819257
3.546683189146616
3.5444678714665434
3.5426226316973684
3.5411673172072127
3.5401214430757673
3.5395041145263706
3.5393339471895584
3.5396289857830583
3.5404066219195953
3.541683511859089
3.5434754949728697
3.5457975138470723
3.5486635368748174
3.5520864842740485
3.5560781584341608
3.5606491794442734
3.5658089266852935
3.5715654872389986
3.5779256118416978
3.58489467898285
3.5924766677057773
3.6006741394520323
3.6094882292581296
3.6189186464347087
3.6289636846611355
3.639620241349223
3.6508838455047177
3.662748691381155
3.53945391208204
3.53945391208204
3.5394539120820405
3.53945391208204
3.5394539120820405
3.53945391208204
3.53945391208204
3.53945391208204
3.5394539120820405
3.53945391208204
3.53945391208204
3.5394539120820405
3.5394539120820405
3.53945391208204
3.53945391208204
3.53945391208204
3.5394539120820405
3.53945391208204
3.5394539120820405
3.5394539120820405
3.5394539120820405
3.53945391208204
3.53945391208204
3.53945391208204
3.53945391208204
3.5394539120820405
3.53945391208204
3.5394539120820405
3.53945391208204
3.5394539120820405
3.53945391208204
3.53945391208204
3.53945391208204
3.53945391208204
3.53945391208204
3.53945391208204
3.53945391208204
3.53945391208204
3.53945391208204
3.53945391208204
3.6752115211165335
22.288221995965795
0.0
0.0
0.0
0.0
0.0
0.0
0.0
0.0
0.0
0.0
0.0
0.0
0.0
0.0
0.0
0.0
0.0
0.0
0.0
0.0
0.0
0.0
0.0
0.0
0.0
0.0
0.0
0.0
0.0
0.0
0.0
22.288221995965795
0.0
0.0
0.0
0.0
0.0
0.0
0.0
0.0
0.0
0.0
0.0
0.0
0.0
0.0
0.0
0.0
0.0
0.0
0.0
0.0
0.0
0.0
0.0
0.0
0.0
0.0
0.0
0.0
0.0
0.0
0.0
0.0
0.0
0.0
0.0
0.0
0.0
0.0
0.0
0.0
0.0
0.0
0.0
0.0
0.0
0.0
0.0
0.0
0.0
0.0
0.0
0.0
0.0
0.0
0.0
0.0
0.0
0.0
0.0
0.0
0.0
0.0
0.0
0.0
0.0
0.0
0.0
0.0
0.0
0.0
0.0
0.0
0.0
0.0
0.0
0.0
0.0
0.0
0.0
0.0
0.0
0.0
0.0
0.0
0.0
0.0
49.296086979832644
53.513180996102655
53.51318099610259
57.941129713185866
62.59047586612339
67.47228932670778
67.47228932670778
72.59819346032148
72.59819346032126
77.98039280061569
0.0
0.0
0.0
0.0
0.0
0.0
0.0
0.0
0.0
0.0
22.28822199596584
46.72367602978267
47.58015340484801
48.361627273086796
49.07074158213442
49.71012082835658
50.28237061083534
46.499567561470265
51.23581424074206
47.26133291566778
51.95156877869602
52.226648289207056
52.4498792212121
52.62375730978702
48.29462530405011
52.83337697909657
48.407496423933864
52.87524142539005
48.37576168138487
52.76892809301836
48.217282427007454
52.53388527054552
61.897498864544055
61.67923834248075
56.59303469886112
47.3829080325688
60.87608297674188
51.24950691059087
46.66998466421811
59.90998174970151
50.40049651507304
45.870413230645845
22.28822199596584
44.82755600478545
52.44468561712222
47.42894262997209
50.883116753381756
58.99076205751227
53.7956505960616
53.177658814603056
52.63102085586326
48.04772302143788
47.681866268288694
55.69824091550122
55.43937214742914
59.70445753652013
43.130555784883725
55.20594901633274
47.063575717865554
51.28339357918493
47.50431248432278
47.84814990262632
48.271147327487945
44.79745071160867
45.324913822929375
45.91859599399943
58.85759294197034
46.62754272049193
42.763247890912474
46.81860220625881
42.98778971235425
43.134023355002874
43.300471280658925
43.485345426882816
43.68687670320303
43.90330900331862
40.25466651585941
44.3738809697349
40.70309017140113
40.93889578691558
41.18026890170387
41.425563235670275
41.67310606213353
41.921192937045554
42.168082524166074
42.4119915262478
42.65108972594838
42.88349510007094
43.107268798135955
47.49399518393931
47.713796139212754
46.576303513413905
47.834091881728426
47.72856496026352
47.59892752124124
47.443340799761195
47.25991953765811
47.04672636539023
46.801766591548535
46.52298316280827
46.20825175785645
50.08644734188196
49.656865121807286
49.180564862083386
48.654881892742864
48.077053816840355
47.444216490526486
46.75340118404605
46.00153980877877
46.00153980877877
0.0
0.0
0.0
0.0
0.0
0.0
0.0
0.0
0.0
0.0
0.0
0.0
0.0
0.0
0.0
0.0
0.0
0.0
0.0
82.65178526499814
40.969050663318306
40.96905066331826
37.36885015414125
37.36885015414126
40.969050663318285
40.969050663318285
40.96905066331828
44.749261197954155
44.749261197954134
44.74926119795415
48.71848225932187
48.7184822593219
52.88616437375788
61.85710012508153
66.68171313280556
71.74755679091581
82.65178526499811
0.0
0.0
1.2402309538639056
0.0
0.0
0.0
0.0
0.0
0.0
0.0
0.0
0.0
0.0
0.0
0.0
0.0
0.0
0.0
0.0
0.0
0.0
0.0
0.0
0.0
0.0
0.0
0.0
0.0
0.0
0.0
0.0
0.0
0.0
0.0
1.0
0.0
0.0
0.0
0.0
0.0
0.0
0.0
0.0
0.0
0.0
0.0
0.0
0.0
0.0
0.0
0.0
0.0
0.0
0.0
0.0
0.0
0.0
0.0
0.0
0.0
0.0
0.0
0.0
0.0
0.0
0.0
0.0
0.0
0.0
0.0
0.0
0.0
0.0
0.0
0.0
0.0
0.0
0.0
0.0
0.0
0.0
0.0
0.0
0.0
0.0
0.0
0.0
0.0
0.0
0.0
0.0
0.0
0.0
0.0
0.0
0.0
0.0
0.0
0.0
0.0
0.0
0.0
0.0
0.0
0.0
0.0
0.0
0.0
0.0
0.0
0.0
0.0
0.0
0.0
0.0
0.0
0.0
0.0
0.0
0.0
0.0
1.4859063170252758
1.5003031041985229
1.543493465718265
1.5650886464781362
1.5722870400647597
1.5866838272380073
1.637072582344373
1.6442709759309966
1.6730645502774912
1.680262943864115
0.0
0.0
0.0
0.0
0.0
0.0
0.0
0.0
0.0
0.0
1.243984562518029
1.9913928775898238
0.9294060802398902
1.5511293863368434
0.9294060802398902
1.5680719270792696
0.9294060802398902
1.585014467821696
0.9294060802398902
1.6019570085641224
1.607604522144931
1.6188995493065486
1.6245470628873573
1.635842090048975
1.641489603629784
1.6527846307914014
1.65843214437221
1.6697271715338275
1.6753746851146365
1.686669712276254
1.692317225857063
1.7036122530186804
0.9294060802398902
0.9294060802398902
1.8222100382156647
1.8222100382156647
1.825033795006069
1.825033795006069
1.825033795006069
1.8278575517964735
1.8278575517964735
1.8278575517964735
1.0037536086541234
1.8321611130015616
1.83646467420665
1.83646467420665
1.8407682354117378
1.8450717966168262
1.7090565182106097
1.705457321417298
1.705457321417298
1.7018581246239861
1.6982589278306741
1.6982589278306741
1.6946597310373623
1.6910605342440506
1.6874613374507388
0.9280160641337631
1.0
1.0143967871732473
1.0359919679331184
0.9280160641337631
1.0719839358662369
0.9280160641337631
0.9280160641337631
1.1223726909726026
1.8321611130015616
1.1439678717324737
1.158364658905721
1.3455228921579367
1.179959839665592
1.1871582332522157
1.1943566268388395
1.2087534140120868
1.2159518075987104
1.2231502011853341
1.2375469883585815
1.2447453819452052
1.2591421691184526
1.2663405627050761
1.2735389562916999
1.2879357434649472
1.295134137051571
1.3023325306381945
1.3167293178114419
1.3311261049846892
1.338324498571313
1.3527212857445603
1.365769480364929
1.3720688122496336
1.3783681441343383
1.13676947814585
1.4035654716731565
1.4098648035578611
1.4161641354425658
1.428762799211975
1.4350621310966796
1.4350621310966796
1.441361462981384
1.441361462981384
1.4476607948660887
1.4602594586354978
1.4539601267507933
1.4539601267507933
1.4539601267507933
1.4539601267507933
1.4602594586354978
1.472858122404907
1.472858122404907
1.472858122404907
0.0
0.0
0.0
0.0
0.0
0.0
0.0
0.0
0.0
0.0
0.0
0.0
0.0
0.0
0.0
0.0
0.0
0.0
0.0
1.7403210912939375
1.259785624717204
1.180720434585881
1.152482866681837
1.1129502716161757
1.0734176765505141
0.9294060802398902
0.9294060802398902
1.709259766599489
1.7149072801802978
1.7177310369707022
1.7205547937611065
1.7262023073419155
1.7290260641323199
1.7318498209227242
1.7346735777131286
1.7374973345035332
1.7403210912939375
0.0
0.0
