22.288221995965795
0.0
0.0
0.0
0.0
0.0
0.0
0.0
0.0
0.0
0.0
0.0
0.0
0.0
0.0
0.0
0.0
0.0
0.0
0.0
0.0
0.0
0.0
0.0
0.0
0.0
0.0
0.0
0.0
0.0
0.0
0.0
22.288221995965795
0.0
0.0
0.0
0.0
0.0
0.0
0.0
0.0
0.0
0.0
0.0
0.0
0.0
0.0
0.0
0.0
0.0
0.0
0.0
0.0
0.0
0.0
0.0
0.0
0.0
0.0
0.0
0.0
0.0
0.0
0.0
0.0
0.0
0.0
0.0
0.0
0.0
0.0
0.0
0.0
0.0
0.0
0.0
0.0
0.0
0.0
0.0
0.0
0.0
0.0
0.0
0.0
0.0
0.0
0.0
0.0
0.0
0.0
0.0
0.0
0.0
0.0
0.0
0.0
0.0
0.0
0.0
0.0
0.0
0.0
0.0
0.0
0.0
0.0
0.0
0.0
0.0
0.0
0.0
0.0
0.0
0.0
0.0
0.0
0.0
0.0
49.296086979832644
53.513180996102655
53.51318099610259
57.941129713185866
62.59047586612339
67.47228932670778
67.47228932670778
72.59819346032148
72.59819346032126
77.98039280061569
0.0
0.0
0.0
0.0
0.0
0.0
0.0
0.0
0.0
0.0
22.28822199596584
46.72367602978267
47.58015340484801
48.361627273086796
49.07074158213442
49.71012082835658
50.28237061083534
46.499567561470265
51.23581424074206
47.26133291566778
51.95156877869602
52.226648289207056
52.4498792212121
52.62375730978702
48.29462530405011
52.83337697909657
48.407496423933864
52.87524142539005
48.37576168138487
52.76892809301836
48.217282427007454
52.53388527054552
61.897498864544055
61.67923834248075
56.59303469886112
47.3829080325688
60.87608297674188
51.24950691059087
46.66998466421811
59.90998174970151
50.40049651507304
45.870413230645845
22.28822199596584
44.82755600478545
52.44468561712222
47.42894262997209
50.883116753381756
58.99076205751227
53.7956505960616
53.177658814603056
52.63102085586326
48.04772302143788
47.681866268288694
55.69824091550122
55.43937214742914
59.70445753652013
43.130555784883725
55.20594901633274
47.063575717865554
51.28339357918493
47.50431248432278
47.84814990262632
48.271147327487945
44.79745071160867
45.324913822929375
45.91859599399943
58.85759294197034
46.62754272049193
42.763247890912474
46.81860220625881
42.98778971235425
43.134023355002874
43.300471280658925
43.485345426882816
43.68687670320303
43.90330900331862
40.25466651585941
44.3738809697349
40.70309017140113
40.93889578691558
41.18026890170387
41.425563235670275
41.67310606213353
41.921192937045554
42.168082524166074
42.4119915262478
42.65108972594838
42.88349510007094
43.107268798135955
47.49399518393931
47.713796139212754
46.576303513413905
47.834091881728426
47.72856496026352
47.59892752124124
47.443340799761195
47.25991953765811
47.04672636539023
46.801766591548535
46.52298316280827
46.20825175785645
50.08644734188196
49.656865121807286
49.180564862083386
48.654881892742864
48.077053816840355
47.444216490526486
46.75340118404605
46.00153980877877
46.00153980877877
0.0
0.0
0.0
0.0
0.0
0.0
0.0
0.0
0.0
0.0
0.0
0.0
0.0
0.0
0.0
0.0
0.0
0.0
0.0
82.65178526499814
40.969050663318306
40.96905066331826
37.36885015414125
37.36885015414126
40.969050663318285
40.969050663318285
40.96905066331828
44.749261197954155
44.749261197954134
44.74926119795415
48.71848225932187
48.7184822593219
52.88616437375788
61.85710012508153
66.68171313280556
71.74755679091581
82.65178526499811
0.0
0.0
