1.2402309538639056
0.0
0.0
0.0
0.0
0.0
0.0
0.0
0.0
0.0
0.0
0.0
0.0
0.0
0.0
0.0
0.0
0.0
0.0
0.0
0.0
0.0
0.0
0.0
0.0
0.0
0.0
0.0
0.0
0.0
0.0
0.0
1.0
0.0
0.0
0.0
0.0
0.0
0.0
0.0
0.0
0.0
0.0
0.0
0.0
0.0
0.0
0.0
0.0
0.0
0.0
0.0
0.0
0.0
0.0
0.0
0.0
0.0
0.0
0.0
0.0
0.0
0.0
0.0
0.0
0.0
0.0
0.0
0.0
0.0
0.0
0.0
0.0
0.0
0.0
0.0
0.0
0.0
0.0
0.0
0.0
0.0
0.0
0.0
0.0
0.0
0.0
0.0
0.0
0.0
0.0
0.0
0.0
0.0
0.0
0.0
0.0
0.0
0.0
0.0
0.0
0.0
0.0
0.0
0.0
0.0
0.0
0.0
0.0
0.0
0.0
0.0
0.0
0.0
0.0
0.0
0.0
0.0
0.0
1.4859063170252758
1.5003031041985229
1.543493465718265
1.5650886464781362
1.5722870400647597
1.5866838272380073
1.637072582344373
1.6442709759309966
1.6730645502774912
1.680262943864115
0.0
0.0
0.0
0.0
0.0
0.0
0.0
0.0
0.0
0.0
1.243984562518029
1.9913928775898238
0.9294060802398902
1.5511293863368434
0.9294060802398902
1.5680719270792696
0.9294060802398902
1.585014467821696
0.9294060802398902
1.6019570085641224
1.607604522144931
1.6188995493065486
1.6245470628873573
1.635842090048975
1.641489603629784
1.6527846307914014
1.65843214437221
1.6697271715338275
1.6753746851146365
1.686669712276254
1.692317225857063
1.7036122530186804
0.9294060802398902
0.9294060802398902
1.8222100382156647
1.8222100382156647
1.825033795006069
1.825033795006069
1.825033795006069
1.8278575517964735
1.8278575517964735
1.8278575517964735
1.0037536086541234
1.8321611130015616
1.83646467420665
1.83646467420665
1.8407682354117378
1.8450717966168262
1.7090565182106097
1.705457321417298
1.705457321417298
1.7018581246239861
1.6982589278306741
1.6982589278306741
1.6946597310373623
1.6910605342440506
1.6874613374507388
0.9280160641337631
1.0
1.0143967871732473
1.0359919679331184
0.9280160641337631
1.0719839358662369
0.9280160641337631
0.9280160641337631
1.1223726909726026
1.8321611130015616
1.1439678717324737
1.158364658905721
1.3455228921579367
1.179959839665592
1.1871582332522157
1.1943566268388395
1.2087534140120868
1.2159518075987104
1.2231502011853341
1.2375469883585815
1.2447453819452052
1.2591421691184526
1.2663405627050761
1.2735389562916999
1.2879357434649472
1.295134137051571
1.3023325306381945
1.3167293178114419
1.3311261049846892
1.338324498571313
1.3527212857445603
1.365769480364929
1.3720688122496336
1.3783681441343383
1.13676947814585
1.4035654716731565
1.4098648035578611
1.4161641354425658
1.428762799211975
1.4350621310966796
1.4350621310966796
1.441361462981384
1.441361462981384
1.4476607948660887
1.4602594586354978
1.4539601267507933
1.4539601267507933
1.4539601267507933
1.4539601267507933
1.4602594586354978
1.472858122404907
1.472858122404907
1.472858122404907
0.0
0.0
0.0
0.0
0.0
0.0
0.0
0.0
0.0
0.0
0.0
0.0
0.0
0.0
0.0
0.0
0.0
0.0
0.0
1.7403210912939375
1.259785624717204
1.180720434585881
1.152482866681837
1.1129502716161757
1.0734176765505141
0.9294060802398902
0.9294060802398902
1.709259766599489
1.7149072801802978
1.7177310369707022
1.7205547937611065
1.7262023073419155
1.7290260641323199
1.7318498209227242
1.7346735777131286
1.7374973345035332
1.7403210912939375
0.0
0.0
