199.181972638 8.468881159
201.275120869 208.727301597
203.369115825 208.963112265
205.463845954 209.176516798
207.559199702 209.36771883
209.655065516 209.536921997
211.751331843 209.684329934
213.847887131 209.810146275
215.944619827 209.914574656
218.041418377 209.997818712
220.13817123 210.060082077
222.234766831 210.101568387
224.331093628 210.122481276
226.427040069 210.123024379
228.5224946 210.103401331
230.617345669 210.063815768
232.711481722 210.004471324
234.804791206 209.925571634
236.89716257 209.827320333
238.988484259 209.709921057
241.078644722 209.573577439
243.167532404 209.418493115
245.255035754 209.24487172
247.341043218 209.052916889
249.425443244 208.842832256
251.508124278 208.614821458
253.588974768 208.369088128
255.667883161 208.105835901
257.744737904 207.825268414
259.819427444 207.527589299
261.891840227 207.213002194
263.961864703 206.881710731
266.029389316 206.533918547
268.094302515 206.169829277
270.156492747 205.789646555
272.215848458 205.393574015
274.272258096 204.981815295
276.325610108 204.554574027
278.375792942 204.112053847
280.422695043 203.65445839
282.466204859 203.181991292
284.506210839 202.694856186
286.542601427 202.193256708
288.575265072 201.677396493
290.604090221 201.147479176
292.628965321 200.603708391
294.649778818 200.046287774
296.666419161 199.47542096
298.678774799 198.891311586
300.686779348 198.294199773
302.690526436 197.684454894
304.690145107 197.06247493
306.685764402 196.428657863
308.677513368 195.783401674
310.665521045 195.127104343
312.649916479 194.460163852
314.630828712 193.782978181
316.608386789 193.095945313
318.582719752 192.399463228
320.553956645 191.693929908
322.522226511 190.979743333
324.487658394 190.257301484
326.450381338 189.527002343
328.410524386 188.789243891
330.368216581 188.044424109
332.323586968 187.292940978
334.276764588 186.535192479
336.227878487 185.771576593
338.177057706 185.002491302
340.124431291 184.228334587
342.070128284 183.449504428
344.014277728 182.666398807
345.957008668 181.879415705
347.898450147 181.088953103
349.838731208 180.295408982
351.777980894 179.499181324
353.71632825 178.700668109
355.653902318 177.900267319
357.590832143 177.098376934
359.527246767 176.295394937
361.463275234 175.491719307
363.399046588 174.687748026
365.334689872 173.883879076
367.27033413 173.080510436
369.206108404 172.27804009
371.142141739 171.476866017
373.078563178 170.677386198
375.015501765 169.879998616
376.953086542 169.085101251
378.891446554 168.293092083
380.830710844 167.504369095
382.771008455 166.719330267
384.712468431 165.938373581
386.655219815 165.161897017
388.599391651 164.390298557
390.545112983 163.623976182
392.492512853 162.863327873
394.441720306 162.108751611
396.392864384 161.360645378
398.346074131 160.619407153
400.30147859 159.885434919
