-20.4521533063 39.290004589
-19.8375392235 140.450265081
-19.2081138563 141.590244255
-18.5640794875 142.710190397
-17.9056383998 143.810351793
-17.2329928762 144.890976729
-16.5463451993 145.952313491
-15.8458976519 146.994610365
-15.131852517 148.018115636
-14.4044120773 149.023077592
-13.6637786156 150.009744517
-12.9101544148 150.978364698
-12.1437417575 151.929186421
-11.3647429267 152.862457971
-10.5733602051 153.778427634
-9.76979587556 154.677343698
-8.95425222087 155.559454447
-8.12693152383 156.425008167
-7.28803606725 157.274253145
-6.43776813394 158.107437666
-5.57633000671 158.924810016
-4.70392396835 159.726618482
-3.82075230168 160.513111349
-2.9270172895 161.284536904
-2.02292121463 162.041143431
-1.10866635986 162.783179218
-0.184455007996 163.510892549
0.749510558146 164.224531712
1.69302805576 164.924344992
2.64589520205 165.610580675
3.6079097142 166.283487046
4.57886930941 166.943312393
5.55857170486 167.590305001
6.54681461777 168.224713155
7.54339576531 168.846785142
8.54811286468 169.456769248
9.56076363307 170.054913758
10.5811457877 170.641466959
11.6090570457 171.216677137
12.6442951244 171.780792577
13.6866577408 172.334061566
14.7359426122 172.87673239
15.7919474558 173.409053333
16.8544699888 173.931272683
17.9233079284 174.443638726
18.9982589917 174.946399747
20.079120896 175.439804032
21.1656913585 175.924099867
22.2577680963 176.399535539
23.3551488267 176.866359333
24.4576312668 177.324819535
25.5650131338 177.77516443
26.6770921449 178.217642306
27.7936660174 178.652501448
28.9145324684 179.079990142
30.039489215 179.500356674
31.1683339746 179.91384933
32.3008644643 180.320716395
33.4368784013 180.721206157
34.5761735027 181.1155669
35.7185474858 181.50404691
36.8637980678 181.886894475
38.0117229659 182.264357879
39.1621198972 182.636685409
40.3147865789 183.00412535
41.4695207283 183.366925989
42.6261200625 183.725335611
43.7843822988 184.079602502
44.9441051543 184.429974949
46.1050863462 184.776701237
47.2671235917 185.120029653
48.430014608 185.460208482
49.5935571123 185.79748601
50.7575488218 186.132110523
51.9217874537 186.464330308
53.0860707252 186.794393649
54.2501963535 187.122548834
55.4139620557 187.449044147
56.5771655491 187.774127876
57.7396045508 188.098048305
58.9010767781 188.421053721
60.0613799481 188.74339241
61.2203117781 189.065312658
62.3776699852 189.387062751
63.5332522866 189.708890974
64.6868563995 190.031045615
65.8382800411 190.353774957
66.9873209287 190.677327289
68.1337767793 191.001950895
69.2774453103 191.327894061
70.4181242387 191.655405074
71.5556112818 191.984732219
72.6897041568 192.316123783
73.8202005808 192.649828051
74.9468982711 192.98609331
76.0695949449 193.325167844
77.1880883193 193.667299941
78.3021761115 194.012737886
79.4116560388 194.361729966
80.5163258183 194.714524465
81.615983167 195.07136967
