73.3480539245 6.9365089725
75.7150834675 27.1792303373
78.086724075 27.463275941
80.4628354341 27.7866392379
82.8432772319 28.1473136823
85.2279091553 28.5432927286
87.6165908914 28.9725698311
90.0091821273 29.4331384441
92.4055425499 29.922992022
94.8055318463 30.4401240191
97.2090097035 30.9825278896
99.6158358085 31.548197088
102.025869848 32.1351250686
104.43897151 32.7413052857
106.855000481 33.3647311936
109.273816448 34.0033962466
111.695279097 34.6552938991
114.119248117 35.3184176055
116.545583193 35.9907608199
118.974144014 36.6703169968
121.404790266 37.3550795906
123.837381636 38.0430420554
126.271777811 38.7321978457
128.707838478 39.4205404157
131.145423324 40.1060632199
133.584392037 40.7867597125
136.024604303 41.4606233479
138.465919809 42.1256475803
140.908198242 42.7798258642
143.35129929 43.4211516538
145.795082639 44.0476184035
148.239407976 44.6572195676
150.684134989 45.2479486004
153.129123365 45.8177989563
155.574232789 46.3647640896
158.019322951 46.8868374545
160.464253535 47.3820125056
162.908884231 47.848282697
165.353074724 48.2836414831
167.796684701 48.6860823182
170.23957385 49.0535986567
172.681601858 49.3841839528
175.122628412 49.675831661
177.562513198 49.9265352355
180.001115904 50.1342881307
182.438296216 50.2970838009
184.873913823 50.4129157004
187.30782841 50.4797772836
189.739899665 50.4956620047
192.169987275 50.4585633182
194.597954585 50.3665646171
197.023744183 50.2196979535
199.447375284 50.0198796491
201.868870237 49.7691030819
204.28825139 49.4693616301
206.705541093 49.1226486717
209.120761694 48.7309575849
211.53393554 48.2962817478
213.945084982 47.8206145385
216.354232367 47.3059493351
218.761400044 46.7542795157
221.166610362 46.1675984583
223.569885669 45.5478995412
225.971248314 44.8971761424
228.370720645 44.2174216399
230.768325012 43.510629412
233.164083762 42.7787928368
235.558019244 42.0239052922
237.950153807 41.2479601565
240.3405098 40.4529508078
242.72910957 39.640870624
245.115975467 38.8137129835
247.501129839 37.9734712641
249.884595035 37.1221388442
252.266393403 36.2617091017
254.646547293 35.3941754147
257.025079051 34.5215311615
259.402011028 33.64576972
261.777365572 32.7688844684
264.15116503 31.8928687848
266.523431753 31.0197160473
268.894188088 30.151419634
271.263456385 29.289972923
273.63125899 28.4373692924
275.997618255 27.5956021204
278.362556526 26.7666647849
280.726096152 25.9525506642
283.088259482 25.1552531363
285.449068865 24.3767655793
287.80854665 23.6190813714
290.166715184 22.8841938906
292.523596816 22.1740965151
294.879213895 21.4907826229
297.23358877 20.8362455922
299.586743789 20.2124788011
301.938701301 19.6214756276
304.289483654 19.0652294499
306.639113198 18.5457336461
308.987612279 18.0649815943
311.335003248 17.6249666726
313.68130845 17.227682259
