2.1951344756392217 -35.37226487966598
2.3127028005718984 -36.10666085937696
2.429714554279556 -36.78023263401284
2.5455808958816704 -37.39493234437158
2.660011525430903 -37.95269311390297
2.77277856466317 -38.455443702011955
2.8836828257618095 -38.90511059715275
2.9925453785630083 -39.30361854055246
3.0992047394601343 -39.652890699962846
3.20351574686444 -39.95484874005129
3.305349049810232 -40.21141285404267
3.4045908519787815 -40.42450177931341
3.5011427736017993 -40.59603280627524
3.594921772169954 -40.72792178311496
3.685860094491261 -40.8220831191976
3.7739052461355698 -40.8804297862011
3.859019971169417 -40.90487332043159
3.941182237689432 -40.89732382300239
4.020385226874595 -40.85968996103536
4.096637323641232 -40.79387896822406
4.169962107531973 -40.7017966459843
4.24039834208817 -40.585347364270454
4.307999960371632 -40.44643406323686
4.372836042264197 -40.28695825618278
4.434990774478337 -40.108820034316416
4.494563372642148 -39.91391807695584
4.551667911552869 -39.70414967228808
4.606432902892379 -39.48141077158886
4.659000030017381 -39.24759614917904
4.709519089718839 -39.00460004438959
4.75811258810333 -38.75432065289171
4.805354249850836 -38.49859942156485
2.1951344756392217 -35.37226487966598
4.687198242994953 -37.996929798374595
4.524950047170904 -37.75451984301296
4.3646813787484575 -37.51401304374017
4.206595337604256 -37.27729744482171
4.050861224206443 -37.04626427984406
3.8976199780093452 -36.82280728179047
3.7469855370450773 -36.608822509862094
3.599045291349455 -36.406208293073796
3.4538602642832643 -36.216865206058166
3.3114651952826364 -36.04269605959704
3.1718685813910668 -35.88560589488293
3.0350527000486807 -35.747501980680234
2.9009736227750977 -35.63029381197511
2.76956122439222 -35.535893108542744
2.6407191907245533 -35.466213814618385
2.5143250270763815 -35.42317209777526
2.39022556312554 -35.408619566824854
2.268134275749958 -35.422721214245584
2.14765510730021 -35.463863685201574
2.0284100746771685 -35.53034697975901
1.9100459780709116 -35.62046903505288
1.7922393203310776 -35.732525512510094
1.6746301750237649 -35.86481265646309
4.85115099846945 -38.239362883943926
1.668781265932239 -36.16427303987317
1.7822448042774397 -36.327843128632765
1.8973994409687407 -36.504596261512226
2.0142646238568602 -36.69279909835954
2.1328408403161063 -36.89071984945074
2.253108858436349 -37.09662830821394
2.375029541505853 -37.3087958591744
2.498543791407684 -37.525495479089
2.623572533015448 -37.745001737907
2.7500167164855043 -37.965590796853455
2.8777573317814813 -38.185540406616646
3.0066554359957536 -38.403129904240906
3.1365521985068483 -38.61664020693449
3.2672689752044732 -38.82435380435461
3.3986074331766645 -39.02455474333727
3.5303497698260173 -39.2155286023533
3.6622591204882724 -39.39556244442931
3.7940803741870184 -39.562944722152714
3.925541968815196 -39.715965067939386
4.056360380040871 -39.85291377237609
4.1862535885652505 -39.97208021527858
4.314994950991206 -40.0717465941536
4.442790298237696 -40.150144016747156
4.565213727672756 -40.20604214180785
1.5569757531912671 -36.015620655665565
4.836749111513825 -40.22853192232131
4.986014053454369 -40.19161734144504
5.131593313730548 -40.125045458357675
5.272802749243056 -40.027170015525904
5.409015204587263 -39.896339055063386
5.539601488208518 -39.7309017872475
5.663915676574618 -39.529210296499436
5.7812903072961035 -39.28962009273125
5.891034603956996 -39.01049030345106
5.992433921771294 -38.69018371315218
6.084749934411718 -38.32706669556991
6.167221663129567 -37.919508999903925
6.239068135368086 -37.4658832363611
6.299495294799783 -36.9645635587351
6.347716929524836 -36.41392168816405
6.38303856005092 -35.81231098893447
6.405444868050665 -35.1579549759488
8.766044313397629 -33.93175648733056
11.043671213860762 -33.260260933133
13.344356180019588 -32.405798699626644
15.641749441725324 -31.36149399537968
17.90743631861244 -30.1252610895705
20.112075189988218 -28.700384366280012
22.22671365230042 -27.095771467861777
24.224168770906147 -25.325822367271847
26.08033877409065 -23.409903046544496
27.77531589758803 -21.371463637503698
29.294194059183212 -19.236887108959813
30.627505990972736 -17.03418644939875
31.771273724802086 -14.79167999666206
32.72670384741673 -12.536765392374175
33.49959610778774 -10.29488668393412
34.099555679483444 -8.088753530783265
34.539104743082305 -5.937834181445389
34.83278064643139 -3.858111410722355
34.996290345002535 -1.862066945153451
35.04576918254622 0.04115365893801126
19.44801721722689 29.15445519193243
21.37762120067515 27.770576929916206
23.268763783355723 26.20634013391309
25.09430043417842 24.46392685034731
26.82671374313003 22.55072196103953
28.43937891636432 20.479486274596926
29.907889904431045 18.268162268941605
31.211319612647003 15.939296071569334
32.333285208373354 13.519108656044462
33.26270861721616 11.036296782260013
33.9942001539647 8.520679967710052
34.52804238966752 6.001826385132688
34.86980173042127 3.5077854126299677
35.02963703544384 1.0640302556842904
35.021401151617454 -1.3073226829808622
34.86164004268966 -3.587991743843226
34.568586978293524 -5.763716296288852
34.16123061766507 -7.824190303581187
33.658511456485826 -9.762798663987782
33.078676204305054 -11.576217507920806
-5.029391408148683 35.08163280332076
-5.343288665419294 35.76639781112037
-5.655947883206608 36.38929623729871
-5.966972376338319 36.95240444663678
-6.275732540442661 37.45782790430291
-6.58159632893404 37.907668134301986
-6.883962178251778 38.30401799903528
-7.182267239339666 38.648960519621156
-7.475990121487001 38.94456848182564
-7.764651990228401 39.192904279263026
-8.047817066574439 39.396019841711265
-8.325092876854029 39.5559565989708
-8.596130387644422 39.674745461788994
-8.860624083148323 39.75440681051669
-9.118312012127248 39.796950488709264
-9.368975817475445 39.804375797980995
-9.6124407562627 39.778671495984796
-9.848575713513213 39.72181579341672
-10.07729321284701 39.63577635256807
-10.298549425250783 39.522510285378715
-10.512344177603751 39.38396415175503
-10.718720962166728 39.222073956689854
-10.91776694937576 39.038765146392905
-11.109613007706017 38.835952602076354
-11.29443373820719 38.61554062817878
-11.472447541830107 38.37942292985805
-11.643916765275861 38.129482562224936
-11.809148064498402 37.86759180602868
-11.968493492554302 37.59561179250516
-12.122354849321965 37.315391005304654
-12.271214125088335 37.02875479244667
-12.415222425268666 36.737646984784185
-5.029391408148683 35.08163280332076
-11.331386201372055 36.16341248313812
-10.122950334718581 35.883674893892206
-8.930237258896568 35.60639417965048
-7.753445295249833 35.33335670220207
-6.59255289108637 35.066338881975085
-5.447313943252993 34.807108809049986
-4.317256628881438 34.55742664522571
-3.2016830157848233 34.319044759257196
-2.099668906301929 34.09370777936052
-1.010063766377158 33.88315261846138
0.06850931021520523 33.68910848578413
1.1376536213989539 33.51329689320106
2.1991988684718535 33.3574316589148
3.2552011639563716 33.22321890875379
4.307943038051917 33.11235707693469
5.359933445647044 33.02653690461633
6.413895680067299 32.967379259581854
7.472415264277885 32.934927421704316
8.537666349733342 32.92757275561676
9.611604715923818 32.94363463094088
10.695981123586364 32.98143907783372
11.792345166002832 33.039317160266215
12.90199328950996 33.11562692987944
-12.55515939791536 36.44379936659784
14.576087754933837 33.014355143467206
15.136583876797516 32.830608284275534
15.70743819907517 32.65549964627473
16.288422236770316 32.487129838690045
16.879215052734338 32.32366383428275
17.47940266206558 32.163331220248054
18.088477884707345 32.00442625970033
18.705840297531125 31.84530790965593
19.330796217872148 31.68439982717087
19.962558698194385 31.520190368145904
20.600247527573572 31.351232583296138
21.242889238114458 31.176144210237076
21.889417116457594 30.99360765932323
22.538671224739005 30.802369992342662
23.18939843504893 30.601242884771636
23.840252490935228 30.38910256051215
24.489794122294143 30.16488967080536
25.136491275053316 29.927609051231727
25.77871961636771 29.676329186365116
26.414763799764046 29.410180873153337
27.042821258724928 29.12835320759013
27.661017384814443 28.830077533774976
28.267511772560795 28.514515080467568
28.85907468237184 28.182262463805152
14.026090044771763 33.20870221440132
28.96019634128669 28.224242758608206
28.4661108089216 28.596749155570652
27.951765629679016 28.94754010248007
27.417025558310968 29.274554210403
26.86186127463924 29.57564024122306
26.286332770481806 29.84857469124416
25.690585236425136 30.091066164568012
25.074847752303867 30.300756795778074
24.439432862910678 30.475222761440076
23.784736556783685 30.611974413908086
23.111238572360207 30.708456166561966
22.419503196907613 30.762046065495145
21.710181140297664 30.770054728630463
20.984014298514694 30.7297226111063
20.24185010677502 30.638211736644696
19.484699013318334 30.49257256368842
18.714136879985347 30.289511968907885
18.714136879985347 30.289511968907885
-0.3140723883446128 -34.633735992482556
-2.918739546976454 -34.51195835821285
-5.644346692490643 -34.17214744023372
-8.457903573056228 -33.586577339928304
-11.318369272110466 -32.73360394582681
-14.178158062816017 -31.600223799965523
-16.985595596848654 -30.184165591952645
-19.68812912924433 -28.49512031299926
-22.235913956197052 -26.55481953986326
-24.585283504282415 -24.395863282043564
-26.701606314651904 -22.059431780520637
-28.561147206711908 -19.592222449192317
-30.15174833879135 -17.043074322911792
-31.472367771809928 -14.45975024328023
-32.53169657059462 -11.886253762261036
-33.34618073671991 -9.360904899426785
-33.93779329684985 -6.915236539873078
-34.33185281658798 -4.5736410486878185
-34.55509817222905 -2.3536143629990036
-34.6341353916306 -0.266413093340109
-7.33649351071935 33.84922706989445
-9.86223966019515 33.201363513370595
-12.46215878686455 32.31545928240967
-15.098320200046658 31.171060896269886
-17.726144393680002 29.755303984273276
-20.29639688715801 28.065113284308417
-22.75801776919849 26.108752124123974
-25.061514775451613 23.906375455554162
-27.16249097625338 21.48937863752827
-29.024804759546683 18.89854541842569
-30.622902964846297 16.1812275266035
-31.94302166265109 13.387967632225063
-32.983167969233676 10.569055822324913
-33.752015154158904 7.771472402031051
-34.2670039837426 5.036541297385671
-34.552015292403375 2.398447309328663
-34.63496445905108 -0.11639236388672103
-34.545593600144755 -2.4892314226965944
-34.31363594640818 -4.708364726682362
