0.610407989133364 -34.661207671219216
0.5961612380608301 -34.46191568934839
0.583079211505293 -34.324500826717184
0.5710678830635914 -34.24638903593504
0.5600319218184495 -34.22500630474457
0.5498779362935124 -34.25777859861972
0.5405152903921078 -34.34213184588867
0.5318563818692041 -34.475491932607355
0.523816762516816 -34.655284700897454
0.5163152050945996 -34.87893594758145
0.5092737546753483 -35.14387142356452
0.50261778330119 -35.44751683326729
0.49627606384541423 -35.78729783340248
0.49018088508762503 -36.16064003254618
0.4842682479608129 -36.5649689880797
0.4784782266090133 -36.99771020322845
0.47275568800810674 -37.45628911928429
0.4670518732454241 -37.938131098988094
0.4613283491655693 -38.440661385913785
0.45556886184689915 -38.96130498104597
0.4498267490040746 -39.49748615111662
0.44455682448338507 -40.04662498399995
0.4361809968973489 -40.60618340983726
0.6258895064015917 -34.92495126198153
0.6683922392919612 -41.726716835078065
0.916728980543752 -42.281996369658515
1.1717572247902126 -42.83682820048091
1.4332855486433687 -43.38864309636506
1.701136287005511 -43.93487582930169
1.9750940845078162 -44.47296570746576
2.2548930375527902 -45.00035670833577
2.540212413609538 -45.51449752182779
2.8306749458971012 -46.012841566706356
3.1258460677049698 -46.49284699665142
3.4252335428387255 -46.95197670090562
3.72828728608431 -47.38769830220522
4.034399290047759 -47.797484150451595
4.342903628050237 -48.17881131247938
4.653076533723436 -48.52916155280431
4.964136589951352 -48.84602130096326
5.275245114200288 -49.12688158918505
5.585506954719676 -49.36923792866361
5.893972261860483 -49.57059003598769
6.199640932906618 -49.72844114989243
6.501475961438075 -49.840295981171465
6.798456849969 -49.90365251151161
7.08995351751372 -49.915944594236265
7.370822742185169 -49.87618872665112
0.4273123463400168 -41.17355909310237
7.599882633712014 -49.673279865568475
7.550158788639976 -49.51474046492342
7.494162220303679 -49.31247691404275
7.432200298781709 -49.068901873781385
7.364656660108437 -48.78641626548145
7.2919333398245385 -48.467418155344916
7.214436308458062 -48.11430497558575
7.132570652536117 -47.729474263719055
7.046738650605391 -47.31532395861626
6.95733890335373 -46.87425253353885
6.864765905551678 -46.40865906239341
6.769409825477908 -45.920943253894905
6.671656393922831 -45.41350546840704
6.57188686175806 -44.88874672555323
6.47047801335367 -44.34906870226371
6.367802246229701 -43.79687372278448
6.264227757755805 -43.23456473216012
6.16011894750261 -42.66454523966564
6.055837325014352 -42.089219191413974
5.951743797960546 -41.51099064834307
5.848205553638991 -40.93226281675135
5.745623603316176 -40.35543417015643
5.644625617652991 -39.78287129471755
5.543455167068089 -39.21727652716058
7.643507728354962 -49.78560852566244
5.483288634769167 -38.09178187204998
5.521611329291375 -37.53730792125549
5.559228836528405 -36.9998292326475
5.596598471138066 -36.48172891982517
5.634248832820674 -35.98537883987842
5.672750011480275 -35.5131437889807
5.712706143834964 -35.06738254938125
5.754752939213063 -34.65044823767076
5.7995566985241 -34.26468844129363
5.847813880157219 -33.912445278745025
5.900250898900367 -33.59605542553538
5.957624040506005 -33.31785012343252
6.020719446260443 -33.080155177851196
6.090353154913714 -32.88529094553303
6.167371210092881 -32.735572307851015
6.252649865969715 -32.633308623614056
6.347095965282108 -32.58080364368101
6.451647654325029 -32.58035535008358
6.567275822951558 -32.63425563387918
6.694987280168789 -32.74478958428264
6.835832699783964 -32.914233711077884
6.990930463279938 -33.14485061073327
7.161562037939689 -33.4388676318726
7.3498396314285515 -33.79832752709342
-1.8494220194945683 -35.21300198577052
13.546014582948942 -32.330960887024986
15.50364359338397 -31.43918857555215
17.429931364551237 -30.413533756977955
19.30777035148293 -29.25740157659601
21.120541910085706 -27.976923568972325
22.852669602996002 -26.580839621353334
24.490133589360198 -25.08024919603264
26.0209107266478 -23.48824701665987
27.435311658222417 -21.819468764752543
28.726195950730585 -20.089579616309436
29.889057812923454 -18.31474176764516
30.921986407255645 -16.511096256436275
31.82551473422774 -14.69428987264294
32.602378418297576 -12.87907079062498
33.2572099048877 -11.07896801611244
33.79619460567005 -9.306061096698329
34.22671387009734 -7.570838831615021
34.556996055889044 -5.882139623731632
29.41524611586044 19.06643225417804
30.487592808507088 17.300064384344722
31.474245779321734 15.432348997565299
32.36157896775245 13.472703873897302
33.13721652700792 11.432865948746098
33.79051682777663 9.326656178478459
34.313000365175355 7.169626831243164
34.698688737503005 4.978608526254021
34.94432829250127 2.771184430112953
35.04948181051691 0.5651263345907864
35.0164834028061 -1.6221692454272727
34.850263968148965 -3.7742077725191336
34.55806537023756 -5.87585405079065
34.14906958791977 -7.913696306986992
33.633973628426986 -9.87630299869764
33.02454181400162 -11.754368589382608
32.33316458265557 -13.540753709846229
31.572448029188422 -15.230432311789514
30.754852088063387 -16.82036313523426
29.89238853581901 -18.30930502731985
5.444083318907246 -38.66082734143666
31.04062192190014 23.680739106059036
-7.174094002822301 33.77112152395844
-6.483191081657168 33.57655501503123
-5.810291981825969 33.44227718013673
-5.151503874775528 33.3657795837714
-4.50313223780546 33.34455289079847
-3.8616778595768153 33.37608755928687
-3.223836086702704 33.45787401217606
-2.58649656650951 33.587402692989855
-1.9467431359719285 33.762164086686624
-1.301853759718938 33.979648726009344
-0.6493004824617401 34.237347191049565
0.013250621664951723 34.532750103240744
0.687939517534403 34.86334811230458
1.3767123155511456 35.22663187421335
2.0813214532381323 35.620092009213124
2.8033260292056923 36.04121902574343
3.544092468647449 36.48750316593089
4.304795985498657 36.95643406576238
5.086424236280692 37.44549990611873
5.889788279903058 37.95218486409803
6.715566415298838 38.473958920063694
7.564611041661038 39.008206503864784
8.43384466062571 39.55318079016075
-7.887112815839316 34.02847939235946
10.20613333510272 40.2666699010835
11.108513746306784 40.41903944797258
12.031796123639708 40.56051508166195
12.975116576980326 40.688707301830135
13.937492339899563 40.80130905086696
14.917774198541395 40.89610677397215
15.914634600845034 40.97098318302912
16.926563695072446 41.02391817549764
17.95186774815005 41.052989199611034
18.98866843056379 41.05637141698608
20.03490246393045 41.03233777883844
21.088321439044364 40.979259060591374
22.146491723086058 40.89560387063571
23.20679442232114 40.77993863967998
24.266425388366656 40.630927585795604
25.32239527547091 40.44733264405855
26.371529678013815 40.22801332748236
27.410469429381862 39.97192644458684
28.435671276929327 39.678125473016564
29.443409584704852 39.34575899098647
30.429781454928218 38.97406596852764
31.390727227361708 38.56235692888018
32.32217400210726 38.10988207837923
33.218677704352956 37.61827327080755
9.325732911924064 40.10580095061039
34.237879009497135 36.74207795461655
34.36328769467775 36.36211771185236
34.456704894305915 35.951953061208826
34.51914685288625 35.514054612166404
34.551706997004544 35.050813896846876
34.55553372365608 34.56456377961189
34.531824847613166 34.05758355957428
34.48182575021252 33.532100670608145
34.40682863982033 32.990291361412545
34.308172215661045 32.434281003178654
34.18724150118203 31.86614424261495
34.04546775574238 31.28790508226038
33.8843284261053 30.70153692286482
33.705347121832915 30.1089625843577
33.51009360561005 29.51205430969128
33.300183799453976 28.91263375300565
33.077279809981235 28.31247194233154
32.843089990889666 27.713289195206045
32.59936908970923 27.11675492516423
32.34791862169533 26.52448715061942
32.09058799780513 25.938051014619788
31.829279045855912 25.35895285869492
31.565977666370998 24.788598727664237
31.302324356990596 24.228857323872575
34.07969525899938 37.08914123726339
30.617663200134643 23.322564926371882
30.205564595849125 22.97353404643664
29.8062295292209 22.63515883369692
29.421606810387914 22.308892044914245
29.05365639563138 21.99617171295526
28.70434449659723 21.698427558210994
28.37564235810106 21.417082589586187
28.069525852660433 21.153553636881867
27.787975319266252 20.90925156102068
27.532975492831724 20.685581347181028
27.306515471324133 20.483942147150117
27.110588702324037 20.305727296934833
26.947192980760462 20.152324318736873
26.818330456774163 20.025114910709476
26.726007653696456 19.925474921359324
26.67223550291999 19.85477430217165
26.659029407370042 19.814377021098608
26.68840936072553 19.805640899351516
26.762400187762125 19.829917284167152
26.883032072860715 19.88855032746767
27.05234188187427 19.982875182597923
27.27237712721859 20.114212594769356
27.545211828799722 20.283847265324937
27.87305753340172 20.492876402197595
-4.457552897996408 -34.97865195826785
-4.457552897996408 -34.97865195826785
-7.1667750174463265 -34.52554426081329
-9.943818886805104 -33.830405504553
-12.748720825123229 -32.876222227913274
-15.536403357487046 -31.65432105368137
-18.259003685340332 -30.165951917265915
-20.868746478841956 -28.423076734546015
-23.32102726635887 -26.44816738259604
-25.577303076473896 -24.2729775262589
-27.607404197479468 -21.936433259148203
-29.390984059666863 -19.481938472864528
-30.917984139822863 -16.95447219425401
-32.18816180193565 -14.397850897563927
-33.20986719139407 -11.852450876761225
-33.99833353383437 -9.353565500824999
-34.57375867560515 -6.930445995539429
-34.95941792580996 -4.605971009963866
-35.17998158059606 -2.396824283295217
-35.26013690250261 -0.314032279939795
-10.358155546632105 33.705852375037864
-12.830974693723789 32.844207389813675
-15.348644851016957 31.745786679391358
-17.873235120144074 30.396107267150484
-20.36184391706925 28.788386251281622
-22.768637834891422 26.925174127563622
-25.047495258847306 24.819324163121223
-27.154984711346287 22.494058681852408
-29.053306522339653 19.982023190233917
-30.71279796564079 17.323392040180863
-32.113662578968274 14.563260157679082
-33.24672114067809 11.74867669357107
-34.11315664865538 8.925716448575429
-34.72339049683282 6.1369392257485345
-35.09534214667693 3.419478068909484
-35.25237122629969 0.8038616667239751
-35.221183382263746 -1.686449468267341
-35.0299194217923 -4.034924529505986
-34.70656656791755 -6.231380884104112
-34.27775257678843 -8.271127428624567
9.604316826567128 -33.71264809021571
