21.47410664642823 -28.418885345541156
21.707560519165884 -28.91495751954986
21.920254778594693 -29.388872159379318
22.112790206272226 -29.840963006685058
22.28575968201283 -30.271569271720892
22.439749293419478 -30.681034790754666
22.57533861204015 -31.069707815027016
22.693100784928426 -31.43794094096893
22.79360257092415 -31.786091083074155
22.87740435617841 -32.11451946153464
22.94506016114041 -32.42359159634725
22.99711764401105 -32.71367730520734
23.03411810144683 -32.98515070220108
23.056596468159444 -33.2383901977894
23.065081315693977 -33.4737784997249
23.060094849959576 -33.69170261407271
23.04215290788609 -33.89255384701816
23.01176495323435 -34.07672780801303
22.969434069991806 -34.24462441286684
22.91565695404004 -34.396647889270426
22.850923900698803 -34.5332067836238
22.7757187874198 -34.654713972037655
22.690519047295407 -34.76158667565443
22.59579562872542 -34.854246484806424
22.492012930977275 -34.93311939731922
22.379628697288915 -34.99863588260058
22.25909382763252 -35.05123099294366
22.13085203154027 -35.09134457044314
21.99533913451905 -35.119421661310355
21.85298155151104 -35.13591342553187
21.704192471804134 -35.141279412019
21.5493604146117 -35.13599438426215
21.38880345046719 -35.12057561979705
21.222448755715014 -35.095774011014555
21.05413439175952 -35.060008667457595
21.21927671096876 -27.900333272344028
20.47739244189443 -35.030472055955244
20.07056969959388 -35.03766687161479
19.66218694364548 -35.037040787304704
19.2528349430169 -35.028987467770065
18.843016416068004 -35.013949499486216
18.433194587166867 -34.99238943374442
18.023805325024107 -34.964782547541006
17.6152611880527 -34.93161443083511
17.207953041678614 -34.89338002172278
16.80225079249597 -34.85058316808073
16.39850375442862 -34.803736409116084
15.997040844147822 -34.75336085730498
15.59817069151324 -34.699986132379166
15.202181703248186 -34.644150321486904
14.809342100064711 -34.58639995562186
14.41989993659103 -34.527289995253085
14.034083108886815 -34.46738382195002
13.652099351565145 -34.407253235251915
13.274136223315825 -34.34747845340118
12.900361077381532 -34.28864811891674
12.530921008926036 -34.23135931072616
12.165942763129081 -34.17621756676718
11.805532571211444 -34.123836925948154
11.449775842916516 -34.07484000688581
11.098736549388128 -34.02985816730188
10.752455863548022 -33.98953185619234
10.410948758778893 -33.9545114942961
10.07419380351142 -33.92546011805604
9.742092336980768 -33.903063955644825
9.414182695971647 -33.88810646079264
9.093503151414197 -33.88046755430619
20.881636450662967 -35.015314299930566
8.816085504624368 -33.75372943700157
8.856404643922666 -33.637016286188526
8.899199019765128 -33.531779434611536
8.944784731607143 -33.43856880945947
8.993421666530345 -33.35794874438639
9.045356959178022 -33.29048671913475
9.100835858691454 -33.23675054527325
9.160105352570383 -33.19730742637839
9.223415618604449 -33.17272358208237
9.291020687470315 -33.163564076135884
9.3631787772376 -33.170392728970086
9.440152477904292 -33.19377207002674
9.522208862040742 -33.23426330793379
9.609619558521857 -33.2924263109432
9.702660808115695 -33.3688195910176
9.80161351284913 -33.46400028935514
9.906763287922786 -33.57852416083833
10.0184005246617 -33.71294555378486
10.136820476276057 -33.86781738274391
10.262323383790559 -34.04369108757919
10.395214672796072 -34.2411165694912
10.535805277528198 -34.460642084790095
10.684412205503634 -34.70281406097783
10.841359583379784 -34.96817675432425
11.006980747016257 -35.25727156625808
11.181622838140285 -35.570635540199504
11.365658294134377 -35.9087976022401
11.55951931721546 -36.27226728669484
11.763835748723139 -36.66148963401679
11.980400189570602 -37.07652948098536
19.089930428444198 -28.67483761962039
20.395186060331127 -33.7770837925307
23.154626823322943 -31.948681672892548
25.85370979944655 -29.806722288255173
28.433685049413967 -27.356545075610313
30.835589097688967 -24.617502898581137
33.004520925129654 -21.623057195175818
34.893883378908626 -18.419335131928364
36.468945449741994 -15.062238271482386
37.70917619246249 -11.613485043215263
38.609035629317844 -8.136176727261471
39.177211109021485 -4.690536609208948
39.43456733984871 -1.3303768947567391
39.41126043123792 1.8993565184835006
39.143520244048275 4.963852019042122
38.670546434361725 7.838612277121399
38.0318356236055 10.508781235815007
37.265109461870054 12.967907339197353
36.40488364123809 15.216420440796242
-9.383885613928328 38.324896539297725
-6.456057004910534 38.92524029357443
-3.3241798509311735 39.31672458740465
-0.016931612221611658 39.45699833088767
3.425573931073643 39.308020138464286
6.952646028065445 38.83961530668901
10.505192685585158 38.03282701301461
14.019126031168085 36.88250410811867
17.429642760809614 35.39862366242116
20.67580537938163 33.60604225250421
23.70475518804389 31.542662941452363
26.474956048730064 29.256310536036096
28.958078129824685 26.800834221906882
31.139413100836165 24.23204398515813
33.01697973258932 21.604028635903802
34.5996638788741 18.966240097396735
35.90481164731297 16.361525128610225
36.955670681941186 13.825100665495285
37.7789868128999 11.384338336236397
38.40295140659258 9.059157092470315
8.777565077879217 -33.88146217657601
-11.240147526289562 33.14601350851112
-35.06575086431651 2.7248310741403543
-35.083312082001484 3.591374021055998
-35.05667954218653 4.4789785522814896
-34.98771701180188 5.385693551968416
-34.878253704226864 6.309614097006971
-34.73008390379785 7.248888477153599
-34.54496687167699 8.201719949526534
-34.32462681537044 9.166367323046586
-34.07075287764447 10.141145191931372
-33.78499913169326 11.124424041323124
-33.46898457933917 12.114630299609445
-33.12429315151245 13.110246366347184
-32.75247370877411 14.109810627509034
-32.35504004287331 15.111917464099008
-31.933470879180593 16.11521725696116
-31.48920987935736 17.118416388878614
-31.02366564511757 18.120277244930946
-30.538211723756266 19.119618211668097
-30.034186614432222 20.11531367423936
-29.512893777914737 21.106294012278283
-28.975601649401813 22.091545592975194
-28.423543657998245 23.0701107612814
-27.857918254755454 24.041087824361654
-27.279888956272913 25.003631027794256
-26.69058441400367 25.9569505172922
-26.091098529777838 26.900312275178635
-25.48249065710897 27.833038008753107
-24.8657859750257 28.754504943283365
-24.24197623582434 29.664145408654548
-23.612021408527113 30.561445928834104
-22.976853787959534 31.445944946678395
-22.337390321664987 32.31722599908986
-21.69458191488813 33.17489041558662
-21.049758567377364 34.01836621365857
-20.399992988743826 34.84947530733942
-35.002100210433426 1.8812978773453324
-19.471297017524996 35.633515962072636
-19.191880479347066 35.59199293873385
-18.910477419325023 35.54269578725513
-18.627384039624296 35.48617440686718
-18.342957240236412 35.422943691313094
-18.057562321259546 35.353512487025085
-17.771559909091735 35.278390832225256
-17.4853015992454 35.19809236969721
-17.199128214264565 35.113135311591435
-16.913369012716572 35.02404287755269
-16.62834129492829 34.93134351380826
-16.344350191559727 34.83557100986803
-16.061688544855926 34.737264565640345
-15.780636839055958 34.63696883016419
-15.501463159893941 34.53523392542894
-15.224423172049406 34.432615460334716
-14.949760109268693 34.329674537928696
-14.677704775473288 34.22697775821035
-14.408475556911675 34.12509721590715
-14.142278448776878 34.02461049287297
-13.879307103609584 33.926100642706785
-13.619742916410935 33.83015616254502
-13.363755177328812 33.73737094216722
-13.111501357812028 33.648344167073134
-12.863127685628243 33.5636801238179
-12.6187704122096 33.48398777081337
-12.378558982659158 33.4098796631269
-12.142625548399096 33.341968727120985
-11.911143019732062 33.280855356573966
-11.68459143741832 33.227037083072844
-11.460157822894118 33.182129423836386
-19.74885761980204 35.666477245354145
-11.187200286382676 33.045731439924594
-11.138479362185166 32.95574434029422
-11.093740210649493 32.876783281493886
-11.05307741196237 32.809464324676355
-11.016641111103773 32.7543846789404
-10.984596507651766 32.71213643745236
-10.957113727080653 32.683310013318334
-10.934364442292221 32.668495284369016
-10.91652052024498 32.6682820524683
-10.903753404036983 32.68326025298407
-10.896233800486101 32.71402006021734
-10.894131507941182 32.76115194630438
-10.897615312169535 32.82524671583042
-10.906852916916336 32.90689552957801
-10.922010890623525 33.006689921972594
-10.943254618601252 33.12522181687311
-10.970748252218598 33.263083544505406
-11.004654646209246 33.42086786140359
-11.045135273224233 33.599167978356235
-11.09235009761322 33.798577601021094
-11.14645737803783 34.019690993633844
-11.207613341742828 34.26310308348732
-11.275971617615753 34.5294096440945
-11.351682184978642 34.81920763317581
-11.434889273176111 35.133095868795124
-11.525726742269214 35.471676516733254
-11.62430653545104 35.83555880678222
-11.730684038447478 36.22537018447744
-11.844719516590587 36.64180091322436
-11.965108176744153 37.085916293501754
17.187566066185788 -29.85396672127399
17.187566066185788 -29.85396672127399
15.153686893795909 -30.936023173627774
12.999635005056483 -31.901116689071344
10.740585418445688 -32.7308964304907
8.395240119192298 -33.409455242723425
5.9852722946279595 -33.92415469593303
3.534549367278988 -34.266291264808686
1.0681915657681635 -34.431536751258406
-1.3884558303849843 -34.420109626227315
-3.810848022149525 -34.23666446408755
-6.176177939953469 -33.88991859430277
-8.46415365262763 -33.392062817668915
-10.657567529017754 -32.758022080688306
-12.742635758894586 -32.00464013530815
-14.709112821598815 -31.14985965098259
-16.55020657061204 -30.211958207711504
-18.262333582020375 -29.208884408916532
-19.844760848175206 -28.157720489293325
-21.299179728352136 -27.07428113863395
-34.446658511788954 -0.3153944302521836
-34.35347219702093 -2.5516081758268854
-34.1060977035783 -4.842092079711762
-33.694451398883764 -7.166289221256449
-33.11187643007448 -9.501336514086546
-32.35571891728267 -11.822825788289052
-31.427698302610274 -14.105727052319693
-30.334022007819158 -16.325405511152837
-29.08522093529441 -18.458647822079172
-27.695713864064167 -20.484608608277597
-26.183139873550324 -22.385596767487243
-24.567522961415 -24.14764112319841
-22.870347810607335 -25.760802535951484
-21.113628412665143 -27.21922944402239
-19.31904280787355 -28.520980720550014
-17.5071904891579 -29.667659790599856
-15.697008042792348 -30.663915189990803
-13.905357351899148 -31.51686521833065
-12.146782296076381 -32.23549962581876
-10.433416197768071 -32.83010177746311
14.907734495097046 -36.53237545228697
