77.3613365902
9.5734579303
79.7044614753
29.9866306507
82.0538276158
30.4289233115
84.4092598454
30.8986645484
86.7705829975
31.3941829972
89.1376219056
31.9138072938
91.5102014033
32.4558660741
93.888146324
33.0186879737
96.2712815013
33.6006016286
98.6594317687
34.1999356746
101.05242196
34.8150187475
103.450076908
35.4441794832
105.852221447
36.0857465173
108.258680409
36.7380484859
110.66927863
37.3994140246
113.083840942
38.0681717694
115.502192178
38.742650356
117.924157173
39.4211784203
120.34956076
40.1020845981
122.778227771
40.7836975252
125.209983042
41.4643458375
127.644651405
42.1423581707
130.082057693
42.8160631607
132.522026741
43.4837894433
134.964383382
44.1438656543
137.408952449
44.7946204297
139.855558776
45.4343824051
142.304027197
46.0614802164
144.754182544
46.6742424994
147.205849652
47.27099789
149.658853353
47.850075024
152.113018482
48.4098025372
154.568169872
48.9485090654
157.024132357
49.4645232444
159.48073077
49.9561737102
161.937789944
50.4217890984
164.395134713
50.859698045
166.852589911
51.2682291857
169.30998037
51.6457111564
171.767130926
51.9904725929
174.22386641
52.300842131
176.680011657
52.5751484065
179.135391501
52.8117200553
181.589830773
53.0088857132
184.043154309
53.1649740161
186.495186942
53.2783135996
188.945753505
53.3472330997
191.394678832
53.3700611522
193.841787756
53.345126393
196.286905366
53.2707628458
198.7299024
53.1462678056
201.170747568
52.9730058672
203.609422251
52.7526090789
206.045907833
52.4867094887
208.480185696
52.1769391449
210.912237224
51.8249300956
213.342043799
51.4323143889
215.769586805
51.000724073
218.194847624
50.531791196
220.617807639
50.0271478062
223.038448233
49.4884259517
225.456750789
48.9172576806
227.872696691
48.3152750412
230.28626732
47.6841100815
232.69744406
47.0253948497
235.106208293
46.3407613939
237.512541403
45.6318417625
239.916424773
44.9002680034
242.317839785
44.1476721649
244.716767823
43.375686295
247.113190269
42.5859424421
249.507088506
41.7800726542
251.898443918
40.9597089795
254.287237886
40.1264834661
256.673451795
39.2820281623
259.057067026
38.4279751161
261.438064963
37.5659563758
263.81642699
36.6976039894
266.192134487
35.8245500052
268.56516884
34.9484264713
270.93551143
34.0708654359
273.30314364
33.1934989471
275.668046854
32.3179590531
278.030202454
31.445877802
280.389591823
30.578887242
282.746196344
29.7186194213
285.099997401
28.866706388
287.450976375
28.0247801903
289.79911465
27.1944728764
292.14439361
26.3774164943
294.486794636
25.5752430923
296.826299111
24.7895847185
299.162888419
24.0220734211
301.496543943
23.2743412482
303.827247065
22.548020248
306.154979168
21.8447424687
308.479721636
21.1661399584
310.801455851
20.5138447652
313.120163196
19.8894889374
315.435825054
19.2947045231
317.7484228
18.7311235704
199.193979317
16.272423698
201.296845861
216.334685869
203.399856833
216.379714492
205.502906012
216.407592688
207.605887172
216.418403576
209.70869409
216.412230278
211.811220543
216.389155912
213.913360306
216.3492636
216.015007155
216.29263646
218.116054867
216.219357614
220.216397217
216.129510182
222.315927983
216.023177282
224.41454094
215.900442036
226.512129864
215.761387564
228.608588532
215.606096986
230.703810719
215.434653421
232.797690202
215.24713999
234.890120757
215.043639813
236.980996159
214.82423601
239.070210187
214.589011701
241.157656614
214.338050006
243.243229218
214.071434046
245.326821775
213.78924694
247.408328061
213.491571809
249.487641852
213.178491772
251.564656924
212.850089949
253.639267053
212.506449461
255.711366016
212.147653429
257.780847589
211.773784971
259.847605547
211.384927208
261.911533667
210.98116326
263.972525726
210.562576247
266.030475499
210.12924929
268.085276762
209.681265507
270.136823292
209.218708021
272.185008865
208.741659949
274.229727257
208.250204414
276.270872244
207.744424534
278.308337602
207.224403429
280.342017108
206.690224221
282.371804537
206.141970028
284.397593666
205.579723972
286.419278271
205.003569172
288.436752128
204.413588747
290.449909013
203.80986582
292.458642703
203.192483508
294.462846973
202.561524933
296.4624156
201.917073214
298.457242359
201.259211473
300.447221028
200.588022827
302.432259187
199.903610216
304.412434249
199.206320386
306.387937811
198.496664
308.35896359
197.775154769
310.325705306
197.042306403
312.288356675
196.298632611
314.247111416
195.544647103
316.202163246
194.780863589
318.153705884
194.00779578
320.101933047
193.225957384
322.047038454
192.435862112
323.989215822
191.638023674
325.928658869
190.832955779
327.865561312
190.021172138
329.800116871
189.20318646
331.732519263
188.379512455
333.662962206
187.550663833
335.591639417
186.717154304
337.518744615
185.879497578
339.444471517
185.038207364
341.369013842
184.193797372
343.292565307
183.346781313
345.215319631
182.497672897
347.137470531
181.646985832
349.059211725
180.795233829
350.980736931
179.942930598
352.902239867
179.090589849
354.823914251
178.238725291
356.7459538
177.387850635
358.668552234
176.53847959
360.591903269
175.691125866
362.516200623
174.846303174
364.441638016
174.004525222
366.368409163
173.166305721
368.296707784
172.33215838
370.226727596
171.50259691
372.158662317
170.678135021
374.092705666
169.859286422
376.029051359
169.046564822
377.967893115
168.240483933
379.909424652
167.441557464
381.853839688
166.650299124
383.80133194
165.867222624
385.752095127
165.092841674
387.706322967
164.327669983
389.664209177
163.572221261
391.625947475
162.827009218
393.591731579
162.092547564
395.561755208
161.369350009
397.536212079
160.657930262
399.5152959
159.958802035
-20.3575571571
39.884355278
-19.7418352779
141.037683141
-19.1115369237
142.170131372
-18.4668621184
143.281961878
-17.8080108861
144.373436564
-17.135183251
145.444817334
-16.448579237
146.496366095
-15.7483988682
147.528344751
-15.0348421688
148.541015209
-14.3081091627
149.534639372
-13.5683998741
150.509479148
-12.815914327
151.46579644
-12.0508525454
152.403853154
-11.2734145536
153.323911196
-10.4838003754
154.226232471
-9.68221003499
155.111078885
-8.86884355646
155.978712342
-8.04390096385
156.829394747
-7.20758228122
157.663388007
-6.36008753266
158.480954027
-5.50161674222
159.282354711
-4.63236993398
160.067851966
-3.752547132
160.837707697
-2.86234836036
161.592183808
-1.96197364311
162.331542205
-1.05162300434
163.056044794
-0.131496468099
163.76595348
0.798205941532
164.461530168
1.73728420049
165.143036763
2.6855382847
165.810735172
3.6427681701
166.464887299
4.60877383263
167.105755049
5.5833552482
167.733600328
6.56631239276
168.348685041
7.55744524223
168.951271093
8.55655377255
169.541620391
9.56343795964
170.119994838
10.5778977794
170.686656342
11.5997332079
171.241866805
12.6287442209
171.785888135
13.6647307944
172.318982237
14.7074929044
172.841411015
15.7568305267
173.353436376
16.8125436373
173.855320224
17.8744322122
174.347324464
18.9422962272
174.829711003
20.0159356583
175.302741745
21.0951504815
175.766678596
22.1797406725
176.221783462
23.2695062075
176.668318246
24.3642470623
177.106544855
25.4637632129
177.536725195
26.5678546351
177.95912117
27.6763213049
178.373994685
28.7889631983
178.781607647
29.9055802912
179.18222196
31.0259725595
179.576099529
32.1499399791
179.963502261
33.277282526
180.34469206
34.4078001761
180.719930832
35.5412929053
181.089480482
36.6775606896
181.453602915
37.8164035049
181.812560037
38.9576213271
182.166613753
40.1010141322
182.516025969
41.2463818961
182.861058589
42.3935245947
183.201973519
43.542242204
183.539032664
44.6923346998
183.87249793
45.8436020582
184.202631222
46.995844255
184.529694445
48.1488612662
184.853949505
49.3024530677
185.175658307
50.4564196355
185.495082757
51.6105609454
185.812484759
52.7646769734
186.128126218
53.9185676955
186.442269042
55.0720330876
186.755175133
56.2248731255
187.067106399
57.3768877853
187.378324744
58.5278770429
187.689092074
59.6776408742
187.999670293
60.825979255
188.310321308
61.9726921615
188.621307024
63.1175795694
188.932889345
64.2604414548
189.245330178
65.4010777935
189.558891427
66.5392885615
189.873834998
67.6748737347
190.190422796
68.8076332891
190.508916727
69.9373672006
190.829578696
71.0638754451
191.152670608
72.1869579985
191.478454368
73.3064148368
191.807191883
74.4220459359
192.139145056
75.5336512717
192.474575794
76.6410308202
192.813746002
77.7439845573
193.156917586
78.842312459
193.504352449
79.9358145011
193.856312499
81.024290659
194.21305964
1.5904409503733348
-35.46527909293873
1.6869635021230494
-36.12640741271346
1.7835904325092287
-36.729408926602694
1.8797667253985395
-37.2762047725883
1.9752122102384106
-37.7687033690341
2.069704230219301
-38.20881016103502
2.163046594600715
-38.59842901264935
2.2550618165767276
-38.939462555289516
2.345588525676888
-39.23381230345881
2.434480432578866
-39.48337870126837
2.521605858454109
-39.690061143534805
2.6068474995848874
-39.855757986323226
2.690102300633839
-39.98236655261225
2.7712813823322477
-40.07178313551104
2.8503099983220324
-40.12590300015783
2.9271275085951913
-40.14662038495722
3.001687362942363
-40.13582850184307
3.0739570910672285
-40.09541953730233
3.1439182974862376
-40.02728465171763
3.2115666609233813
-39.9333139794965
3.2769119388404846
-39.815396628370664
3.3399779796960445
-39.67542067767498
3.4008027493227644
-39.515273175945715
3.459438386572401
-39.336840134787224
3.5159513284838795
-39.14200651643449
3.570422625631892
-38.93265620180051
3.622948890685194
-38.71067189430572
3.6736460956499
-38.47793473596076
3.722676157065166
-38.23632161894565
3.769887804444892
-37.98774150115229
1.5904409503733348
-35.46527909293873
3.7277723318323694
-37.48722942369528
3.640644942176266
-37.23890868861955
3.5544175273379324
-36.990968915637374
3.469256481671266
-36.74528814498805
3.3853214419879123
-36.50374483945102
3.302761201944577
-36.26821829710122
3.2217126912358367
-36.04058875476258
3.142300636004421
-35.8227374219848
3.0646374240289447
-35.61654649543394
2.9888230446418333
-35.42389916434293
2.914945060566424
-35.24667961387606
2.843078595369718
-35.08677302646909
2.7732863303261865
-34.946065582512894
2.70561850889095
-34.826444460025776
2.640112950192105
-34.729797834402056
2.5767950765230694
-34.65801487647632
2.5156779672907987
-34.61298574968666
2.4567621015746397
-34.5965964293222
2.3999647292977215
-34.609706048225945
2.3450455883081247
-34.65091376196717
2.2917568175939493
-34.718516989647014
2.2398720225794193
-34.81081164006421
2.189236770581715
-34.926089114670525
2.139089692184797
-35.06267658945741
3.815655146603973
-37.73405061020103
2.186966973219569
-35.38025778437582
2.2862765677893435
-35.55769671323473
2.38749095201851
-35.749441052846215
2.490581871519794
-35.953769239040746
2.5955150804394975
-36.168960590178834
2.702242529827089
-36.39329576983712
2.8107004182650996
-36.6250569026025
2.9208085465129727
-36.86252761199669
3.0324700651734418
-37.10399303463736
3.145571367972792
-37.34773982634472
3.2599820494895084
-37.592056162990126
3.375554898739182
-37.83523173969106
3.4921259202302792
-38.075557767112244
3.6095143858275662
-38.31132696426987
3.727522932594894
-38.540833546195714
3.8459377416039615
-38.762373202298456
3.964528875176825
-38.974243054524244
4.083050955472743
-39.17474157503043
4.20124466044507
-39.36216840399708
4.318840466439838
-39.534823893781585
4.435569878698175
-39.691007741900656
4.551210356346132
-39.82901352234288
4.665899792208052
-39.94709040447584
4.775913125704449
-40.04395725945408
2.0896391323506407
-35.21884346713981
5.012577455518112
-40.15640849378814
5.1393401888208246
-40.16849659711029
5.262762879914305
-40.15227229209739
5.382254141680164
-40.106086252921024
5.497270554107729
-40.02828396474205
5.607267557052978
-39.91721169963458
5.711687211891274
-39.77121800281249
5.8099541788773195
-39.58865417854741
5.901474195286198
-39.367874467384546
5.985633525599042
-39.10723610130487
6.0617989309887435
-38.80509928561322
6.129318105010327
-38.45982710586735
6.187520833040537
-38.06978530700348
6.235721728042336
-37.633341783323196
6.273227201546206
-37.14886528936273
6.299356480443464
-36.61472155793405
6.313525771292234
-36.02925776152503
6.3158375352983285
-35.390693727072126
8.581768732195087
-34.20889281234347
10.79998472084776
-33.574624823648314
13.036260154430579
-32.77119197107867
15.26717342570214
-31.79321496182511
17.467743503803945
-30.639403370571706
19.612361336119193
-29.312972978542838
21.67584216200578
-27.821807428474155
23.63451395637884
-26.178327908119364
25.46724644003052
-24.399066801458574
27.156328172109
-22.50397614262875
28.68811624662692
-20.515532852921634
30.05341099093738
-18.45772439465629
31.247541426118858
-16.3550070878087
32.270179872902645
-14.231324358252648
33.124930528910056
-12.10925594221905
33.818753647677
-10.009345819633696
34.36129311654463
-7.949631273096244
34.764171940461836
-5.945372260278917
35.04030999312744
-4.008962160561964
35.20330450989297
-2.1499892099811255
23.358292845204744
26.425087651263215
25.035988430197392
24.841384529496484
26.65188978043932
23.099174728777644
28.182726452362886
21.204457826847918
29.60572461606273
19.167581276132463
30.899626035571373
17.00318243391879
32.045696769935205
14.729847947234557
33.02863362391594
12.369497279858066
33.83728163153188
9.946530742308124
34.465094643794885
7.486811952596881
34.91030052091156
5.01657448453895
35.17576714205222
2.5613488609331725
35.26859902943198
0.14499834632885822
35.19952105952848
-2.211067434316721
34.98212173807599
-4.48845861312296
34.632032738342275
-6.672136871323417
34.166115202531444
-8.750524212104983
33.601709707083955
-10.715419113602012
32.95598944477064
-12.56176188818475
32.245438442088926
-14.287295114777288
-10.635779205725925
33.87027788849258
-10.885651110599596
34.489395625147495
-11.119434996887321
35.05273255203347
-11.337748809171828
35.562076507536176
-11.54099392556489
36.01928308665636
-11.729544234793835
36.42621626805101
-11.903773147651819
36.78473993192503
-12.064060350361586
37.09671573968855
-12.210794055909943
37.36400242669174
-12.344371904921744
37.58845551944541
-12.46520137534442
37.77192720697991
-12.57369998743394
37.91626627648524
-12.670295414201036
38.02331807864184
-12.755425544502785
38.09492450782738
-12.829538520762569
38.13292399029839
-12.893092762284567
38.13915147701236
-12.94655697967059
38.11543843873864
-12.990410183869812
38.06361286403604
-13.025141690554861
37.98549925727913
-13.05125112106326
37.88291863899635
-13.069248398823717
37.75768854735053
-13.079653739143765
37.61162304165916
-13.082997627414883
37.446532710823334
-13.079820772463094
37.2642246898901
-13.070674001932758
37.06650269834983
-13.056117998265165
36.85516713587305
-13.036722504289258
36.63201537004811
-13.01306314325268
36.3988428890058
-12.985699154696732
36.157451370314924
-12.955473837281914
35.90953979467347
-10.635779205725925
33.87027788849258
-11.764682787699712
35.40182997787565
-10.620501070573283
35.14560280618883
-9.49090852832282
34.890035959407065
-8.376301625122238
34.63689550998306
-7.276857426861682
34.387945835771504
-6.192537022592063
34.14494837931732
-5.123086379515314
33.90966133779058
-4.0680366273385005
33.6838395589753
-3.026704171385717
33.46923450017794
-1.9981907428330032
33.267594208190566
-0.9813834224570428
33.080663309397366
0.025045348780253107
32.910183003298826
1.0226377669761177
32.75789105765136
2.0131506688829006
32.62552180312652
2.998555542953511
32.514806127022915
3.9810385520340503
32.42747146237827
4.963000578024008
32.36524176947357
5.947056423739866
32.329832663504085
6.935829329680246
32.32199630937074
7.931522745427998
32.340373339718795
8.936103864131013
32.38332545586055
9.951352543662466
32.44921423857204
10.978901976659103
32.53638491893246
12.019689917196416
32.64338535015407
-12.922813863684297
35.65695838816861
13.659723371792722
32.56502874008983
14.255746118886492
32.37277699698733
14.863241049912006
32.18969064662462
15.48209431977915
32.01380905717395
16.11209979092979
31.843238035925523
16.752952740016042
31.676152339046702
17.404248285917163
31.510796298316002
18.06548086701929
31.345484028483376
18.736044033636603
31.178599508166407
19.41523035614466
31.008596614792694
20.102231381631015
30.83399913807945
20.79613761524024
30.653400783170838
21.49593851593977
30.46546516509023
22.200522504188513
30.268925793954544
22.908676983963062
30.06258604703598
23.619088387535385
29.845319117823244
24.33034226201653
29.616067918734856
25.04092344645892
29.373844886574837
25.749216463407663
29.117731552854565
26.45350649971374
28.846877468576224
27.151982351397066
28.560496978200085
27.84274820511024
28.25785631406267
28.523906112080738
27.938183255293815
29.192448158405853
27.601880630999233
13.075238419562794
32.76845536698271
29.63670020765295
27.520461727856215
29.40657948652489
27.775308169665493
29.15559494111335
28.01074723254782
28.883028305166874
28.22511751346629
28.58822227687972
28.416698202322134
28.27056764666696
28.583723186828756
27.92950009726229
28.724384563912388
27.56449916550457
28.83683378942073
27.17508786949645
28.919182103821093
26.760832610303396
28.96950067149552
26.321343244739467
28.985820555020087
25.85627335161456
28.966132525151995
25.36532084204549
28.90838659678623
24.848229352394753
28.810490951648337
24.30479176598925
28.670309205915952
23.73486080960845
28.485652177626708
23.138391474070886
28.254244922506164
22.51573800930413
27.973495934442294
22.51573800930413
27.973495934442294
-0.8779613926404011
-34.76327582740874
-3.4392131282469194
-34.603872261901
-6.101388976676361
-34.234912224434865
-8.832955588782426
-33.6338379913156
-11.596053874796638
-32.78395487112989
-14.347967321573222
-31.67636336763636
-17.04327311798052
-30.311433550483724
-19.636490207310473
-28.699554261306346
-22.084923651756768
-26.860981176337223
-24.35134344443445
-24.824750450118675
-26.406150629153913
-22.626784380682597
-28.22877335743013
-20.30744979543986
-29.808175378876214
-17.90890401564611
-31.1425103852053
-15.472563115620094
-32.2380796591726
-13.03696215950287
-33.107823501580704
-10.636173440088672
-33.76959366243852
-8.2988376495302
-34.24442501864314
-6.047769638634982
-34.55496869182537
-3.900038610890409
-34.72418467235814
-1.8673942538830701
-12.71519876832788
32.366338729324646
-15.06745481105905
31.34051639613108
-17.44287278599299
30.0832569950651
-19.804105698794594
28.58414875294416
-22.109867683825883
26.84045292954609
-24.316974627686236
24.858417234730204
-26.38286983927304
22.653925520832907
-28.268368645897723
20.252296081163095
-29.940279240633856
17.68716600963357
-31.37354835987758
14.998554122644308
-32.552648834839154
12.23033999098606
-33.47205633675109
9.427492086914171
-34.13581943129861
6.633399898486758
-34.55636883084587
3.887613109095554
-34.75280603999836
1.2241874062908522
-34.74894475318799
-1.3292858982763711
-34.57135610746031
-3.75199938041494
-34.247609755513444
-6.029708823278966
-33.804828914463585
-8.15412193453804
0.5852510282218759
-35.322776296729245
0.5778139082117946
-35.19236519141228
0.5712481241263276
-35.11314139615729
0.5654966428175214
-35.082959411254336
0.5605033824149928
-35.09967372346142
0.5562134675673462
-35.161138801853326
0.5525732981879798
-35.26520909659425
0.5495305788103053
-35.40973903847791
0.5470343390219057
-35.592583038529966
0.5450349549144562
-35.811595487913934
0.5434841774463735
-36.064630757353626
0.5423351743642968
-36.3495431967815
0.5415425962101494
-36.66418713447433
0.5410626856895249
-37.00641687522261
0.5408534686715427
-37.374086698334224
0.5408751085958841
-37.76505085280289
0.5410906150703738
-38.177163547949135
0.5414674026078501
-38.608278933352835
0.5419811872735636
-39.05625104743754
0.5426276764765987
-39.51893366542606
0.5434693278387499
-39.99417968746704
0.5449626609527343
-40.47983686272548
0.543581199451296
-40.97380498158083
0.5936157093489953
-35.50652022748602
0.7753458219036133
-41.959338526408715
1.0150013132854383
-42.44615099042264
1.260318244959251
-42.93220270388218
1.5111104948851448
-43.41535332166967
1.76721638721898
-43.89346535929104
2.028447952576471
-44.36440485535792
2.29457824720771
-44.826041536796254
2.565337131258559
-45.27624887287027
2.8404095869532284
-45.712904096143944
3.11943496343099
-46.133888210075696
3.402006612313812
-46.53708599124403
3.687671710641098
-46.920385987659785
3.975931188771426
-47.281680513273926
4.266239733250586
-47.61886563770875
4.558005865493385
-47.929841168645964
4.850592128243932
-48.21251061945236
5.143315466020169
-48.46478114955352
5.435448011056735
-48.684563444560524
5.726218831859171
-48.869771451983695
6.014818320822485
-49.01832172056206
6.3004113717387895
-49.12813141797375
6.582190105120617
-49.197110402090516
6.859742966620502
-49.22310571793031
7.128087147644351
-49.20464858824394
0.5419175405586429
-41.47390387723354
7.367260212410031
-49.05106691702167
7.339506588948723
-48.91865441080361
7.305746192937022
-48.74452438942848
7.266209321962947
-48.53090688175661
7.221204930011936
-48.280020086274476
7.171063506031999
-47.99407896052881
7.116122795003548
-47.675297368503124
7.056723040081977
-47.32588879598026
6.993205081864119
-46.94806663627378
6.92590949778554
-46.54404431986097
6.8551761765353945
-46.11603537840773
6.781344095773193
-45.66625347773032
6.704751205897594
-45.196912436350544
6.625734376899516
-44.71022623237863
6.544629393534819
-44.20840900542558
6.461771001705188
-43.69367504932788
6.377493033391659
-43.16823879433426
6.29212868479965
-42.63431476591197
6.206011150777954
-42.094117492456775
6.119475229167051
-41.54986126979341
6.03286215106499
-41.003759453907804
5.946538919468367
-40.45802162791833
5.86103370513473
-39.91483376776725
5.775203607447395
-39.37662664918244
7.3892552799210875
-49.13945992097024
5.6769517987482345
-38.311896994202755
5.663663010732478
-37.790065916350216
5.65082805439971
-37.282191139514794
5.638810320038999
-36.790480946657226
5.6280171843394555
-36.31713685166423
5.618879091879762
-35.86435666370704
5.611844330934616
-35.43433525214198
5.60737729890468
-35.029264800208324
5.605957817276078
-34.651334904730106
5.608080831965992
-34.30273261934539
5.614256279601079
-33.98564247330364
5.625009038134692
-33.70224647629345
5.640878932315275
-33.454724116257665
5.662420787791859
-33.24525234696222
5.690204546384052
-33.07600556550156
5.724815476688661
-32.94915557169804
5.766854555330212
-32.86687149501947
5.816939184055343
-32.831319657025915
5.875704631170947
-32.84466329722548
5.943807207619386
-32.90906196580633
6.021932212539468
-33.02667000872222
6.110817773688154
-33.19963201886745
6.211350214136985
-33.430064641957145
6.32523162633845
-33.7199292179331
-1.9481440919579711
-35.6976986553494
12.600809113227001
-32.30797795970449
14.640471994858729
-31.43632309797843
16.65171461505139
-30.418846633816003
18.615053363507798
-29.258599050988295
20.511435943781635
-27.96188165479711
22.32293370541936
-26.53813220511546
24.033391291973714
-24.99963866058104
25.62898466458529
-23.361099614855192
27.09864744225996
-21.63906506651412
28.43433920258991
-19.85130182796064
29.631145663046482
-18.01613268290555
30.687216929361625
-16.15179702952696
31.603563908397234
-14.275873999184313
32.383742885315826
-12.404798542922492
33.03346342402915
-10.55348872961278
33.560155325504184
-8.73509042201448
33.97252720912428
-6.960835092001844
34.28014357664142
-5.239998713509692
27.73958361469022
20.811086733670237
28.96022070506109
19.075938951120747
30.098439340174934
17.224104604842154
31.138001803269333
15.264687152127692
32.06385511240819
13.20965652404442
32.86275503533352
11.073624593618774
33.52383489165152
8.873461799659793
34.039072423959
6.627773281367638
34.40361548733881
4.356268076241122
34.615940147682636
2.079066580171826
34.67783115006955
-0.18400239128843054
34.59419207882388
-2.414063910955008
34.372708213286444
-4.59377407335262
34.023396878254744
-6.7077786947320135
33.55808667405597
-8.743034309053257
32.98986808245809
-10.688986577536127
32.33255426540609
-12.53761400057067
31.600183735153905
-14.283354579973548
30.806587572510807
-15.922939185023495
29.96503451662562
-17.455157878695076
5.690521475889341
-38.845447865993776
32.614552211047624
21.855018614726646
-0.9653781039548903
35.219209298674514
-0.4288240409783839
35.01283432828231
0.10392821016557718
34.85784058779234
0.6351660785099398
34.7517697091003
1.1670466609268715
34.69218190672217
1.7015969762317695
34.67665598722857
2.2407140329904394
34.70278935002895
2.78616485766554
34.76819798578734
3.339586513314572
34.87051647316727
3.9024861184879285
35.0073979740757
4.476240871682307
35.176514225898586
5.06209808719953
35.37555552994266
5.661175251366501
35.602230732610224
6.274460115449841
35.85426719364082
6.902810857935691
36.12941073171896
7.546956385368276
36.42542552238987
8.207496933726247
36.7400938942244
8.884905391245866
37.07121588093463
9.579530604884411
37.416608100526474
10.29160729980319
37.774100394967036
11.021295755895238
38.141522385445995
11.768959544200385
38.516609366397944
12.531446776961872
38.89826234901204
-1.508153494610923
35.47944237600066
14.152783843533058
39.32462844878515
15.01249072195992
39.35663156297477
15.888650069216908
39.37777531787751
16.780328336661057
39.386156739075176
17.686512950792803
39.37994171263483
18.606069256925537
39.3573795732232
19.53772975660422
39.31680674988948
20.48009052169158
39.25664797933592
21.431609762352423
39.17541678931008
22.3906071787938
39.07171571485844
23.355263641303623
38.94423640263017
24.3236210237273
38.79175966098765
25.29358211689913
38.613155479392674
26.26291059033008
38.40738302560996
27.229230991130294
38.17349062031701
28.19002878290445
37.91061567802768
29.14265044721833
37.617984588509046
30.084303707442473
37.294912472346766
31.012058037311306
36.940802637562285
31.922845945887957
36.5551452169795
32.813466844399215
36.13751307642016
33.68060252623371
35.68754544411402
34.520925542729344
35.20483331038275
35.32963182817309
34.69047105589917
13.310685360735903
39.28363568543858
36.244550792507255
33.82284121780802
36.351907379164686
33.472753018515704
36.427047787190304
33.09571248911831
36.47107424504674
32.693908650830906
36.48514979987135
32.26945894792641
36.47048154392303
31.82442698423131
36.42831642120507
31.36082695752711
36.35993982948372
30.88062513758169
36.26667506108237
30.385740457198466
36.149883049038294
29.878044780736218
36.01096224043022
29.359363037762904
35.851348528349035
28.831473293813787
35.67251521497013
28.296106790169233
35.47597298960159
27.754947964167798
35.26326991906819
27.209634458865935
35.035991445445234
26.6617571211317
34.79576039455617
26.112859986841443
34.544237000508474
25.564440241409187
34.2831189677791
25.017948126817743
34.01414163054244
24.4747867019488
33.73907843735691
23.93631111906953
33.45974289445587
23.403825723093746
33.17800217736914
22.878563738339068
32.89559281668352
22.361962322575152
36.1040540297829
34.14359233488773
32.0743477563301
21.694811501280213
31.54650847422414
21.537442610311103
31.032764292739557
21.384335064609047
30.534839424083827
21.236916589925443
30.05443764060459
21.0966414880846
29.593240172871106
20.96499377453668
29.15290518563836
20.8434879608088
28.735067605089057
20.733669313104286
28.341339052013154
20.637113952890104
27.973307814609313
20.555428899092277
27.63253883918088
20.490252084505727
27.320573730049716
20.443252357334103
27.038930758921822
20.41612947320067
26.789104881826518
20.410614074836587
26.572567770014984
20.42846765664919
26.390767862600512
20.471482503128527
26.245130459340203
20.541481579618733
26.13705789289037
20.640318328480532
26.06792987486574
20.76987626247609
26.039104254141137
20.932068068392198
26.05191891502318
21.128833369305738
26.107697467796356
21.362132010573646
26.207772010271697
21.63391720741157
26.35364245492508
21.94594758429014
-4.640414442692844
-35.44837807983902
-4.640414442692844
-35.44837807983902
-7.452552407196407
-34.96541744794641
-10.348725156869477
-34.22024024343986
-13.284533511946506
-33.19099462295662
-16.2086932044335
-31.86532942393214
-19.065766620088965
-30.24264369858338
-21.799722749713197
-28.3353673476594
-24.357895755235205
-26.16894856634977
-26.694782370271582
-23.78044467403842
-28.775116985355083
-21.215880777622544
-30.575799464836876
-18.526776346068544
-32.086483568835405
-15.766373295023158
-33.30889038208318
-12.986099345281929
-34.255118377315824
-10.232683892666813
-34.94533447979322
-7.546161460407518
-35.40524199207428
-4.958809753743822
-35.66365549975629
-2.4949210580430474
-35.750407536260155
-0.17121823056089625
-35.69470187880685
2.002301794003017
-4.056771740122343
35.519903684268456
-6.729574926118403
35.11173273999623
-9.508212524400676
34.46323910026442
-12.355223758509993
33.548016343270035
-15.224994369640484
32.34687776487215
-18.06559917582814
30.850528052360488
-20.82166212137139
29.06164725535379
-23.437985760134154
26.995958553067055
-25.86350214441839
24.681981515203148
-28.054980200385046
22.15940072852078
-29.979939152824414
19.47624715093002
-31.618367461133204
16.685316712124973
-32.963087046596314
13.840370191930532
-34.01885867993323
10.992643394829855
-34.800524366623534
8.188068056581187
-35.33058433117185
5.465415401332166
-35.63660654788754
2.8553858657321314
-35.748792369665836
0.3805243772551421
-35.69791147178253
-1.9442405314004816
-35.5137079381754
-4.110657267778635
8.51226999148713
-33.61736292074028
21.4954242841901
-30.520766802729042
21.711394027049696
-30.99414944604328
21.90757557953594
-31.443714587175236
22.08453547092177
-31.869866608291147
22.242834052588158
-32.273013899765914
22.383025967024814
-32.65356852760894
22.505660264446956
-33.0119461508894
22.611280440983393
-33.348565994685075
22.700424453035126
-33.663850839401135
22.77362472335698
-33.95822701679077
22.831408143029137
-34.23212440800887
22.87429607186609
-34.48597644335807
22.902804337466893
-34.720220102351504
22.91744323381519
-34.935295914783836
22.918717519055896
-35.131647962080166
22.907126412162924
-35.30972387861412
22.883163589126976
-35.46997485435185
22.8473171775599
-35.612855637843836
22.800069749618878
-35.738824540539596
22.741898311820265
-35.848343441983246
22.673274291548687
-35.94187779842319
22.594663516866394
-36.019896654148425
22.506526186678723
-36.08287265863859
22.409316824989382
-36.131282093040284
22.303484208163212
-36.16560491261464
22.189471243592475
-36.18632481662462
22.067714758087234
-36.19392937105687
21.938645104903216
-36.1889102357523
21.802685378780602
-36.17176361937098
21.660249688544326
-36.14299127852098
21.511738840408647
-36.10310301736956
21.35752738730508
-36.052624184050444
21.197911827666907
-35.99212565671834
21.032747998922353
-35.92243374559729
20.8663225049838
-35.841810269907825
21.259090354015086
-30.023168612345046
20.251139245651707
-35.74006222107704
19.80459585443089
-35.71978830052413
19.35751539116204
-35.69182319609064
18.910509957916084
-35.65659218696396
18.464092218054077
-35.614573934934725
18.01873034112779
-35.56626867790865
17.5748617385405
-35.51219027897497
17.132897641048988
-35.45286357588441
16.69322492917991
-35.38882332168865
16.256206963878938
-35.320613702755935
15.822184001014104
-35.24878809880204
15.391473412902407
-35.173908953528354
14.964369813221222
-35.096547701383315
14.541145129613685
-35.01728472411904
14.122048645978882
-34.93670932436589
13.707307025640318
-34.85541970960989
13.297124320725597
-34.774022982643885
12.89168197000112
-34.69313513724347
12.49113878430126
-34.6133810580624
12.095630915836807
-34.535394525199564
11.70527180303663
-34.45981822523066
11.320152073599331
-34.38730377144739
10.940339371654993
-34.31851174307661
10.565878033177071
-34.254111758399034
10.196788434331232
-34.194782622865404
9.833065555731629
-34.141212656992906
9.474675390689995
-34.094100516753
9.121544167543014
-34.054157655237276
8.77351523705071
-34.02211817308054
8.430047279381334
-33.99880777105284
8.094294713351296
-33.98421146991083
20.69604940321541
-35.75249570668592
7.821758571540421
-33.844849918199515
7.881619982250733
-33.72259534957254
7.9438752114529905
-33.61338401937127
8.008865680432109
-33.51779735793738
8.07687473796598
-33.4364298033839
8.148173556890896
-33.369878315559816
8.223032609689142
-33.31873975335736
8.301725495723367
-33.28361000057507
8.38453047424261
-33.26508361507919
8.471731163974042
-33.26375366871133
8.563616896275505
-33.280211666138854
8.660482909562354
-33.31504749982258
8.762630465976407
-33.36884942274921
8.870366928490547
-33.44220402909292
8.984005819205215
-33.535696240087475
9.103866870478413
-33.64990928989698
9.23027607829475
-33.78542471015561
9.363565767058347
-33.94282231109304
9.504074677150328
-34.1226801544945
9.652148093595898
-34.32557451399933
9.80813804683629
-34.5520798125695
9.972403643524672
-34.80276851923264
10.145311642310844
-35.07821096869341
10.327237520889867
-35.37897502730547
10.518567608098195
-35.70562542524243
10.71970377293539
-36.05872228760097
10.931075145802879
-36.43881746251506
11.15317328098331
-36.84644350519753
11.386692805909348
-37.28206961506115
11.63351596536441
-37.74579319474242
19.05917855557166
-30.786649191504566
20.286107887601574
-34.53122647036329
23.12053624766922
-32.701262642215255
25.898952539051308
-30.547930079710767
28.560477413747876
-28.075450213197428
31.04364254328243
-25.302648723401177
33.29087979998053
-22.263178050722644
35.253022189435555
-19.00411011560641
36.893125528669046
-15.582973512805523
38.18901228581039
-12.06362778807241
39.134185479478944
-8.51159806573773
39.7370860462248
-4.989565845828338
40.01897118436267
-1.5536151776034899
40.010891385100166
1.7493842758660776
39.75030525801314
4.883134922332516
39.277809561725476
7.822112937548013
38.63432464763493
10.550864125562327
37.858916689899914
13.062702700519054
36.987298734425664
15.35810883882786
-10.236494067275459
38.71880633472014
-7.270124306195044
39.383715763591965
-4.08894407034677
39.83983322209704
-0.7212106809073475
40.04262266546331
2.7927837936288
39.95162241332602
6.401471850269459
39.53419953565694
10.04416679149621
38.769143506654046
13.654549300256917
37.64950276141482
17.165128183065974
36.1841145978984
20.51207437327166
34.39747926346206
23.639713344535025
32.32794035757834
26.504023218336485
30.02446549094273
29.07470526708235
27.54257229104107
31.335695805031136
24.9400469764891
33.284278677924775
22.273045765345415
34.92916044521019
19.592996844987596
36.28795417128269
16.944502259960785
37.38449410128466
14.364239470502525
38.24631016707146
11.88072107993014
38.90247131915861
9.514699156409051
7.763570220148907
-33.9796527045506
-11.423262374136876
32.93021252917575
-36.77718569924148
1.8596860976791731
-36.73267228130844
2.7836089312672527
-36.64370511397786
3.728995615319434
-36.512240019964345
4.693742143968308
-36.340195177156716
5.675800679676428
-36.12945102134752
6.6731833053213165
-35.88185022284783
7.683962961798329
-35.59919767950012
8.70627376015048
-35.28326051433856
9.738311105926954
-34.93576807578544
10.778331755382993
-34.558411938133894
11.824653843017359
-34.15284590302412
12.875656895987674
-33.72068600094647
13.929781841677709
-33.26351049370819
14.98553101174005
-32.78285987726623
16.041468143870418
-32.28023688480353
17.09621838182909
-31.75710649149184
18.1484682745606
-31.21489592020424
19.196965773976103
-30.65499464939431
20.24052023153348
-30.078754423239047
21.278002392722755
-29.487489267008105
22.308344389717178
-28.88247550827523
23.330539729941762
-28.264951808718727
24.34364327903262
-27.636119213072686
25.34677123459886
-26.99714122731457
26.339101084492256
-26.349143948108658
27.319871536887604
-25.693216289448767
28.2883823984576
-25.03041040275243
29.243994347848655
-24.36174251728786
30.186128483528876
-23.688194787555386
31.114265328038442
-23.010719912626687
32.02794234055099
-22.33025499204701
32.926746453212104
-21.647776949164534
33.81028421764677
-20.964690493053315
34.67797283187133
-20.27761289389148
35.53184928669617
-36.77525258427595
0.9593610207756456
-19.317521173279033
36.298289334862005
-19.0432208908207
36.21819762036529
-18.767374618754886
36.130629645173514
-18.49025631585513
36.0361817465581
-18.21221040705719
35.93541113111911
-17.933592996129672
35.82886753994296
-17.654757169801343
35.71710116500543
-17.376048099656025
35.60066528719361
-17.09780108399931
35.480117331788364
-16.8203406583537
35.35601934714077
-16.54398015212815
35.22893824433311
-16.269021450953442
35.0994459252459
-15.995754862622654
34.96811935540086
-15.724459038731828
34.83554060687047
-15.455400928505846
34.70229688411385
-15.188835752794974
34.5689805394463
-14.925006992033598
34.43618908122801
-14.664146385949012
34.30452517695289
-14.406473945118641
34.1745966512523
-14.152197977580329
34.04701647809844
-13.901515138031527
33.922402764988306
-13.654610514525181
33.80137872300389
-13.411657784869032
33.68457261386942
-13.17281950976782
33.57261764838131
-12.938247722077229
33.46615178212306
-12.708085225928595
33.36581726538412
-12.482468846643428
33.272259516097336
-12.261539182582666
33.186123736624864
-12.045479616167903
33.108041381658836
-11.834789394349109
33.03853542860759
-11.626592152872192
32.9793009248057
-19.590483489105875
36.37004766040317
-11.3803959206897
32.823288650442834
-11.342259934697665
32.72804524211904
-11.30862544765958
32.64524655341026
-11.27961200425679
32.57553593581446
-11.255396961930423
32.519536685076986
-11.236173961008255
32.47786644803202
-11.222142540447265
32.45114082418539
-11.213504674825096
32.43997456752655
-11.210463386808705
32.44498206752152
-11.213222113898993
32.46677756887246
-11.221984388514613
32.50597528247013
-11.23695366158259
32.56318944655723
-11.25833319643612
32.63903436370384
-11.286325997837231
32.734124424736024
-11.3211347584053
32.84907412798077
-11.362961810487732
32.98449809553264
-11.41200907532334
33.141011090517054
-11.468478001075646
33.319228038775776
-11.532569478085037
33.519764057596575
-11.604483714217352
33.7432344985167
-11.684420039930515
33.99025501407431
-11.77257658688854
34.261441667950635
-11.869149728116355
34.5574111264263
-11.974333040583922
34.878781013643476
-12.088315232044557
35.22617062133881
-12.21127558148013
35.600202469766515
-12.343372541415022
36.001506209694156
-12.484709545613228
36.43073032759369
-12.63519824086255
36.88858896700674
-12.793601109416954
37.376189677363556
17.057711612899126
-31.939075286944316
17.057711612899126
-31.939075286944316
14.928466358368315
-32.988042497865735
12.683548120502326
-33.91456416834562
10.338651503780703
-34.70133053266551
7.912725192252434
-35.33353698238862
5.427413552856109
-35.79962622402928
2.9063048653597185
-36.09187509237387
0.37403970391094177
-36.20676939404879
-2.144649565399
-36.14513153794802
-4.625889340122754
-35.91199247419823
-7.047529637780713
-35.5162270189069
-9.38986061778943
-34.96999532788669
-11.636138427516578
-34.28804949467967
-13.77290152033244
-33.48697118828687
-15.790081220713475
-32.584404102226614
-17.680928841699043
-31.59833557244282
-19.44179420509323
-30.546467778463906
-21.07179651625576
-29.44570337471059
-22.57242890643269
-28.311755666471356
-36.185594341644034
-1.2933745767991525
-36.029530986470036
-3.5976315193368578
-35.71640597088158
-5.950495792545809
-35.23717854283082
-8.331344669055198
-34.58619838909031
-10.717506083246121
-33.76170734642708
-13.084998001839438
-32.76614537368847
-15.40940534233053
-31.606219852578356
-17.666831133070033
-30.29272094804223
-19.83484593380986
-28.840093229115027
-21.893356942001475
-27.265800367397787
-23.825326566054486
-25.589540913704212
-25.617288136721044
-23.83238553580634
-27.25963050605455
-22.01590827954972
-28.7466491661269
-20.16137711259931
-30.076384898745516
-18.28905463889923
-31.25028857577621
-16.417641739320516
-32.27276088860778
-14.56387832832334
-33.1506184511198
-12.742299086370537
-33.89253412843914
-10.965129585611088
-34.50849154664235
14.667627826628319
-37.266505990157555
3.5695586920589752
3.588113182632424
3.604755429800043
3.6196250620260426
3.632846458801893
3.6445310727693676
3.6547793432248503
3.663682291629476
3.6713228631563353
3.6777770635398723
3.6831149297337307
3.687401364814222
3.690696861369061
3.693058132812709
3.6945386683178842
3.695189224095224
3.6950582613792573
3.694192339640048
3.692636471901677
3.6904344479129296
3.6876291297706887
3.684262723757162
3.6803770314247912
3.6760136822501384
3.6712143496793743
3.666020951808126
3.660475837481858
3.6546219580931494
3.6485030240542335
3.6421636733130858
3.5695586920589752
3.6289203092928086
3.6221104063312777
3.6152691454408776
3.608447224299941
3.6016967294669784
3.5950711373643673
3.5886252864243424
3.5824153177045757
3.576498581516536
3.57093350769696
3.5657794376131178
3.5610964163430827
3.556944944153476
3.553385687137051
3.5504791478535225
3.5482852978206063
3.5468631749881987
3.546270300987158
3.5465326759576445
3.5476089088561658
3.549447079039811
3.551993829085061
3.55519475573756
3.558994728604907
3.6356495191295646
3.5680607702579574
3.5732194698785698
3.5787597275914016
3.5846274774206544
3.590769511037951
3.597133617938142
3.603668693391721
3.610324816136896
3.6170532977963026
3.6238067061213735
3.6305388641261707
3.6372048272541995
3.643760840541296
3.6501642776454255
3.6563735634430397
3.6623480816779277
3.668048068873641
3.673434495551896
3.678468935428067
3.683113422960821
3.687330299120735
3.6910820436661744
3.6943310795378954
3.697039952597449
3.5633383756723105
3.70051277543344
3.701201655086751
3.701195772726018
3.700452850574885
3.6989288771675466
3.6965777719763278
3.6933510096393882
3.6891971991397927
3.6840616099144596
3.677885634850453
3.670606177634399
3.662154949084128
3.6524576533864472
3.6414330404021498
3.6289917941094174
3.6150352187134267
3.599453670467052
3.582124637489104
3.5630014733040536
3.563001473304054
3.5630014733040536
3.5630014733040536
3.5630014733040536
3.5630014733040536
3.563001473304054
3.563001473304054
3.563001473304053
3.563001473304053
3.5630014733040536
3.5630014733040536
3.563001473304054
3.5630014733040536
3.563001473304053
3.563001473304053
3.563001473304054
3.5630014733040545
3.5630014733040527
3.5630014733040536
3.563001473304054
3.563001473304053
3.5630014733040536
3.563001473304054
3.563001473304054
3.563001473304053
3.5630014733040536
3.563001473304054
3.5630014733040536
3.563001473304054
3.563001473304053
3.563001473304053
3.5630014733040545
3.563001473304053
3.5630014733040536
3.563001473304053
3.5630014733040536
3.563001473304054
3.5630014733040527
3.563001473304053
3.5695586920589752
3.5881333098136503
3.6047943340322814
3.619681362834611
3.632918769297047
3.6446180036725417
3.6548795040486746
3.6637942911456154
3.6714453096256223
3.677908564847141
3.6832540934791855
3.687546798382967
3.690847171988795
3.693211927604622
3.6946945543434526
3.695345808400462
3.695214151037365
3.694346141793076
3.692786793801671
3.690579896962956
3.6877683135662047
3.6843942501283933
3.6804995084813075
3.6761257184300704
3.6713145538090473
3.666107933187872
3.66054820605048
3.6546783249069854
3.6485420039680294
3.642183844793109
3.5695586920589752
3.619139689831732
3.603191776141919
3.5878947784579664
3.5733376462317916
3.5596088242093886
3.54679574880591
3.5349843179893354
3.5242583475698375
3.514699026425463
3.506384383006757
3.499388775057477
3.4937824132364894
3.4896309276874624
3.486994984409981
3.485929955887229
3.486485647813335
3.4887060814312014
3.492629179259879
3.4982571021033952
3.505520782822937
3.5143372380255404
3.524619140242081
3.536275675598231
3.5492140801033574
3.635649519129565
3.564275694379771
3.5659383711533748
3.5682782451296213
3.5712473546819843
3.574798097344676
3.5788833386557273
3.583456489244569
3.5884715541506087
3.59388315705362
3.5996465419427506
3.6057175546075486
3.612052606347977
3.618608622057902
3.6253429746813035
3.632213407804383
3.6391779478660484
3.6461948071251467
3.653222278279701
3.6602186211701837
3.667141941545159
3.6739500608883837
3.680600372387598
3.687049642326289
3.6932548923906934
3.5633383756723105
3.6999160627297396
3.7000703597230005
3.6995922036147997
3.6984395308575446
3.696568524848443
3.6939332724770626
3.6904853861636004
3.6861735821997503
3.680943206465959
3.674735697242976
3.667487972517521
3.6591317264148566
3.6495926157509193
3.638789313072557
3.6266323968948058
3.61302304300962
3.5978514766349345
3.5809951928678476
3.5809951928678476
3.5488803538952784
3.548880353895278
3.548880353895278
3.548880353895278
3.548880353895278
3.548880353895278
3.548880353895278
3.548880353895278
3.5488803538952784
3.5488803538952784
3.548880353895278
3.548880353895278
3.548880353895278
3.548880353895278
3.548880353895278
3.548880353895278
3.548880353895278
3.548880353895278
3.548880353895278
3.548880353895278
3.548880353895278
3.548880353895278
3.5488803538952784
3.548880353895278
3.548880353895278
3.548880353895278
3.548880353895278
3.548880353895278
3.548880353895278
3.548880353895278
3.548880353895278
3.5488803538952784
3.548880353895278
3.548880353895278
3.548880353895278
3.548880353895278
3.548880353895278
3.548880353895278
3.548880353895278
3.5646652181345186
3.56096393027426
3.558707778314716
3.557845417369559
3.558319321522312
3.560066565887583
3.5630196448667246
3.5671073045624913
3.572255368822273
3.5783875406130745
3.5854261631091373
3.5932929279087844
3.601909520842106
3.611198198850999
3.6210822942619934
3.631486645184199
3.6423379529553173
3.653565069273766
3.66509921695313
3.6768741492974324
3.6888262537161616
3.7008946070923643
3.7130209526159046
3.569856082566735
3.7368717174402213
3.748522063512031
3.7600528922723746
3.7714185004883096
3.7825752937999053
3.7934816342414197
3.8040976731371763
3.8143851753818145
3.824307337544159
3.833828601179811
3.8429144622439178
3.85153127702784
3.8596460646854056
3.8672263060761325
3.8742397383266653
3.880654144155019
3.8864371347208864
3.8915559243703144
3.895977095254864
3.8996663492911123
3.9025882439766515
3.9047059053930506
3.9059806844278127
3.9063726122277367
3.7251497662484696
3.9040159714508413
3.901289232868549
3.897700328236861
3.8932856042573527
3.8880800083371585
3.8821173795862007
3.875430722413212
3.868052466090829
3.860014713237071
3.851349479721747
3.8420889280901984
3.832265596232729
3.8219126227299256
3.811063969841567
3.799754644938298
3.7880209206421758
3.7759005537031998
3.763433002131429
3.750659639745614
3.737623966715088
3.724371814233747
3.7109515408475047
3.697414217812614
3.683813786749228
3.905842486504422
3.6566199377901043
3.643152758449372
3.629872403594179
3.616848875174117
3.6041554428291067
3.5918685401498487
3.5800675908823214
3.5688347577407713
3.558254606775665
3.5484136813779257
3.5393999817175215
3.5313023477014562
3.524209746582493
3.5182104696499263
3.5133912465853383
3.509836290239362
3.5076262890452554
3.506837368553024
3.5075400474785305
3.509798216548746
3.513668170581994
3.5191977242957644
3.526425439713468
3.5353799724208828
3.576573137096175
3.546114687929566
3.5461146879295655
3.5461146879295655
3.546114687929566
3.5461146879295664
3.546114687929565
3.546114687929566
3.546114687929566
3.546114687929565
3.5461146879295655
3.546114687929566
3.5461146879295655
3.5461146879295655
3.546114687929566
3.546114687929566
3.546114687929566
3.546114687929565
3.5461146879295646
3.546114687929566
3.5461146879295655
3.5461146879295655
3.5461146879295664
3.546114687929565
3.5461146879295664
3.546114687929565
3.5461146879295664
3.5461146879295664
3.546114687929565
3.546114687929565
3.5461146879295664
3.546114687929566
3.546114687929566
3.546114687929566
3.5461146879295655
3.5461146879295655
3.5461146879295664
3.546114687929565
3.546114687929566
3.670207244604253
3.6702072446042533
3.5619671806957043
3.555789685892873
3.5512825375140524
3.5483974982656346
3.547079862778982
3.547269226772958
3.548900293685767
3.551903696788434
3.5562068163358593
3.5617345735414103
3.568410185826916
3.576155870820559
3.5848934896030196
3.5945451227026286
3.60503357515574
3.6162828093286628
3.6282183063345506
3.640767358475046
3.653859296086852
3.6674256518932675
3.6814002592650836
3.6957192096313856
3.7103229761613123
3.5698560825667345
3.732749713433422
3.7405860749309023
3.7486198037985003
3.756813367924647
3.7651306910536846
3.773536961298069
3.7819984182822326
3.7904821337079992
3.7989557900644795
3.8073874599191244
3.815745387365162
3.8239977725538847
3.832112559749043
3.8400572288786927
3.8477985901105445
3.8553025804959944
3.862534061322316
3.8694566142934175
3.8760323341423617
3.8822216146045223
3.8879829234049095
3.8932725573468163
3.8980443280865362
3.9022504553062527
3.72514976624847
3.9034808610039606
3.9002630599516035
3.8962273072515488
3.8914100756168746
3.8858464220719524
3.87957028228129
3.872614744915342
3.865012311425596
3.856795144575672
3.847995308345788
3.8386450013392888
3.828776785433515
3.818423811111175
3.8076200404425653
3.7964004685189856
3.7848013436036165
3.7728603860261947
3.760617005338541
3.748112514884825
3.735390342341853
3.7224962342894545
3.709478451937432
3.6963879518099065
3.6832786347621402
3.905842486504423
3.6564197006188963
3.642768226439036
3.629319529257343
3.6161436299923544
3.603313816999378
3.5909065410284837
3.5790012410985876
3.567680093197244
3.5570276746014184
3.5471305378594713
3.5380766902188183
3.529954976579435
3.5228543671028274
3.5168631539077904
3.5120680654372247
3.5085533112552953
3.506399574497632
3.5056829734733377
3.5064740178483778
3.508836587782826
3.5128269667340164
3.518492959416046
3.525873127742948
3.5349961959428096
3.5765731370961746
3.5765731370961746
3.5765731370961746
3.5765731370961746
3.5765731370961755
3.5765731370961746
3.5765731370961746
3.5765731370961755
3.576573137096175
3.576573137096175
3.576573137096175
3.5765731370961746
3.5765731370961746
3.576573137096175
3.5765731370961746
3.576573137096175
3.576573137096175
3.5765731370961746
3.5765731370961746
3.5765731370961755
3.5765731370961746
3.576573137096175
3.5765731370961746
3.5765731370961746
3.576573137096175
3.5765731370961746
3.576573137096175
3.5765731370961755
3.576573137096175
3.5765731370961746
3.5765731370961746
3.5765731370961746
3.576573137096175
3.576573137096175
3.5765731370961746
3.576573137096175
3.5765731370961746
3.5765731370961746
3.5765731370961746
3.5765731370961746
3.546114687929566
3.6198122085711755
3.6334213309926793
3.646049123446233
3.6577472678254543
3.668563204668235
3.678540604336409
3.6877197767414325
3.6961380291580004
3.703829979978455
3.7108278349507438
3.717161631292464
3.722859454253757
3.727947629924426
3.7324508975378508
3.7363925639874656
3.7397946428749718
3.742677980115588
3.745062367772711
3.746966647608743
3.7484088055927454
3.7494060585108753
3.7499749335769357
3.750131341899362
3.749890646524123
3.749267725688565
3.74827703181591
3.746932646757112
3.7452483336743145
3.743237585953523
3.7409136733868555
3.73828968585735
3.7353785743065577
3.7321931871876233
3.7287462844390133
3.7250510575400666
3.605165288438371
3.7154900633304764
3.7097278479599716
3.7038468190443257
3.6978607899535403
3.691783683835506
3.685629574861847
3.6794127178066907
3.6731475741117525
3.6668488360663836
3.6605314494197083
3.6542106345269474
3.6479019059162736
3.641621090187561
3.635384342078516
3.6292081585238165
3.623109390511823
3.6171052525115193
3.6112133292518585
3.6054515795949196
3.599838337244937
3.5943923080281808
3.589132563438578
3.5840785302220333
3.5792499756460243
3.5746669881745343
3.570349953189284
3.5663195231430556
3.5625965805831847
3.5592021871673465
3.556157457844169
3.5534850997154663
3.7211196347815103
3.547803165424485
3.5447605784807834
3.542098432376595
3.5398384168792933
3.538001947217061
3.5366100746870086
3.5356833964181797
3.535241963116411
3.5353051851420783
3.5358917377267796
3.537019466230507
3.5387052924425513
3.5409651229876675
3.5438137608976743
3.547264821510645
3.5513306537223497
3.556022267680898
3.5613492699422125
3.5673198069742114
3.5739405178665273
3.5812164969364866
3.5891512668036905
3.5977467623345
3.607003325716242
3.6169197127056245
3.62749310988591
3.6387191624259474
3.650592010973037
3.6631043324679995
3.6762473435117937
3.589299459571485
3.690106626546125
3.6901066265461253
3.6901066265461253
3.6901066265461253
3.6901066265461253
3.6901066265461253
3.690106626546125
3.6901066265461253
3.6901066265461253
3.6901066265461258
3.6901066265461253
3.6901066265461253
3.6901066265461253
3.6901066265461258
3.690106626546125
3.6901066265461253
3.6901066265461253
3.690106626546125
3.6901066265461253
3.6901066265461253
3.6901066265461258
3.6901066265461258
3.6901066265461253
3.6901066265461253
3.6901066265461258
3.690106626546125
3.6901066265461253
3.6901066265461253
3.6901066265461253
3.6901066265461253
3.690106626546125
3.690106626546125
3.690106626546125
3.6901066265461253
3.690106626546125
3.6901066265461253
3.6901066265461253
3.690106626546125
3.551204334467186
3.5512043344671858
3.606154542581122
3.606529717568426
3.6063929455400023
3.60584289628953
3.6049749535849958
3.603881269099863
3.602650694064045
3.6013686006188967
3.600116607332142
3.5989722254438226
3.598008444557108
3.597293278722756
3.5968892956750707
3.5968531532957906
3.597235167741065
3.5980789370094155
3.5994210419087347
3.60129084323235
3.6037103898182643
3.606694447043543
3.610250649736158
3.6143797775564614
3.6190761453861118
3.624328096252742
3.6301185802898406
3.636425800341128
3.643223903288879
3.6504836958530045
3.6581733645939365
3.6662591818354517
3.674706182673666
3.683478804328002
3.6925415000207056
3.7018595193199646
3.711394188970731
3.605165288438371
3.71645855314433
3.7116057128840705
3.7065741108027397
3.701376948980842
3.696027607731315
3.6905396656787683
3.6849269246956866
3.6792034349448066
3.673383519073424
3.6674817951704437
3.661513198351314
3.6554930007647983
3.64943682989241
3.6433606849564057
3.6372809512517237
3.6312144122008587
3.6251782589013537
3.6191900969468107
3.613267950262966
3.6074302617026244
3.6016958901383207
3.5960841037553566
3.590614569333474
3.585307337195775
3.580182821618332
3.5752617765299015
3.5705652664492784
3.5661146331523037
3.5619314614496846
3.5580375755372313
3.554454175005019
3.7211196347815103
3.547897597849143
3.544943327928368
3.5423634133360724
3.5401795474179107
3.5384131447875458
3.5370852550909655
3.536216473558462
3.5358268490127553
3.5359357900523674
3.5365619703166606
3.5377232337675593
3.539436501004062
3.541717677676671
3.5445815660644917
3.54804178097858
3.5521106710169903
3.556799246263095
3.5621171134453675
3.5680724194472346
3.5746718040249656
3.581920362426181
3.5898216184849043
3.5983775086014638
3.607588376882087
3.6174529815177254
3.6279685123276737
3.6391306192341766
3.6509334513008644
3.663369706125304
3.6764306931815027
3.5892994595714844
3.5892994595714844
3.5892994595714844
3.5892994595714844
3.5892994595714844
3.5892994595714844
3.589299459571485
3.5892994595714844
3.5892994595714844
3.5892994595714844
3.589299459571485
3.5892994595714844
3.5892994595714844
3.5892994595714844
3.5892994595714844
3.5892994595714844
3.5892994595714844
3.5892994595714844
3.5892994595714844
3.5892994595714844
3.5892994595714844
3.5892994595714844
3.5892994595714844
3.589299459571485
3.5892994595714844
3.5892994595714844
3.5892994595714844
3.5892994595714844
3.5892994595714844
3.5892994595714844
3.5892994595714844
3.5892994595714844
3.5892994595714844
3.5892994595714844
3.5892994595714844
3.5892994595714844
3.589299459571485
3.5892994595714844
3.589299459571485
3.5892994595714844
3.6901066265461253
0.0
0.0
0.0
0.0
0.0
0.0
0.0
0.0
0.0
0.0
0.0
0.0
0.0
0.0
0.0
0.0
0.0
0.0
0.0
0.0
0.0
0.0
0.0
0.0
0.0
0.0
0.0
0.0
0.0
0.0
0.0
0.0
0.0
0.0
0.0
0.0
0.0
0.0
0.0
0.0
0.0
0.0
0.0
0.0
0.0
0.0
0.0
0.0
0.0
0.0
0.0
0.0
0.0
0.0
0.0
0.0
0.0
0.0
0.0
0.0
0.0
0.0
0.0
0.0
0.0
0.0
0.0
0.0
0.0
0.0
0.0
0.0
0.0
0.0
0.0
0.0
0.0
0.0
0.0
0.0
0.0
0.0
0.0
0.0
0.0
0.0
0.0
0.0
0.0
0.0
0.0
0.0
0.0
0.0
0.0
0.0
0.0
0.0
0.0
0.0
0.0
0.0
0.0
0.0
0.0
0.0
0.0
0.0
0.0
0.0
0.0
0.0
0.0
0.0
0.0
0.0
0.0
0.0
0.0
53.85384930386675
58.30998662361261
58.30998662361258
62.98893080934613
62.988930809345845
67.90182220436591
67.90182220436598
78.4768209321464
84.16410683330585
0.0
0.0
0.0
0.0
0.0
0.0
0.0
0.0
0.0
0.0
0.0
19.572660463238087
42.780435246984624
43.49917193330391
44.1515895897544
44.73992757048291
45.26642426799239
45.73331711127316
50.40043844122284
50.78753206907915
46.79873313125878
51.39082613170015
51.61190595878173
51.78252593090822
43.344509908136864
51.9821368509944
52.01600145454396
52.009153615747586
47.574348059314076
43.326086608263836
51.768687604354106
51.62334004595277
56.0129754754717
55.79524368687388
60.30398140314641
60.01454584068605
59.7028849228873
45.99330184933419
63.90836288793419
54.04035718193716
41.188206553501175
19.572660463238087
44.12768034172113
51.64435492543079
46.716637358496655
50.12534482567311
49.44188517060266
48.8124238473101
56.69897996394843
51.80728400720734
51.31440110804757
55.100361973840386
54.716246570495024
46.29210980184303
67.89180792269731
62.932100912858594
58.3166411212233
54.01477122390116
49.99777433516939
46.23875493920406
50.47759183736248
46.838705490497766
47.25348258432494
47.74184461460809
44.36634820342191
44.94410754509609
57.91184432396862
45.62616188286684
41.841385732863976
45.80914887439024
42.06411166154432
42.21373597891029
42.38654201386879
42.58082595970956
42.794907934453875
43.027124748343944
43.275822611286095
39.71328142641552
39.96566570870232
40.22854200996257
40.50036946102254
40.77958260016035
41.06458493998605
41.35374265612132
41.645378420520835
41.93776539485404
42.22912139216844
42.51760318533213
46.92487601399941
47.22848518265949
47.52246089649231
45.58341566432926
47.84007276242448
47.84745491131614
47.82458182737653
47.76948749374579
47.680194055921646
51.94257885213759
51.76379513550606
51.541080294876075
51.27220485196928
50.95491796693905
50.58694583923221
50.165990124490975
49.68972637090098
53.51587997164735
52.8692305004034
52.15458837184071
51.36929371061983
50.51065537525674
50.51065537525674
0.0
0.0
0.0
0.0
0.0
0.0
0.0
0.0
0.0
0.0
0.0
0.0
0.0
0.0
0.0
0.0
0.0
0.0
0.0
0.0
37.51903768591939
37.51903768591942
41.133707605478364
41.13370760547836
34.07649490538709
37.51903768591944
44.92911102101527
41.13370760547836
41.133707605478364
44.92911102101526
48.91428460732898
53.09871687295837
57.492370751869274
62.105707324725685
72.03591429779912
77.37642804795205
0.0
0.0
0.0
0.0
0.0
0.0
0.0
0.0
0.0
0.0
0.0
0.0
0.0
0.0
0.0
0.0
0.0
0.0
0.0
0.0
0.0
0.0
0.0
0.0
0.0
0.0
0.0
0.0
0.0
0.0
0.0
0.0
0.0
0.0
0.0
0.0
0.0
0.0
0.0
0.0
0.0
0.0
0.0
0.0
0.0
0.0
0.0
0.0
0.0
0.0
0.0
0.0
0.0
0.0
0.0
0.0
0.0
0.0
0.0
0.0
0.0
0.0
0.0
0.0
0.0
0.0
0.0
0.0
0.0
0.0
0.0
0.0
0.0
0.0
0.0
0.0
0.0
0.0
0.0
0.0
0.0
0.0
0.0
0.0
0.0
0.0
0.0
0.0
0.0
0.0
0.0
0.0
0.0
0.0
0.0
0.0
0.0
0.0
0.0
0.0
0.0
0.0
0.0
0.0
0.0
0.0
0.0
0.0
0.0
0.0
0.0
0.0
0.0
0.0
0.0
0.0
0.0
0.0
0.0
0.0
0.0
0.0
1.5506918593048888
1.5650886464781362
1.6010806144112546
1.6082790079978784
1.6442709759309966
1.6514693695176204
1.680262943864115
1.6730645502774912
1.8314292091832123
0.0
0.0
0.0
0.0
0.0
0.0
0.0
0.0
0.0
0.0
0.0
1.228970127901535
0.9294060802398902
0.9294060802398902
0.9294060802398902
0.9294060802398902
0.9294060802398902
1.5567768999176521
1.5680719270792696
1.1383640827298152
1.585014467821696
1.5963094949833136
1.1383640827298152
1.1383640827298152
1.6245470628873573
1.635842090048975
1.1383640827298152
1.1383640827298152
1.6640796579530188
1.6753746851146365
1.686669712276254
0.9294060802398902
1.7036122530186804
0.9294060802398902
0.9294060802398902
0.9294060802398902
0.9294060802398902
1.825033795006069
1.8278575517964735
1.8278575517964735
1.8278575517964735
1.0037536086541234
1.8321611130015616
1.83646467420665
1.83646467420665
1.8407682354117378
1.8407682354117378
1.8450717966168262
1.8493753578219143
1.705457321417298
1.7018581246239861
1.6982589278306741
1.6982589278306741
1.6946597310373623
0.9280160641337631
0.9280160641337631
0.9280160641337631
0.9280160641337631
1.0071983935866238
1.021595180759871
1.0359919679331184
0.9280160641337631
1.0719839358662369
1.0863807230394842
0.9280160641337631
0.9280160641337631
1.8321611130015616
1.1439678717324737
1.158364658905721
1.3455228921579367
1.179959839665592
1.1871582332522157
1.201555020425463
1.2087534140120868
1.2159518075987104
1.2303485947719577
1.2375469883585815
1.2519437755318288
1.2591421691184526
1.2735389562916999
1.2807373498783234
1.2879357434649472
1.3023325306381945
1.3167293178114419
1.3239277113980656
1.338324498571313
1.5075014977851469
1.3594701484802245
1.365769480364929
1.3720688122496336
1.3909668079037474
1.13676947814585
1.4161641354425658
1.4350621310966796
1.441361462981384
1.4476607948660887
1.4539601267507933
1.4602594586354978
1.4602594586354978
1.4602594586354978
1.472858122404907
1.4791574542896115
1.5003031041985229
1.991931380138492
1.991931380138492
1.5146998913717704
1.5146998913717704
1.5146998913717704
1.521898284958394
1.5362950721316415
1.5362950721316415
0.0
0.0
0.0
0.0
0.0
0.0
0.0
0.0
0.0
0.0
0.0
0.0
0.0
0.0
0.0
0.0
0.0
0.0
0.0
0.0
1.1863679481666898
1.152482866681837
1.1185977851969844
1.0847127037121318
1.050827622227279
1.0169425407424264
1.709259766599489
1.7120835233898934
1.7149072801802978
1.7177310369707022
1.7205547937611065
1.7233785505515111
1.7262023073419155
1.7318498209227242
1.7346735777131286
1.7374973345035332
0.0
0.0
0.0
