0.0
0.0
0.0
0.0
0.0
0.0
0.0
0.0
0.0
0.0
0.0
0.0
0.0
0.0
0.0
0.0
0.0
0.0
0.0
0.0
0.0
0.0
0.0
0.0
0.0
0.0
0.0
0.0
0.0
0.0
0.0
0.0
0.0
0.0
0.0
0.0
0.0
0.0
0.0
0.0
0.0
0.0
0.0
0.0
0.0
0.0
0.0
0.0
0.0
0.0
0.0
0.0
0.0
0.0
0.0
0.0
0.0
0.0
0.0
0.0
0.0
0.0
0.0
0.0
0.0
0.0
0.0
0.0
0.0
0.0
0.0
0.0
0.0
0.0
0.0
0.0
0.0
0.0
0.0
0.0
0.0
0.0
0.0
0.0
0.0
0.0
0.0
0.0
0.0
0.0
0.0
0.0
0.0
0.0
0.0
0.0
0.0
0.0
0.0
0.0
0.0
0.0
0.0
0.0
0.0
0.0
0.0
0.0
0.0
0.0
0.0
0.0
0.0
0.0
0.0
0.0
0.0
0.0
0.0
53.85384930386675
58.30998662361261
58.30998662361258
62.98893080934613
62.988930809345845
67.90182220436591
67.90182220436598
78.4768209321464
84.16410683330585
0.0
0.0
0.0
0.0
0.0
0.0
0.0
0.0
0.0
0.0
0.0
19.572660463238087
42.780435246984624
43.49917193330391
44.1515895897544
44.73992757048291
45.26642426799239
45.73331711127316
50.40043844122284
50.78753206907915
46.79873313125878
51.39082613170015
51.61190595878173
51.78252593090822
43.344509908136864
51.9821368509944
52.01600145454396
52.009153615747586
47.574348059314076
43.326086608263836
51.768687604354106
51.62334004595277
56.0129754754717
55.79524368687388
60.30398140314641
60.01454584068605
59.7028849228873
45.99330184933419
63.90836288793419
54.04035718193716
41.188206553501175
19.572660463238087
44.12768034172113
51.64435492543079
46.716637358496655
50.12534482567311
49.44188517060266
48.8124238473101
56.69897996394843
51.80728400720734
51.31440110804757
55.100361973840386
54.716246570495024
46.29210980184303
67.89180792269731
62.932100912858594
58.3166411212233
54.01477122390116
49.99777433516939
46.23875493920406
50.47759183736248
46.838705490497766
47.25348258432494
47.74184461460809
44.36634820342191
44.94410754509609
57.91184432396862
45.62616188286684
41.841385732863976
45.80914887439024
42.06411166154432
42.21373597891029
42.38654201386879
42.58082595970956
42.794907934453875
43.027124748343944
43.275822611286095
39.71328142641552
39.96566570870232
40.22854200996257
40.50036946102254
40.77958260016035
41.06458493998605
41.35374265612132
41.645378420520835
41.93776539485404
42.22912139216844
42.51760318533213
46.92487601399941
47.22848518265949
47.52246089649231
45.58341566432926
47.84007276242448
47.84745491131614
47.82458182737653
47.76948749374579
47.680194055921646
51.94257885213759
51.76379513550606
51.541080294876075
51.27220485196928
50.95491796693905
50.58694583923221
50.165990124490975
49.68972637090098
53.51587997164735
52.8692305004034
52.15458837184071
51.36929371061983
50.51065537525674
50.51065537525674
0.0
0.0
0.0
0.0
0.0
0.0
0.0
0.0
0.0
0.0
0.0
0.0
0.0
0.0
0.0
0.0
0.0
0.0
0.0
0.0
37.51903768591939
37.51903768591942
41.133707605478364
41.13370760547836
34.07649490538709
37.51903768591944
44.92911102101527
41.13370760547836
41.133707605478364
44.92911102101526
48.91428460732898
53.09871687295837
57.492370751869274
62.105707324725685
72.03591429779912
77.37642804795205
0.0
0.0
0.0
