0.0
0.0
0.0
0.0
0.0
0.0
0.0
0.0
0.0
0.0
0.0
0.0
0.0
0.0
0.0
0.0
0.0
0.0
0.0
0.0
0.0
0.0
0.0
0.0
0.0
0.0
0.0
0.0
0.0
0.0
0.0
0.0
0.0
0.0
0.0
0.0
0.0
0.0
0.0
0.0
0.0
0.0
0.0
0.0
0.0
0.0
0.0
0.0
0.0
0.0
0.0
0.0
0.0
0.0
0.0
0.0
0.0
0.0
0.0
0.0
0.0
0.0
0.0
0.0
0.0
0.0
0.0
0.0
0.0
0.0
0.0
0.0
0.0
0.0
0.0
0.0
0.0
0.0
0.0
0.0
0.0
0.0
0.0
0.0
0.0
0.0
0.0
0.0
0.0
0.0
0.0
0.0
0.0
0.0
0.0
0.0
0.0
0.0
0.0
0.0
0.0
0.0
0.0
0.0
0.0
0.0
0.0
0.0
0.0
0.0
0.0
0.0
0.0
0.0
0.0
0.0
0.0
0.0
0.0
1.5506918593048888
1.5650886464781362
1.6010806144112546
1.6082790079978784
1.6442709759309966
1.6514693695176204
1.680262943864115
1.6730645502774912
1.8314292091832123
0.0
0.0
0.0
0.0
0.0
0.0
0.0
0.0
0.0
0.0
0.0
1.228970127901535
0.9294060802398902
0.9294060802398902
0.9294060802398902
0.9294060802398902
0.9294060802398902
1.5567768999176521
1.5680719270792696
1.1383640827298152
1.585014467821696
1.5963094949833136
1.1383640827298152
1.1383640827298152
1.6245470628873573
1.635842090048975
1.1383640827298152
1.1383640827298152
1.6640796579530188
1.6753746851146365
1.686669712276254
0.9294060802398902
1.7036122530186804
0.9294060802398902
0.9294060802398902
0.9294060802398902
0.9294060802398902
1.825033795006069
1.8278575517964735
1.8278575517964735
1.8278575517964735
1.0037536086541234
1.8321611130015616
1.83646467420665
1.83646467420665
1.8407682354117378
1.8407682354117378
1.8450717966168262
1.8493753578219143
1.705457321417298
1.7018581246239861
1.6982589278306741
1.6982589278306741
1.6946597310373623
0.9280160641337631
0.9280160641337631
0.9280160641337631
0.9280160641337631
1.0071983935866238
1.021595180759871
1.0359919679331184
0.9280160641337631
1.0719839358662369
1.0863807230394842
0.9280160641337631
0.9280160641337631
1.8321611130015616
1.1439678717324737
1.158364658905721
1.3455228921579367
1.179959839665592
1.1871582332522157
1.201555020425463
1.2087534140120868
1.2159518075987104
1.2303485947719577
1.2375469883585815
1.2519437755318288
1.2591421691184526
1.2735389562916999
1.2807373498783234
1.2879357434649472
1.3023325306381945
1.3167293178114419
1.3239277113980656
1.338324498571313
1.5075014977851469
1.3594701484802245
1.365769480364929
1.3720688122496336
1.3909668079037474
1.13676947814585
1.4161641354425658
1.4350621310966796
1.441361462981384
1.4476607948660887
1.4539601267507933
1.4602594586354978
1.4602594586354978
1.4602594586354978
1.472858122404907
1.4791574542896115
1.5003031041985229
1.991931380138492
1.991931380138492
1.5146998913717704
1.5146998913717704
1.5146998913717704
1.521898284958394
1.5362950721316415
1.5362950721316415
0.0
0.0
0.0
0.0
0.0
0.0
0.0
0.0
0.0
0.0
0.0
0.0
0.0
0.0
0.0
0.0
0.0
0.0
0.0
0.0
1.1863679481666898
1.152482866681837
1.1185977851969844
1.0847127037121318
1.050827622227279
1.0169425407424264
1.709259766599489
1.7120835233898934
1.7149072801802978
1.7177310369707022
1.7205547937611065
1.7233785505515111
1.7262023073419155
1.7318498209227242
1.7346735777131286
1.7374973345035332
0.0
0.0
0.0
