77.3613365902 9.5734579303
79.7044614753 29.9866306507
82.0538276158 30.4289233115
84.4092598454 30.8986645484
86.7705829975 31.3941829972
89.1376219056 31.9138072938
91.5102014033 32.4558660741
93.888146324 33.0186879737
96.2712815013 33.6006016286
98.6594317687 34.1999356746
101.05242196 34.8150187475
103.450076908 35.4441794832
105.852221447 36.0857465173
108.258680409 36.7380484859
110.66927863 37.3994140246
113.083840942 38.0681717694
115.502192178 38.742650356
117.924157173 39.4211784203
120.34956076 40.1020845981
122.778227771 40.7836975252
125.209983042 41.4643458375
127.644651405 42.1423581707
130.082057693 42.8160631607
132.522026741 43.4837894433
134.964383382 44.1438656543
137.408952449 44.7946204297
139.855558776 45.4343824051
142.304027197 46.0614802164
144.754182544 46.6742424994
147.205849652 47.27099789
149.658853353 47.850075024
152.113018482 48.4098025372
154.568169872 48.9485090654
157.024132357 49.4645232444
159.48073077 49.9561737102
161.937789944 50.4217890984
164.395134713 50.859698045
166.852589911 51.2682291857
169.30998037 51.6457111564
171.767130926 51.9904725929
174.22386641 52.300842131
176.680011657 52.5751484065
179.135391501 52.8117200553
181.589830773 53.0088857132
184.043154309 53.1649740161
186.495186942 53.2783135996
188.945753505 53.3472330997
191.394678832 53.3700611522
193.841787756 53.345126393
196.286905366 53.2707628458
198.7299024 53.1462678056
201.170747568 52.9730058672
203.609422251 52.7526090789
206.045907833 52.4867094887
208.480185696 52.1769391449
210.912237224 51.8249300956
213.342043799 51.4323143889
215.769586805 51.000724073
218.194847624 50.531791196
220.617807639 50.0271478062
223.038448233 49.4884259517
225.456750789 48.9172576806
227.872696691 48.3152750412
230.28626732 47.6841100815
232.69744406 47.0253948497
235.106208293 46.3407613939
237.512541403 45.6318417625
239.916424773 44.9002680034
242.317839785 44.1476721649
244.716767823 43.375686295
247.113190269 42.5859424421
249.507088506 41.7800726542
251.898443918 40.9597089795
254.287237886 40.1264834661
256.673451795 39.2820281623
259.057067026 38.4279751161
261.438064963 37.5659563758
263.81642699 36.6976039894
266.192134487 35.8245500052
268.56516884 34.9484264713
270.93551143 34.0708654359
273.30314364 33.1934989471
275.668046854 32.3179590531
278.030202454 31.445877802
280.389591823 30.578887242
282.746196344 29.7186194213
285.099997401 28.866706388
287.450976375 28.0247801903
289.79911465 27.1944728764
292.14439361 26.3774164943
294.486794636 25.5752430923
296.826299111 24.7895847185
299.162888419 24.0220734211
301.496543943 23.2743412482
303.827247065 22.548020248
306.154979168 21.8447424687
308.479721636 21.1661399584
310.801455851 20.5138447652
313.120163196 19.8894889374
315.435825054 19.2947045231
317.7484228 18.7311235704
