-20.3575571571 39.884355278
-19.7418352779 141.037683141
-19.1115369237 142.170131372
-18.4668621184 143.281961878
-17.8080108861 144.373436564
-17.135183251 145.444817334
-16.448579237 146.496366095
-15.7483988682 147.528344751
-15.0348421688 148.541015209
-14.3081091627 149.534639372
-13.5683998741 150.509479148
-12.815914327 151.46579644
-12.0508525454 152.403853154
-11.2734145536 153.323911196
-10.4838003754 154.226232471
-9.68221003499 155.111078885
-8.86884355646 155.978712342
-8.04390096385 156.829394747
-7.20758228122 157.663388007
-6.36008753266 158.480954027
-5.50161674222 159.282354711
-4.63236993398 160.067851966
-3.752547132 160.837707697
-2.86234836036 161.592183808
-1.96197364311 162.331542205
-1.05162300434 163.056044794
-0.131496468099 163.76595348
0.798205941532 164.461530168
1.73728420049 165.143036763
2.6855382847 165.810735172
3.6427681701 166.464887299
4.60877383263 167.105755049
5.5833552482 167.733600328
6.56631239276 168.348685041
7.55744524223 168.951271093
8.55655377255 169.541620391
9.56343795964 170.119994838
10.5778977794 170.686656342
11.5997332079 171.241866805
12.6287442209 171.785888135
13.6647307944 172.318982237
14.7074929044 172.841411015
15.7568305267 173.353436376
16.8125436373 173.855320224
17.8744322122 174.347324464
18.9422962272 174.829711003
20.0159356583 175.302741745
21.0951504815 175.766678596
22.1797406725 176.221783462
23.2695062075 176.668318246
24.3642470623 177.106544855
25.4637632129 177.536725195
26.5678546351 177.95912117
27.6763213049 178.373994685
28.7889631983 178.781607647
29.9055802912 179.18222196
31.0259725595 179.576099529
32.1499399791 179.963502261
33.277282526 180.34469206
34.4078001761 180.719930832
35.5412929053 181.089480482
36.6775606896 181.453602915
37.8164035049 181.812560037
38.9576213271 182.166613753
40.1010141322 182.516025969
41.2463818961 182.861058589
42.3935245947 183.201973519
43.542242204 183.539032664
44.6923346998 183.87249793
45.8436020582 184.202631222
46.995844255 184.529694445
48.1488612662 184.853949505
49.3024530677 185.175658307
50.4564196355 185.495082757
51.6105609454 185.812484759
52.7646769734 186.128126218
53.9185676955 186.442269042
55.0720330876 186.755175133
56.2248731255 187.067106399
57.3768877853 187.378324744
58.5278770429 187.689092074
59.6776408742 187.999670293
60.825979255 188.310321308
61.9726921615 188.621307024
63.1175795694 188.932889345
64.2604414548 189.245330178
65.4010777935 189.558891427
66.5392885615 189.873834998
67.6748737347 190.190422796
68.8076332891 190.508916727
69.9373672006 190.829578696
71.0638754451 191.152670608
72.1869579985 191.478454368
73.3064148368 191.807191883
74.4220459359 192.139145056
75.5336512717 192.474575794
76.6410308202 192.813746002
77.7439845573 193.156917586
78.842312459 193.504352449
79.9358145011 193.856312499
81.024290659 194.21305964
