21.4954242841901 -30.520766802729042
21.711394027049696 -30.99414944604328
21.90757557953594 -31.443714587175236
22.08453547092177 -31.869866608291147
22.242834052588158 -32.273013899765914
22.383025967024814 -32.65356852760894
22.505660264446956 -33.0119461508894
22.611280440983393 -33.348565994685075
22.700424453035126 -33.663850839401135
22.77362472335698 -33.95822701679077
22.831408143029137 -34.23212440800887
22.87429607186609 -34.48597644335807
22.902804337466893 -34.720220102351504
22.91744323381519 -34.935295914783836
22.918717519055896 -35.131647962080166
22.907126412162924 -35.30972387861412
22.883163589126976 -35.46997485435185
22.8473171775599 -35.612855637843836
22.800069749618878 -35.738824540539596
22.741898311820265 -35.848343441983246
22.673274291548687 -35.94187779842319
22.594663516866394 -36.019896654148425
22.506526186678723 -36.08287265863859
22.409316824989382 -36.131282093040284
22.303484208163212 -36.16560491261464
22.189471243592475 -36.18632481662462
22.067714758087234 -36.19392937105687
21.938645104903216 -36.1889102357523
21.802685378780602 -36.17176361937098
21.660249688544326 -36.14299127852098
21.511738840408647 -36.10310301736956
21.35752738730508 -36.052624184050444
21.197911827666907 -35.99212565671834
21.032747998922353 -35.92243374559729
20.8663225049838 -35.841810269907825
21.259090354015086 -30.023168612345046
20.251139245651707 -35.74006222107704
19.80459585443089 -35.71978830052413
19.35751539116204 -35.69182319609064
18.910509957916084 -35.65659218696396
18.464092218054077 -35.614573934934725
18.01873034112779 -35.56626867790865
17.5748617385405 -35.51219027897497
17.132897641048988 -35.45286357588441
16.69322492917991 -35.38882332168865
16.256206963878938 -35.320613702755935
15.822184001014104 -35.24878809880204
15.391473412902407 -35.173908953528354
14.964369813221222 -35.096547701383315
14.541145129613685 -35.01728472411904
14.122048645978882 -34.93670932436589
13.707307025640318 -34.85541970960989
13.297124320725597 -34.774022982643885
12.89168197000112 -34.69313513724347
12.49113878430126 -34.6133810580624
12.095630915836807 -34.535394525199564
11.70527180303663 -34.45981822523066
11.320152073599331 -34.38730377144739
10.940339371654993 -34.31851174307661
10.565878033177071 -34.254111758399034
10.196788434331232 -34.194782622865404
9.833065555731629 -34.141212656992906
9.474675390689995 -34.094100516753
9.121544167543014 -34.054157655237276
8.77351523705071 -34.02211817308054
8.430047279381334 -33.99880777105284
8.094294713351296 -33.98421146991083
20.69604940321541 -35.75249570668592
7.821758571540421 -33.844849918199515
7.881619982250733 -33.72259534957254
7.9438752114529905 -33.61338401937127
8.008865680432109 -33.51779735793738
8.07687473796598 -33.4364298033839
8.148173556890896 -33.369878315559816
8.223032609689142 -33.31873975335736
8.301725495723367 -33.28361000057507
8.38453047424261 -33.26508361507919
8.471731163974042 -33.26375366871133
8.563616896275505 -33.280211666138854
8.660482909562354 -33.31504749982258
8.762630465976407 -33.36884942274921
8.870366928490547 -33.44220402909292
8.984005819205215 -33.535696240087475
9.103866870478413 -33.64990928989698
9.23027607829475 -33.78542471015561
9.363565767058347 -33.94282231109304
9.504074677150328 -34.1226801544945
9.652148093595898 -34.32557451399933
9.80813804683629 -34.5520798125695
9.972403643524672 -34.80276851923264
10.145311642310844 -35.07821096869341
10.327237520889867 -35.37897502730547
10.518567608098195 -35.70562542524243
10.71970377293539 -36.05872228760097
10.931075145802879 -36.43881746251506
11.15317328098331 -36.84644350519753
11.386692805909348 -37.28206961506115
11.63351596536441 -37.74579319474242
19.05917855557166 -30.786649191504566
20.286107887601574 -34.53122647036329
23.12053624766922 -32.701262642215255
25.898952539051308 -30.547930079710767
28.560477413747876 -28.075450213197428
31.04364254328243 -25.302648723401177
33.29087979998053 -22.263178050722644
35.253022189435555 -19.00411011560641
36.893125528669046 -15.582973512805523
38.18901228581039 -12.06362778807241
39.134185479478944 -8.51159806573773
39.7370860462248 -4.989565845828338
40.01897118436267 -1.5536151776034899
40.010891385100166 1.7493842758660776
39.75030525801314 4.883134922332516
39.277809561725476 7.822112937548013
38.63432464763493 10.550864125562327
37.858916689899914 13.062702700519054
36.987298734425664 15.35810883882786
-10.236494067275459 38.71880633472014
-7.270124306195044 39.383715763591965
-4.08894407034677 39.83983322209704
-0.7212106809073475 40.04262266546331
2.7927837936288 39.95162241332602
6.401471850269459 39.53419953565694
10.04416679149621 38.769143506654046
13.654549300256917 37.64950276141482
17.165128183065974 36.1841145978984
20.51207437327166 34.39747926346206
23.639713344535025 32.32794035757834
26.504023218336485 30.02446549094273
29.07470526708235 27.54257229104107
31.335695805031136 24.9400469764891
33.284278677924775 22.273045765345415
34.92916044521019 19.592996844987596
36.28795417128269 16.944502259960785
37.38449410128466 14.364239470502525
38.24631016707146 11.88072107993014
38.90247131915861 9.514699156409051
7.763570220148907 -33.9796527045506
-11.423262374136876 32.93021252917575
-36.77718569924148 1.8596860976791731
-36.73267228130844 2.7836089312672527
-36.64370511397786 3.728995615319434
-36.512240019964345 4.693742143968308
-36.340195177156716 5.675800679676428
-36.12945102134752 6.6731833053213165
-35.88185022284783 7.683962961798329
-35.59919767950012 8.70627376015048
-35.28326051433856 9.738311105926954
-34.93576807578544 10.778331755382993
-34.558411938133894 11.824653843017359
-34.15284590302412 12.875656895987674
-33.72068600094647 13.929781841677709
-33.26351049370819 14.98553101174005
-32.78285987726623 16.041468143870418
-32.28023688480353 17.09621838182909
-31.75710649149184 18.1484682745606
-31.21489592020424 19.196965773976103
-30.65499464939431 20.24052023153348
-30.078754423239047 21.278002392722755
-29.487489267008105 22.308344389717178
-28.88247550827523 23.330539729941762
-28.264951808718727 24.34364327903262
-27.636119213072686 25.34677123459886
-26.99714122731457 26.339101084492256
-26.349143948108658 27.319871536887604
-25.693216289448767 28.2883823984576
-25.03041040275243 29.243994347848655
-24.36174251728786 30.186128483528876
-23.688194787555386 31.114265328038442
-23.010719912626687 32.02794234055099
-22.33025499204701 32.926746453212104
-21.647776949164534 33.81028421764677
-20.964690493053315 34.67797283187133
-20.27761289389148 35.53184928669617
-36.77525258427595 0.9593610207756456
-19.317521173279033 36.298289334862005
-19.0432208908207 36.21819762036529
-18.767374618754886 36.130629645173514
-18.49025631585513 36.0361817465581
-18.21221040705719 35.93541113111911
-17.933592996129672 35.82886753994296
-17.654757169801343 35.71710116500543
-17.376048099656025 35.60066528719361
-17.09780108399931 35.480117331788364
-16.8203406583537 35.35601934714077
-16.54398015212815 35.22893824433311
-16.269021450953442 35.0994459252459
-15.995754862622654 34.96811935540086
-15.724459038731828 34.83554060687047
-15.455400928505846 34.70229688411385
-15.188835752794974 34.5689805394463
-14.925006992033598 34.43618908122801
-14.664146385949012 34.30452517695289
-14.406473945118641 34.1745966512523
-14.152197977580329 34.04701647809844
-13.901515138031527 33.922402764988306
-13.654610514525181 33.80137872300389
-13.411657784869032 33.68457261386942
-13.17281950976782 33.57261764838131
-12.938247722077229 33.46615178212306
-12.708085225928595 33.36581726538412
-12.482468846643428 33.272259516097336
-12.261539182582666 33.186123736624864
-12.045479616167903 33.108041381658836
-11.834789394349109 33.03853542860759
-11.626592152872192 32.9793009248057
-19.590483489105875 36.37004766040317
-11.3803959206897 32.823288650442834
-11.342259934697665 32.72804524211904
-11.30862544765958 32.64524655341026
-11.27961200425679 32.57553593581446
-11.255396961930423 32.519536685076986
-11.236173961008255 32.47786644803202
-11.222142540447265 32.45114082418539
-11.213504674825096 32.43997456752655
-11.210463386808705 32.44498206752152
-11.213222113898993 32.46677756887246
-11.221984388514613 32.50597528247013
-11.23695366158259 32.56318944655723
-11.25833319643612 32.63903436370384
-11.286325997837231 32.734124424736024
-11.3211347584053 32.84907412798077
-11.362961810487732 32.98449809553264
-11.41200907532334 33.141011090517054
-11.468478001075646 33.319228038775776
-11.532569478085037 33.519764057596575
-11.604483714217352 33.7432344985167
-11.684420039930515 33.99025501407431
-11.77257658688854 34.261441667950635
-11.869149728116355 34.5574111264263
-11.974333040583922 34.878781013643476
-12.088315232044557 35.22617062133881
-12.21127558148013 35.600202469766515
-12.343372541415022 36.001506209694156
-12.484709545613228 36.43073032759369
-12.63519824086255 36.88858896700674
-12.793601109416954 37.376189677363556
17.057711612899126 -31.939075286944316
17.057711612899126 -31.939075286944316
14.928466358368315 -32.988042497865735
12.683548120502326 -33.91456416834562
10.338651503780703 -34.70133053266551
7.912725192252434 -35.33353698238862
5.427413552856109 -35.79962622402928
2.9063048653597185 -36.09187509237387
0.37403970391094177 -36.20676939404879
-2.144649565399 -36.14513153794802
-4.625889340122754 -35.91199247419823
-7.047529637780713 -35.5162270189069
-9.38986061778943 -34.96999532788669
-11.636138427516578 -34.28804949467967
-13.77290152033244 -33.48697118828687
-15.790081220713475 -32.584404102226614
-17.680928841699043 -31.59833557244282
-19.44179420509323 -30.546467778463906
-21.07179651625576 -29.44570337471059
-22.57242890643269 -28.311755666471356
-36.185594341644034 -1.2933745767991525
-36.029530986470036 -3.5976315193368578
-35.71640597088158 -5.950495792545809
-35.23717854283082 -8.331344669055198
-34.58619838909031 -10.717506083246121
-33.76170734642708 -13.084998001839438
-32.76614537368847 -15.40940534233053
-31.606219852578356 -17.666831133070033
-30.29272094804223 -19.83484593380986
-28.840093229115027 -21.893356942001475
-27.265800367397787 -23.825326566054486
-25.589540913704212 -25.617288136721044
-23.83238553580634 -27.25963050605455
-22.01590827954972 -28.7466491661269
-20.16137711259931 -30.076384898745516
-18.28905463889923 -31.25028857577621
-16.417641739320516 -32.27276088860778
-14.56387832832334 -33.1506184511198
-12.742299086370537 -33.89253412843914
-10.965129585611088 -34.50849154664235
14.667627826628319 -37.266505990157555
