0.5852510282218759 -35.322776296729245
0.5778139082117946 -35.19236519141228
0.5712481241263276 -35.11314139615729
0.5654966428175214 -35.082959411254336
0.5605033824149928 -35.09967372346142
0.5562134675673462 -35.161138801853326
0.5525732981879798 -35.26520909659425
0.5495305788103053 -35.40973903847791
0.5470343390219057 -35.592583038529966
0.5450349549144562 -35.811595487913934
0.5434841774463735 -36.064630757353626
0.5423351743642968 -36.3495431967815
0.5415425962101494 -36.66418713447433
0.5410626856895249 -37.00641687522261
0.5408534686715427 -37.374086698334224
0.5408751085958841 -37.76505085280289
0.5410906150703738 -38.177163547949135
0.5414674026078501 -38.608278933352835
0.5419811872735636 -39.05625104743754
0.5426276764765987 -39.51893366542606
0.5434693278387499 -39.99417968746704
0.5449626609527343 -40.47983686272548
0.543581199451296 -40.97380498158083
0.5936157093489953 -35.50652022748602
0.7753458219036133 -41.959338526408715
1.0150013132854383 -42.44615099042264
1.260318244959251 -42.93220270388218
1.5111104948851448 -43.41535332166967
1.76721638721898 -43.89346535929104
2.028447952576471 -44.36440485535792
2.29457824720771 -44.826041536796254
2.565337131258559 -45.27624887287027
2.8404095869532284 -45.712904096143944
3.11943496343099 -46.133888210075696
3.402006612313812 -46.53708599124403
3.687671710641098 -46.920385987659785
3.975931188771426 -47.281680513273926
4.266239733250586 -47.61886563770875
4.558005865493385 -47.929841168645964
4.850592128243932 -48.21251061945236
5.143315466020169 -48.46478114955352
5.435448011056735 -48.684563444560524
5.726218831859171 -48.869771451983695
6.014818320822485 -49.01832172056206
6.3004113717387895 -49.12813141797375
6.582190105120617 -49.197110402090516
6.859742966620502 -49.22310571793031
7.128087147644351 -49.20464858824394
0.5419175405586429 -41.47390387723354
7.367260212410031 -49.05106691702167
7.339506588948723 -48.91865441080361
7.305746192937022 -48.74452438942848
7.266209321962947 -48.53090688175661
7.221204930011936 -48.280020086274476
7.171063506031999 -47.99407896052881
7.116122795003548 -47.675297368503124
7.056723040081977 -47.32588879598026
6.993205081864119 -46.94806663627378
6.92590949778554 -46.54404431986097
6.8551761765353945 -46.11603537840773
6.781344095773193 -45.66625347773032
6.704751205897594 -45.196912436350544
6.625734376899516 -44.71022623237863
6.544629393534819 -44.20840900542558
6.461771001705188 -43.69367504932788
6.377493033391659 -43.16823879433426
6.29212868479965 -42.63431476591197
6.206011150777954 -42.094117492456775
6.119475229167051 -41.54986126979341
6.03286215106499 -41.003759453907804
5.946538919468367 -40.45802162791833
5.86103370513473 -39.91483376776725
5.775203607447395 -39.37662664918244
7.3892552799210875 -49.13945992097024
5.6769517987482345 -38.311896994202755
5.663663010732478 -37.790065916350216
5.65082805439971 -37.282191139514794
5.638810320038999 -36.790480946657226
5.6280171843394555 -36.31713685166423
5.618879091879762 -35.86435666370704
5.611844330934616 -35.43433525214198
5.60737729890468 -35.029264800208324
5.605957817276078 -34.651334904730106
5.608080831965992 -34.30273261934539
5.614256279601079 -33.98564247330364
5.625009038134692 -33.70224647629345
5.640878932315275 -33.454724116257665
5.662420787791859 -33.24525234696222
5.690204546384052 -33.07600556550156
5.724815476688661 -32.94915557169804
5.766854555330212 -32.86687149501947
5.816939184055343 -32.831319657025915
5.875704631170947 -32.84466329722548
5.943807207619386 -32.90906196580633
6.021932212539468 -33.02667000872222
6.110817773688154 -33.19963201886745
6.211350214136985 -33.430064641957145
6.32523162633845 -33.7199292179331
-1.9481440919579711 -35.6976986553494
12.600809113227001 -32.30797795970449
14.640471994858729 -31.43632309797843
16.65171461505139 -30.418846633816003
18.615053363507798 -29.258599050988295
20.511435943781635 -27.96188165479711
22.32293370541936 -26.53813220511546
24.033391291973714 -24.99963866058104
25.62898466458529 -23.361099614855192
27.09864744225996 -21.63906506651412
28.43433920258991 -19.85130182796064
29.631145663046482 -18.01613268290555
30.687216929361625 -16.15179702952696
31.603563908397234 -14.275873999184313
32.383742885315826 -12.404798542922492
33.03346342402915 -10.55348872961278
33.560155325504184 -8.73509042201448
33.97252720912428 -6.960835092001844
34.28014357664142 -5.239998713509692
27.73958361469022 20.811086733670237
28.96022070506109 19.075938951120747
30.098439340174934 17.224104604842154
31.138001803269333 15.264687152127692
32.06385511240819 13.20965652404442
32.86275503533352 11.073624593618774
33.52383489165152 8.873461799659793
34.039072423959 6.627773281367638
34.40361548733881 4.356268076241122
34.615940147682636 2.079066580171826
34.67783115006955 -0.18400239128843054
34.59419207882388 -2.414063910955008
34.372708213286444 -4.59377407335262
34.023396878254744 -6.7077786947320135
33.55808667405597 -8.743034309053257
32.98986808245809 -10.688986577536127
32.33255426540609 -12.53761400057067
31.600183735153905 -14.283354579973548
30.806587572510807 -15.922939185023495
29.96503451662562 -17.455157878695076
5.690521475889341 -38.845447865993776
32.614552211047624 21.855018614726646
-0.9653781039548903 35.219209298674514
-0.4288240409783839 35.01283432828231
0.10392821016557718 34.85784058779234
0.6351660785099398 34.7517697091003
1.1670466609268715 34.69218190672217
1.7015969762317695 34.67665598722857
2.2407140329904394 34.70278935002895
2.78616485766554 34.76819798578734
3.339586513314572 34.87051647316727
3.9024861184879285 35.0073979740757
4.476240871682307 35.176514225898586
5.06209808719953 35.37555552994266
5.661175251366501 35.602230732610224
6.274460115449841 35.85426719364082
6.902810857935691 36.12941073171896
7.546956385368276 36.42542552238987
8.207496933726247 36.7400938942244
8.884905391245866 37.07121588093463
9.579530604884411 37.416608100526474
10.29160729980319 37.774100394967036
11.021295755895238 38.141522385445995
11.768959544200385 38.516609366397944
12.531446776961872 38.89826234901204
-1.508153494610923 35.47944237600066
14.152783843533058 39.32462844878515
15.01249072195992 39.35663156297477
15.888650069216908 39.37777531787751
16.780328336661057 39.386156739075176
17.686512950792803 39.37994171263483
18.606069256925537 39.3573795732232
19.53772975660422 39.31680674988948
20.48009052169158 39.25664797933592
21.431609762352423 39.17541678931008
22.3906071787938 39.07171571485844
23.355263641303623 38.94423640263017
24.3236210237273 38.79175966098765
25.29358211689913 38.613155479392674
26.26291059033008 38.40738302560996
27.229230991130294 38.17349062031701
28.19002878290445 37.91061567802768
29.14265044721833 37.617984588509046
30.084303707442473 37.294912472346766
31.012058037311306 36.940802637562285
31.922845945887957 36.5551452169795
32.813466844399215 36.13751307642016
33.68060252623371 35.68754544411402
34.520925542729344 35.20483331038275
35.32963182817309 34.69047105589917
13.310685360735903 39.28363568543858
36.244550792507255 33.82284121780802
36.351907379164686 33.472753018515704
36.427047787190304 33.09571248911831
36.47107424504674 32.693908650830906
36.48514979987135 32.26945894792641
36.47048154392303 31.82442698423131
36.42831642120507 31.36082695752711
36.35993982948372 30.88062513758169
36.26667506108237 30.385740457198466
36.149883049038294 29.878044780736218
36.01096224043022 29.359363037762904
35.851348528349035 28.831473293813787
35.67251521497013 28.296106790169233
35.47597298960159 27.754947964167798
35.26326991906819 27.209634458865935
35.035991445445234 26.6617571211317
34.79576039455617 26.112859986841443
34.544237000508474 25.564440241409187
34.2831189677791 25.017948126817743
34.01414163054244 24.4747867019488
33.73907843735691 23.93631111906953
33.45974289445587 23.403825723093746
33.17800217736914 22.878563738339068
32.89559281668352 22.361962322575152
36.1040540297829 34.14359233488773
32.0743477563301 21.694811501280213
31.54650847422414 21.537442610311103
31.032764292739557 21.384335064609047
30.534839424083827 21.236916589925443
30.05443764060459 21.0966414880846
29.593240172871106 20.96499377453668
29.15290518563836 20.8434879608088
28.735067605089057 20.733669313104286
28.341339052013154 20.637113952890104
27.973307814609313 20.555428899092277
27.63253883918088 20.490252084505727
27.320573730049716 20.443252357334103
27.038930758921822 20.41612947320067
26.789104881826518 20.410614074836587
26.572567770014984 20.42846765664919
26.390767862600512 20.471482503128527
26.245130459340203 20.541481579618733
26.13705789289037 20.640318328480532
26.06792987486574 20.76987626247609
26.039104254141137 20.932068068392198
26.05191891502318 21.128833369305738
26.107697467796356 21.362132010573646
26.207772010271697 21.63391720741157
26.35364245492508 21.94594758429014
-4.640414442692844 -35.44837807983902
-4.640414442692844 -35.44837807983902
-7.452552407196407 -34.96541744794641
-10.348725156869477 -34.22024024343986
-13.284533511946506 -33.19099462295662
-16.2086932044335 -31.86532942393214
-19.065766620088965 -30.24264369858338
-21.799722749713197 -28.3353673476594
-24.357895755235205 -26.16894856634977
-26.694782370271582 -23.78044467403842
-28.775116985355083 -21.215880777622544
-30.575799464836876 -18.526776346068544
-32.086483568835405 -15.766373295023158
-33.30889038208318 -12.986099345281929
-34.255118377315824 -10.232683892666813
-34.94533447979322 -7.546161460407518
-35.40524199207428 -4.958809753743822
-35.66365549975629 -2.4949210580430474
-35.750407536260155 -0.17121823056089625
-35.69470187880685 2.002301794003017
-4.056771740122343 35.519903684268456
-6.729574926118403 35.11173273999623
-9.508212524400676 34.46323910026442
-12.355223758509993 33.548016343270035
-15.224994369640484 32.34687776487215
-18.06559917582814 30.850528052360488
-20.82166212137139 29.06164725535379
-23.437985760134154 26.995958553067055
-25.86350214441839 24.681981515203148
-28.054980200385046 22.15940072852078
-29.979939152824414 19.47624715093002
-31.618367461133204 16.685316712124973
-32.963087046596314 13.840370191930532
-34.01885867993323 10.992643394829855
-34.800524366623534 8.188068056581187
-35.33058433117185 5.465415401332166
-35.63660654788754 2.8553858657321314
-35.748792369665836 0.3805243772551421
-35.69791147178253 -1.9442405314004816
-35.5137079381754 -4.110657267778635
8.51226999148713 -33.61736292074028
