1.5904409503733348 -35.46527909293873
1.6869635021230494 -36.12640741271346
1.7835904325092287 -36.729408926602694
1.8797667253985395 -37.2762047725883
1.9752122102384106 -37.7687033690341
2.069704230219301 -38.20881016103502
2.163046594600715 -38.59842901264935
2.2550618165767276 -38.939462555289516
2.345588525676888 -39.23381230345881
2.434480432578866 -39.48337870126837
2.521605858454109 -39.690061143534805
2.6068474995848874 -39.855757986323226
2.690102300633839 -39.98236655261225
2.7712813823322477 -40.07178313551104
2.8503099983220324 -40.12590300015783
2.9271275085951913 -40.14662038495722
3.001687362942363 -40.13582850184307
3.0739570910672285 -40.09541953730233
3.1439182974862376 -40.02728465171763
3.2115666609233813 -39.9333139794965
3.2769119388404846 -39.815396628370664
3.3399779796960445 -39.67542067767498
3.4008027493227644 -39.515273175945715
3.459438386572401 -39.336840134787224
3.5159513284838795 -39.14200651643449
3.570422625631892 -38.93265620180051
3.622948890685194 -38.71067189430572
3.6736460956499 -38.47793473596076
3.722676157065166 -38.23632161894565
3.769887804444892 -37.98774150115229
1.5904409503733348 -35.46527909293873
3.7277723318323694 -37.48722942369528
3.640644942176266 -37.23890868861955
3.5544175273379324 -36.990968915637374
3.469256481671266 -36.74528814498805
3.3853214419879123 -36.50374483945102
3.302761201944577 -36.26821829710122
3.2217126912358367 -36.04058875476258
3.142300636004421 -35.8227374219848
3.0646374240289447 -35.61654649543394
2.9888230446418333 -35.42389916434293
2.914945060566424 -35.24667961387606
2.843078595369718 -35.08677302646909
2.7732863303261865 -34.946065582512894
2.70561850889095 -34.826444460025776
2.640112950192105 -34.729797834402056
2.5767950765230694 -34.65801487647632
2.5156779672907987 -34.61298574968666
2.4567621015746397 -34.5965964293222
2.3999647292977215 -34.609706048225945
2.3450455883081247 -34.65091376196717
2.2917568175939493 -34.718516989647014
2.2398720225794193 -34.81081164006421
2.189236770581715 -34.926089114670525
2.139089692184797 -35.06267658945741
3.815655146603973 -37.73405061020103
2.186966973219569 -35.38025778437582
2.2862765677893435 -35.55769671323473
2.38749095201851 -35.749441052846215
2.490581871519794 -35.953769239040746
2.5955150804394975 -36.168960590178834
2.702242529827089 -36.39329576983712
2.8107004182650996 -36.6250569026025
2.9208085465129727 -36.86252761199669
3.0324700651734418 -37.10399303463736
3.145571367972792 -37.34773982634472
3.2599820494895084 -37.592056162990126
3.375554898739182 -37.83523173969106
3.4921259202302792 -38.075557767112244
3.6095143858275662 -38.31132696426987
3.727522932594894 -38.540833546195714
3.8459377416039615 -38.762373202298456
3.964528875176825 -38.974243054524244
4.083050955472743 -39.17474157503043
4.20124466044507 -39.36216840399708
4.318840466439838 -39.534823893781585
4.435569878698175 -39.691007741900656
4.551210356346132 -39.82901352234288
4.665899792208052 -39.94709040447584
4.775913125704449 -40.04395725945408
2.0896391323506407 -35.21884346713981
5.012577455518112 -40.15640849378814
5.1393401888208246 -40.16849659711029
5.262762879914305 -40.15227229209739
5.382254141680164 -40.106086252921024
5.497270554107729 -40.02828396474205
5.607267557052978 -39.91721169963458
5.711687211891274 -39.77121800281249
5.8099541788773195 -39.58865417854741
5.901474195286198 -39.367874467384546
5.985633525599042 -39.10723610130487
6.0617989309887435 -38.80509928561322
6.129318105010327 -38.45982710586735
6.187520833040537 -38.06978530700348
6.235721728042336 -37.633341783323196
6.273227201546206 -37.14886528936273
6.299356480443464 -36.61472155793405
6.313525771292234 -36.02925776152503
6.3158375352983285 -35.390693727072126
8.581768732195087 -34.20889281234347
10.79998472084776 -33.574624823648314
13.036260154430579 -32.77119197107867
15.26717342570214 -31.79321496182511
17.467743503803945 -30.639403370571706
19.612361336119193 -29.312972978542838
21.67584216200578 -27.821807428474155
23.63451395637884 -26.178327908119364
25.46724644003052 -24.399066801458574
27.156328172109 -22.50397614262875
28.68811624662692 -20.515532852921634
30.05341099093738 -18.45772439465629
31.247541426118858 -16.3550070878087
32.270179872902645 -14.231324358252648
33.124930528910056 -12.10925594221905
33.818753647677 -10.009345819633696
34.36129311654463 -7.949631273096244
34.764171940461836 -5.945372260278917
35.04030999312744 -4.008962160561964
35.20330450989297 -2.1499892099811255
23.358292845204744 26.425087651263215
25.035988430197392 24.841384529496484
26.65188978043932 23.099174728777644
28.182726452362886 21.204457826847918
29.60572461606273 19.167581276132463
30.899626035571373 17.00318243391879
32.045696769935205 14.729847947234557
33.02863362391594 12.369497279858066
33.83728163153188 9.946530742308124
34.465094643794885 7.486811952596881
34.91030052091156 5.01657448453895
35.17576714205222 2.5613488609331725
35.26859902943198 0.14499834632885822
35.19952105952848 -2.211067434316721
34.98212173807599 -4.48845861312296
34.632032738342275 -6.672136871323417
34.166115202531444 -8.750524212104983
33.601709707083955 -10.715419113602012
32.95598944477064 -12.56176188818475
32.245438442088926 -14.287295114777288
-10.635779205725925 33.87027788849258
-10.885651110599596 34.489395625147495
-11.119434996887321 35.05273255203347
-11.337748809171828 35.562076507536176
-11.54099392556489 36.01928308665636
-11.729544234793835 36.42621626805101
-11.903773147651819 36.78473993192503
-12.064060350361586 37.09671573968855
-12.210794055909943 37.36400242669174
-12.344371904921744 37.58845551944541
-12.46520137534442 37.77192720697991
-12.57369998743394 37.91626627648524
-12.670295414201036 38.02331807864184
-12.755425544502785 38.09492450782738
-12.829538520762569 38.13292399029839
-12.893092762284567 38.13915147701236
-12.94655697967059 38.11543843873864
-12.990410183869812 38.06361286403604
-13.025141690554861 37.98549925727913
-13.05125112106326 37.88291863899635
-13.069248398823717 37.75768854735053
-13.079653739143765 37.61162304165916
-13.082997627414883 37.446532710823334
-13.079820772463094 37.2642246898901
-13.070674001932758 37.06650269834983
-13.056117998265165 36.85516713587305
-13.036722504289258 36.63201537004811
-13.01306314325268 36.3988428890058
-12.985699154696732 36.157451370314924
-12.955473837281914 35.90953979467347
-10.635779205725925 33.87027788849258
-11.764682787699712 35.40182997787565
-10.620501070573283 35.14560280618883
-9.49090852832282 34.890035959407065
-8.376301625122238 34.63689550998306
-7.276857426861682 34.387945835771504
-6.192537022592063 34.14494837931732
-5.123086379515314 33.90966133779058
-4.0680366273385005 33.6838395589753
-3.026704171385717 33.46923450017794
-1.9981907428330032 33.267594208190566
-0.9813834224570428 33.080663309397366
0.025045348780253107 32.910183003298826
1.0226377669761177 32.75789105765136
2.0131506688829006 32.62552180312652
2.998555542953511 32.514806127022915
3.9810385520340503 32.42747146237827
4.963000578024008 32.36524176947357
5.947056423739866 32.329832663504085
6.935829329680246 32.32199630937074
7.931522745427998 32.340373339718795
8.936103864131013 32.38332545586055
9.951352543662466 32.44921423857204
10.978901976659103 32.53638491893246
12.019689917196416 32.64338535015407
-12.922813863684297 35.65695838816861
13.659723371792722 32.56502874008983
14.255746118886492 32.37277699698733
14.863241049912006 32.18969064662462
15.48209431977915 32.01380905717395
16.11209979092979 31.843238035925523
16.752952740016042 31.676152339046702
17.404248285917163 31.510796298316002
18.06548086701929 31.345484028483376
18.736044033636603 31.178599508166407
19.41523035614466 31.008596614792694
20.102231381631015 30.83399913807945
20.79613761524024 30.653400783170838
21.49593851593977 30.46546516509023
22.200522504188513 30.268925793954544
22.908676983963062 30.06258604703598
23.619088387535385 29.845319117823244
24.33034226201653 29.616067918734856
25.04092344645892 29.373844886574837
25.749216463407663 29.117731552854565
26.45350649971374 28.846877468576224
27.151982351397066 28.560496978200085
27.84274820511024 28.25785631406267
28.523906112080738 27.938183255293815
29.192448158405853 27.601880630999233
13.075238419562794 32.76845536698271
29.63670020765295 27.520461727856215
29.40657948652489 27.775308169665493
29.15559494111335 28.01074723254782
28.883028305166874 28.22511751346629
28.58822227687972 28.416698202322134
28.27056764666696 28.583723186828756
27.92950009726229 28.724384563912388
27.56449916550457 28.83683378942073
27.17508786949645 28.919182103821093
26.760832610303396 28.96950067149552
26.321343244739467 28.985820555020087
25.85627335161456 28.966132525151995
25.36532084204549 28.90838659678623
24.848229352394753 28.810490951648337
24.30479176598925 28.670309205915952
23.73486080960845 28.485652177626708
23.138391474070886 28.254244922506164
22.51573800930413 27.973495934442294
22.51573800930413 27.973495934442294
-0.8779613926404011 -34.76327582740874
-3.4392131282469194 -34.603872261901
-6.101388976676361 -34.234912224434865
-8.832955588782426 -33.6338379913156
-11.596053874796638 -32.78395487112989
-14.347967321573222 -31.67636336763636
-17.04327311798052 -30.311433550483724
-19.636490207310473 -28.699554261306346
-22.084923651756768 -26.860981176337223
-24.35134344443445 -24.824750450118675
-26.406150629153913 -22.626784380682597
-28.22877335743013 -20.30744979543986
-29.808175378876214 -17.90890401564611
-31.1425103852053 -15.472563115620094
-32.2380796591726 -13.03696215950287
-33.107823501580704 -10.636173440088672
-33.76959366243852 -8.2988376495302
-34.24442501864314 -6.047769638634982
-34.55496869182537 -3.900038610890409
-34.72418467235814 -1.8673942538830701
-12.71519876832788 32.366338729324646
-15.06745481105905 31.34051639613108
-17.44287278599299 30.0832569950651
-19.804105698794594 28.58414875294416
-22.109867683825883 26.84045292954609
-24.316974627686236 24.858417234730204
-26.38286983927304 22.653925520832907
-28.268368645897723 20.252296081163095
-29.940279240633856 17.68716600963357
-31.37354835987758 14.998554122644308
-32.552648834839154 12.23033999098606
-33.47205633675109 9.427492086914171
-34.13581943129861 6.633399898486758
-34.55636883084587 3.887613109095554
-34.75280603999836 1.2241874062908522
-34.74894475318799 -1.3292858982763711
-34.57135610746031 -3.75199938041494
-34.247609755513444 -6.029708823278966
-33.804828914463585 -8.15412193453804
