99.191579713
8.9080275187
101.513997245
39.3429725536
103.843819489
39.8102183806
106.180832757
40.3079394989
108.52482336
40.8343104078
110.875577609
41.3875056066
113.232881816
41.9656995943
115.596522292
42.5670668702
117.966285348
43.1897819335
120.341957296
43.8320192834
122.723324447
44.4919534192
125.110173113
45.16775884
127.502289604
45.857610045
129.899460232
46.5596815335
132.301471308
47.2721478046
134.708109144
47.9931833576
137.119160051
48.7209626917
139.534410341
49.453660306
141.953646324
50.1894506999
144.376654312
50.9265083724
146.803220616
51.6630078228
149.233131548
52.3971235504
151.66617342
53.1270300543
154.102132541
53.8509018337
156.540795225
54.5669133879
158.981947781
55.273239216
161.425376521
55.9680538172
163.870867758
56.6495316908
166.318207801
57.315847336
168.767182963
57.965175252
171.217579554
58.595689938
173.669183887
59.2055658931
176.121782271
59.7929776167
178.57516102
60.3560996079
181.029106443
60.8931063659
183.483404853
61.4021723899
185.937842561
61.8814721792
188.392205877
62.3291802329
190.846281114
62.7434710503
193.299854583
63.1225191305
195.752712595
63.4644989729
198.204641461
63.7675850764
200.655427492
64.0299519405
203.104857001
64.2497740643
205.552716298
64.425225947
207.998791695
64.5544820878
210.442869503
64.6357169859
212.884736033
64.6671051405
215.324177597
64.6468210509
217.760980506
64.5730392162
220.194956365
64.4442890175
222.626090344
64.2615351112
225.05444047
64.0267643611
227.480065019
63.7419671411
229.903022266
63.4091338251
232.323370489
63.0302547871
234.741167963
62.607320401
237.156472965
62.1423210405
239.569343769
61.6372470797
241.979838654
61.0940888925
244.388015894
60.5148368527
246.793933766
59.9014813342
249.197650546
59.2560127109
251.59922451
58.5804213568
253.998713935
57.8766976457
256.396177096
57.1468319516
258.791672269
56.3928146483
261.185257731
55.6166361097
263.576991758
54.8202867098
265.966932626
54.0057568224
268.355138611
53.1750368215
270.741667988
52.3301170808
273.126579036
51.4729879745
275.509930028
50.6056398762
277.891779243
49.73006316
280.272184955
48.8482481997
282.65120544
47.9621853693
285.028898976
47.0738650426
287.405323838
46.1852775935
289.780538302
45.2984133959
292.154600644
44.4152628238
294.527569141
43.5378162511
296.899502068
42.6680640515
299.270457702
41.8079965991
301.640494319
40.9596042678
304.009670195
40.1248774314
306.378043606
39.3058064638
308.745672829
38.5043817389
311.112616138
37.7225936307
313.478931812
36.962432513
315.844678125
36.2258887597
318.209913353
35.5149527448
320.574695774
34.8316148421
322.939083662
34.1778654256
325.303135295
33.5556948691
327.666908948
32.9670935465
330.030462898
32.4140518317
332.39385542
31.8985600987
334.75714479
31.4226087213
337.120389286
30.9881880735
339.48364718
30.597288529
198.386473592
97.123562786
200.396430761
197.418510688
202.415132081
197.71529391
204.442223491
198.013172037
206.477350928
198.311404652
208.52016033
198.609251339
210.570297634
198.90597168
212.627408777
199.20082526
214.691139697
199.493071662
216.761136333
199.781970469
218.83704462
200.066781266
220.918510497
200.346763636
223.005179902
200.621177161
225.096698771
200.889281427
227.192713043
201.150336015
229.292868654
201.403600511
231.396811543
201.648334497
233.504187647
201.883797557
235.614642904
202.109249274
237.72782325
202.323949233
239.843374625
202.527157016
241.960942964
202.718132207
244.080174206
202.89613439
246.200714288
203.060423148
248.322209149
203.210258064
250.444304724
203.344898723
252.566646952
203.463604708
254.68888177
203.565635602
256.810655117
203.650250989
258.931612929
203.716710452
261.051401144
203.764273575
263.169665699
203.792199942
265.286052532
203.799749136
267.400207581
203.78618074
269.511776783
203.750754339
271.620406076
203.692729515
273.725741397
203.611365852
275.827428684
203.505922934
277.925113874
203.375660344
280.018442905
203.219837667
282.107061714
203.037714484
284.190616239
202.828550381
286.268752417
202.59160494
288.341116186
202.326137744
290.407353484
202.031408379
292.467110248
201.706676426
294.520032416
201.35120147
296.565765924
200.964243094
298.603956712
200.545060882
300.634252101
200.092918667
302.656496076
199.607683089
304.670931181
199.09044249
306.677848166
198.54243296
308.677537777
197.964890591
310.670290763
197.359051472
312.65639787
196.726151696
314.636149848
196.067427352
316.609837444
195.384114532
318.577751405
194.677449326
320.54018248
193.948667825
322.497421416
193.199006121
324.449758961
192.429700303
326.397485862
191.641986463
328.340892869
190.837100691
330.280270727
190.016279079
332.215910186
189.180757716
334.148101993
188.331772694
336.077136895
187.470560105
338.003305641
186.598356037
339.926898978
185.716396583
341.848207654
184.825917833
343.767522418
183.928155878
345.685134015
183.024346809
347.601333196
182.115726717
349.516410706
181.203531691
351.430657295
180.288997825
353.344363709
179.373361207
355.257820698
178.457857929
357.171319007
177.543724081
359.085149386
176.632195755
360.999602582
175.724509041
362.914969342
174.821900031
364.831540415
173.925604814
366.749606549
173.036859482
368.66945849
172.156900126
370.591386988
171.286962836
372.515682789
170.428283703
374.442636642
169.582098818
376.372539294
168.749644272
378.305681493
167.932156156
380.242353988
167.13087056
382.182847524
166.347023575
384.127452852
165.581851292
386.076460717
164.836589803
388.030161869
164.112475197
389.988847055
163.410743565
391.952807022
162.732630999
393.922332518
162.079373589
395.897714292
161.452207426
397.879243091
160.8523686
399.86720966
160.281093203
-19.3390886841
40.81651598
-18.7336480705
141.92308053
-18.1145796196
143.011187221
-17.482065032
144.081052195
-16.836286008
145.132891594
-16.1774242479
146.166921558
-15.5056614522
147.183358231
-14.8211793212
148.182417752
-14.1241595554
149.164316264
-13.414783855
150.129269909
-12.6932339204
151.077494828
-11.9596914521
152.009207162
-11.2143381505
152.924623053
-10.4573557158
153.823958643
-9.68892584852
154.707430073
-8.90923024899
155.575253486
-8.11845061758
156.427645021
-7.31676865469
157.264820822
-6.50436606069
158.08699703
-5.68142453596
158.894389785
-4.84812578088
159.687215231
-4.00465149582
160.465689508
-3.15118338116
161.230028758
-2.28790313729
161.980449122
-1.41499246458
162.717166743
-0.532633063404
163.440397761
0.358993365852
164.150358319
1.25970512281
164.847264558
2.1693205071
165.531332619
3.08765781833
166.202778644
4.01453535613
166.861818775
4.94977142012
167.508669153
5.89318430993
168.14354592
6.84459232516
168.766665218
7.80381376545
169.378243187
8.77066693042
169.97849597
9.74497011969
170.567639708
10.7265416329
171.145890543
11.7151997696
171.713464617
12.7107628295
172.27057807
13.7130491122
172.817447045
14.7218769173
173.354287683
15.7370645444
173.881316125
16.7584302931
174.398748514
17.7857924632
174.906800991
18.8189693541
175.405689697
19.8577792655
175.895630774
20.9020404971
176.376840364
21.9515713484
176.849534608
23.0061901191
177.313929648
24.0657151088
177.770241625
25.1299646172
178.218686681
26.1987569437
178.659480958
27.2719103882
179.092840596
28.3492432501
179.518981739
29.4305738292
179.938120527
30.5157204249
180.350473101
31.604501337
180.756255605
32.6967348651
181.155684178
33.7922393088
181.548974963
34.8908329677
181.936344101
35.9923341415
182.318007733
37.0965611297
182.694182003
38.2033322319
183.06508305
39.3124657479
183.430927017
40.4237799772
183.791930044
41.5370932195
184.148308275
42.6522237743
184.50027785
43.7689899413
184.848054911
44.8872100201
185.191855599
46.0067023104
185.531896057
47.1272851117
185.868392425
48.2487767237
186.201560845
49.370995446
186.531617459
50.4937595782
186.858778408
51.6168874199
187.183259835
52.7401972708
187.50527788
53.8635074305
187.825048685
54.9866361986
188.142788392
56.1094018747
188.458713142
57.2316227584
188.773039078
58.3531171495
189.085982339
59.4737033474
189.397759069
60.5931996518
189.708585409
61.7114243624
190.018677499
62.8281957787
190.328251483
63.9433322005
190.637523501
65.0566519272
190.946709695
66.1679732585
191.256026207
67.277114494
191.565689177
68.3838939335
191.875914749
69.4881298764
192.186919063
70.5896406224
192.498918261
71.6882444712
192.812128484
72.7837597223
193.126765874
73.8760046754
193.443046574
74.96479763
193.761186723
76.0499568859
194.081402464
77.1313007426
194.403909939
78.2086474998
194.728925289
79.281815457
195.056664655
3.1444969725221483
-35.8674205381748
3.212816488155056
-36.5299575918174
3.2762679526173315
-37.13232299101641
3.3349270152907877
-37.67650344276175
3.3889105631036642
-38.16448203205624
3.4383442084670293
-38.59824107274993
3.4833576446577865
-38.97976251403013
3.5240834847927403
-39.31102804250861
3.560656874988055
-39.59401911623436
3.5932153399049014
-39.83071697813141
3.6218987130407925
-40.023102662005165
3.6468491027657137
-40.173156995712915
3.668210875558543
-40.28286060241906
3.6861306493987627
-40.354193901450095
3.7007572957348316
-40.389137107669434
3.712241954278909
-40.38967023026865
3.7207380776526406
-40.35777306877296
3.7264015715568064
-40.295425199407006
3.729391361782575
-40.20460592261251
3.7298733709414478
-40.087293890282986
3.727967129885002
-39.94547210371144
3.1444969725221483
-35.8674205381748
3.700270048446754
-39.597795211537914
3.675004554318946
-39.39587981327039
3.6482596053482723
-39.17734694545405
3.6202257099999997
-38.94417304708207
3.591092973807122
-38.698334591986026
3.5610504792284416
-38.44180814739041
3.5302861309637876
-38.1765703882939
3.4989866048353235
-37.90459810185527
3.4673373280311637
-37.62786818974868
3.4355224709437664
-37.34835766873179
3.403724944306475
-37.06804367092137
3.372126399405147
-36.78890344368411
3.3409072308970167
-36.512914349591064
3.310246582710988
-36.242053865691815
3.280322358833132
-35.97829958285222
3.2513112426734665
-35.72362920351953
3.2233887335753195
-35.480020539056476
3.1967292199712745
-35.249451502688984
3.171506140677195
-35.03390009536459
3.147892388224278
-34.83534436943483
3.1260615190971066
-34.65576232048361
3.106192594791935
-34.49713145372664
3.088504069587316
-34.36142574937614
3.0727981494868573
-34.250656463953156
3.723869519780294
-39.78111633001762
3.080568101774844
-34.108661656869074
3.1044148599392827
-34.08139040852958
3.1312235234657635
-34.08657671547332
3.1609784895730115
-34.123358952229225
3.1935725185092565
-34.18984342727896
3.228894368643637
-34.28413338232454
3.2668278036738343
-34.404332561857956
3.307251159893383
-34.54854525223974
3.350037176843898
-34.71487629646022
3.3950529255012896
-34.90143110062526
3.442159779553265
-35.106315636014486
3.4912134105221924
-35.327636439500765
3.542063800968407
-35.5635006118766
3.594555277772173
-35.81201581388802
3.6485265752449436
-36.07129025947652
3.7038109505010652
-36.33943270275965
3.7602364013471856
-36.61455241507735
3.8176261043395243
-36.8947591362718
3.875799380781359
-37.178162970312634
3.9345741131089653
-37.462874121826935
3.9937739956879454
-37.74700210694896
4.05325753948506
-38.028652595481105
4.11312110743205
-38.305905308289915
4.170974076505388
-38.5771106504255
3.05951903551437
-34.16677736808918
4.372658952971221
-39.07822237239713
4.517674905660215
-39.30411114820685
4.662644488524165
-39.5160358410564
4.807150510457404
-39.712138597929716
4.950796913949489
-39.89056027110521
5.093177520824668
-40.04944381965758
5.233868220314662
-40.18693516062306
5.372424366861253
-40.30118345104259
5.50837974192666
-40.39034120146027
5.6412460853466655
-40.45256432598374
5.7705128656534725
-40.486012167250564
5.895647162421199
-40.48884750732575
6.016093607919288
-40.45923657396108
6.1312743641461225
-40.39534904010372
6.240589126634632
-40.29535802149284
6.343415153757974
-40.15744006894114
6.439107328127932
-39.979775154777286
6.5269982664212876
-39.76054665113557
6.606398510485008
-39.49794129051012
6.6765968686873975
-39.19014909859132
6.736861054666406
-38.835363266492756
6.786438969540086
-38.43177989707204
6.824561526039815
-37.97759744410093
6.850449712260115
-37.47101531144012
6.8633357855664485
-36.91022965044806
6.862548049741804
-36.29341654734163
6.848104296107124
-35.61861434091523
9.169553470087862
-34.34587146010306
11.469327026512019
-33.64779539217455
13.790545645181737
-32.76492710205352
16.10663140771004
-31.690629875262672
18.38899103787537
-30.42309329775101
20.60816024316682
-28.965899409248117
22.735121514270077
-27.328260956857402
24.742681359583855
-25.524876421499535
26.606775163698842
-23.575392098183663
28.30757077857436
-21.503512127341583
29.83026613747944
-19.335842866600586
31.165516966154428
-17.100589154384792
32.30947948843766
-14.826231226476565
33.263499981223504
-12.540301678742345
34.03351968560878
-10.26835600298319
34.62928495268682
-8.033194934790444
35.06345771986878
-5.854359907086199
35.35071303732917
-3.7478907330828477
35.50689294872092
-1.7263111894426295
35.54826456555617
0.20120529800767528
19.740683317170124
29.56391414149897
21.693183387710462
28.162481987599826
23.606482437592774
26.579194572415943
25.45328108532169
24.816326867333274
27.205926022351946
22.88137204061495
28.837675708755683
20.78720897358187
30.324024703035775
18.55190348736207
31.643960860583775
16.19812761551664
32.781027480639295
13.752230164896588
33.72408154454797
11.243038787240884
34.46767673016677
8.700509066683594
35.01204853370905
6.154352497860728
35.362728662304335
3.632770120852996
35.5298573006113
1.161394589672561
35.52728822562341
-1.2374928396571434
35.37159061420607
-3.545444205700189
35.08104443092594
-5.748036084622555
34.67470799472443
-7.83480840067687
34.17161228316536
-9.79900562117124
33.59011187459663
-11.637180992268007
-10.047953406309674
34.57453325233927
-10.567736892148162
35.07830651257775
-11.081642365392753
35.51964544914799
-11.58867320664497
35.901092380235774
-12.087870192240302
36.22517036878068
-12.578340581389753
36.49437476978451
-13.059262271291601
36.711172022058115
-13.529884836047984
36.87799934663795
-13.989529872907312
36.99726464631493
-14.437591140554332
37.071346465419836
-14.873534621637859
37.10259397167656
-15.296898553562869
37.09332694767498
-15.707293443929387
37.04583578655674
-16.104402077539888
36.96238149099306
-16.487979516335827
36.845195674205215
-16.857853090362738
36.69648056590865
-17.21392236817283
36.518409028903065
-17.55615906186263
36.31312460951164
-17.884606642801415
36.08274174329279
-18.199377642432125
35.82934719291573
-18.50068987003715
35.55498075042487
-10.047953406309674
34.57453325233927
-17.852734353246575
35.28231192371711
-16.91658657311808
35.284592936432034
-15.982345996470258
35.2700418430367
-15.051846311663667
35.240216071731496
-14.12675102795913
35.19671004017975
-13.208553896561256
35.14115493151606
-12.298579015404016
35.07521863812493
-11.397980863489067
35.00060574253262
-10.507744314213426
34.91905751032489
-9.628684640415997
34.83235188648493
-8.761447515723944
34.74230349357551
-7.906509013484282
34.65076363055423
-7.064175603524802
34.55962027216512
-6.234584145870201
34.470798068003816
-5.4177018797906555
34.386258341881415
-4.61332640405405
34.307999089958244
-3.8210856402287163
34.238054978877265
-3.0404377588168927
34.178497340526064
-2.2706710167934716
34.13143416193102
-1.510903351191871
34.09901005915273
-0.7600811597957033
34.08340619980348
-0.01697442366238988
34.08683999230385
0.7198574354530365
34.11156291132242
1.4516058434672061
34.159889775800366
-18.78878252163568
35.26167993753872
3.0708449572855727
33.7672555194288
3.9621549582997204
33.33187947991402
4.85681313846527
32.928450676208215
5.75721714780417
32.554979784897085
6.6654812016798815
32.208546382227695
7.583522943845026
31.886317720761546
8.513062527866765
31.58555218894257
9.45562217832807
31.30359933800353
10.412526016518882
31.03789989094779
11.38489998297078
30.78598574519814
12.373671800899047
30.545479971202283
13.379570959926752
30.314096808728706
14.403128711645962
30.08964165956074
15.444678074575052
29.87001107503994
16.504353850147396
29.653192735454063
17.582092655294332
29.43726541320305
18.677632987028517
29.220398905619682
19.790515352839805
29.000853898520283
20.92008256081988
28.776981668518232
22.065480445312062
28.547223336970767
23.2256600458702
28.31010763305912
24.39938632382598
28.064241945402358
25.585299181669086
27.80824968540459
26.781091258466574
27.541614286936685
2.180282497004356
34.234130640086406
27.876414014105592
27.670615820473557
27.755332203347507
28.072905518867742
27.62102772329547
28.468118994134734
27.472487007059385
28.854666967244796
27.308766265571364
29.23090261531049
27.128982094287267
29.595131213016025
26.932309126362952
29.94561254333371
26.717979250518056
30.28056169956418
26.485281300390966
30.59814940623069
26.233560914704526
30.896502163197354
25.962220470623038
31.173702316813312
25.670719050858622
31.42778809502812
25.358572431502637
31.656753625654794
25.02535308155842
31.85854894136036
24.6706901754373
32.031079977114
24.294269618557962
32.17220855753826
23.895834092634118
32.27975237210641
23.47518313324332
32.35148493246015
23.032173261370133
32.385135496206274
22.56671821847482
32.378388932895184
22.078789404811232
32.328885470579884
21.56841676076789
32.23422018832111
21.03569070812
32.091941895078115
20.480767008328087
31.899550325148446
19.90388134279482
31.65448772078246
19.305407640158478
31.354105155384367
18.68626638436939
30.995426790738076
18.68626638436939
30.995426790738076
0.5985162008515061
-35.27156408669247
-2.025236547216238
-35.21845924642581
-4.766480204985044
-34.95314179326118
-7.593464374742737
-34.44968437524281
-10.467188570115383
-33.68797141713911
-13.342841653584472
-32.65593409124453
-16.17204332912337
-31.35133919508531
-18.905703610850225
-29.78281091070856
-21.497174302933004
-27.969857914434474
-23.905281936967953
-25.94183783540421
-26.09683504820194
-23.735978076145805
-28.048293230308374
-21.39473537183793
-29.746444011280417
-18.962872236243516
-31.188110106546475
-16.484636567005936
-32.37905753766623
-14.001360210237987
-33.332364001178874
-11.5496737987378
-34.06652923205121
-9.160406150719307
-34.60357698281521
-6.8581276423464885
-34.967333859312134
-4.661224896498588
-35.18199631425175
-2.5823613434823756
-12.205766847857817
33.09774479356669
-14.632487071021373
32.098781548225915
-17.091942299535546
30.859471207292003
-19.54515157481009
29.3671330688243
-21.948478306090777
27.617127924738995
-24.255780924111804
25.614420675194467
-26.421149805738295
23.37443684256523
-28.40194269636828
20.92298032873299
-30.161732419742776
18.295118261552
-31.672759537438992
15.533118104485752
-32.91755349774334
12.683695300957858
-33.889533079919545
9.794947799216402
-34.59257945075659
6.913385690631557
-35.039742641339444
4.081407893488915
-35.25135465668073
1.3354585853740275
-35.252862426058385
-1.2950465372860975
-35.072667955258865
-3.7880624683990334
-34.740193697524276
-6.128653736574648
-34.284305062683046
-8.308301940422098
0.25280549252326523
-34.986320370675
0.25247223404838337
-34.639472295128115
0.25262952840256503
-34.363174277368245
0.25326094014539535
-34.15467406423534
0.2543557238768983
-34.011219362434645
0.2559042722534457
-33.93005787094464
0.2578969824803323
-33.9084372890303
0.2603238840382289
-33.94360531949914
0.26317449695042683
-34.032809669001296
0.26643777703023375
-34.17329804890019
0.2701021020161818
-34.362318174840595
0.27415528377326837
-34.597117767214286
0.2785846050515488
-34.87494455042463
0.2833768887464032
-35.19304625237518
0.28851861980348303
-35.54867060340467
0.29399616279442853
-35.93906533439264
0.299796168923109
-36.361478173121014
0.3059063921959364
-36.81315683748136
0.31231748667750026
-37.29134901945915
0.3190275010800576
-37.79330234648381
0.32605536390312295
-38.3162642638693
0.3334948255800896
-38.8574815664642
0.3418920560667118
-39.414197118082996
0.347201489512571
-39.983693674733814
0.2536833198079762
-35.40647048864753
0.6180096004142399
-41.127564801520066
0.8919868411381344
-41.695782842777504
1.1737398501483653
-42.26509728476546
1.4630853303463596
-42.83276013608537
1.7598519151192704
-43.3960286802251
2.0638216412986026
-43.952165982637325
2.374715322506347
-44.49844101743068
2.6921876803435225
-45.03212870827721
3.015825406043348
-45.550509942550065
3.3451462925015107
-46.050871576913664
3.6795988192548066
-46.53050643579354
4.018561957911061
-46.98671330628915
4.361345106702345
-47.41679692791965
4.707188127198606
-47.81806797381756
5.055261500975803
-48.187843017173606
5.404666682822949
-48.52344446846419
5.754436851574781
-48.822200448917215
6.103538595897817
-49.08144451330929
6.45087615605587
-49.29851495484942
6.795304173749912
-49.470752720846775
7.13567871634001
-49.59549307565348
7.471214479784749
-49.670007237774314
7.7966840501356955
-49.69229254160413
0.3524130723650103
-40.56319286777176
8.04040184507977
-49.61372458478189
7.959996263288076
-49.51731081186509
7.8725931415921195
-49.37403537018443
7.778654260705821
-49.18641951639117
7.6787061031376425
-48.95697372687911
7.573284476761671
-48.688206746307344
7.462920672236521
-48.38262784852114
7.348136851038703
-48.04274759037162
7.229444203605283
-47.67107811318496
7.1073421160213
-47.270133278599616
6.982317759168495
-46.842428736182086
6.854845875992339
-46.3904819587201
6.725388672959468
-45.916812260531
6.594395775749263
-45.423940805584806
6.462304236536966
-44.91439060863573
6.329538600299088
-44.390686526962895
6.196511065919253
-43.85535524046878
6.063621836218658
-43.31092520612083
5.9312599101047
-42.75992655446575
5.799805081587863
-42.20489082832995
5.669633953860341
-41.64835019533572
5.541144013928658
-41.09283429589098
5.414922181232271
-40.540848174241006
5.289463439772192
-39.995170992588925
8.113800453808494
-49.66068131687396
5.230139082934272
-38.9013106386808
5.29238409907731
-38.358987986424324
5.353473883682625
-37.833733086235895
5.413891225543296
-37.32805517601176
5.474190341009205
-36.844452527975164
5.534970832485442
-36.38541585796136
5.596871183794292
-35.95342917665897
5.660566598988794
-35.55097007130905
5.726768147018049
-35.18050981660704
5.796222385043109
-34.84451342276924
5.869711186449365
-34.54543965519417
5.948051671591259
-34.285741040306675
6.032096202341052
-34.067863861250146
6.122732430807389
-33.89424814350738
6.220883412587625
-33.76732762734741
6.327507818543097
-33.68952971907078
6.443600321264967
-33.66327540412428
6.570192323844935
-33.690979082559835
6.708353426478482
-33.77504824086944
6.859194659893092
-33.91788272808523
7.0238765751008145
-34.12187294440747
7.2036335194856065
-34.38939440818922
7.399870748463115
-34.722786019664795
7.61484422212277
-35.124197909185625
-2.2523377428968274
-35.83286192026844
14.433682719281421
-33.47782528748323
16.589453790438256
-32.46361048551205
18.709457084217036
-31.28980981779813
20.771825384756482
-29.96042811785776
22.75527658869936
-28.48321207644821
24.6399298329315
-26.869496471805093
26.408065183705276
-25.133843241201845
28.044766668482794
-23.293497919601776
29.538400227067484
-21.367706822345554
30.88089606004678
-19.376951291385353
32.06782580089845
-17.34216051198254
33.09828547696526
-15.28396157105368
33.97461229860079
-13.222015806218735
34.70197487828659
-11.174476379987652
35.28788176320171
-9.15758611679044
35.74165259064364
-7.185419466521836
36.07389102641872
-5.269759864946707
36.29599061318538
-3.4200947688177905
27.156497479484017
24.323252814270404
28.619487105406336
22.58364321015577
30.00479457024403
20.707686631238857
31.29324038938546
18.70371858086702
32.46665225330986
16.583500061289385
33.50862516278556
14.362034066248043
34.40523648978996
12.057183954048242
35.14565596091154
9.68910986094059
35.72259783346914
7.279559522962785
36.13257725324138
4.8510662599761645
36.37595278638645
2.426116588855507
36.45675915964017
0.026351397080048855
36.382354749269155
-2.328142117325598
36.162924259215
-4.619403840585278
35.81088638980776
-6.832012792465804
35.340258603596624
-8.953329249561222
34.76602713129205
-10.973574637573677
34.10356181853359
-12.88576944189171
33.368104364794476
-14.685557324130286
32.57434692409174
-16.37094698815713
5.1665097976276115
-39.458156966814585
33.94241525806183
20.773815758209906
-9.562981407878567
33.632069527689566
-9.222096004705975
33.346913271278254
-8.904406169986146
33.12881034555974
-8.607722897371332
32.97539596050248
-8.329929754523391
32.8842916358177
-8.068986901532469
32.85310402597182
-7.822932091076012
32.879424626860384
-7.589880996468111
32.960829679223195
-7.368027335577409
33.094880129839595
-7.155642917826896
33.27912161567369
-6.951077654223383
33.51108445659963
-6.752759543598529
33.788283654335345
-6.5591946352755315
34.10821889414578
-6.368966960302174
34.468374551001546
-6.180738411110525
34.86621970136969
-5.993248527193259
35.29920814495776
-5.805314094475733
35.76477844576928
-5.615828342244384
36.260354015271076
-5.4237591747164515
36.78334329476178
-5.228144748899581
37.33114021303996
-5.028080206652618
37.90112555817743
-4.8226646017285475
38.490672466861696
-4.610629386231608
39.0971848482958
-4.395299681964843
39.7175842622884
-9.929295804197523
33.98663844105448
-3.043974405001535
40.60994345613571
-1.8802243977128796
40.86566713893572
-0.6820823077466116
41.113822019785545
0.5504471384592762
41.35170326517715
1.8171212745426715
41.576700806853495
3.117401908478655
41.786293382966335
4.450440929064882
41.97804704683415
5.815075511902307
42.14961466673719
7.209826206802063
42.298735721295344
8.632896075708516
42.42323620231872
10.08217027186322
42.52102855738809
11.55521582883307
42.59011164781327
13.049281564584987
42.62857070656935
14.561298064644404
42.63457728283532
16.087877743152887
42.606389154763406
17.62531501705155
42.5423501742371
19.169586697423483
42.44088996083707
20.716352883517402
42.30052323389279
22.260959223339114
42.11984814458151
23.798443718683757
41.897541276991774
25.323563968221777
41.63233765723052
26.83098789780746
41.32289082185093
28.312712479492575
40.96967356270221
-4.173162426649554
40.34949226399789
30.2561632577291
39.95450367832149
30.71597915085539
39.299167405456814
31.144142925599965
38.60960296192408
31.54072732799432
37.88942010109386
31.905953600033286
37.142081747859095
32.24016190883157
36.37092569412394
32.54380395254361
35.57917002254578
32.817440495360245
34.76991491527954
33.0617403812638
33.94614337800007
33.2774800849607
33.110721568622324
33.4655434874947
32.26639896187007
33.626921755495005
31.41580843743654
33.76271327245354
30.561466329330273
33.87412359826811
29.705772453696056
33.962465446149224
28.851010123550992
34.02915867032044
27.99934615209574
34.07573026500097
27.15283084468274
34.103814376940704
26.313397970551023
34.115152345539855
25.48286469177063
34.111592814006144
24.662931378094612
34.09509207201967
23.85518104377644
34.06771543764722
23.061077087610443
34.0316469456597
22.281947461615346
33.989057615583874
21.51919990681509
29.76497798962754
40.57170334034947
33.25765078572044
20.77846818173262
32.590929789637414
20.782811946334675
31.944133102400826
20.788571387720737
31.31909516542936
20.79752471348735
30.71759354919419
20.811521127844372
30.141347458477924
20.832483275608467
29.592017361593832
20.862407850584617
29.071204869651524
20.903365794865152
28.58045269244718
20.957502374737288
28.12124462372708
21.02703721038702
27.695005539886097
21.11426428374901
27.30310140874309
21.22155193396742
26.94683930755923
21.351342841880097
26.627467453212148
21.50615400129348
26.346175251652994
21.688576670668965
26.104093380713948
21.901276291656472
25.90229393502068
22.146992346711386
25.741790692906534
22.428538094124434
25.623539650458156
22.74880004059068
25.54844019369608
23.11073678207694
25.517338025808044
23.517376108139047
25.53103394663873
23.971806320126376
25.590318962575907
24.477141508130074
25.696220047333554
25.03627850538976
-4.882461997853909
-35.57005177877329
-4.882461997853909
-35.57005177877329
-7.606976457412713
-35.088472863341735
-10.392737675710691
-34.3665247342376
-13.200458983408424
-33.3888439651997
-15.986284064198344
-32.14818409372231
-18.704023548090134
-30.64680279927404
-21.30785575904096
-28.89709849893248
-23.75518336658405
-26.92133506951447
-26.009283728202576
-24.750437948669884
-28.041412561210336
-22.422002592924116
-29.832115329106784
-19.97778550530498
-31.37164233890951
-17.46101588295025
-32.65951311545524
-14.913860055884584
-33.70339625774554
-12.375301992213537
-34.51753995087063
-9.879597888839015
-35.121001469577664
-7.455352069421281
-35.535892494472506
-5.125169590012916
-35.78579963368401
-2.9057810108340902
-35.89447496723119
-0.8085082138813675
-12.452166858981485
33.675073262298696
-14.895901281141704
32.66770796562841
-17.367194174423588
31.42367873456206
-19.828093591124144
29.931817907483037
-22.23655524949106
28.188696836523548
-24.548489879183165
26.19997449152845
-26.720304057639794
23.98108358211485
-28.71166998984623
21.557064389644154
-30.488182637893033
18.96148037848252
-32.02355244619804
16.23450360900216
-33.30104815357092
13.420402772594116
-34.31403206419719
10.56476323456178
-35.06558528069604
7.711792763510601
-35.56736197703725
4.902018023172161
-35.83790754830568
2.170576251643041
-35.90071129498244
-0.4538140802358157
-35.78224507492223
-2.949229747460265
-35.510182789507496
-5.300371398389615
-35.111923342109606
-7.497990258924062
-34.613470217775586
-9.538065746694343
10.10044721219765
-35.029658133269635
21.657742550931
-29.789113314962222
21.920091091970033
-30.321183427253743
22.158808535097506
-30.825821544240327
22.37458428610719
-31.303490464175255
22.5681000465383
-31.754658123711692
22.74003039596772
-32.179797171677066
22.891042937271035
-32.579384863367565
23.02179834397121
-32.953903025060185
23.132950378978425
-33.3038380407925
23.225145902107112
-33.62968084621974
23.299024873562075
-33.93192692651496
23.35522035453986
-34.21107631487075
23.39435850750406
-34.467633593188765
23.417058594559165
-34.702107891769415
23.423932976206302
-34.91501289101883
23.41558710843777
-35.106866822194405
23.392619539938863
-35.27819247007142
23.355621907125226
-35.42951717469879
23.305178928637176
-35.56137283556788
23.241868396994366
-35.67429591619103
23.166261166980167
-35.76882745073418
23.078921139298316
-35.84551305426038
22.980405235488636
-35.9049029367562
22.87126336042269
-35.94755192624842
22.752038341480556
-35.97401950398179
22.62326582835916
-35.98486986428696
22.485474117403204
-35.98067201818762
22.339183826096146
-35.96199998626227
22.18490724203436
-35.92943318356424
22.02314689164154
-35.88355726710654
21.85439196174751
-35.824966253193196
21.679107565508026
-35.75426886999824
21.4976918063485
-35.67211396645871
21.31017522838771
-35.579368375784554
21.120258636577596
-35.47472736268966
21.37106171986168
-29.2291565321175
20.502778148992313
-35.30856195015292
20.07775952744243
-35.24796767018978
19.651949737801647
-35.17877277338687
19.226004703462927
-35.10150964292728
18.800492949896174
-35.01675826129167
18.37594110471561
-34.92511928397863
17.952845271918047
-34.82720730792022
17.531674822598383
-34.72364862773645
17.112873910737946
-34.61508033880446
16.696862161434698
-34.50214992977499
16.284035013889685
-34.38551507851315
15.87476390557774
-34.26584354351891
15.469396375798986
-34.14381310129076
15.068256126460195
-34.020111509585576
14.671643058175253
-33.89543648531489
14.279833290576946
-33.77049569019377
13.893079172470859
-33.64600672288799
13.511609283458156
-33.522697114879634
13.135628427211028
-33.40130432907313
12.765317615447753
-33.28257576252855
12.400834038203683
-33.167268752917806
12.04231101259812
-33.0561505907971
11.689857894788155
-32.949998542125826
11.34355992355274
-32.84959988885578
11.003477927954307
-32.75575200551842
10.669647740918109
-32.66926251297792
10.342078907863417
-32.59094961814341
10.020751456640376
-32.521642963204584
9.705606206546321
-32.46218617605325
9.396506001532387
-32.41344706893298
9.092964342416828
-32.376389037880756
8.797815395862237
-32.35110545777846
20.925943777500784
-35.360259317864944
8.546917908620806
-32.214488200202055
8.588385374793532
-32.105816580745056
8.63376341636208
-32.01366052015277
8.683439183491345
-31.938707475498745
8.737748047990884
-31.8816583228394
8.797014873141585
-31.843216497662667
8.861564333485639
-31.824085280120357
8.931724357075552
-31.824966888705376
9.007827505497929
-31.84656211727585
9.0902116047099
-31.88957016848562
9.17922006501734
-31.954688568882148
9.275202059369839
-32.04261312162873
9.378512632951661
-32.15403787685699
9.489512779152967
-32.28965510989988
9.608569501522759
-32.45015530363713
9.736055873946903
-32.63622713013473
9.872351110020489
-32.848557428490494
10.017840654562107
-33.08783117531314
10.172916316048543
-33.35473144130307
10.337976472031684
-33.64993932368844
10.513426406300923
-33.97413383401701
10.699678895650862
-34.32799170455456
10.897155295912626
-34.712187027441274
11.106287712091358
-35.127390535460165
11.327523770126746
-35.57426801883108
11.561338544907613
-36.05347636908613
11.80827034206979
-36.565651709184834
12.069063824161532
-37.11136191635583
12.345671891828133
-37.69077428206219
19.141083080487522
-29.95120549509204
20.967573330771472
-34.460651596867365
23.765616426718978
-32.59403497144871
26.49915280499549
-30.413328336100562
29.10982769888487
-27.924784174693116
31.539366765068053
-25.148438995700644
33.73373721883847
-22.118106001923138
35.647235462110885
-18.879889930049387
37.24589098769202
-15.489326789596731
38.50967430650279
-12.007523669309819
39.43322152920835
-8.496862932302491
40.025073337828005
-5.016885902972632
40.30568684745522
-1.6208786558010502
40.30464791785586
1.6465102731640968
40.057561544150545
4.750516077075048
39.60304329860345
7.666459505593025
38.980115617341184
10.379124545002355
38.22617437350114
12.881585020044724
37.37556861079479
15.173744128649588
-8.066779410411428
39.523445064995514
-5.06203010624948
40.01938893918023
-1.8624511609189796
40.29524681069901
1.501040382174807
40.31032767955426
4.986507890532849
40.02886931852572
8.542059845597322
39.42345562550537
12.108170534887748
38.47814764460517
15.62113531588524
37.190802240671815
19.017290552490806
35.57412402159892
22.23743472854173
33.65519479301528
25.230816285061508
31.47350551577361
27.958134566568745
29.077798256050812
30.393208350970625
26.5222270180399
32.523234385058245
23.86241532193509
34.347806270603016
21.151922944713107
35.87703163708204
18.439475067739096
37.129149656561495
15.76711405561008
38.12802389272636
13.169260947283448
38.900800257044736
10.672552610480096
39.47591312942488
8.296259546329082
8.50863321135477
-32.33907734508293
-10.915031488777778
31.60814531502305
-36.26069995093302
3.0950524454113975
-36.32916025975944
3.9770952996569235
-36.34710016423368
4.880719744964097
-36.31671718710251
5.803651422106924
-36.24016728825002
6.743678011756003
-36.119564591211756
7.6986536604635205
-35.95698131598458
8.666500086854427
-35.75444775655187
9.645206949826672
-35.51395227320364
10.632831995585178
-35.23744128912492
11.627501123945194
-34.926819289984905
12.627408421249356
-34.583948823608324
13.630816177383451
-34.21065050171253
14.636054895396057
-33.8087030005818
15.641523296234396
-33.37984306386237
16.645688321550324
-32.92576550457664
17.647085134239717
-32.448123209296696
18.6443171183557
-31.94852714189772
19.636055877123056
-31.428546350256322
20.62104123046322
-30.88970797432159
21.59808121053925
-30.33349725763306
22.56605205520046
-29.761357564494908
23.52389819866218
-29.174690404450637
24.470632256705926
-28.57485547117905
25.40533500479401
-27.963170703063312
26.327155342001532
-27.340912384990165
27.23531023190327
-26.709315325377656
28.129084598542505
-26.0695731850946
29.00783113380851
-25.42283913446145
29.87096991189412
-24.770227298870847
30.717987542002874
-24.112816371512537
31.54843504947152
-23.451660451571055
32.36192152019464
-22.787832395455005
33.15808867795366
-22.12272727515916
33.93643292841415
-21.45398512473325
34.698696374402886
-36.139482069219056
2.236896596125746
-20.454195791138755
35.362651779157574
-20.121886168507544
35.27263535160091
-19.78806537698511
35.17415062677509
-19.453144168825588
35.06786072426644
-19.117580943159023
34.95439872086396
-18.781835805999073
34.834394591612266
-18.446359085709886
34.708481944544275
-18.11158750538547
34.577300265211306
-17.777942652624223
34.441495814565855
-17.445830284652196
34.301722036783985
-17.115639981389602
34.1586397622948
-16.78774496009434
34.01291731774913
-16.462501970115078
33.86523058750325
-16.14025123140591
33.71626305039683
-15.821316398122558
33.56670580237841
-15.506004537209877
33.41725756949447
-15.194606117927076
33.268624716062135
-14.887395009478395
33.12152124841461
-14.58462848623104
32.976668814542734
-14.286547242454464
32.83479670082309
-13.993375419605105
32.69664182360887
-13.705320653540898
32.562948713459264
-13.422574156226801
32.43446948758407
-13.14531086093941
32.31196380011974
-12.873689693870674
32.196198748763464
-12.607854118816071
32.087948686716516
-12.34793333719562
31.987994808692605
-12.09404528914984
31.897124114300254
-11.84630565896039
31.816126299225687
-11.604863896851711
31.745781315106314
-11.370155376965137
31.68677229441144
-11.139491744863058
31.640862982907038
-20.784952725406974
35.443318160245326
-10.817080944936826
31.525016833790403
-10.725293194851616
31.45690141412439
-10.639421635150448
31.40469231815527
-10.559536087230555
31.369173348462652
-10.485754369593941
31.351111543576565
-10.41820394870954
31.351270419628747
-10.357012349774529
31.370413282193198
-10.302303957500989
31.409304330393553
-10.254198733475718
31.468709099953088
-10.212811629177814
31.54939466529305
-10.178252287635267
31.6521297418343
-10.15062487672003
31.77768474319896
-10.130027985753635
31.926831816096524
-10.116554552415643
32.10034486376418
-10.110291802305476
32.29899956547982
-10.1113211886111
32.52357339485127
-10.119718321095704
32.77484564040668
-10.135552871470857
33.05359743279462
-10.158888435441852
33.36061178379285
-10.189782318128422
33.69667364680748
-10.228285180757581
34.06257001522124
-10.274440426472395
34.45909009503768
-10.328283061907236
34.88702562242426
-10.389837423224549
35.34717149979926
-10.459112174951358
35.840327193088086
-10.53608780924749
36.36730022567775
-10.620679144734112
36.92891665778336
-10.712585324033967
37.52606300531633
-10.810239798399323
38.1599796708926
17.162068683857793
-31.12746649815729
17.162068683857793
-31.12746649815729
15.05046427016406
-32.201541847493445
12.81827541913822
-33.153394809317405
10.481364733415898
-33.96463992784942
8.05912126363369
-34.61945026370876
5.573880293461933
-35.10537894080498
3.050124068720816
-35.414015802627745
0.5135218373313037
-35.54141341345249
-2.0101116044184764
-35.48824063603519
-4.495849899617731
-35.25965266112904
-6.920595780624744
-34.864898194954705
-9.263857454258844
-34.31671192248072
-11.50831319558862
-33.630559012534974
-13.640143706982826
-32.823806174120236
-15.649137719523125
-31.91489089341769
-17.528597261464583
-30.922549218147168
-19.275082845626287
-29.865146130524806
-20.888045119236907
-28.76013461721068
-22.369389232075193
-27.623652862850633
-35.545109995933245
-0.030454562273746433
-35.4685842102746
-2.3313743204420234
-35.23450587785495
-4.688855686280164
-34.83247448008725
-7.081983740268498
-34.25555993832778
-9.487485726734462
-33.50088840317248
-11.88049865542439
-32.57002126592763
-14.23550093394607
-31.469077185356724
-16.527339568285583
-30.20857321795463
-18.732268315365104
-28.802992579918886
-20.828907569637323
-27.270117641110183
-22.799045066479607
-25.630191893003357
-24.62821624948063
-23.90498965908467
-26.30603051588004
-22.11687540305971
-27.826239316675355
-20.287926407434014
-29.186569071918996
-18.439176192805938
-30.388362138062263
-16.590015267667795
-31.4360806323229
-14.75776459389833
-32.3367307607686
-12.957418658147986
-33.09926092559826
-11.201541145656734
-33.73397764962674
15.390625977438717
-37.28678414511697
3.583657699011752
3.6019854155457858
3.6183652207519637
3.632938814915375
3.6458323292219235
3.657158700843521
3.6670196365347656
3.6755072499532835
3.6827054380392656
3.6886910472058982
3.6935348691106284
3.6973024974313016
3.7000550706408784
3.7018499208537143
3.702741144887564
3.702780110690588
3.702015909802911
3.7004957645651384
3.6982653972593442
3.6953693669480456
3.6918513794079204
3.583657699011752
3.683120599178481
3.6779933665821782
3.672415826176606
3.666431320538985
3.6600837827136483
3.653417922656705
3.646479399148506
3.639314976516879
3.6319726651177158
3.6245018440411725
3.616953364190092
3.6093796294852827
3.6018346536449832
3.5943740896775633
3.5870552290537776
3.5799369673300183
3.5730797330483965
3.5665453767168325
3.560397017022312
3.554698841746711
3.549515861509348
3.544913615218484
3.5409578272561393
3.537714013942382
3.6877545711577673
3.533613332152753
3.5328829201371006
3.5331051720756945
3.534254375245376
3.5362721420342056
3.539098086610069
3.5426704289103124
3.546926469192753
3.5518030281065847
3.557236847536847
3.5631649488945123
3.56952494695865
3.5762553185458645
3.5832956263649676
3.590586699297715
3.59807077098507
3.6056915791807915
3.6133944285406554
3.621126219886272
3.628835448854739
3.63647217688869
3.6439879770648402
3.651335854698146
3.658470226489157
3.5352470584400733
3.6717867217380418
3.6778916453794563
3.683619806410095
3.688930279046728
3.6937825811909266
3.6981364825925667
3.701951798313012
3.7051881679140464
3.707804819381479
3.7097603159151924
3.7110122832448216
3.7115171143584846
3.711229647958508
3.7101028159004623
3.708087254069171
3.7051308697458967
3.7011783571284935
3.6961706508267693
3.6900443047662996
3.682730781218675
3.674155630847166
3.6642375401574894
3.652887216541424
3.6400060732785464
3.62548466597027
3.609200815077406
3.5910172997452685
3.570907356217393
3.5709073562173925
3.5709073562173925
3.570907356217393
3.570907356217393
3.5709073562173925
3.570907356217393
3.5709073562173925
3.5709073562173925
3.5709073562173934
3.5709073562173925
3.5709073562173925
3.570907356217393
3.5709073562173934
3.5709073562173925
3.570907356217394
3.5709073562173934
3.570907356217393
3.5709073562173925
3.570907356217393
3.5709073562173925
3.5709073562173925
3.5709073562173925
3.5709073562173925
3.5709073562173925
3.570907356217392
3.570907356217392
3.570907356217392
3.570907356217392
3.5709073562173934
3.570907356217393
3.570907356217393
3.570907356217393
3.570907356217393
3.570907356217393
3.5709073562173934
3.570907356217393
3.570907356217393
3.570907356217393
3.5709073562173925
3.583657699011752
3.6010195003128684
3.6165283953472147
3.6303265726423675
3.6425406087641643
3.65328383391234
3.662658293528117
3.670756384652813
3.6776622316560506
3.683452851943544
3.6881991513769994
3.6919667808184498
3.694816878788721
3.6968067203114803
3.697990288086496
3.698418779141571
3.6981410576350684
3.697204062532825
3.6956531774076504
3.693532568705685
3.690885481403344
3.583657699011752
3.677360806182975
3.6668948242679895
3.6564139000725477
3.645974849458514
3.635634117458713
3.6254478546925863
3.6154719851624044
3.6057622668068015
3.5963743456054402
3.5873638034026425
3.5787861991094214
3.5706971023172605
3.5631521177719083
3.5562068985340196
3.5499171451423392
3.5443385875485114
3.5395269462935692
3.535537869028794
3.5324268385009714
3.530249048096803
3.529059241205199
3.528911509812254
3.5298590345532794
3.531954217266369
3.6877545711577677
3.5236097337626338
3.5135298501841032
3.5050979419321515
3.4983280532053587
3.493199627384339
3.4896876513206645
3.487762727292951
3.4873910332329663
3.48853428248519
3.491149694329719
3.4951899870004968
3.5006034046475207
3.507333788349832
3.515320699176186
3.5244995984821554
3.534802087316034
3.5461562034293
3.558486770886884
3.571715794401259
3.585762887710654
3.6005457229722286
3.615980482992267
3.6319822569210767
3.6484666909914605
3.5352470584400733
3.670663319280262
3.675722382157696
3.6804827714620414
3.684904113878131
3.688946444205243
3.6925700069200174
3.695735047372385
3.698401589730787
3.7005292000254437
3.702076732243224
3.703002055075476
3.703261756185303
3.702810820300435
3.7016022763853846
3.699586808346354
3.696712322324338
3.692923462240934
3.6881610634241153
3.6823615317569325
3.6754561330866573
3.667370173825963
3.6580220492362443
3.6473221298437815
3.635171449145607
3.621460146985389
3.606065617798576
3.588850379456474
3.588850379456474
3.5632210387612826
3.5632210387612826
3.5632210387612826
3.5632210387612826
3.5632210387612826
3.5632210387612826
3.5632210387612826
3.5632210387612826
3.5632210387612826
3.5632210387612826
3.5632210387612826
3.5632210387612826
3.5632210387612826
3.5632210387612826
3.5632210387612826
3.5632210387612826
3.5632210387612826
3.5632210387612826
3.563221038761282
3.5632210387612826
3.5632210387612826
3.5632210387612826
3.5632210387612826
3.563221038761282
3.5632210387612826
3.5632210387612826
3.5632210387612826
3.563221038761282
3.5632210387612826
3.5632210387612826
3.563221038761282
3.563221038761282
3.5632210387612826
3.563221038761282
3.5632210387612826
3.5632210387612826
3.5632210387612826
3.5632210387612826
3.5632210387612826
3.5549832442246543
3.5450204105279153
3.5370124991729126
3.530926936528458
3.526718415251583
3.5243297253052077
3.5236927934067825
3.5247298886910956
3.5273549480504216
3.531474973386989
3.5369914542064445
3.5438017727393847
3.551800554055065
3.560880930308729
3.5709356953516975
3.581858333145475
3.5935439102098727
3.605889828424793
3.6187964396069585
3.6321675274759855
3.6459106656312232
3.6599374623916936
3.6741637049977696
3.6885094137019494
3.566920252738179
3.7167914605246435
3.7306287650369097
3.7443470850220373
3.75788628106394
3.7711895412760135
3.784203129173223
3.7968761101611617
3.8091600662984786
3.821008803681816
3.8323780551465187
3.8432251798162818
3.853508860349748
3.8631887979495114
3.872225404561437
3.880579491105066
3.8882119499811494
3.8950834294965246
3.90115399724773
3.9063827886510216
3.9107276356095033
3.9141446664409094
3.916587837141578
3.9180094682776345
3.702898815063327
3.9172297467249977
3.915078770784664
3.9119776216703763
3.907968879211115
3.9030932991455978
3.8973901822912174
3.890897719554455
3.8836533169787266
3.875693904831071
3.8670562341677766
3.8577771638127016
3.8478939401076784
3.8374444713121867
3.826467598052102
3.8150033607505107
3.803093264419758
3.790780540754784
3.7781104068160243
3.765130319034309
3.75189022059889
3.7384427795969644
3.7248436148716384
3.7111515094105165
3.6974284892225495
3.9183857539154237
3.6699851399517596
3.656417252588663
3.643113337135991
3.6301537405427684
3.617622374823977
3.605606525054456
3.59419656324638
3.583485560502811
3.573568790345132
3.5645431181124727
3.556506274254573
3.5495560131874715
3.5437891638275185
3.539300583063001
3.5361820289596673
3.5345209761334893
3.534399401116103
3.5358925701769843
3.539067865766144
3.543983689609134
3.5506884805015195
3.559219882191244
3.5696040883537346
3.581855345002457
3.580836997188336
3.5961271389707212
3.596127138970721
3.5961271389707212
3.5961271389707212
3.5961271389707212
3.596127138970721
3.5961271389707212
3.5961271389707217
3.5961271389707203
3.596127138970721
3.5961271389707212
3.5961271389707212
3.5961271389707212
3.5961271389707212
3.596127138970722
3.5961271389707212
3.5961271389707217
3.5961271389707217
3.5961271389707212
3.5961271389707212
3.5961271389707212
3.5961271389707217
3.5961271389707212
3.5961271389707212
3.5961271389707203
3.5961271389707203
3.5961271389707203
3.5961271389707212
3.5961271389707217
3.5961271389707212
3.596127138970721
3.5961271389707212
3.5961271389707212
3.596127138970721
3.5961271389707212
3.5961271389707203
3.5961271389707203
3.5961271389707217
3.6837403131941504
3.6837403131941495
3.554353895869804
3.543813451671376
3.5352798566244386
3.5287207032825285
3.5240908333713263
3.521333169483213
3.520379754594537
3.5211529576745657
3.5235667989465105
3.527528347062065
3.532939141626766
3.5396965982661346
3.547695358697127
3.5568285549450316
3.5669889639314434
3.578070035866952
3.589966786661911
3.6025765506359493
3.6157995948461354
3.629539600344203
3.6437040178698026
3.6582043032605895
3.6729559949317023
3.687880068171237
3.566920252738179
3.7068143165457013
3.7113476120032365
3.716481963879488
3.722202200257566
3.72849409826807
3.7353434985258582
3.7427353825625844
3.7506529611445054
3.759076802781418
3.7679840272348586
3.777347585517187
3.7871356442303283
3.7973110873456584
3.8078311430572263
3.8186471373471678
3.829704369697871
3.8409421003584847
3.852293633089218
3.8636864722904574
3.875042528391137
3.8862783340701093
3.897305143314231
3.9080318866538897
3.7028988150633273
3.9143770112302207
3.909596312898475
3.9040922557586515
3.897910839916981
3.891095931860732
3.8836896317536094
3.8757326084894816
3.8672644140523746
3.858323782743222
3.8489489192092843
3.8391777784289776
3.8290483401340083
3.8185988796226407
3.807868236410965
3.7968960816783
3.7857231848870567
3.7743916794965635
3.7629453270152413
3.7514297780497943
3.7398928282837214
3.728384666456898
3.71695811016495
3.7056688197239254
3.6945756347694623
3.9183857539154237
3.669059278142642
3.6546376333129804
3.640552529929716
3.626884764222529
3.6137186604755893
3.601141875397807
3.5892451106275334
3.578121724070228
3.567867232629545
3.5585787011394023
3.55035401528974
3.5432910402056317
3.5374866707927146
3.533035785109185
3.530030117564593
3.528557074387138
3.528698519202075
3.5305295612224805
3.534117382303448
3.5395201411194384
3.546785993196979
3.555952264702868
3.5670448195298254
3.580077712320562
3.5808369971883356
3.5808369971883356
3.5808369971883356
3.5808369971883356
3.5808369971883356
3.580836997188336
3.5808369971883356
3.5808369971883356
3.5808369971883356
3.5808369971883356
3.5808369971883356
3.580836997188336
3.5808369971883356
3.580836997188336
3.5808369971883356
3.580836997188336
3.5808369971883356
3.5808369971883356
3.580836997188336
3.5808369971883356
3.5808369971883356
3.5808369971883356
3.5808369971883356
3.5808369971883356
3.5808369971883356
3.580836997188335
3.580836997188335
3.5808369971883356
3.580836997188335
3.5808369971883356
3.5808369971883356
3.5808369971883356
3.5808369971883356
3.580836997188335
3.580836997188336
3.5808369971883356
3.5808369971883356
3.5808369971883356
3.5808369971883356
3.5808369971883356
3.5961271389707212
3.6063127984632417
3.6220653832864538
3.636630978397102
3.6500778868075994
3.6624682266693935
3.6738586754495466
3.6843011082048713
3.693843147742937
3.7025286411561096
3.7103980744366325
3.71748893485851
3.723836029023444
3.7294717632285623
3.7344263915605826
3.7387282364041297
3.7424038851425214
3.745478366397131
3.7479753084888108
3.7499170825673382
3.7513249323559483
3.7522190922687173
3.752618895403193
3.7525428726488412
3.7520088440872703
3.7510340035795258
3.7496349974431786
3.747827997902488
3.7456287719759422
3.7430527463228844
3.740115068530937
3.7368306651349674
3.7332142963970134
3.7292806063125985
3.7250441518278095
3.72051988377553
3.589297863528837
3.709407975205506
3.7029106174139153
3.696245300491718
3.6894276647410815
3.6824735602895733
3.6753990963729004
3.6682206813522003
3.660955059586661
3.6536193463026025
3.646231060635496
3.6388081567656823
3.6313690530315093
3.6239326587169507
3.6165183982917375
3.6091462327787096
3.601836677862074
3.5946108184043295
3.5874903189213976
3.5804974295635477
3.5736549871759076
3.5669864109182337
3.5605156919519447
3.5542673767064534
3.548266543214405
3.542538770030399
3.5371100972376364
3.532006979057915
3.5272562273819403
3.5228849448594532
3.518920441563503
3.515390083895815
3.512322549066357
3.7157218294345014
3.506428255596405
3.503593848819452
3.5012673547225637
3.49947538948093
3.498243927013793
3.497598156142644
3.4975623371828353
3.498159657987138
3.4994120909360893
3.5013402526002912
3.5039632679897195
3.5072986413542226
3.5113621354612374
3.5161676612342214
3.5217271795911027
3.5280506170890282
3.535145796832648
3.5430183858759623
3.5516718600498955
3.5611074868687447
3.571324326811957
3.582319253038111
3.5940869891082388
3.6066201641211353
3.6199093841855787
3.633943318851756
3.648708800229888
3.664190929413229
3.680373155728038
3.5708029609721996
3.6973005272979624
3.6973005272979624
3.697300527297963
3.6973005272979624
3.6973005272979624
3.6973005272979624
3.6973005272979624
3.697300527297963
3.697300527297963
3.697300527297963
3.6973005272979624
3.6973005272979624
3.697300527297963
3.697300527297963
3.697300527297963
3.6973005272979624
3.6973005272979624
3.6973005272979624
3.6973005272979624
3.697300527297963
3.697300527297963
3.697300527297963
3.6973005272979624
3.697300527297963
3.6973005272979633
3.697300527297963
3.697300527297963
3.697300527297963
3.697300527297963
3.697300527297963
3.6973005272979624
3.697300527297963
3.697300527297963
3.697300527297963
3.697300527297963
3.697300527297963
3.697300527297963
3.6973005272979624
3.509743471049891
3.5097434710498905
3.5943640890540873
3.598577377501592
3.6020497813022234
3.6048869145370404
3.607188523184414
3.6090489068056497
3.6105572015233713
3.611797544384586
3.6128491388712693
3.6137862404365775
3.6146780805480487
3.615588747319072
3.6165770406377162
3.617696319094691
3.618994355430014
3.620513215868979
3.6222891772459196
3.6243526935299912
3.62672842099164
3.629435308205246
3.6324867540902486
3.6358908340446368
3.639650591159913
3.6437643868998277
3.6482263032104445
3.653026586421844
3.6581521220565345
3.6635869292315424
3.6693126634078017
3.6753091170533794
3.6815547093361523
3.6880269597849042
3.6947029557888866
3.701559960278773
3.7085718375601417
3.589297863528837
3.709957386268933
3.7039770511810053
3.697795853391025
3.691429090476502
3.6848923149624615
3.678201365794234
3.6713724042130385
3.6644219495001877
3.657366913599174
3.6502246342099105
3.643012906081196
3.635750010309755
3.6284547413102186
3.621146431218545
3.613844971395685
3.606570830640921
3.5993450697803526
3.5921893521790316
3.5851259497241
3.578177743853458
3.571368221111454
3.5647214627432455
3.5582621278469335
3.5520154295870876
3.5460071040139414
3.540263371061467
3.5348108874175086
3.529676691114738
3.5248881384295685
3.520472836836551
3.516458610262215
3.512872474038389
3.7157218294345014
3.5064340489258607
3.503605047448937
3.5012835729284646
3.499496241801576
3.4982690279284907
3.4976271199940774
3.497594778160022
3.4981951901285324
3.499450328140743
3.501380808642695
3.504005756536489
3.507342675981801
3.5114073296741934
3.51621362848392
3.5217735332946316
3.5280969706483254
3.5351917636537875
3.5430635793886225
3.551715893727025
3.5611499742465123
3.5713648815101373
3.582357488781209
3.5941225197479687
3.606652603661604
3.619938346814486
3.633968418986851
3.6487296526122703
3.664207149395365
3.680384361042365
3.5708029609721996
3.5708029609721996
3.5708029609721996
3.5708029609722
3.5708029609722
3.5708029609721996
3.5708029609721996
3.5708029609722
3.5708029609721996
3.5708029609721996
3.5708029609721996
3.5708029609721996
3.5708029609722
3.5708029609721996
3.5708029609721996
3.5708029609721996
3.5708029609722
3.5708029609722
3.5708029609721996
3.5708029609722
3.5708029609721996
3.5708029609721996
3.5708029609721996
3.5708029609721996
3.5708029609721996
3.5708029609721996
3.5708029609722
3.5708029609722
3.5708029609721996
3.5708029609721996
3.5708029609721996
3.5708029609721996
3.5708029609721996
3.5708029609721996
3.5708029609721996
3.5708029609721996
3.5708029609722
3.5708029609722
3.5708029609721996
3.5708029609721996
3.697300527297963
35.28243305017587
0.0
0.0
0.0
0.0
0.0
0.0
0.0
0.0
0.0
0.0
0.0
0.0
0.0
0.0
0.0
0.0
0.0
0.0
0.0
0.0
35.28243305017587
0.0
0.0
0.0
0.0
0.0
0.0
0.0
0.0
0.0
0.0
0.0
0.0
0.0
0.0
0.0
0.0
0.0
0.0
0.0
0.0
0.0
0.0
0.0
0.0
0.0
0.0
0.0
0.0
0.0
0.0
0.0
0.0
0.0
0.0
0.0
0.0
0.0
0.0
0.0
0.0
0.0
0.0
0.0
0.0
0.0
0.0
0.0
0.0
0.0
0.0
0.0
0.0
0.0
0.0
0.0
0.0
0.0
0.0
0.0
0.0
0.0
0.0
0.0
0.0
0.0
0.0
0.0
0.0
0.0
0.0
0.0
0.0
0.0
0.0
0.0
0.0
0.0
0.0
0.0
0.0
0.0
0.0
0.0
0.0
0.0
0.0
0.0
0.0
0.0
0.0
0.0
0.0
0.0
0.0
0.0
0.0
0.0
38.354638724070114
42.049812359173224
45.92974467603145
45.929744676031326
50.00367360873249
50.003673608732214
50.003673608732406
58.772805636371494
63.48888761708962
68.44077369684369
79.09970848351414
84.83213560658933
0.0
0.0
0.0
0.0
0.0
0.0
0.0
0.0
38.846804489014644
51.53229090257063
48.07363887164267
48.74156494807486
49.34054672908124
49.873480921745795
46.09045420355746
50.752555319490945
51.1042577052401
42.923564914352106
47.282805968964496
47.46128607312764
43.41413158539006
43.5006048325899
43.55212122722183
47.76849620519471
56.788291920611194
56.735106490351825
43.45045394973152
56.5271858203804
56.377751294933795
38.846804489014644
60.378508126076355
59.74988307928021
45.80354399535474
53.90180515362521
40.91931657047581
52.80664174250759
43.96612948400204
47.55884802080154
47.11445851377135
42.74752809055417
38.65802248384041
38.34657535939686
38.058339774817895
34.327074687533546
34.11184343839395
37.349021362655016
37.1697429282764
33.6248495238542
33.520404141118796
44.09977283127533
44.04733381997728
44.04082712662979
44.08257667618943
40.4433320284642
56.20151365186862
36.58278796621407
36.21588997358372
35.91180472315874
35.66950689128811
35.48704673770837
35.3626356712124
32.05618745490944
32.04427457455727
32.08093011672078
35.41437517895359
32.29516345420077
32.47046472334779
32.689740487211964
29.78146709486705
33.25573030451136
30.3673396911415
30.71409883863341
34.40542531684747
31.509257315943117
31.954994117385088
32.43088839809598
32.93533436442358
33.466597378440504
34.02284743410392
33.615072483270836
34.786483653827865
34.96291657824275
35.12975045441432
39.04175083058964
39.199889893823055
35.55694864110162
39.46690770402205
39.57228832367092
39.656572361690785
39.717989695461476
39.754758667138724
39.765084362824815
39.74715690169253
39.699149732307774
39.61921794188762
39.505496577250575
43.332008321546446
43.12613463180246
42.876747112732225
42.58168600999407
42.23876054080065
41.84574717573266
41.40038795693185
40.90038887826399
40.34341840891784
39.72710656374614
39.0490481699882
39.0490481699882
0.0
0.0
0.0
0.0
0.0
0.0
0.0
0.0
0.0
0.0
0.0
0.0
0.0
0.0
0.0
0.0
0.0
0.0
0.0
78.4940536229988
45.578067360923974
41.72784311646222
41.72784311646232
41.72784311646224
41.727843116462225
38.06096288364168
38.06096288364167
38.06096288364169
41.72784311646227
49.62080281760853
49.620802817608556
53.865675047127475
58.32279088812243
58.32279088812237
67.91673273586382
73.07640146129556
78.49405362299883
0.0
0.0
1.157651563473188
0.0
0.0
0.0
0.0
0.0
0.0
0.0
0.0
0.0
0.0
0.0
0.0
0.0
0.0
0.0
0.0
0.0
0.0
0.0
0.0
1.0
0.0
0.0
0.0
0.0
0.0
0.0
0.0
0.0
0.0
0.0
0.0
0.0
0.0
0.0
0.0
0.0
0.0
0.0
0.0
0.0
0.0
0.0
0.0
0.0
0.0
0.0
0.0
0.0
0.0
0.0
0.0
0.0
0.0
0.0
0.0
0.0
0.0
0.0
0.0
0.0
0.0
0.0
0.0
0.0
0.0
0.0
0.0
0.0
0.0
0.0
0.0
0.0
0.0
0.0
0.0
0.0
0.0
0.0
0.0
0.0
0.0
0.0
0.0
0.0
0.0
0.0
0.0
0.0
0.0
0.0
0.0
0.0
0.0
0.0
0.0
0.0
0.0
0.0
0.0
0.0
0.0
0.0
0.0
0.0
0.0
0.0
0.0
0.0
0.0
0.0
0.0
0.0
0.0
0.0
0.0
0.0
0.0
0.9280160641337631
0.9280160641337631
1.6226757951711255
1.637072582344373
1.6442709759309966
1.6658661566908677
1.680262943864115
1.6730645502774912
1.8314292091832123
1.835028405976524
1.838627602769836
1.84266191270059
0.0
0.0
0.0
0.0
0.0
0.0
0.0
0.0
1.1614051721273115
1.1383640827298152
0.9294060802398902
0.9294060802398902
0.9294060802398902
1.635842090048975
1.641489603629784
1.6471371172105926
1.65843214437221
1.6640796579530188
1.6697271715338275
1.6810221986954452
1.686669712276254
1.692317225857063
1.7036122530186804
1.7036122530186804
1.1383640827298152
1.1383640827298152
1.8222100382156647
1.8222100382156647
0.9294060802398902
1.0037536086541234
0.9294060802398902
0.9294060802398902
1.8321611130015616
1.83646467420665
1.83646467420665
1.8407682354117378
1.8407682354117378
1.7162549117972334
1.7162549117972334
1.7126557150039217
1.7090565182106097
1.705457321417298
1.705457321417298
1.7018581246239861
1.6982589278306741
1.6946597310373623
1.6946597310373623
1.6910605342440506
1.6874613374507388
0.9280160641337631
0.9280160641337631
0.9280160641337631
0.9280160641337631
1.0359919679331184
0.9294060802398902
1.064785542279613
1.0791823294528604
1.093579116626108
1.1079759037993553
1.1223726909726026
1.13676947814585
1.1511662653190973
1.1655630524923446
1.179959839665592
1.1871582332522157
1.201555020425463
1.2159518075987104
1.2231502011853341
1.2375469883585815
1.2447453819452052
1.2591421691184526
1.2735389562916999
1.2807373498783234
1.295134137051571
1.3095309242248183
1.3167293178114419
1.3311261049846892
1.5075014977851469
1.365769480364929
1.0503887551063658
1.3909668079037474
1.397266139788452
1.4035654716731565
1.4098648035578611
1.4098648035578611
1.428762799211975
1.4224634673272702
1.4350621310966796
1.441361462981384
1.4476607948660887
1.4539601267507933
1.4665587905202024
1.472858122404907
1.4931047106118993
1.5003031041985229
1.991931380138492
1.2843365466716354
1.5146998913717704
1.5146998913717704
1.521898284958394
1.5290966785450177
1.5362950721316415
1.2843365466716354
1.2843365466716354
1.2843365466716354
0.9280160641337631
0.9280160641337631
0.9280160641337631
0.0
0.0
0.0
0.0
0.0
0.0
0.0
0.0
0.0
0.0
0.0
0.0
0.0
0.0
0.0
0.0
0.0
0.0
0.0
1.7318498209227242
0.9294060802398902
0.9294060802398902
0.9294060802398902
1.254138111136395
1.1920154617474985
1.1468353531010282
1.1073027580353667
1.0677701629697054
1.0282375679040439
1.709259766599489
1.7120835233898934
1.7149072801802978
1.7177310369707022
1.7233785505515111
1.7262023073419155
1.7290260641323199
1.7318498209227242
0.0
0.0
