35.28243305017587
0.0
0.0
0.0
0.0
0.0
0.0
0.0
0.0
0.0
0.0
0.0
0.0
0.0
0.0
0.0
0.0
0.0
0.0
0.0
0.0
35.28243305017587
0.0
0.0
0.0
0.0
0.0
0.0
0.0
0.0
0.0
0.0
0.0
0.0
0.0
0.0
0.0
0.0
0.0
0.0
0.0
0.0
0.0
0.0
0.0
0.0
0.0
0.0
0.0
0.0
0.0
0.0
0.0
0.0
0.0
0.0
0.0
0.0
0.0
0.0
0.0
0.0
0.0
0.0
0.0
0.0
0.0
0.0
0.0
0.0
0.0
0.0
0.0
0.0
0.0
0.0
0.0
0.0
0.0
0.0
0.0
0.0
0.0
0.0
0.0
0.0
0.0
0.0
0.0
0.0
0.0
0.0
0.0
0.0
0.0
0.0
0.0
0.0
0.0
0.0
0.0
0.0
0.0
0.0
0.0
0.0
0.0
0.0
0.0
0.0
0.0
0.0
0.0
0.0
0.0
0.0
0.0
0.0
0.0
38.354638724070114
42.049812359173224
45.92974467603145
45.929744676031326
50.00367360873249
50.003673608732214
50.003673608732406
58.772805636371494
63.48888761708962
68.44077369684369
79.09970848351414
84.83213560658933
0.0
0.0
0.0
0.0
0.0
0.0
0.0
0.0
38.846804489014644
51.53229090257063
48.07363887164267
48.74156494807486
49.34054672908124
49.873480921745795
46.09045420355746
50.752555319490945
51.1042577052401
42.923564914352106
47.282805968964496
47.46128607312764
43.41413158539006
43.5006048325899
43.55212122722183
47.76849620519471
56.788291920611194
56.735106490351825
43.45045394973152
56.5271858203804
56.377751294933795
38.846804489014644
60.378508126076355
59.74988307928021
45.80354399535474
53.90180515362521
40.91931657047581
52.80664174250759
43.96612948400204
47.55884802080154
47.11445851377135
42.74752809055417
38.65802248384041
38.34657535939686
38.058339774817895
34.327074687533546
34.11184343839395
37.349021362655016
37.1697429282764
33.6248495238542
33.520404141118796
44.09977283127533
44.04733381997728
44.04082712662979
44.08257667618943
40.4433320284642
56.20151365186862
36.58278796621407
36.21588997358372
35.91180472315874
35.66950689128811
35.48704673770837
35.3626356712124
32.05618745490944
32.04427457455727
32.08093011672078
35.41437517895359
32.29516345420077
32.47046472334779
32.689740487211964
29.78146709486705
33.25573030451136
30.3673396911415
30.71409883863341
34.40542531684747
31.509257315943117
31.954994117385088
32.43088839809598
32.93533436442358
33.466597378440504
34.02284743410392
33.615072483270836
34.786483653827865
34.96291657824275
35.12975045441432
39.04175083058964
39.199889893823055
35.55694864110162
39.46690770402205
39.57228832367092
39.656572361690785
39.717989695461476
39.754758667138724
39.765084362824815
39.74715690169253
39.699149732307774
39.61921794188762
39.505496577250575
43.332008321546446
43.12613463180246
42.876747112732225
42.58168600999407
42.23876054080065
41.84574717573266
41.40038795693185
40.90038887826399
40.34341840891784
39.72710656374614
39.0490481699882
39.0490481699882
0.0
0.0
0.0
0.0
0.0
0.0
0.0
0.0
0.0
0.0
0.0
0.0
0.0
0.0
0.0
0.0
0.0
0.0
0.0
78.4940536229988
45.578067360923974
41.72784311646222
41.72784311646232
41.72784311646224
41.727843116462225
38.06096288364168
38.06096288364167
38.06096288364169
41.72784311646227
49.62080281760853
49.620802817608556
53.865675047127475
58.32279088812243
58.32279088812237
67.91673273586382
73.07640146129556
78.49405362299883
0.0
0.0
