1.157651563473188
0.0
0.0
0.0
0.0
0.0
0.0
0.0
0.0
0.0
0.0
0.0
0.0
0.0
0.0
0.0
0.0
0.0
0.0
0.0
0.0
1.0
0.0
0.0
0.0
0.0
0.0
0.0
0.0
0.0
0.0
0.0
0.0
0.0
0.0
0.0
0.0
0.0
0.0
0.0
0.0
0.0
0.0
0.0
0.0
0.0
0.0
0.0
0.0
0.0
0.0
0.0
0.0
0.0
0.0
0.0
0.0
0.0
0.0
0.0
0.0
0.0
0.0
0.0
0.0
0.0
0.0
0.0
0.0
0.0
0.0
0.0
0.0
0.0
0.0
0.0
0.0
0.0
0.0
0.0
0.0
0.0
0.0
0.0
0.0
0.0
0.0
0.0
0.0
0.0
0.0
0.0
0.0
0.0
0.0
0.0
0.0
0.0
0.0
0.0
0.0
0.0
0.0
0.0
0.0
0.0
0.0
0.0
0.0
0.0
0.0
0.0
0.0
0.0
0.0
0.0
0.0
0.0
0.0
0.9280160641337631
0.9280160641337631
1.6226757951711255
1.637072582344373
1.6442709759309966
1.6658661566908677
1.680262943864115
1.6730645502774912
1.8314292091832123
1.835028405976524
1.838627602769836
1.84266191270059
0.0
0.0
0.0
0.0
0.0
0.0
0.0
0.0
1.1614051721273115
1.1383640827298152
0.9294060802398902
0.9294060802398902
0.9294060802398902
1.635842090048975
1.641489603629784
1.6471371172105926
1.65843214437221
1.6640796579530188
1.6697271715338275
1.6810221986954452
1.686669712276254
1.692317225857063
1.7036122530186804
1.7036122530186804
1.1383640827298152
1.1383640827298152
1.8222100382156647
1.8222100382156647
0.9294060802398902
1.0037536086541234
0.9294060802398902
0.9294060802398902
1.8321611130015616
1.83646467420665
1.83646467420665
1.8407682354117378
1.8407682354117378
1.7162549117972334
1.7162549117972334
1.7126557150039217
1.7090565182106097
1.705457321417298
1.705457321417298
1.7018581246239861
1.6982589278306741
1.6946597310373623
1.6946597310373623
1.6910605342440506
1.6874613374507388
0.9280160641337631
0.9280160641337631
0.9280160641337631
0.9280160641337631
1.0359919679331184
0.9294060802398902
1.064785542279613
1.0791823294528604
1.093579116626108
1.1079759037993553
1.1223726909726026
1.13676947814585
1.1511662653190973
1.1655630524923446
1.179959839665592
1.1871582332522157
1.201555020425463
1.2159518075987104
1.2231502011853341
1.2375469883585815
1.2447453819452052
1.2591421691184526
1.2735389562916999
1.2807373498783234
1.295134137051571
1.3095309242248183
1.3167293178114419
1.3311261049846892
1.5075014977851469
1.365769480364929
1.0503887551063658
1.3909668079037474
1.397266139788452
1.4035654716731565
1.4098648035578611
1.4098648035578611
1.428762799211975
1.4224634673272702
1.4350621310966796
1.441361462981384
1.4476607948660887
1.4539601267507933
1.4665587905202024
1.472858122404907
1.4931047106118993
1.5003031041985229
1.991931380138492
1.2843365466716354
1.5146998913717704
1.5146998913717704
1.521898284958394
1.5290966785450177
1.5362950721316415
1.2843365466716354
1.2843365466716354
1.2843365466716354
0.9280160641337631
0.9280160641337631
0.9280160641337631
0.0
0.0
0.0
0.0
0.0
0.0
0.0
0.0
0.0
0.0
0.0
0.0
0.0
0.0
0.0
0.0
0.0
0.0
0.0
1.7318498209227242
0.9294060802398902
0.9294060802398902
0.9294060802398902
1.254138111136395
1.1920154617474985
1.1468353531010282
1.1073027580353667
1.0677701629697054
1.0282375679040439
1.709259766599489
1.7120835233898934
1.7149072801802978
1.7177310369707022
1.7233785505515111
1.7262023073419155
1.7290260641323199
1.7318498209227242
0.0
0.0
