-19.3390886841 40.81651598
-18.7336480705 141.92308053
-18.1145796196 143.011187221
-17.482065032 144.081052195
-16.836286008 145.132891594
-16.1774242479 146.166921558
-15.5056614522 147.183358231
-14.8211793212 148.182417752
-14.1241595554 149.164316264
-13.414783855 150.129269909
-12.6932339204 151.077494828
-11.9596914521 152.009207162
-11.2143381505 152.924623053
-10.4573557158 153.823958643
-9.68892584852 154.707430073
-8.90923024899 155.575253486
-8.11845061758 156.427645021
-7.31676865469 157.264820822
-6.50436606069 158.08699703
-5.68142453596 158.894389785
-4.84812578088 159.687215231
-4.00465149582 160.465689508
-3.15118338116 161.230028758
-2.28790313729 161.980449122
-1.41499246458 162.717166743
-0.532633063404 163.440397761
0.358993365852 164.150358319
1.25970512281 164.847264558
2.1693205071 165.531332619
3.08765781833 166.202778644
4.01453535613 166.861818775
4.94977142012 167.508669153
5.89318430993 168.14354592
6.84459232516 168.766665218
7.80381376545 169.378243187
8.77066693042 169.97849597
9.74497011969 170.567639708
10.7265416329 171.145890543
11.7151997696 171.713464617
12.7107628295 172.27057807
13.7130491122 172.817447045
14.7218769173 173.354287683
15.7370645444 173.881316125
16.7584302931 174.398748514
17.7857924632 174.906800991
18.8189693541 175.405689697
19.8577792655 175.895630774
20.9020404971 176.376840364
21.9515713484 176.849534608
23.0061901191 177.313929648
24.0657151088 177.770241625
25.1299646172 178.218686681
26.1987569437 178.659480958
27.2719103882 179.092840596
28.3492432501 179.518981739
29.4305738292 179.938120527
30.5157204249 180.350473101
31.604501337 180.756255605
32.6967348651 181.155684178
33.7922393088 181.548974963
34.8908329677 181.936344101
35.9923341415 182.318007733
37.0965611297 182.694182003
38.2033322319 183.06508305
39.3124657479 183.430927017
40.4237799772 183.791930044
41.5370932195 184.148308275
42.6522237743 184.50027785
43.7689899413 184.848054911
44.8872100201 185.191855599
46.0067023104 185.531896057
47.1272851117 185.868392425
48.2487767237 186.201560845
49.370995446 186.531617459
50.4937595782 186.858778408
51.6168874199 187.183259835
52.7401972708 187.50527788
53.8635074305 187.825048685
54.9866361986 188.142788392
56.1094018747 188.458713142
57.2316227584 188.773039078
58.3531171495 189.085982339
59.4737033474 189.397759069
60.5931996518 189.708585409
61.7114243624 190.018677499
62.8281957787 190.328251483
63.9433322005 190.637523501
65.0566519272 190.946709695
66.1679732585 191.256026207
67.277114494 191.565689177
68.3838939335 191.875914749
69.4881298764 192.186919063
70.5896406224 192.498918261
71.6882444712 192.812128484
72.7837597223 193.126765874
73.8760046754 193.443046574
74.96479763 193.761186723
76.0499568859 194.081402464
77.1313007426 194.403909939
78.2086474998 194.728925289
79.281815457 195.056664655
