198.386473592 97.123562786
200.396430761 197.418510688
202.415132081 197.71529391
204.442223491 198.013172037
206.477350928 198.311404652
208.52016033 198.609251339
210.570297634 198.90597168
212.627408777 199.20082526
214.691139697 199.493071662
216.761136333 199.781970469
218.83704462 200.066781266
220.918510497 200.346763636
223.005179902 200.621177161
225.096698771 200.889281427
227.192713043 201.150336015
229.292868654 201.403600511
231.396811543 201.648334497
233.504187647 201.883797557
235.614642904 202.109249274
237.72782325 202.323949233
239.843374625 202.527157016
241.960942964 202.718132207
244.080174206 202.89613439
246.200714288 203.060423148
248.322209149 203.210258064
250.444304724 203.344898723
252.566646952 203.463604708
254.68888177 203.565635602
256.810655117 203.650250989
258.931612929 203.716710452
261.051401144 203.764273575
263.169665699 203.792199942
265.286052532 203.799749136
267.400207581 203.78618074
269.511776783 203.750754339
271.620406076 203.692729515
273.725741397 203.611365852
275.827428684 203.505922934
277.925113874 203.375660344
280.018442905 203.219837667
282.107061714 203.037714484
284.190616239 202.828550381
286.268752417 202.59160494
288.341116186 202.326137744
290.407353484 202.031408379
292.467110248 201.706676426
294.520032416 201.35120147
296.565765924 200.964243094
298.603956712 200.545060882
300.634252101 200.092918667
302.656496076 199.607683089
304.670931181 199.09044249
306.677848166 198.54243296
308.677537777 197.964890591
310.670290763 197.359051472
312.65639787 196.726151696
314.636149848 196.067427352
316.609837444 195.384114532
318.577751405 194.677449326
320.54018248 193.948667825
322.497421416 193.199006121
324.449758961 192.429700303
326.397485862 191.641986463
328.340892869 190.837100691
330.280270727 190.016279079
332.215910186 189.180757716
334.148101993 188.331772694
336.077136895 187.470560105
338.003305641 186.598356037
339.926898978 185.716396583
341.848207654 184.825917833
343.767522418 183.928155878
345.685134015 183.024346809
347.601333196 182.115726717
349.516410706 181.203531691
351.430657295 180.288997825
353.344363709 179.373361207
355.257820698 178.457857929
357.171319007 177.543724081
359.085149386 176.632195755
360.999602582 175.724509041
362.914969342 174.821900031
364.831540415 173.925604814
366.749606549 173.036859482
368.66945849 172.156900126
370.591386988 171.286962836
372.515682789 170.428283703
374.442636642 169.582098818
376.372539294 168.749644272
378.305681493 167.932156156
380.242353988 167.13087056
382.182847524 166.347023575
384.127452852 165.581851292
386.076460717 164.836589803
388.030161869 164.112475197
389.988847055 163.410743565
391.952807022 162.732630999
393.922332518 162.079373589
395.897714292 161.452207426
397.879243091 160.8523686
399.86720966 160.281093203
