99.191579713 8.9080275187
101.513997245 39.3429725536
103.843819489 39.8102183806
106.180832757 40.3079394989
108.52482336 40.8343104078
110.875577609 41.3875056066
113.232881816 41.9656995943
115.596522292 42.5670668702
117.966285348 43.1897819335
120.341957296 43.8320192834
122.723324447 44.4919534192
125.110173113 45.16775884
127.502289604 45.857610045
129.899460232 46.5596815335
132.301471308 47.2721478046
134.708109144 47.9931833576
137.119160051 48.7209626917
139.534410341 49.453660306
141.953646324 50.1894506999
144.376654312 50.9265083724
146.803220616 51.6630078228
149.233131548 52.3971235504
151.66617342 53.1270300543
154.102132541 53.8509018337
156.540795225 54.5669133879
158.981947781 55.273239216
161.425376521 55.9680538172
163.870867758 56.6495316908
166.318207801 57.315847336
168.767182963 57.965175252
171.217579554 58.595689938
173.669183887 59.2055658931
176.121782271 59.7929776167
178.57516102 60.3560996079
181.029106443 60.8931063659
183.483404853 61.4021723899
185.937842561 61.8814721792
188.392205877 62.3291802329
190.846281114 62.7434710503
193.299854583 63.1225191305
195.752712595 63.4644989729
198.204641461 63.7675850764
200.655427492 64.0299519405
203.104857001 64.2497740643
205.552716298 64.425225947
207.998791695 64.5544820878
210.442869503 64.6357169859
212.884736033 64.6671051405
215.324177597 64.6468210509
217.760980506 64.5730392162
220.194956365 64.4442890175
222.626090344 64.2615351112
225.05444047 64.0267643611
227.480065019 63.7419671411
229.903022266 63.4091338251
232.323370489 63.0302547871
234.741167963 62.607320401
237.156472965 62.1423210405
239.569343769 61.6372470797
241.979838654 61.0940888925
244.388015894 60.5148368527
246.793933766 59.9014813342
249.197650546 59.2560127109
251.59922451 58.5804213568
253.998713935 57.8766976457
256.396177096 57.1468319516
258.791672269 56.3928146483
261.185257731 55.6166361097
263.576991758 54.8202867098
265.966932626 54.0057568224
268.355138611 53.1750368215
270.741667988 52.3301170808
273.126579036 51.4729879745
275.509930028 50.6056398762
277.891779243 49.73006316
280.272184955 48.8482481997
282.65120544 47.9621853693
285.028898976 47.0738650426
287.405323838 46.1852775935
289.780538302 45.2984133959
292.154600644 44.4152628238
294.527569141 43.5378162511
296.899502068 42.6680640515
299.270457702 41.8079965991
301.640494319 40.9596042678
304.009670195 40.1248774314
306.378043606 39.3058064638
308.745672829 38.5043817389
311.112616138 37.7225936307
313.478931812 36.962432513
315.844678125 36.2258887597
318.209913353 35.5149527448
320.574695774 34.8316148421
322.939083662 34.1778654256
325.303135295 33.5556948691
327.666908948 32.9670935465
330.030462898 32.4140518317
332.39385542 31.8985600987
334.75714479 31.4226087213
337.120389286 30.9881880735
339.48364718 30.597288529
