21.657742550931 -29.789113314962222
21.920091091970033 -30.321183427253743
22.158808535097506 -30.825821544240327
22.37458428610719 -31.303490464175255
22.5681000465383 -31.754658123711692
22.74003039596772 -32.179797171677066
22.891042937271035 -32.579384863367565
23.02179834397121 -32.953903025060185
23.132950378978425 -33.3038380407925
23.225145902107112 -33.62968084621974
23.299024873562075 -33.93192692651496
23.35522035453986 -34.21107631487075
23.39435850750406 -34.467633593188765
23.417058594559165 -34.702107891769415
23.423932976206302 -34.91501289101883
23.41558710843777 -35.106866822194405
23.392619539938863 -35.27819247007142
23.355621907125226 -35.42951717469879
23.305178928637176 -35.56137283556788
23.241868396994366 -35.67429591619103
23.166261166980167 -35.76882745073418
23.078921139298316 -35.84551305426038
22.980405235488636 -35.9049029367562
22.87126336042269 -35.94755192624842
22.752038341480556 -35.97401950398179
22.62326582835916 -35.98486986428696
22.485474117403204 -35.98067201818762
22.339183826096146 -35.96199998626227
22.18490724203436 -35.92943318356424
22.02314689164154 -35.88355726710654
21.85439196174751 -35.824966253193196
21.679107565508026 -35.75426886999824
21.4976918063485 -35.67211396645871
21.31017522838771 -35.579368375784554
21.120258636577596 -35.47472736268966
21.37106171986168 -29.2291565321175
20.502778148992313 -35.30856195015292
20.07775952744243 -35.24796767018978
19.651949737801647 -35.17877277338687
19.226004703462927 -35.10150964292728
18.800492949896174 -35.01675826129167
18.37594110471561 -34.92511928397863
17.952845271918047 -34.82720730792022
17.531674822598383 -34.72364862773645
17.112873910737946 -34.61508033880446
16.696862161434698 -34.50214992977499
16.284035013889685 -34.38551507851315
15.87476390557774 -34.26584354351891
15.469396375798986 -34.14381310129076
15.068256126460195 -34.020111509585576
14.671643058175253 -33.89543648531489
14.279833290576946 -33.77049569019377
13.893079172470859 -33.64600672288799
13.511609283458156 -33.522697114879634
13.135628427211028 -33.40130432907313
12.765317615447753 -33.28257576252855
12.400834038203683 -33.167268752917806
12.04231101259812 -33.0561505907971
11.689857894788155 -32.949998542125826
11.34355992355274 -32.84959988885578
11.003477927954307 -32.75575200551842
10.669647740918109 -32.66926251297792
10.342078907863417 -32.59094961814341
10.020751456640376 -32.521642963204584
9.705606206546321 -32.46218617605325
9.396506001532387 -32.41344706893298
9.092964342416828 -32.376389037880756
8.797815395862237 -32.35110545777846
20.925943777500784 -35.360259317864944
8.546917908620806 -32.214488200202055
8.588385374793532 -32.105816580745056
8.63376341636208 -32.01366052015277
8.683439183491345 -31.938707475498745
8.737748047990884 -31.8816583228394
8.797014873141585 -31.843216497662667
8.861564333485639 -31.824085280120357
8.931724357075552 -31.824966888705376
9.007827505497929 -31.84656211727585
9.0902116047099 -31.88957016848562
9.17922006501734 -31.954688568882148
9.275202059369839 -32.04261312162873
9.378512632951661 -32.15403787685699
9.489512779152967 -32.28965510989988
9.608569501522759 -32.45015530363713
9.736055873946903 -32.63622713013473
9.872351110020489 -32.848557428490494
10.017840654562107 -33.08783117531314
10.172916316048543 -33.35473144130307
10.337976472031684 -33.64993932368844
10.513426406300923 -33.97413383401701
10.699678895650862 -34.32799170455456
10.897155295912626 -34.712187027441274
11.106287712091358 -35.127390535460165
11.327523770126746 -35.57426801883108
11.561338544907613 -36.05347636908613
11.80827034206979 -36.565651709184834
12.069063824161532 -37.11136191635583
12.345671891828133 -37.69077428206219
19.141083080487522 -29.95120549509204
20.967573330771472 -34.460651596867365
23.765616426718978 -32.59403497144871
26.49915280499549 -30.413328336100562
29.10982769888487 -27.924784174693116
31.539366765068053 -25.148438995700644
33.73373721883847 -22.118106001923138
35.647235462110885 -18.879889930049387
37.24589098769202 -15.489326789596731
38.50967430650279 -12.007523669309819
39.43322152920835 -8.496862932302491
40.025073337828005 -5.016885902972632
40.30568684745522 -1.6208786558010502
40.30464791785586 1.6465102731640968
40.057561544150545 4.750516077075048
39.60304329860345 7.666459505593025
38.980115617341184 10.379124545002355
38.22617437350114 12.881585020044724
37.37556861079479 15.173744128649588
-8.066779410411428 39.523445064995514
-5.06203010624948 40.01938893918023
-1.8624511609189796 40.29524681069901
1.501040382174807 40.31032767955426
4.986507890532849 40.02886931852572
8.542059845597322 39.42345562550537
12.108170534887748 38.47814764460517
15.62113531588524 37.190802240671815
19.017290552490806 35.57412402159892
22.23743472854173 33.65519479301528
25.230816285061508 31.47350551577361
27.958134566568745 29.077798256050812
30.393208350970625 26.5222270180399
32.523234385058245 23.86241532193509
34.347806270603016 21.151922944713107
35.87703163708204 18.439475067739096
37.129149656561495 15.76711405561008
38.12802389272636 13.169260947283448
38.900800257044736 10.672552610480096
39.47591312942488 8.296259546329082
8.50863321135477 -32.33907734508293
-10.915031488777778 31.60814531502305
-36.26069995093302 3.0950524454113975
-36.32916025975944 3.9770952996569235
-36.34710016423368 4.880719744964097
-36.31671718710251 5.803651422106924
-36.24016728825002 6.743678011756003
-36.119564591211756 7.6986536604635205
-35.95698131598458 8.666500086854427
-35.75444775655187 9.645206949826672
-35.51395227320364 10.632831995585178
-35.23744128912492 11.627501123945194
-34.926819289984905 12.627408421249356
-34.583948823608324 13.630816177383451
-34.21065050171253 14.636054895396057
-33.8087030005818 15.641523296234396
-33.37984306386237 16.645688321550324
-32.92576550457664 17.647085134239717
-32.448123209296696 18.6443171183557
-31.94852714189772 19.636055877123056
-31.428546350256322 20.62104123046322
-30.88970797432159 21.59808121053925
-30.33349725763306 22.56605205520046
-29.761357564494908 23.52389819866218
-29.174690404450637 24.470632256705926
-28.57485547117905 25.40533500479401
-27.963170703063312 26.327155342001532
-27.340912384990165 27.23531023190327
-26.709315325377656 28.129084598542505
-26.0695731850946 29.00783113380851
-25.42283913446145 29.87096991189412
-24.770227298870847 30.717987542002874
-24.112816371512537 31.54843504947152
-23.451660451571055 32.36192152019464
-22.787832395455005 33.15808867795366
-22.12272727515916 33.93643292841415
-21.45398512473325 34.698696374402886
-36.139482069219056 2.236896596125746
-20.454195791138755 35.362651779157574
-20.121886168507544 35.27263535160091
-19.78806537698511 35.17415062677509
-19.453144168825588 35.06786072426644
-19.117580943159023 34.95439872086396
-18.781835805999073 34.834394591612266
-18.446359085709886 34.708481944544275
-18.11158750538547 34.577300265211306
-17.777942652624223 34.441495814565855
-17.445830284652196 34.301722036783985
-17.115639981389602 34.1586397622948
-16.78774496009434 34.01291731774913
-16.462501970115078 33.86523058750325
-16.14025123140591 33.71626305039683
-15.821316398122558 33.56670580237841
-15.506004537209877 33.41725756949447
-15.194606117927076 33.268624716062135
-14.887395009478395 33.12152124841461
-14.58462848623104 32.976668814542734
-14.286547242454464 32.83479670082309
-13.993375419605105 32.69664182360887
-13.705320653540898 32.562948713459264
-13.422574156226801 32.43446948758407
-13.14531086093941 32.31196380011974
-12.873689693870674 32.196198748763464
-12.607854118816071 32.087948686716516
-12.34793333719562 31.987994808692605
-12.09404528914984 31.897124114300254
-11.84630565896039 31.816126299225687
-11.604863896851711 31.745781315106314
-11.370155376965137 31.68677229441144
-11.139491744863058 31.640862982907038
-20.784952725406974 35.443318160245326
-10.817080944936826 31.525016833790403
-10.725293194851616 31.45690141412439
-10.639421635150448 31.40469231815527
-10.559536087230555 31.369173348462652
-10.485754369593941 31.351111543576565
-10.41820394870954 31.351270419628747
-10.357012349774529 31.370413282193198
-10.302303957500989 31.409304330393553
-10.254198733475718 31.468709099953088
-10.212811629177814 31.54939466529305
-10.178252287635267 31.6521297418343
-10.15062487672003 31.77768474319896
-10.130027985753635 31.926831816096524
-10.116554552415643 32.10034486376418
-10.110291802305476 32.29899956547982
-10.1113211886111 32.52357339485127
-10.119718321095704 32.77484564040668
-10.135552871470857 33.05359743279462
-10.158888435441852 33.36061178379285
-10.189782318128422 33.69667364680748
-10.228285180757581 34.06257001522124
-10.274440426472395 34.45909009503768
-10.328283061907236 34.88702562242426
-10.389837423224549 35.34717149979926
-10.459112174951358 35.840327193088086
-10.53608780924749 36.36730022567775
-10.620679144734112 36.92891665778336
-10.712585324033967 37.52606300531633
-10.810239798399323 38.1599796708926
17.162068683857793 -31.12746649815729
17.162068683857793 -31.12746649815729
15.05046427016406 -32.201541847493445
12.81827541913822 -33.153394809317405
10.481364733415898 -33.96463992784942
8.05912126363369 -34.61945026370876
5.573880293461933 -35.10537894080498
3.050124068720816 -35.414015802627745
0.5135218373313037 -35.54141341345249
-2.0101116044184764 -35.48824063603519
-4.495849899617731 -35.25965266112904
-6.920595780624744 -34.864898194954705
-9.263857454258844 -34.31671192248072
-11.50831319558862 -33.630559012534974
-13.640143706982826 -32.823806174120236
-15.649137719523125 -31.91489089341769
-17.528597261464583 -30.922549218147168
-19.275082845626287 -29.865146130524806
-20.888045119236907 -28.76013461721068
-22.369389232075193 -27.623652862850633
-35.545109995933245 -0.030454562273746433
-35.4685842102746 -2.3313743204420234
-35.23450587785495 -4.688855686280164
-34.83247448008725 -7.081983740268498
-34.25555993832778 -9.487485726734462
-33.50088840317248 -11.88049865542439
-32.57002126592763 -14.23550093394607
-31.469077185356724 -16.527339568285583
-30.20857321795463 -18.732268315365104
-28.802992579918886 -20.828907569637323
-27.270117641110183 -22.799045066479607
-25.630191893003357 -24.62821624948063
-23.90498965908467 -26.30603051588004
-22.11687540305971 -27.826239316675355
-20.287926407434014 -29.186569071918996
-18.439176192805938 -30.388362138062263
-16.590015267667795 -31.4360806323229
-14.75776459389833 -32.3367307607686
-12.957418658147986 -33.09926092559826
-11.201541145656734 -33.73397764962674
15.390625977438717 -37.28678414511697
