3.1444969725221483 -35.8674205381748
3.212816488155056 -36.5299575918174
3.2762679526173315 -37.13232299101641
3.3349270152907877 -37.67650344276175
3.3889105631036642 -38.16448203205624
3.4383442084670293 -38.59824107274993
3.4833576446577865 -38.97976251403013
3.5240834847927403 -39.31102804250861
3.560656874988055 -39.59401911623436
3.5932153399049014 -39.83071697813141
3.6218987130407925 -40.023102662005165
3.6468491027657137 -40.173156995712915
3.668210875558543 -40.28286060241906
3.6861306493987627 -40.354193901450095
3.7007572957348316 -40.389137107669434
3.712241954278909 -40.38967023026865
3.7207380776526406 -40.35777306877296
3.7264015715568064 -40.295425199407006
3.729391361782575 -40.20460592261251
3.7298733709414478 -40.087293890282986
3.727967129885002 -39.94547210371144
3.1444969725221483 -35.8674205381748
3.700270048446754 -39.597795211537914
3.675004554318946 -39.39587981327039
3.6482596053482723 -39.17734694545405
3.6202257099999997 -38.94417304708207
3.591092973807122 -38.698334591986026
3.5610504792284416 -38.44180814739041
3.5302861309637876 -38.1765703882939
3.4989866048353235 -37.90459810185527
3.4673373280311637 -37.62786818974868
3.4355224709437664 -37.34835766873179
3.403724944306475 -37.06804367092137
3.372126399405147 -36.78890344368411
3.3409072308970167 -36.512914349591064
3.310246582710988 -36.242053865691815
3.280322358833132 -35.97829958285222
3.2513112426734665 -35.72362920351953
3.2233887335753195 -35.480020539056476
3.1967292199712745 -35.249451502688984
3.171506140677195 -35.03390009536459
3.147892388224278 -34.83534436943483
3.1260615190971066 -34.65576232048361
3.106192594791935 -34.49713145372664
3.088504069587316 -34.36142574937614
3.0727981494868573 -34.250656463953156
3.723869519780294 -39.78111633001762
3.080568101774844 -34.108661656869074
3.1044148599392827 -34.08139040852958
3.1312235234657635 -34.08657671547332
3.1609784895730115 -34.123358952229225
3.1935725185092565 -34.18984342727896
3.228894368643637 -34.28413338232454
3.2668278036738343 -34.404332561857956
3.307251159893383 -34.54854525223974
3.350037176843898 -34.71487629646022
3.3950529255012896 -34.90143110062526
3.442159779553265 -35.106315636014486
3.4912134105221924 -35.327636439500765
3.542063800968407 -35.5635006118766
3.594555277772173 -35.81201581388802
3.6485265752449436 -36.07129025947652
3.7038109505010652 -36.33943270275965
3.7602364013471856 -36.61455241507735
3.8176261043395243 -36.8947591362718
3.875799380781359 -37.178162970312634
3.9345741131089653 -37.462874121826935
3.9937739956879454 -37.74700210694896
4.05325753948506 -38.028652595481105
4.11312110743205 -38.305905308289915
4.170974076505388 -38.5771106504255
3.05951903551437 -34.16677736808918
4.372658952971221 -39.07822237239713
4.517674905660215 -39.30411114820685
4.662644488524165 -39.5160358410564
4.807150510457404 -39.712138597929716
4.950796913949489 -39.89056027110521
5.093177520824668 -40.04944381965758
5.233868220314662 -40.18693516062306
5.372424366861253 -40.30118345104259
5.50837974192666 -40.39034120146027
5.6412460853466655 -40.45256432598374
5.7705128656534725 -40.486012167250564
5.895647162421199 -40.48884750732575
6.016093607919288 -40.45923657396108
6.1312743641461225 -40.39534904010372
6.240589126634632 -40.29535802149284
6.343415153757974 -40.15744006894114
6.439107328127932 -39.979775154777286
6.5269982664212876 -39.76054665113557
6.606398510485008 -39.49794129051012
6.6765968686873975 -39.19014909859132
6.736861054666406 -38.835363266492756
6.786438969540086 -38.43177989707204
6.824561526039815 -37.97759744410093
6.850449712260115 -37.47101531144012
6.8633357855664485 -36.91022965044806
6.862548049741804 -36.29341654734163
6.848104296107124 -35.61861434091523
9.169553470087862 -34.34587146010306
11.469327026512019 -33.64779539217455
13.790545645181737 -32.76492710205352
16.10663140771004 -31.690629875262672
18.38899103787537 -30.42309329775101
20.60816024316682 -28.965899409248117
22.735121514270077 -27.328260956857402
24.742681359583855 -25.524876421499535
26.606775163698842 -23.575392098183663
28.30757077857436 -21.503512127341583
29.83026613747944 -19.335842866600586
31.165516966154428 -17.100589154384792
32.30947948843766 -14.826231226476565
33.263499981223504 -12.540301678742345
34.03351968560878 -10.26835600298319
34.62928495268682 -8.033194934790444
35.06345771986878 -5.854359907086199
35.35071303732917 -3.7478907330828477
35.50689294872092 -1.7263111894426295
35.54826456555617 0.20120529800767528
19.740683317170124 29.56391414149897
21.693183387710462 28.162481987599826
23.606482437592774 26.579194572415943
25.45328108532169 24.816326867333274
27.205926022351946 22.88137204061495
28.837675708755683 20.78720897358187
30.324024703035775 18.55190348736207
31.643960860583775 16.19812761551664
32.781027480639295 13.752230164896588
33.72408154454797 11.243038787240884
34.46767673016677 8.700509066683594
35.01204853370905 6.154352497860728
35.362728662304335 3.632770120852996
35.5298573006113 1.161394589672561
35.52728822562341 -1.2374928396571434
35.37159061420607 -3.545444205700189
35.08104443092594 -5.748036084622555
34.67470799472443 -7.83480840067687
34.17161228316536 -9.79900562117124
33.59011187459663 -11.637180992268007
-10.047953406309674 34.57453325233927
-10.567736892148162 35.07830651257775
-11.081642365392753 35.51964544914799
-11.58867320664497 35.901092380235774
-12.087870192240302 36.22517036878068
-12.578340581389753 36.49437476978451
-13.059262271291601 36.711172022058115
-13.529884836047984 36.87799934663795
-13.989529872907312 36.99726464631493
-14.437591140554332 37.071346465419836
-14.873534621637859 37.10259397167656
-15.296898553562869 37.09332694767498
-15.707293443929387 37.04583578655674
-16.104402077539888 36.96238149099306
-16.487979516335827 36.845195674205215
-16.857853090362738 36.69648056590865
-17.21392236817283 36.518409028903065
-17.55615906186263 36.31312460951164
-17.884606642801415 36.08274174329279
-18.199377642432125 35.82934719291573
-18.50068987003715 35.55498075042487
-10.047953406309674 34.57453325233927
-17.852734353246575 35.28231192371711
-16.91658657311808 35.284592936432034
-15.982345996470258 35.2700418430367
-15.051846311663667 35.240216071731496
-14.12675102795913 35.19671004017975
-13.208553896561256 35.14115493151606
-12.298579015404016 35.07521863812493
-11.397980863489067 35.00060574253262
-10.507744314213426 34.91905751032489
-9.628684640415997 34.83235188648493
-8.761447515723944 34.74230349357551
-7.906509013484282 34.65076363055423
-7.064175603524802 34.55962027216512
-6.234584145870201 34.470798068003816
-5.4177018797906555 34.386258341881415
-4.61332640405405 34.307999089958244
-3.8210856402287163 34.238054978877265
-3.0404377588168927 34.178497340526064
-2.2706710167934716 34.13143416193102
-1.510903351191871 34.09901005915273
-0.7600811597957033 34.08340619980348
-0.01697442366238988 34.08683999230385
0.7198574354530365 34.11156291132242
1.4516058434672061 34.159889775800366
-18.78878252163568 35.26167993753872
3.0708449572855727 33.7672555194288
3.9621549582997204 33.33187947991402
4.85681313846527 32.928450676208215
5.75721714780417 32.554979784897085
6.6654812016798815 32.208546382227695
7.583522943845026 31.886317720761546
8.513062527866765 31.58555218894257
9.45562217832807 31.30359933800353
10.412526016518882 31.03789989094779
11.38489998297078 30.78598574519814
12.373671800899047 30.545479971202283
13.379570959926752 30.314096808728706
14.403128711645962 30.08964165956074
15.444678074575052 29.87001107503994
16.504353850147396 29.653192735454063
17.582092655294332 29.43726541320305
18.677632987028517 29.220398905619682
19.790515352839805 29.000853898520283
20.92008256081988 28.776981668518232
22.065480445312062 28.547223336970767
23.2256600458702 28.31010763305912
24.39938632382598 28.064241945402358
25.585299181669086 27.80824968540459
26.781091258466574 27.541614286936685
2.180282497004356 34.234130640086406
27.876414014105592 27.670615820473557
27.755332203347507 28.072905518867742
27.62102772329547 28.468118994134734
27.472487007059385 28.854666967244796
27.308766265571364 29.23090261531049
27.128982094287267 29.595131213016025
26.932309126362952 29.94561254333371
26.717979250518056 30.28056169956418
26.485281300390966 30.59814940623069
26.233560914704526 30.896502163197354
25.962220470623038 31.173702316813312
25.670719050858622 31.42778809502812
25.358572431502637 31.656753625654794
25.02535308155842 31.85854894136036
24.6706901754373 32.031079977114
24.294269618557962 32.17220855753826
23.895834092634118 32.27975237210641
23.47518313324332 32.35148493246015
23.032173261370133 32.385135496206274
22.56671821847482 32.378388932895184
22.078789404811232 32.328885470579884
21.56841676076789 32.23422018832111
21.03569070812 32.091941895078115
20.480767008328087 31.899550325148446
19.90388134279482 31.65448772078246
19.305407640158478 31.354105155384367
18.68626638436939 30.995426790738076
18.68626638436939 30.995426790738076
0.5985162008515061 -35.27156408669247
-2.025236547216238 -35.21845924642581
-4.766480204985044 -34.95314179326118
-7.593464374742737 -34.44968437524281
-10.467188570115383 -33.68797141713911
-13.342841653584472 -32.65593409124453
-16.17204332912337 -31.35133919508531
-18.905703610850225 -29.78281091070856
-21.497174302933004 -27.969857914434474
-23.905281936967953 -25.94183783540421
-26.09683504820194 -23.735978076145805
-28.048293230308374 -21.39473537183793
-29.746444011280417 -18.962872236243516
-31.188110106546475 -16.484636567005936
-32.37905753766623 -14.001360210237987
-33.332364001178874 -11.5496737987378
-34.06652923205121 -9.160406150719307
-34.60357698281521 -6.8581276423464885
-34.967333859312134 -4.661224896498588
-35.18199631425175 -2.5823613434823756
-12.205766847857817 33.09774479356669
-14.632487071021373 32.098781548225915
-17.091942299535546 30.859471207292003
-19.54515157481009 29.3671330688243
-21.948478306090777 27.617127924738995
-24.255780924111804 25.614420675194467
-26.421149805738295 23.37443684256523
-28.40194269636828 20.92298032873299
-30.161732419742776 18.295118261552
-31.672759537438992 15.533118104485752
-32.91755349774334 12.683695300957858
-33.889533079919545 9.794947799216402
-34.59257945075659 6.913385690631557
-35.039742641339444 4.081407893488915
-35.25135465668073 1.3354585853740275
-35.252862426058385 -1.2950465372860975
-35.072667955258865 -3.7880624683990334
-34.740193697524276 -6.128653736574648
-34.284305062683046 -8.308301940422098
