0.25280549252326523 -34.986320370675
0.25247223404838337 -34.639472295128115
0.25262952840256503 -34.363174277368245
0.25326094014539535 -34.15467406423534
0.2543557238768983 -34.011219362434645
0.2559042722534457 -33.93005787094464
0.2578969824803323 -33.9084372890303
0.2603238840382289 -33.94360531949914
0.26317449695042683 -34.032809669001296
0.26643777703023375 -34.17329804890019
0.2701021020161818 -34.362318174840595
0.27415528377326837 -34.597117767214286
0.2785846050515488 -34.87494455042463
0.2833768887464032 -35.19304625237518
0.28851861980348303 -35.54867060340467
0.29399616279442853 -35.93906533439264
0.299796168923109 -36.361478173121014
0.3059063921959364 -36.81315683748136
0.31231748667750026 -37.29134901945915
0.3190275010800576 -37.79330234648381
0.32605536390312295 -38.3162642638693
0.3334948255800896 -38.8574815664642
0.3418920560667118 -39.414197118082996
0.347201489512571 -39.983693674733814
0.2536833198079762 -35.40647048864753
0.6180096004142399 -41.127564801520066
0.8919868411381344 -41.695782842777504
1.1737398501483653 -42.26509728476546
1.4630853303463596 -42.83276013608537
1.7598519151192704 -43.3960286802251
2.0638216412986026 -43.952165982637325
2.374715322506347 -44.49844101743068
2.6921876803435225 -45.03212870827721
3.015825406043348 -45.550509942550065
3.3451462925015107 -46.050871576913664
3.6795988192548066 -46.53050643579354
4.018561957911061 -46.98671330628915
4.361345106702345 -47.41679692791965
4.707188127198606 -47.81806797381756
5.055261500975803 -48.187843017173606
5.404666682822949 -48.52344446846419
5.754436851574781 -48.822200448917215
6.103538595897817 -49.08144451330929
6.45087615605587 -49.29851495484942
6.795304173749912 -49.470752720846775
7.13567871634001 -49.59549307565348
7.471214479784749 -49.670007237774314
7.7966840501356955 -49.69229254160413
0.3524130723650103 -40.56319286777176
8.04040184507977 -49.61372458478189
7.959996263288076 -49.51731081186509
7.8725931415921195 -49.37403537018443
7.778654260705821 -49.18641951639117
7.6787061031376425 -48.95697372687911
7.573284476761671 -48.688206746307344
7.462920672236521 -48.38262784852114
7.348136851038703 -48.04274759037162
7.229444203605283 -47.67107811318496
7.1073421160213 -47.270133278599616
6.982317759168495 -46.842428736182086
6.854845875992339 -46.3904819587201
6.725388672959468 -45.916812260531
6.594395775749263 -45.423940805584806
6.462304236536966 -44.91439060863573
6.329538600299088 -44.390686526962895
6.196511065919253 -43.85535524046878
6.063621836218658 -43.31092520612083
5.9312599101047 -42.75992655446575
5.799805081587863 -42.20489082832995
5.669633953860341 -41.64835019533572
5.541144013928658 -41.09283429589098
5.414922181232271 -40.540848174241006
5.289463439772192 -39.995170992588925
8.113800453808494 -49.66068131687396
5.230139082934272 -38.9013106386808
5.29238409907731 -38.358987986424324
5.353473883682625 -37.833733086235895
5.413891225543296 -37.32805517601176
5.474190341009205 -36.844452527975164
5.534970832485442 -36.38541585796136
5.596871183794292 -35.95342917665897
5.660566598988794 -35.55097007130905
5.726768147018049 -35.18050981660704
5.796222385043109 -34.84451342276924
5.869711186449365 -34.54543965519417
5.948051671591259 -34.285741040306675
6.032096202341052 -34.067863861250146
6.122732430807389 -33.89424814350738
6.220883412587625 -33.76732762734741
6.327507818543097 -33.68952971907078
6.443600321264967 -33.66327540412428
6.570192323844935 -33.690979082559835
6.708353426478482 -33.77504824086944
6.859194659893092 -33.91788272808523
7.0238765751008145 -34.12187294440747
7.2036335194856065 -34.38939440818922
7.399870748463115 -34.722786019664795
7.61484422212277 -35.124197909185625
-2.2523377428968274 -35.83286192026844
14.433682719281421 -33.47782528748323
16.589453790438256 -32.46361048551205
18.709457084217036 -31.28980981779813
20.771825384756482 -29.96042811785776
22.75527658869936 -28.48321207644821
24.6399298329315 -26.869496471805093
26.408065183705276 -25.133843241201845
28.044766668482794 -23.293497919601776
29.538400227067484 -21.367706822345554
30.88089606004678 -19.376951291385353
32.06782580089845 -17.34216051198254
33.09828547696526 -15.28396157105368
33.97461229860079 -13.222015806218735
34.70197487828659 -11.174476379987652
35.28788176320171 -9.15758611679044
35.74165259064364 -7.185419466521836
36.07389102641872 -5.269759864946707
36.29599061318538 -3.4200947688177905
27.156497479484017 24.323252814270404
28.619487105406336 22.58364321015577
30.00479457024403 20.707686631238857
31.29324038938546 18.70371858086702
32.46665225330986 16.583500061289385
33.50862516278556 14.362034066248043
34.40523648978996 12.057183954048242
35.14565596091154 9.68910986094059
35.72259783346914 7.279559522962785
36.13257725324138 4.8510662599761645
36.37595278638645 2.426116588855507
36.45675915964017 0.026351397080048855
36.382354749269155 -2.328142117325598
36.162924259215 -4.619403840585278
35.81088638980776 -6.832012792465804
35.340258603596624 -8.953329249561222
34.76602713129205 -10.973574637573677
34.10356181853359 -12.88576944189171
33.368104364794476 -14.685557324130286
32.57434692409174 -16.37094698815713
5.1665097976276115 -39.458156966814585
33.94241525806183 20.773815758209906
-9.562981407878567 33.632069527689566
-9.222096004705975 33.346913271278254
-8.904406169986146 33.12881034555974
-8.607722897371332 32.97539596050248
-8.329929754523391 32.8842916358177
-8.068986901532469 32.85310402597182
-7.822932091076012 32.879424626860384
-7.589880996468111 32.960829679223195
-7.368027335577409 33.094880129839595
-7.155642917826896 33.27912161567369
-6.951077654223383 33.51108445659963
-6.752759543598529 33.788283654335345
-6.5591946352755315 34.10821889414578
-6.368966960302174 34.468374551001546
-6.180738411110525 34.86621970136969
-5.993248527193259 35.29920814495776
-5.805314094475733 35.76477844576928
-5.615828342244384 36.260354015271076
-5.4237591747164515 36.78334329476178
-5.228144748899581 37.33114021303996
-5.028080206652618 37.90112555817743
-4.8226646017285475 38.490672466861696
-4.610629386231608 39.0971848482958
-4.395299681964843 39.7175842622884
-9.929295804197523 33.98663844105448
-3.043974405001535 40.60994345613571
-1.8802243977128796 40.86566713893572
-0.6820823077466116 41.113822019785545
0.5504471384592762 41.35170326517715
1.8171212745426715 41.576700806853495
3.117401908478655 41.786293382966335
4.450440929064882 41.97804704683415
5.815075511902307 42.14961466673719
7.209826206802063 42.298735721295344
8.632896075708516 42.42323620231872
10.08217027186322 42.52102855738809
11.55521582883307 42.59011164781327
13.049281564584987 42.62857070656935
14.561298064644404 42.63457728283532
16.087877743152887 42.606389154763406
17.62531501705155 42.5423501742371
19.169586697423483 42.44088996083707
20.716352883517402 42.30052323389279
22.260959223339114 42.11984814458151
23.798443718683757 41.897541276991774
25.323563968221777 41.63233765723052
26.83098789780746 41.32289082185093
28.312712479492575 40.96967356270221
-4.173162426649554 40.34949226399789
30.2561632577291 39.95450367832149
30.71597915085539 39.299167405456814
31.144142925599965 38.60960296192408
31.54072732799432 37.88942010109386
31.905953600033286 37.142081747859095
32.24016190883157 36.37092569412394
32.54380395254361 35.57917002254578
32.817440495360245 34.76991491527954
33.0617403812638 33.94614337800007
33.2774800849607 33.110721568622324
33.4655434874947 32.26639896187007
33.626921755495005 31.41580843743654
33.76271327245354 30.561466329330273
33.87412359826811 29.705772453696056
33.962465446149224 28.851010123550992
34.02915867032044 27.99934615209574
34.07573026500097 27.15283084468274
34.103814376940704 26.313397970551023
34.115152345539855 25.48286469177063
34.111592814006144 24.662931378094612
34.09509207201967 23.85518104377644
34.06771543764722 23.061077087610443
34.0316469456597 22.281947461615346
33.989057615583874 21.51919990681509
29.76497798962754 40.57170334034947
33.25765078572044 20.77846818173262
32.590929789637414 20.782811946334675
31.944133102400826 20.788571387720737
31.31909516542936 20.79752471348735
30.71759354919419 20.811521127844372
30.141347458477924 20.832483275608467
29.592017361593832 20.862407850584617
29.071204869651524 20.903365794865152
28.58045269244718 20.957502374737288
28.12124462372708 21.02703721038702
27.695005539886097 21.11426428374901
27.30310140874309 21.22155193396742
26.94683930755923 21.351342841880097
26.627467453212148 21.50615400129348
26.346175251652994 21.688576670668965
26.104093380713948 21.901276291656472
25.90229393502068 22.146992346711386
25.741790692906534 22.428538094124434
25.623539650458156 22.74880004059068
25.54844019369608 23.11073678207694
25.517338025808044 23.517376108139047
25.53103394663873 23.971806320126376
25.590318962575907 24.477141508130074
25.696220047333554 25.03627850538976
-4.882461997853909 -35.57005177877329
-4.882461997853909 -35.57005177877329
-7.606976457412713 -35.088472863341735
-10.392737675710691 -34.3665247342376
-13.200458983408424 -33.3888439651997
-15.986284064198344 -32.14818409372231
-18.704023548090134 -30.64680279927404
-21.30785575904096 -28.89709849893248
-23.75518336658405 -26.92133506951447
-26.009283728202576 -24.750437948669884
-28.041412561210336 -22.422002592924116
-29.832115329106784 -19.97778550530498
-31.37164233890951 -17.46101588295025
-32.65951311545524 -14.913860055884584
-33.70339625774554 -12.375301992213537
-34.51753995087063 -9.879597888839015
-35.121001469577664 -7.455352069421281
-35.535892494472506 -5.125169590012916
-35.78579963368401 -2.9057810108340902
-35.89447496723119 -0.8085082138813675
-12.452166858981485 33.675073262298696
-14.895901281141704 32.66770796562841
-17.367194174423588 31.42367873456206
-19.828093591124144 29.931817907483037
-22.23655524949106 28.188696836523548
-24.548489879183165 26.19997449152845
-26.720304057639794 23.98108358211485
-28.71166998984623 21.557064389644154
-30.488182637893033 18.96148037848252
-32.02355244619804 16.23450360900216
-33.30104815357092 13.420402772594116
-34.31403206419719 10.56476323456178
-35.06558528069604 7.711792763510601
-35.56736197703725 4.902018023172161
-35.83790754830568 2.170576251643041
-35.90071129498244 -0.4538140802358157
-35.78224507492223 -2.949229747460265
-35.510182789507496 -5.300371398389615
-35.111923342109606 -7.497990258924062
-34.613470217775586 -9.538065746694343
10.10044721219765 -35.029658133269635
