95.4977379919
7.8782541382
97.8392314032
38.3030939134
100.186468988
38.7567924225
102.539295703
39.2377054019
104.897556507
39.7441885883
107.261096357
40.2745977182
109.629760209
40.8272885279
112.003393023
41.4006167541
114.381839754
41.9929381334
116.764945362
42.6026084021
119.152554802
43.2279832968
121.544513033
43.8674185541
123.940665012
44.5192699104
126.340855696
45.1818931023
128.744930044
45.8536438662
131.152733012
46.5328779388
133.564109558
47.2179510565
135.978904639
47.9072189559
138.396963214
48.5990373734
140.818130238
49.2917620455
143.242250671
49.9837487089
145.669169469
50.6733531
148.098731589
51.3589309553
150.53078199
52.0388380113
152.965165629
52.7114300046
155.401727463
53.3750626717
157.84031245
54.0280917491
160.280765546
54.6688729733
162.722931711
55.2957620809
165.1666559
55.9071148083
167.611783072
56.501286892
170.058158185
57.0766340687
172.505626194
57.6315120747
174.954032059
58.1642766467
177.403220736
58.6732835211
179.853037183
59.1568884345
182.303326358
59.6134471233
184.753933218
60.0413153241
187.20470272
60.4388487735
189.655479821
60.8044032078
192.10610948
61.1363343638
194.556436654
61.4329979777
197.0063063
61.6927497863
199.455563376
61.9139455259
201.904052839
62.0949409332
204.351619647
62.2340917446
206.798108757
62.3297536966
209.243365127
62.3802825259
211.687233714
62.3840339688
214.129559475
62.3393637619
216.570198852
62.244975312
219.009077317
62.1016618323
221.446146009
61.9109937039
223.881356115
61.674542608
226.314658818
61.3938802258
228.746005303
61.0705782386
231.175346755
60.7062083276
233.602634357
60.302342174
236.027819296
59.8605514591
238.450852755
59.3824078641
240.871685918
58.8694830702
243.290269971
58.3233487587
245.706556098
57.7455766107
248.120495483
57.1377383076
250.532039312
56.5014055304
252.941138768
55.8381499606
255.347745036
55.1495432792
257.751809301
54.4371571676
260.153282747
53.7025633069
262.552116558
52.9473333784
264.948261921
52.1730390633
267.341670018
51.3812520428
269.732292034
50.5735439982
272.120079155
49.7514866107
274.504982564
48.9166515615
276.886953446
48.0706105319
279.265942986
47.2149352031
281.641902368
46.3511972563
284.014782777
45.4809683727
286.384535397
44.6058202336
288.751111413
43.7273245202
291.11446201
42.8470529138
293.474538371
41.9665770955
295.831291682
41.0874687466
298.184673127
40.2112995483
300.534633891
39.3396411818
302.881125158
38.4740653284
305.224098113
37.6161436694
307.56350394
36.7674478859
309.899293824
35.9295496591
312.231418949
35.1040206703
314.559830501
34.2924326008
316.884479663
33.4963571317
319.20531762
32.7173659443
321.522295556
31.9570307198
323.835364657
31.2169231394
326.144476106
30.4986148844
328.449581089
29.803677636
330.75063079
29.1336830754
333.047576393
28.4902028839
335.34036908
27.8748087427
199.452469787
94.89880918
201.436238727
195.35898225
203.428707557
195.810614542
205.429540055
196.253264562
207.438399998
196.686490816
209.454951165
197.109851812
211.478857332
197.522906056
213.509782278
197.925212055
215.547389779
198.316328315
217.591343615
198.695813342
219.641307561
199.063225644
221.696945397
199.418123727
223.7579209
199.760066098
225.823897847
200.088611263
227.894540015
200.403317728
229.969511184
200.703744002
232.04847513
200.989448589
234.131095631
201.259989997
236.217036464
201.514926732
238.305961408
201.753817301
240.39753424
201.976220211
242.491418737
202.181693967
244.587278678
202.369797078
246.68477784
202.540088048
248.78358
202.692125386
250.883348937
202.825467597
252.983748427
202.939673188
255.084442249
203.034300666
257.18509418
203.108908538
259.285367999
203.163055309
261.384927481
203.196299487
263.483436406
203.208199578
265.580558551
203.198314088
267.675957693
203.166201526
269.769297611
203.111420396
271.860242081
203.033529205
273.948454882
202.932086461
276.033599792
202.80665067
278.115340586
202.656780338
280.193341045
202.482033972
282.267264944
202.281970079
284.336776063
202.056147165
286.401538178
201.804123737
288.461215067
201.525458301
290.515470507
201.219709364
292.563968278
200.886435433
294.606372155
200.525195014
296.642345917
200.135546614
298.671553341
199.71704874
300.693660862
199.269266711
302.70853494
198.792279054
304.716378051
198.287026383
306.717424834
197.754531845
308.711909932
197.195818585
310.700067986
196.611909751
312.682133637
196.00382849
314.658341528
195.372597947
316.6289263
194.71924127
318.594122593
194.044781604
320.55416505
193.350242097
322.509288313
192.636645896
324.459727022
191.905016146
326.405715819
191.156375994
328.347489346
190.391748587
330.285282244
189.612157072
332.219329155
188.818624595
334.14986472
188.012174302
336.077123581
187.193829341
338.001340379
186.364612857
339.922749755
185.525547998
341.841586352
184.677657909
343.75808481
183.821965738
345.672479772
182.959494631
347.585005878
182.091267735
349.495897771
181.218308196
351.405390091
180.341639161
353.313717481
179.462283776
355.221114581
178.581265188
357.127816034
177.699606543
359.03405648
176.818330989
360.940070562
175.938461672
362.84609292
175.061021737
364.752358197
174.187034333
366.659101033
173.317522605
368.56655607
172.4535097
370.474957951
171.596018764
372.384541315
170.746072945
374.295540806
169.904695388
376.208191063
169.072909241
378.12272673
168.25173765
380.039382447
167.442203761
381.958392855
166.645330721
383.879992597
165.862141677
385.804416314
165.093659774
387.731898646
164.340908161
389.662674237
163.604909983
391.596977727
162.886688387
393.535043758
162.18726652
395.477106971
161.507667527
397.423402008
160.848914556
399.37416351
160.212030754
-20.449737259
40.036586611
-19.7768891328
141.059817326
-19.09322242
142.070359748
-18.3988642492
143.068310493
-17.6939417488
144.053766179
-16.9785820473
145.026823421
-16.2529122734
145.987578836
-15.5170595555
146.936129041
-14.7711510221
147.872570652
-14.0153138017
148.797000286
-13.2496750229
149.709514559
-12.4743618142
150.610210089
-11.6895013042
151.499183491
-10.8952206212
152.376531382
-10.0916468939
153.242350379
-9.2789072508
154.096737098
-8.45712882037
154.939788156
-7.62643873115
155.77160017
-6.78696411166
156.592269755
-5.93883209043
157.401893529
-5.08216979596
158.200568109
-4.21710435679
158.98839011
-3.34376290143
159.765456149
-2.4622725584
160.531862843
-1.57276045623
161.287706808
-0.675353723422
162.033084662
0.22982051149
162.76809302
1.14263511999
163.492828499
2.06296297356
164.207387716
2.99067694368
164.911867287
3.92564990182
165.606363828
4.86775471948
166.290973958
5.81686426812
166.965794291
6.77285141923
167.630921445
7.73558904428
168.286452036
8.70495001477
168.93248268
9.68080720216
169.569109995
10.6630334779
170.196430597
11.6515017136
170.814541102
12.6460847806
171.423538127
13.6466555504
172.023518289
14.6530868945
172.614578203
15.6652516845
173.196814488
16.6830227917
173.770323758
17.7062730876
174.335202631
18.7348754437
174.891547724
19.7687027316
175.439455653
20.8076278227
175.979023034
21.8515235884
176.510346484
22.9002629003
177.03352262
23.9537186298
177.548648059
25.0117636484
178.055819416
26.0742708276
178.555133308
27.1411130388
179.046686352
28.2121631537
179.530575165
29.2872940435
180.006896363
30.3663785798
180.475746562
31.4492896342
180.93722238
32.535900078
181.391420433
33.6260827827
181.838437337
34.7197106199
182.278369708
35.816656461
182.711314165
36.9167931774
183.137367322
38.0199936408
183.556625797
39.1261307225
183.969186206
40.235077294
184.375145166
41.3467062268
184.774599294
42.4608903924
185.167645205
43.5775026623
185.554379517
44.6964159079
185.934898845
45.8175030007
186.309299808
46.9406368123
186.67767902
48.065690214
187.0401331
49.1925360774
187.396758662
50.321047274
187.747652325
51.4510966752
188.092910704
52.5825571525
188.432630416
53.7153015773
188.766908078
54.8492028213
189.095840306
55.9841337558
189.419523716
57.1199672523
189.738054926
58.2565761823
190.051530552
59.3938334173
190.360047211
60.5316118288
190.663701518
61.6697842882
190.962590091
62.8082236671
191.256809546
63.9468028368
191.5464565
65.085394669
191.831627569
66.223872035
192.11241937
67.3621078063
192.38892852
68.4999748545
192.661251634
69.637346051
192.92948533
70.7740942673
193.193726225
71.9100923748
193.454070934
73.0452132451
193.710616074
74.1793297496
193.963458262
75.3123147599
194.212694115
76.4440411473
194.458420248
77.5743817834
194.700733279
78.7032095396
194.939729825
79.830397287
195.175506501
2.6925292929130364
-35.87059056619318
2.8034840001675576
-36.660828555796655
2.9116956948440276
-37.38261403189984
3.0168043940287106
-38.038169560815575
3.118657211825308
-38.62970196199479
3.217146041444309
-39.159414492589086
3.312184366412751
-39.629508587860364
3.4037014628527373
-40.04218429648041
3.4916404662701126
-40.39964042525442
3.57595759762188
-40.70407459783579
3.656621810576894
-40.95768328083301
3.733614613951019
-41.16266179718579
3.8069299743505383
-41.32120433375036
3.8765742577522246
-41.43550394571312
3.942566189747538
-41.50775255970061
4.004936822069197
-41.5401409770133
4.063729493385495
-41.53485887710917
4.118999763685736
-41.49409482438107
4.170815266688578
-41.42003628396655
4.219255281537443
-41.314869668092236
4.26440903414661
-41.180780518454654
4.306363827812618
-41.019954786911086
4.345364633475015
-40.83456162371961
2.6925292929130364
-35.87059056619318
4.291502236161364
-40.409879145966386
4.200371990322793
-40.17482181723448
4.108384149269568
-39.92378464643697
4.015840568146928
-39.6589338268121
3.923026333101433
-39.382437079871195
3.830211607636272
-39.09646345658297
3.737652094327416
-38.80318328748558
3.645589188909497
-38.50476816597792
3.5542500421913985
-38.203390941957544
3.4638475884943887
-37.90122571837137
3.3745805604275745
-37.60044785005397
3.2866334975316818
-37.30323394233837
3.2001767524869535
-37.011761851062964
3.115366496740478
-36.72821068168396
3.032344727511827
-36.45476078873265
2.9512392788662964
-36.19359377521712
2.872163842427625
-35.94689249107755
2.7952180119142724
-35.7168410301202
2.720487393631771
-35.505624722443535
2.648043937195837
-35.315430111697744
2.5779472577227978
-35.148444864801185
2.510253890046755
-35.00685713867011
2.4448928794496965
-34.89286409313573
4.38144333924194
-40.62679336180507
2.4302623309296507
-34.74686538324824
2.480832688579568
-34.718886064626105
2.5337460049274227
-34.723918112072326
2.589007701908457
-34.76006179402671
2.6466135556816823
-34.825414156445504
2.7065485497307407
-34.91807319843281
2.7687865196889163
-35.03613789711808
2.8332900384449715
-35.17770821494
2.900010374874057
-35.34088510232272
2.9688874814191024
-35.523770498071876
3.0398499968567307
-35.72446732907045
3.112815260756804
-35.941079507916314
3.187689341588282
-36.17171193020906
3.26436708491201
-36.414470469249245
3.342732195736602
-36.667461967234374
3.422657383947552
-36.92879421976538
3.5040046352712295
-37.19657594701611
3.5866257538349373
-37.46891673613228
3.670363556210134
-37.74392691396432
3.7550548569857938
-38.019717229922485
3.8405394257213175
-38.294397903528235
3.9266958151605422
-38.566074815096464
4.013692159203174
-38.83282283947742
4.098619949694978
-39.09304375815043
2.3819546805496543
-34.80865212230391
4.340881468252121
-39.57045760718868
4.499257729931799
-39.783635549734456
4.657676439089244
-39.98234981881259
4.815688339867677
-40.16474908922127
4.972873110490525
-40.32898016323848
5.128800711364988
-40.47319208036111
5.2830217243460424
-40.59553714380161
5.435064135437017
-40.69417126259533
5.584432051520196
-40.76725408723208
5.730605121948315
-40.81294907044803
5.873038255952906
-40.82942349658112
6.011161479455097
-40.81484849498115
6.144379866130123
-40.767399045795685
6.272073514452302
-40.685253978686504
6.393597561264357
-40.56659596752035
6.508282233408011
-40.40961151737432
6.615432951456398
-40.21249094219282
6.714330517595897
-39.973428325631225
6.804231455824208
-39.6906214518325
6.884368652495709
-39.36227167451782
6.953952645182596
-38.986583655759944
7.012174464845771
-38.56176479011099
7.058212747488881
-38.08602376278411
7.091255076311711
-37.55756622538385
7.110583358441318
-36.9745774968508
7.116171475111344
-36.33510146561123
9.406678674269415
-35.10628349897089
11.628532255966775
-34.43419786147213
13.86276894080163
-33.597029363993144
16.08708052245413
-32.59052906988696
18.27790301597156
-31.414248457185955
20.411259147866815
-30.07186799634658
22.46369270336197
-28.571301246530446
24.41322280438925
-26.924548224516595
26.24023896768398
-25.147298139361034
27.928261448554792
-23.258309423778847
29.464505718347823
-21.27861949386098
30.8402124996735
-19.230653596954344
32.05073149315814
-17.137308876966458
33.095373089296004
-15.02108600838743
33.977063849837805
-12.903328134055776
34.701855674496414
-10.803608542403325
35.27834443844631
-8.739288213202283
35.717052224287045
-6.725245363451236
36.0298199271399
-4.773763799031652
36.229246307341896
-2.894556406951697
25.72135122038037
25.677788771405286
27.308053655262768
23.98347244150356
28.82281226629391
22.14005957203022
30.244189458584515
20.155042763147815
31.55156363195067
18.03983306935074
32.72602297136683
15.80962255301002
33.75122634348821
13.48300653050713
34.61415589746463
11.081378808482523
35.30569290377184
8.628139624254192
35.82096546901522
6.147778270130647
36.15944144779172
3.6649064073714364
36.32476789108978
1.2033214240274646
36.32438488033108
-1.214828323939134
36.16896234836361
-3.569720918185247
35.87172077382593
-5.844347141960235
35.4476997043306
-8.024794730251497
34.913032976457714
-10.10034025049885
34.28427854944891
-12.063373870309633
33.57783683739234
-13.909191856917172
32.80947691602472
-15.63569535671219
-10.080937435538715
34.53004028351858
-10.52563205941017
35.21254296614326
-10.959611925815494
35.826166529015325
-11.382512666460613
36.373391311144964
-11.793848852830976
36.85672868759423
-12.193158615359621
37.27867884897376
-12.580024303830115
37.64172476947333
-12.954077653120066
37.94833069881045
-13.315001505590686
38.20094165891916
-13.662530500958312
38.40198324309194
-13.996451390448016
38.55386152373163
-14.316603194940711
38.65896300599846
-14.622877291607281
38.71965460242895
-14.915217465493697
38.7382836172759
-15.193619944044329
38.71717773545424
-15.458133425360472
38.65864501297932
-15.708859109482276
38.56497386427532
-15.94595074897802
38.43843304025645
-16.169614760672346
38.281271577933104
-16.380110547780504
38.09571865303486
-16.577751774324383
37.88398299265748
-16.762915269440725
37.64824877441371
-16.935921389461555
37.39073074046654
-10.080937435538715
34.53004028351858
-16.184657137905674
37.06183790914482
-15.274175406742472
36.991798524461345
-14.36773320544387
36.90523998704798
-13.46703270976198
36.80400145824647
-12.573601930186584
36.68995383770639
-11.688793327040372
36.5650004016372
-10.813783464044121
36.43107696220301
-9.949572892640447
36.29015192057952
-9.096986105567595
36.14422628847886
-8.256671515268692
35.995333697408334
-7.429101442750124
35.845540403829595
-6.614572110668064
35.69694529121055
-5.813203638375768
35.55167987195739
-5.024940036820368
35.411908287723136
-4.2495492019474455
35.279827309606354
-3.4866229039230063
35.15766633804331
-2.735576766537548
35.04768740163679
-1.9956502227130954
34.95218515442983
-1.265906403892501
34.873486868801855
-0.545231808744802
34.81395241380785
0.16766502147521578
34.77597416887283
0.8742627748121663
34.76197641795428
1.5761025781129092
34.774423503751436
-17.097311752344012
37.11354625256062
3.149470393266739
34.369383899083076
4.024907818144811
33.95730028598954
4.903827249987302
33.577657421461545
5.788414600409851
33.22754241106207
6.680666184296314
32.90412294800587
7.582387652921085
32.60465143934919
8.495193636166448
32.32646502866202
9.420507624578079
32.06698560159764
10.359561924000047
31.823719786651907
11.313397637221442
31.59425895314154
12.282864658093672
31.37627920753937
13.268621672628512
31.167541386403606
14.27113616662308
30.965891046445385
15.29068444079806
30.769258447943997
16.32735163797264
30.575658527312243
17.381031791801206
30.383190849194342
18.451427918039116
30.19003951764777
19.53805219761648
29.994472998754134
20.640226379456067
29.794843730135803
21.757082788249875
29.589587145805233
22.88756734744379
29.377218750141537
24.030451671522087
29.15632241449132
25.184417711493097
28.92546845305911
26.34691668519281
28.684318000945687
2.2750781646753637
34.81580086708307
27.64211546877641
28.65226388191983
27.758403016216903
28.864889167560833
27.86428431475389
29.067649517995534
27.958472320030808
29.25915393156461
28.039707131788703
29.437985511420543
28.106742948909528
29.602714091490043
28.158344808674144
29.751899391888315
28.19328750125669
29.884092070188913
28.210355136568126
29.99783414039291
28.20834094929802
30.091659161844795
28.186047204171985
30.164092331671604
28.142285148118958
30.21365053099678
28.075874988568444
30.238842347342214
27.98564588731506
30.23816808064754
27.870435968921583
30.210119737726913
27.729092343500724
30.153181012204094
27.56047115124676
30.065827245667165
27.363437642163035
29.946525357288365
27.136866320569197
29.793733716711166
26.879641216591097
29.605901903193
26.59065643398884
29.38147022140492
26.268817359123545
29.118868632221666
25.913043687016398
28.816514074501868
25.522278506695727
28.4728024267059
25.09552465041537
28.086076345004074
24.63209915322716
27.654400112708824
24.63209915322716
27.654400112708824
0.15886443481291224
-35.10335488656182
-2.446890573774539
-35.01833075291461
-5.165595558848622
-34.72156944498556
-7.965495347721884
-34.188033667731936
-10.807819825115232
-33.39852980040286
-13.648237094998265
-32.341867391962154
-16.439079354785704
-31.016567059679737
-19.13215577347792
-29.4318089430454
-21.681831482059366
-27.607407444092445
-24.04797329060996
-25.572753915342428
-26.198369564922075
-23.364849546708324
-28.110325752751365
-21.02570684364155
-29.771291585344173
-18.59948815266074
-31.178546460040863
-16.129755200858604
-32.33811150989749
-13.657133893097303
-33.26314156039257
-11.217583328588937
-33.972070737360035
-8.841333158317141
-34.48675372798131
-6.552448359668237
-34.8307820463105
-4.368911104951103
-35.02808293692726
-2.30307793274487
-12.18356011324164
32.92159815634074
-14.593348181638461
31.926555577606884
-17.034500314554023
30.69359153364119
-19.468489535592298
29.210420698837687
-21.85227403851134
27.47269337990644
-24.140416382069773
25.485506844103547
-26.287767490513303
23.264222371815123
-28.25243343752568
20.834365050529676
-29.99864930066967
18.23051843300083
-31.499165663289702
15.494299749171724
-32.73682316839926
12.67166804495401
-33.70513344547492
9.809930765468202
-34.40786105683437
6.954844332846861
-34.85776265953875
4.148149535855403
-35.07474803286673
1.425767383363592
-35.08376641675609
-1.1832566142002534
-34.91269700176416
-3.6570958783657375
-34.59045576958747
-5.980897244792342
-34.145447845221256
-8.146112793831588
0.4123667764469019
-35.48432457744747
0.45879724939325683
-35.1511138788278
0.5053521655677002
-34.88486945287599
0.5522136040777923
-34.682980810781544
0.599592073005482
-34.54283744112465
0.6476955295742357
-34.461829126604556
0.6967216393221349
-34.437346022138655
0.746855200953064
-34.4667786811994
0.7982671228832885
-34.547518066230225
0.8511139668888745
-34.67695555213945
0.9055377323492451
-34.85248292852938
0.9616657580746732
-35.07149239919241
1.0196106935298133
-35.331376581253096
1.0794705248109153
-35.62952850212258
1.141328662924849
-35.96334159446559
1.2052541280052367
-36.33020968728985
1.2713019121434854
-36.72752698881607
1.3395137202985836
-37.15268805176203
1.4099196122315334
-37.60308769780448
1.4825421172572248
-38.07612082777973
1.5574085876060906
-38.569181852587974
1.63460062143389
-39.07966241590367
1.7146000379046598
-39.60493545638036
1.7936661439813975
-40.14256816672278
0.36612398023692094
-35.88710980316844
2.0791704132083737
-41.22789753414338
2.289699645064445
-41.769906181438415
2.5054235868032606
-42.31327960546048
2.7260889417783005
-42.85542423461604
2.9514720473902116
-43.39374753561734
3.1813252482286885
-43.925660483426896
3.4153634927912435
-44.44857817825917
3.653259870275974
-44.959920050744444
3.894643831479925
-45.4571099428604
4.139100388859163
-45.937576143523444
4.386169729268261
-46.39875140408452
4.635347024787791
-46.8380729441798
4.886082355150961
-47.25298245003816
5.137780712019492
-47.640926066235835
5.389802090882199
-47.999354376077775
5.641461718760354
-48.3257223639454
5.892030550210791
-48.61748933772205
6.140736389281301
-48.87211875597694
6.3867667195658555
-49.08707779552114
6.6292772167115
-49.25983605335941
6.867425821013512
-49.38786035199428
7.100611277176995
-49.46857837718312
7.325269944512058
-49.49988823212516
1.8744942285884463
-40.689830979528466
7.486815158718514
-49.441115190200634
7.424699799473672
-49.35515100246241
7.3563050947870465
-49.22505204338481
7.282013923503428
-49.053051367504565
7.202252271145198
-48.84137535132183
7.117452249566782
-48.59224933001306
7.028042853349405
-48.307899006822936
6.934446880381643
-47.990550922331465
6.837079702583196
-47.64243264222637
6.736348710428217
-47.265772841695
6.632653040087064
-46.86280134760321
6.526383433469277
-46.43574915959741
6.41792216918077
-45.986848461661054
6.307643038216497
-45.518332626097845
6.195911357593445
-45.032436212592955
6.083084030092152
-44.53139496130575
5.969509680276076
-44.01744577574553
5.855528945165702
-43.49282668578627
5.74147512842336
-42.95977676458773
5.6276758479729665
-42.42053591788368
5.514457990390099
-41.877344251610964
5.4021675402862
-41.33243953931219
5.2913084033644395
-40.78803949202219
5.180663366912313
-40.246581744858304
7.542570270461454
-49.48066541291439
5.100751323026202
-39.15992911866428
5.128727427256365
-38.61975081833978
5.155770702239465
-38.091887262720604
5.182234589174357
-37.578571768258485
5.208524995405526
-37.082030203974426
5.235078846649685
-36.6044837302625
5.262358730762344
-36.148149482402744
5.29085111952304
-35.71524079744023
5.321065666380491
-35.30796730220388
5.353534899596468
-34.92853495230091
5.38881408525333
-34.5791460470968
5.42748117711011
-34.26199923393176
5.470136822423683
-33.97928950385665
5.517404417895477
-33.73320817834559
5.569930228331998
-33.52594288527618
5.628383603159705
-33.359677515913745
5.693457368187637
-33.236592148185366
5.7658685623
-33.15886290293972
5.84635991776554
-33.1286616561039
5.935703122113978
-33.14815540361394
6.034706977705525
-33.21950467509487
6.144241884176097
-33.34485877140952
6.2653377737381675
-33.52633671886667
6.399869664145854
-33.76589393889262
-2.1213789897919924
-36.30058203830265
12.803980265733628
-32.2429011785937
14.870827751885429
-31.343341701733237
16.90812982773508
-30.292932059909788
18.895372275468617
-29.094870572479067
20.812494232511312
-27.75584030216956
22.640643852876394
-26.285886574073658
24.36288714266459
-24.698103512853862
25.96481461893387
-23.008150487647896
27.435000649577148
-21.23363667428535
28.765286169285673
-19.393424108623947
29.950874249892934
-17.5069048870711
30.990246655025203
-15.593306234360796
31.884925263336584
-13.671069014868408
32.639113197095355
-11.757332893350025
33.25925585924665
-9.867547149470425
33.75356214741004
-8.015212375151606
34.13152194980222
-6.21174665034107
34.403449109408086
-4.466461287666249
26.815317972864648
22.011026988126133
28.128477056316342
20.30604258712512
29.362769852554436
18.476318184199357
30.500652965573295
16.530479597746734
31.525671045480124
14.480284948509478
32.42314903333778
12.340421136242554
33.18083411362511
10.12812097982382
33.78943353014665
7.862618442329364
34.24300190518886
5.564477296124807
34.53914570029349
3.2548427537674343
34.67903091884244
0.9546735503946593
34.667200114764455
-1.315987561008626
34.5112230532871
-3.538653758722347
34.22121928580083
-5.696905971752358
33.80929881490738
-7.776753866630912
33.288968568945165
-9.766839748538644
32.674548358029824
-11.658493755911394
31.980631908052317
-13.445659887841856
31.221618343201953
-15.124719339190705
30.41132888317162
-16.694240402528834
5.0716915818877055
-39.71016222084501
33.420865423071575
22.037803735412382
-14.774748894701872
32.15686380542229
-14.118438313850021
31.99073889147371
-13.497734462337803
31.88329075633422
-12.90875429382703
31.832876927742035
-12.347736854407515
31.83783007122159
-11.811065734620001
31.89644726343522
-11.295274678072929
32.0069873100087
-10.797049446148094
32.16766985232374
-10.31322855740305
32.37667501085215
-9.840803614607296
32.6321432228342
-9.376919456272503
32.93217516289195
-8.918874220047115
33.27483170060279
-8.46411935194655
33.65813387861701
-8.010259568640492
34.08006290172932
-7.5550527621345225
34.538560134729124
-7.0964098114299645
35.03152710914651
-6.632394217597238
35.55682554262569
-6.161221362766156
36.112277382683146
-5.681256871386665
36.69566490804132
-5.191012505891422
37.30473098460618
-4.689133846998033
37.937179836952424
-4.174351007583937
38.59068013681892
-3.645133619550478
39.26288663073632
-3.1043003930057296
39.95115118371933
-15.470514157962498
32.38335820266104
-1.482350592351139
40.895425286449154
-0.385899499962818
41.133660835579775
0.7407120553762638
41.36521956630443
1.8974059874242926
41.58753255170785
3.0839011309935245
41.798114511882204
4.2996597630667
41.99456045985397
5.5438742350806365
42.1745448616046
6.815462519658922
42.33582135433116
8.113066432817334
42.476222631002685
9.435050830816806
42.59366038446353
10.779503215650266
42.68612527404241
12.144233533444435
42.75168690032132
13.526774076140043
42.788493778307526
14.924379450737433
42.79477330184969
16.334026609203647
42.768831685622985
17.75241496086187
42.70905386240537
19.175966637309216
42.61390328002324
20.600827105335327
42.48192145620831
22.02286672399225
42.31172686837934
23.43768543757551
42.102011625204824
24.840631568674723
41.85152815390538
26.22693340013609
41.5589960168121
27.589930120538952
41.224380215390795
-2.548391851085512
40.65318896137089
29.412596420443833
40.278022195517735
29.87027821309556
39.67230972990768
30.29896545442233
39.033578066797304
30.698642094347917
38.36502975874933
31.069413714172413
37.66975092052843
31.41148712555116
36.950725675764346
31.72516527015955
36.21083976916793
32.01084551916392
35.45288177049221
32.26901899313202
34.6795435563819
32.50027025255258
33.89342052881352
32.70527714365801
33.09701172433469
32.88481071532357
32.292719871617294
33.039735172949804
31.482851423680813
33.171007851629895
30.66961657451091
33.27967920195408
29.85512926586921
33.36689278536437
29.041407185074746
33.43388527933098
28.23037175048529
33.48198649833006
27.423848074992208
33.51261944876728
26.623564880037662
33.52730047255022
25.831154274817095
33.527639685585314
25.04815109006296
33.51534273790463
24.275990207254125
33.49222314546057
23.515987856115316
33.46003453713331
22.76959601511888
28.926200560194616
40.847295346706005
32.81681561969776
21.937655066779456
32.22506265863018
21.83756876201241
31.64733584943582
21.739000567145098
31.085345174539043
21.643426990972046
30.54076794993489
21.552365535477577
30.01524692129584
21.467377583857086
29.51038979006438
21.390069120182005
29.027769058384365
21.322090966784174
28.568921969455516
21.265138875233333
28.135350485565596
21.220953564117593
27.72852128143211
21.191320731361145
27.349865748619095
21.17807105327563
27.000780008734807
21.183080172531504
26.682624936940442
21.208268673348613
26.396726202265995
21.255602039136846
26.144374335257737
21.327090579808612
25.926824846736224
21.42478930394458
25.745298447974278
21.550797681309604
25.600981490663514
21.707259168806644
25.49502693268147
21.896360168047153
25.428556752088355
22.12032742248695
25.402669183991748
22.381420209921913
25.418467666933395
22.681899120544216
25.477263451078215
23.023807508295363
-4.7210629721285216
-36.05473713052237
-4.7210629721285216
-36.05473713052237
-7.40305320044277
-35.60094533083759
-10.136530082378414
-34.92110054146218
-12.885750787466066
-34.00279299971092
-15.611459885738668
-32.84074946425318
-18.272781878946034
-31.43784260318023
-20.829429075555595
-29.805492606636648
-23.243988160726445
-27.9633603045464
-25.484019463805282
-25.938335665695035
-27.523724988125707
-23.76293474964524
-29.345010715970744
-21.47330554938935
-30.93786785487771
-19.10708867755619
-32.30010164132787
-16.701375365453003
-33.436521641470506
-14.29095957790608
-34.357759276335
-11.907009811337502
-35.07889291064609
-9.57620892113863
-35.618044264256895
-7.320343429601394
-35.995073486081424
-5.156276744848924
-36.230456133696265
-3.0962159941101675
-17.886013791671843
31.65948539982918
-20.111974641394085
30.294240065758288
-22.32028797181161
28.706049013984398
-24.47531042898723
26.892223495698175
-26.53948600517876
24.85735681279874
-28.475246657230457
22.613996394882463
-30.24715594646048
20.18271692038448
-31.824068245893727
17.591508901130993
-33.18104669196359
14.874496481010851
-34.30080275448694
12.070105034159951
-35.17448818090202
9.218887478945419
-35.80177088945942
6.361266093831347
-36.19023545131225
3.5354438358506286
-36.35424060191036
0.7756902708462974
-36.31342272758957
-1.8888713416362464
-36.091049410931674
-4.434936026095727
-35.7124062413323
-6.8451841167292
-35.2033557600011
-9.10803208012959
-34.58915400790778
-11.217082069553925
-33.8935596657426
-13.170387933641848
8.661572748850972
-33.59350747650828
20.897804897732676
-29.346435163376867
21.054001099587534
-29.7580847569878
21.19389022185889
-30.151132236595544
21.31795470620411
-30.525876502455077
21.426671908678003
-30.882619674782745
21.52051395495425
-31.221667197942537
21.59994770327899
-31.54332786605859
21.66543473231297
-31.847913832624926
21.717431335224315
-32.13574061365799
21.7563885171683
-32.407127090251265
21.78275199312787
-32.66239550950203
21.79696218633697
-32.90187148548898
21.799454226979478
-33.12588400051257
21.790657950152482
-33.33476540547153
21.77099789432128
-33.528851421550286
21.740893298670425
-33.708481141148695
21.70075810029523
-33.87399702992549
21.651000930067582
-34.02574492878321
21.592025107295537
-34.16407405687163
21.524228632519176
-34.289337015979214
21.44800417688899
-34.4018897960423
21.363739067283813
-34.50209178396018
21.271815263628184
-34.59030577598887
21.172609324208853
-34.66689799721476
21.066492350417235
-34.73223813280791
20.953829894615232
-34.786699379749024
20.83498179890142
-34.8306585370068
20.710301896287255
-34.86449617364622
20.580137412923328
-34.888596964428274
20.4448276530616
-34.903350427747284
20.304700712263607
-34.90915277122329
20.160063616877952
-34.90641242752949
20.011162882303314
-34.8955721971538
19.857908422920246
-34.87726424929929
19.703583394747408
-34.8502273678518
20.72481510134497
-28.915887050231163
19.18823393922772
-34.82938884481729
18.828346926276566
-34.83647957746555
18.46739957520525
-34.83755861225589
18.10585175063604
-34.83297489076051
17.744089374483487
-34.823116322604164
17.38246622320703
-34.80838632015855
17.021314376700712
-34.78919793258635
16.660947700402247
-34.76597189006583
16.301663237780673
-34.73913582213626
15.943741842663066
-34.70912390274438
15.587448494236426
-34.676376672223796
15.233032466146916
-34.64134094266538
14.880727421584524
-34.60446974343972
14.530751468937744
-34.56622228921299
14.183307194499246
-34.52706396032238
13.838581681065904
-34.48746629109371
13.49674651642442
-34.447906962531164
13.157957794007348
-34.40886979891161
12.822356105608918
-34.37084476716015
12.490066524748485
-34.334327979628085
12.161198576344354
-34.2998217001215
11.835846185058124
-34.267834355850255
11.51408758667823
-34.23888055898652
11.195985170844196
-34.21348114523593
10.88158518719412
-34.192163246244945
10.570917156326395
-34.17546043561606
10.263992572708524
-34.16391305115823
9.96080166040202
-34.15806900010523
9.661303639489212
-34.15848617687229
9.365387790075872
-34.165742133714815
9.0726008982206
-34.1805017762062
8.785828339037067
-34.20260307105653
19.546234223762752
-34.81614070146691
8.552830311261495
-34.14956896677015
8.604659309065227
-34.07617056378501
8.658806711750458
-34.01336802413962
8.715547270760347
-33.96161853163059
8.775101526420805
-33.92139261243747
8.83767725837879
-33.89316383896315
8.903479850638917
-33.877406255635805
8.972715749183273
-33.87459351978214
9.04559384821681
-33.88519855701804
9.122326124180162
-33.90969340338677
9.20312795766494
-33.948549124996845
9.28821831288225
-34.00223577235718
9.37781984861116
-34.071222352523506
9.472158995531366
-34.155976808223414
9.571466019705063
-34.25696600043685
9.675975084882069
-34.37465569041561
9.785924324862904
-34.50951051794894
9.901555939403153
-34.661993972470384
10.023116332982653
-34.83256834939786
10.150856330648978
-35.021694683692544
10.285031532246279
-35.22983263888389
10.425902928528657
-35.45744031463394
10.573738042024175
-35.70497388990029
10.728813206129757
-35.97288691043889
10.891418576342062
-36.26162872092024
11.061870656393523
-36.57164054715528
11.240549873823866
-36.903343741954444
11.4280508798185
-37.25709277053633
11.626234643233204
-37.63284610873083
18.55068486619851
-29.78982031366911
20.005160522560985
-34.44430053330527
22.740970584350052
-32.70266875415234
25.414578442346823
-30.671085558875916
27.97395173202912
-28.35620410520758
30.367554974680075
-25.776498823965
32.547780892028214
-22.962104558742197
34.47425947934991
-19.95348892080125
36.11658563607169
-16.799063329673658
37.456090260767326
-13.552032657108612
38.48644914347278
-10.266913805470978
39.213131407975396
-6.996185528053132
39.65187765634582
-3.7874642029026973
39.82652251231035
-0.6814626464619096
39.76651822727659
2.2891733970507744
39.50448372389705
5.100201218622516
39.074022799836
7.735439806499954
38.50795668292443
10.185949090197823
37.8370245682501
12.448930017625003
-1.5430107471361936
39.80245475591059
1.4206886963293215
39.807008558672266
4.522402086923549
39.57479205411289
7.726907661995057
39.07571093076987
10.9906409022052
38.28605619962522
14.26326509567214
37.19106822306489
17.490160693141448
35.78701671961741
20.615633421926006
34.082428689500006
23.586478063920794
32.0981983809414
26.35543492179812
29.86649187375295
28.88407511786704
27.42857071280784
31.14475382094571
24.83184641130768
33.12144771026166
22.126590074805677
34.80949268293112
19.362734980344356
36.21440707571426
16.587133776410667
37.35008923197398
13.841499959385459
38.23670668551695
11.161117713196546
38.898560470878635
8.574280147947405
39.36213689180222
6.102332838604326
39.65447614451779
3.7601606968260626
8.502700615393266
-34.233191454965606
-13.77452703370546
32.47259952552392
-34.81533424333773
8.265912741355265
-34.83566298028286
8.970729987505166
-34.82346532757007
9.683472180885616
-34.780019977154666
10.40305641810059
-34.706582530111454
11.128437482623553
-34.60438606752547
11.858605226628896
-34.47464129279188
12.592583915989337
-34.31853658031328
13.329432012028889
-34.13723799428154
14.06824208363949
-33.931889298512694
14.808140767439824
-33.70361196105657
15.548288747341815
-33.45350515728613
16.28788074331726
-33.18264577246702
17.02614550480979
-32.89208840305284
17.762345805999445
-32.58286535912472
18.49577844283081
-32.25598666599913
19.22577423008869
-31.912440066965793
19.951697999007763
-31.553191026080828
20.672948594372684
-31.179182732167504
21.388958871226833
-30.791336104485463
22.099195690817794
-30.39054980004421
22.803159914678304
-29.977700224916017
23.500386396741447
-29.553641550385965
24.190443971240086
-29.119205738139723
24.87293543443323
-28.67520258056528
25.547497515670926
-28.22241976753443
26.213800829143366
-27.761623002918082
26.871549789398898
-27.293556221412533
27.520482455152546
-26.818942021580895
28.160370216710447
-26.338482618149374
28.79101710827024
-25.85286222319656
29.41225808961235
-25.362754188806235
30.02395389084009
-24.868849577034776
30.625970391487897
-24.372057150364338
31.218034276745755
-23.870823813691423
31.801667021821288
-34.76117334274341
7.570159359115735
-23.06129216505236
32.41072656873732
-22.753333551352007
32.43926344348259
-22.443545753092216
32.461906159931345
-22.132259849851803
32.47906215255233
-21.81983722960012
32.49111506959781
-21.506639312592764
32.49844662551067
-21.1930199829292
32.501442063981955
-20.87932306583188
32.50049197815679
-20.565881319385966
32.49599303891321
-20.253015976914327
32.488348325764235
-19.941036518405415
32.47796749128085
-19.630240548840337
32.465266850162465
-19.320913729269893
32.450669429009565
-19.013329736948258
32.43460499590506
-18.70775024203971
32.41751007802782
-18.404424895011815
32.39982797238369
-18.10359132112055
32.38200875118855
-17.805475121233354
32.36450926391953
-17.510289878794094
32.34779313585034
-17.218237174713714
32.3323307631907
-16.929506613142554
32.318599302650114
-16.644275865313265
32.30708265343813
-16.362710744547574
32.29827142610651
-16.084965338829512
32.2926628866453
-15.811182258138395
32.29076085160298
-15.541493130328575
32.29307547793033
-15.276019693084258
32.30012280025562
-15.01487652413487
32.31242357243778
-14.758179233361737
32.33049979297431
-14.506077231596176
32.35486080489807
-14.258983113430382
32.38590599378671
-14.014476516689797
32.425238137598654
-23.36733276045581
32.37571134873585
-13.427765838603065
32.49460509740291
-13.086554624271173
32.52564082495138
-12.750431563899241
32.56641041029181
-12.4192092348243
32.61749811240912
-12.092730434726164
32.67947232739536
-11.770833295668481
32.75290038512827
-11.453342560233104
32.838352249254314
-11.140066670463597
32.936401750626544
-10.83079659984638
33.04762708110971
-10.525305317971913
33.17261101851858
-10.223347517359024
33.31194103978652
-9.92465945914357
33.466209382246774
-9.62895887587004
33.63601308044889
-9.335944900511876
33.82195398889078
-9.045298005137951
34.02463879842759
-8.756679937116175
34.244679049467805
-8.469733641573164
34.482691144509545
-8.184083155992532
34.739296362918935
-7.899333454671996
35.01512087927338
-7.615070205929712
35.3107957920887
-7.330859371382559
35.62695716839468
-7.046246508270663
35.96424612110303
-6.760755476499298
36.32330895127234
-6.4738858551963006
36.704797432163076
-6.185107261085491
37.10936943227986
-5.893845146723507
37.53769047355286
-5.599438197087068
37.990438403624154
-5.300967918702341
38.4683220853519
-4.996065767642364
38.97221222104099
16.503363726479865
-30.970958800741187
16.503363726479865
-30.970958800741187
14.310187346909677
-32.04340558402063
11.984225803688963
-32.98392995402298
9.543279696392819
-33.771098826690775
7.0095168358301905
-34.38645048640397
4.4087671755520645
-34.815572310641016
1.7695126730478847
-35.04896757717154
-0.8783483695999372
-35.08261403412408
-3.504850097422043
-34.918151857168795
-6.081293052869082
-34.562684764509044
-8.581440238699848
-34.02822632396996
-10.982476028386543
-33.33086442940858
-13.265665390701095
-32.48974338260699
-15.416692403442141
-31.525971811561163
-17.425695291403116
-30.46155686987896
-19.28704433091597
-29.318445120827633
-20.998926093791688
-28.11772405855733
-22.562802805671225
-26.879011010044508
-23.98281133970491
-25.620032466213246
-34.70205231390243
5.22770203137847
-34.975237569980514
2.8799410148686206
-35.09083252547334
0.4413343345825922
-35.03268724965226
-2.0669125268745745
-34.788176785124975
-4.619963126756602
-34.349134843016216
-7.190148737125554
-33.71256391661191
-9.74804275196081
-32.881030857113466
-12.263731613960374
-31.862690080596465
-14.708170659655764
-30.670921671090603
-17.054496977968128
-29.3236201894822
-19.279175353440067
-27.84221235801251
-21.36287701450894
-26.250509958117
-23.291028965344125
-24.57351401715458
-25.054015889162486
-22.836277986442155
-26.64705820633185
-21.062915303350465
-28.069821913392758
-19.275806795680907
-29.3258346121859
-17.495032312744343
-30.42178738505892
-15.738023884885791
-31.366796258535288
-14.019417643513123
-32.17168370263596
14.53950942087026
-37.08394467370633
3.582727023679915
3.6046242212150315
3.624229917515909
3.6417252999157794
3.6572697238660594
3.671004259183207
3.6830545674933135
3.6935332622331893
3.7025418620196446
3.71017242152699
3.7165089044904938
3.7216283491053774
3.725601865194436
3.728495494257552
3.7303709571990855
3.7312863096194633
3.73129652068068
3.7304539885658343
3.7288090031059604
3.726410164207428
3.7233047631168685
3.7195391326057683
3.7151589618634615
3.582727023679915
3.70468187470979
3.6986764164641626
3.6922392036256535
3.685416869672815
3.6782569379826358
3.670808018952213
3.6631199903844784
3.655244159878736
3.6472334074326884
3.6391423059367
3.631027216852865
3.622946357873822
3.614959839094072
3.6071296638359565
3.5995196901820887
3.592195549169777
3.585224515697732
3.5786753285120803
3.572617956136896
3.5671233063739995
3.5622628780570147
3.5581083552965658
3.5547311364837313
3.7102096213619764
3.5505293357698737
3.5498302082720428
3.550083858025777
3.55123521545804
3.5532268476776676
3.5559995719179938
3.559492930929851
3.56364564053326
3.5683960036794162
3.573682286731054
3.5794430550742002
3.585617466371196
3.592145520981742
3.598968269937445
3.6060279817008505
3.6132682695353893
3.620634181766365
3.6280722575138267
3.635530550619947
3.6429586245550865
3.6503075208726696
3.657529703084962
3.6645789715647847
3.6714105507862085
3.552201845039781
3.6840639540776543
3.6898101429178705
3.695177819749194
3.7001263585817408
3.704615496520967
3.708605144115731
3.7120551799022907
3.714925230105413
3.7171744323738194
3.7187611817000374
3.719642856012882
3.71977551823943
3.7191135909402404
3.7176094986472696
3.715213272093585
3.711872107126196
3.70752986963427
3.702126535843523
3.69559755495884
3.687873118056382
3.678877313359734
3.668527143010286
3.6567313699429684
3.6433891546437414
3.6283884271020788
3.6116038899938503
3.5930482095195106
3.593048209519511
3.593048209519511
3.5930482095195106
3.593048209519511
3.5930482095195106
3.5930482095195106
3.5930482095195106
3.593048209519511
3.593048209519511
3.593048209519511
3.5930482095195106
3.593048209519511
3.5930482095195106
3.5930482095195106
3.59304820951951
3.593048209519511
3.5930482095195106
3.593048209519511
3.593048209519511
3.5930482095195106
3.5930482095195106
3.59304820951951
3.593048209519511
3.5930482095195115
3.593048209519511
3.5930482095195106
3.5930482095195106
3.5930482095195106
3.593048209519511
3.5930482095195106
3.5930482095195106
3.5930482095195106
3.5930482095195115
3.5930482095195115
3.593048209519511
3.593048209519511
3.593048209519511
3.5930482095195115
3.5930482095195106
3.582727023679915
3.6041936115096713
3.6234075473688123
3.640550068830394
3.655780612492335
3.669240326176399
3.6810549414506273
3.6913371323570368
3.7001884683248947
3.7077010448433034
3.7139588563564088
3.7190389615993356
3.7230124807281073
3.725945455348244
3.7278995962338346
3.7289329386209364
3.729100421082827
3.7284544010036558
3.7270451172145784
3.7249211083930454
3.7221295941004335
3.7187168230856544
3.7147284258936035
3.582727023679915
3.6998589414391376
3.689408421842841
3.6789147195324605
3.66843443660284
3.6580242514696137
3.647741042700304
3.6376420019795166
3.627784735583098
3.6182273535061356
3.60902854483202
3.600247637431528
3.5919446394370698
3.584180259505417
3.577015902305596
3.5705136353823073
3.5647361232492334
3.5597465244635544
3.555608347557782
3.5523852620143055
3.5501408610064433
3.5489383731788773
3.5488403183523394
3.5499082212880957
3.7102096213619764
3.541347206883091
3.5320794775918767
3.524413225280321
3.5183271812462755
3.513795927958617
3.5107900893274917
3.5092763889857332
3.5092176984814905
3.5105730813187
3.5132978398914823
3.517343573021631
3.522658251717618
3.529186320186857
3.5368688277528784
3.5456435956204904
3.5554454203064556
3.5662063132808894
3.577855774090466
3.590321092074595
3.603527669835846
3.6173993592864635
3.6318587950254813
3.646827656824586
3.662228548400614
3.5522018450397805
3.684182074283166
3.6900377254431276
3.6955061553241477
3.700546721249496
3.7051191500067593
3.709183344136496
3.712699175460982
3.715626264447636
3.717923743810308
3.7195500043691516
3.7204624206142465
3.7206170527534095
3.7199683213410433
3.7184686496146244
3.7160680677269182
3.712713771665606
3.708349628194228
3.702915615169048
3.696347184221835
3.6885745297271244
3.679521744228978
3.669105835542679
3.6572355744578173
3.6438101339730844
3.6287174711262224
3.611832398817847
3.611832398817847
3.55830694723001
3.5583069472300095
3.5583069472300095
3.5583069472300095
3.55830694723001
3.5583069472300095
3.5583069472300095
3.5583069472300095
3.5583069472300095
3.5583069472300095
3.5583069472300095
3.55830694723001
3.55830694723001
3.55830694723001
3.5583069472300095
3.55830694723001
3.55830694723001
3.5583069472300095
3.5583069472300095
3.5583069472300095
3.558306947230009
3.55830694723001
3.5583069472300095
3.55830694723001
3.55830694723001
3.5583069472300095
3.5583069472300095
3.5583069472300095
3.55830694723001
3.55830694723001
3.5583069472300095
3.55830694723001
3.5583069472300095
3.5583069472300095
3.55830694723001
3.5583069472300095
3.5583069472300095
3.55830694723001
3.5583069472300095
3.5691585581539136
3.559741478973535
3.552158110390964
3.546375835018241
3.5423508449046013
3.5400288962864854
3.539346232052246
3.5402306376086607
3.542602592154213
3.5463764764515204
3.5514617994977864
3.557764409309867
3.5651876574801236
3.573633492247388
3.583003460544828
3.593199605143298
3.6041252484034954
3.6156856590256337
3.627788602374566
3.640344778263569
3.653268152580094
3.6664761901723133
3.679889990087283
3.6934345846383336
3.58043021135151
3.7203851880688608
3.7336763296228628
3.7468508976798223
3.7598513395718434
3.7726231234717047
3.785114521578841
3.7972763738255386
3.809061839387992
3.820426139697814
3.8313262953901512
3.8417208587545306
3.8515696425900883
3.8608334456983475
3.8694737747222345
3.877452561443258
3.884731874199826
3.891273621502505
3.8970392453812894
3.901989401390127
3.9060836212940035
3.9092799523398685
3.9115345523532294
3.912802101073301
3.7070382085107423
3.9121182508501806
3.910231218276172
3.9074463177857774
3.9038016995402014
3.8993338203110572
3.8940777560559785
3.8880674935532284
3.881336204727547
3.8739165070691475
3.8658407130417607
3.8571410709920104
3.8478499996057507
3.838000317663857
3.8276254704122317
3.8167597535892814
3.805438535772253
3.7936984793342257
3.7815777599358325
3.7691162840642747
3.7563559036522305
3.743340626406952
3.7301168201053607
3.7167334108867935
3.703241999192072
3.913067237446067
3.676065946939471
3.6625049742438582
3.6490783644622873
3.63585345576196
3.6229008867174364
3.610294543826071
3.598111445313612
3.5864315539040814
3.5753375109115253
3.564914284819961
3.5552487285993193
3.546429042022583
3.5385441375714928
3.53168291156475
3.5259334257733905
3.521382008749969
3.518112290471094
3.516204188277998
3.5157328663289698
3.5167676944111754
3.5193712348187898
3.523598287071871
3.5294950177624895
3.537098171636298
3.593538439364095
3.5465139830595045
3.5465139830595045
3.5465139830595045
3.546513983059505
3.546513983059505
3.5465139830595045
3.546513983059505
3.546513983059504
3.546513983059504
3.546513983059504
3.5465139830595036
3.546513983059505
3.546513983059504
3.5465139830595045
3.546513983059504
3.5465139830595045
3.546513983059504
3.5465139830595036
3.5465139830595045
3.546513983059504
3.5465139830595045
3.546513983059505
3.546513983059504
3.546513983059504
3.5465139830595045
3.5465139830595054
3.546513983059505
3.546513983059504
3.5465139830595036
3.546513983059504
3.546513983059504
3.546513983059504
3.546513983059505
3.5465139830595036
3.546513983059504
3.5465139830595036
3.546513983059504
3.546513983059504
3.68969723470522
3.68969723470522
3.566391365201621
3.55442380991514
3.5445102494696714
3.5366212953743537
3.5307160786071474
3.526743000184294
3.52464064385418
3.524338821934016
3.525759717440041
3.5288190839788407
3.5334274659712075
3.539491404524791
3.5469145986746056
3.555598996772739
3.565445798502668
3.576356353625127
3.5882329489238973
3.6009794796394146
3.61450200574203
3.6287091963323137
3.6435126665238187
3.658827204387669
3.6745708012112486
3.6906672421881823
3.5804302113515094
3.7116747094324096
3.7168707899993536
3.7226007188119574
3.7288401350063225
3.7355656578516925
3.7427542726009175
3.750382687828587
3.7584266995791706
3.7668605809235616
3.775656511415586
3.78478405845612
3.7942097201566582
3.8038965365021586
3.81380377261767
3.8238866746418387
3.834096295473172
3.8443793843541925
3.8546783312133908
3.8649311538214053
3.875071512566242
3.885028730194668
3.8947277355277237
3.9040911765246236
3.7070382085107427
3.909500633789711
3.905201823741895
3.900214152655678
3.8945786346192737
3.8883343307179468
3.881518658570248
3.8741676759260275
3.86631634667644
3.8579987936839086
3.8492485416517304
3.8400987526909756
3.830582456712851
3.820732778451092
3.8105831624612043
3.800167597155474
3.7895208385354504
3.7786786338986658
3.76767794541151
3.756557173005212
3.7453563755251458
3.7341174885104587
3.7228845358274194
3.7117038264349063
3.7006243054883847
3.9130672374460675
3.675644608683601
3.661695601862977
3.647914349659792
3.634368284431282
3.621128132391745
3.6082678591815815
3.595864553139744
3.5839982378610618
3.5727516061774875
3.562209668670172
3.5524593109407134
3.5435887558998065
3.5356869296584197
3.528842732655731
3.5231442212908717
3.518677709290697
3.5155268024247888
3.5137713845776513
3.5134865774511534
3.5147416998986376
3.517599256058742
3.522113983750338
3.5283319988170936
3.5362901064855503
3.5935384393640946
3.5935384393640946
3.5935384393640954
3.5935384393640954
3.593538439364095
3.5935384393640954
3.593538439364095
3.593538439364095
3.593538439364095
3.5935384393640954
3.5935384393640954
3.5935384393640954
3.5935384393640946
3.593538439364095
3.5935384393640946
3.5935384393640946
3.593538439364095
3.593538439364095
3.593538439364095
3.5935384393640954
3.593538439364095
3.5935384393640954
3.593538439364095
3.593538439364095
3.5935384393640946
3.5935384393640946
3.593538439364096
3.593538439364095
3.593538439364095
3.593538439364095
3.593538439364095
3.593538439364095
3.593538439364095
3.5935384393640954
3.5935384393640954
3.5935384393640954
3.593538439364095
3.593538439364095
3.5935384393640946
3.593538439364095
3.5465139830595045
3.5842635636299995
3.5960212617750758
3.6069842021804246
3.617191151180387
3.626678028506295
3.635478198747512
3.643622728171094
3.6511406118872824
3.65805897541032
3.6644032541780183
3.670197353908238
3.6754637943339183
3.680223838449697
3.6844976090576766
3.6883041942428094
3.691661743061985
3.6945875526658516
3.697098147823562
3.699209353753203
3.7009363630221013
3.702293797159494
3.7032957636021377
3.7039559084469884
3.704287465484011
3.7043033019001355
3.7040159609897447
3.703437702171262
3.7025805385938866
3.70145627253375
3.700076528749678
3.6984527858933407
3.696596405715427
3.6945186582458835
3.692230725599301
3.6897441890988047
3.5716691629318684
3.682993270330531
3.6788058284259275
3.6745190484015366
3.6701446828308
3.6656945454069283
3.6611805384413523
3.6566146721594754
3.6520090813457693
3.6473760404713187
3.642727977542503
3.638077486691929
3.6334373395482165
3.6288204952625374
3.6242401091580314
3.6197095398963905
3.6152423550804915
3.610852335162055
3.6065534755699646
3.602359986927753
3.598286293257325
3.5943470280208927
3.5905570279036203
3.5869313242133005
3.5834851317658583
3.5802338351346403
3.577192972141031
3.5743782144091267
3.571805344599913
3.5694902292583897
3.5674487819493668
3.5656968693971165
3.5642515159065637
3.687069596752211
3.56116872984314
3.559504436887828
3.5581500479268566
3.5571213611429804
3.556433936028632
3.556103039919402
3.556143594835481
3.556570123589692
3.55739669530636
3.5586368707049703
3.560303647586392
3.562409406978552
3.564965860481659
3.56798399926698
3.5714740452875815
3.5754454051959517
3.5799066274682843
3.5848653632307044
3.5903283311915777
3.59630128715986
3.602788998443157
3.6097952234778545
3.617322696914452
3.6253731203372586
3.6339471586405536
3.643044441943735
3.6526635722267438
3.6628021309073895
3.673456655263035
3.558018997858627
3.684679453006274
3.684679453006274
3.684679453006274
3.684679453006274
3.6846794530062734
3.684679453006274
3.6846794530062734
3.684679453006274
3.684679453006274
3.684679453006274
3.684679453006274
3.684679453006274
3.6846794530062734
3.684679453006274
3.6846794530062734
3.6846794530062743
3.684679453006274
3.684679453006274
3.684679453006274
3.6846794530062734
3.684679453006274
3.684679453006274
3.684679453006274
3.684679453006274
3.684679453006274
3.6846794530062734
3.6846794530062734
3.684679453006274
3.684679453006274
3.684679453006274
3.684679453006274
3.684679453006274
3.684679453006274
3.684679453006274
3.684679453006274
3.684679453006274
3.684679453006274
3.6846794530062734
3.563126955650585
3.563126955650585
3.5774767170370008
3.5827457374461824
3.587531869947289
3.5918873174576933
3.5958611012999584
3.599499271316076
3.6028450788926016
3.6059391196973145
3.608819451417231
3.6115216912486323
3.6140790972183523
3.6165226370875176
3.6188810481658185
3.6211808909757446
3.6234465994756
3.625700530099747
3.627963011677014
3.63025239788134
3.6325851236219804
3.6349757664468902
3.6374371137061754
3.6399802359923283
3.6426145670229273
3.6453479899361994
3.6481869297104432
3.6511364512086897
3.6542003621899126
3.657381320527771
3.6606809447666766
3.6640999272045915
3.667638149029114
3.6712947983924873
3.675068500108974
3.6789575433296076
3.6829577299854166
3.5716691629318684
3.6833105541078814
3.679421818702181
3.6754148042912704
3.6713010445504146
3.667092168324121
3.662799911547251
3.65843613284035
3.6540128290794356
3.649542150221831
3.6450364131211868
3.640508114183917
3.635969940838326
3.6314347816661536
3.626915735149319
3.6224261169194114
3.6179794654252646
3.613589545885704
3.609270352442264
3.6050361083802964
3.6009012643162386
3.5968804942047576
3.592988689071651
3.589240948355475
3.585652568739852
3.5822390303825857
3.579015980484368
3.5759992141889723
3.5732046529368375
3.5706483210609665
3.5683463245743865
3.5663148682936776
3.5645692891073684
3.687069596752211
3.559900439954276
3.5570493365234053
3.554590178035959
3.5525393470088464
3.550912955874248
3.549726784951869
3.5489962264964765
3.5487362293493496
3.5489612434538653
3.54968516434988
3.5509212780063857
3.5526822064203336
3.5549798545101146
3.5578253587527415
3.5612290381208296
3.565200347812796
3.569747836274438
3.5748791060047567
3.5806007785459677
3.586918464130138
3.5938367362621944
3.601359111564228
3.6094880350464584
3.618224870850681
3.627569898144124
3.637522311017567
3.6480802178046323
3.6592406172459975
3.6709991505296733
3.558018997858627
3.558018997858627
3.558018997858627
3.558018997858627
3.558018997858627
3.558018997858627
3.558018997858627
3.558018997858627
3.558018997858627
3.5580189978586274
3.558018997858627
3.558018997858627
3.558018997858627
3.5580189978586274
3.5580189978586274
3.558018997858627
3.558018997858627
3.558018997858627
3.558018997858627
3.558018997858627
3.558018997858627
3.558018997858627
3.558018997858627
3.558018997858627
3.558018997858627
3.558018997858627
3.558018997858627
3.558018997858627
3.558018997858627
3.558018997858627
3.558018997858627
3.558018997858627
3.558018997858627
3.558018997858627
3.5580189978586274
3.5580189978586274
3.558018997858627
3.558018997858627
3.558018997858627
3.558018997858627
3.684679453006274
59.47160229147342
0.0
0.0
0.0
0.0
0.0
0.0
0.0
0.0
0.0
0.0
0.0
0.0
0.0
0.0
0.0
0.0
0.0
0.0
0.0
0.0
0.0
0.0
59.47160229147342
0.0
0.0
0.0
0.0
0.0
0.0
0.0
0.0
0.0
0.0
0.0
0.0
0.0
0.0
0.0
0.0
0.0
0.0
0.0
0.0
0.0
0.0
0.0
0.0
0.0
0.0
0.0
0.0
0.0
0.0
0.0
0.0
0.0
0.0
0.0
0.0
0.0
0.0
0.0
0.0
0.0
0.0
0.0
0.0
0.0
0.0
0.0
0.0
0.0
0.0
0.0
0.0
0.0
0.0
0.0
0.0
0.0
0.0
0.0
0.0
0.0
0.0
0.0
0.0
0.0
0.0
0.0
0.0
0.0
0.0
0.0
0.0
0.0
0.0
0.0
0.0
0.0
0.0
0.0
0.0
0.0
0.0
0.0
0.0
0.0
0.0
0.0
0.0
0.0
0.0
0.0
0.0
0.0
0.0
0.0
51.12314490388077
51.12314490388077
51.12314490388059
55.49653682351219
60.08859833912511
64.91026293051891
69.9730107514823
80.87057543610572
0.0
0.0
0.0
0.0
0.0
0.0
0.0
0.0
0.0
0.0
0.0
0.0
14.644013811649438
47.48430306488428
48.405484842458726
49.242430085408465
49.99815954330727
50.675669774016924
46.946211459771206
47.43141155358469
43.64796193843076
48.213960338923584
40.19273870628193
53.26314053323243
40.55828090899922
49.10166885943595
40.75697904741809
53.792740426113355
53.801750521207204
53.76700473452234
53.69128513409736
58.329631723855435
48.91466072948608
57.968858374435925
57.738115994473155
14.644013811649438
52.25128712765542
47.340018255357045
46.845843592096955
55.12611472268657
45.877363217909775
53.99709027881029
44.9517444951219
44.510819900468
44.08743941540174
43.68374708617294
39.49664609502879
35.576031306355056
38.86710959920784
38.58964685063473
34.821713005017045
31.290098778600132
37.928948998791036
41.41138799807046
41.27813041772867
41.18558962838352
41.13609422295971
37.517535620943356
37.55762210780418
44.08756382480445
40.825005547780236
36.89395068295429
36.61219373810041
36.390046997939834
36.22552749909868
36.116802895277345
36.06217423453357
36.06005778945193
32.79580382609658
32.88528632746722
33.01860091563911
33.19455131626476
33.41195646584213
33.669632606280125
33.966375839065385
31.000738029576027
31.336135002620637
35.078319720263565
32.10098398407233
32.527739915310924
32.9820986981516
33.46246578394157
33.96712849979739
34.494301611072906
41.270560002226105
35.259946708584735
35.46702234608248
35.66150253687404
35.841710484879385
39.839012420334996
40.00125537084873
40.14214055665083
40.25981230800245
40.35241473127045
40.41809166122762
40.45498661387261
44.548798089314126
44.51990725681901
44.4531920486026
44.346606505767646
44.198104058057446
44.005637472154966
43.76715879988156
47.66964165977255
47.300558242359486
46.87428880868741
46.388584414242914
50.07095791037219
49.40322557474466
48.663197889203275
47.84841447074427
47.84841447074427
0.0
0.0
0.0
0.0
0.0
0.0
0.0
0.0
0.0
0.0
0.0
0.0
0.0
0.0
0.0
0.0
0.0
0.0
0.0
78.1092728571026
45.35464198208646
41.52329167985708
41.52329167985711
41.52329167985706
37.87438663011485
37.87438663011481
41.52329167985705
41.52329167985711
41.52329167985708
45.35464198208646
49.37755979942726
53.601623507635146
58.03689040125343
62.69392063955259
67.58380238976675
72.71817822749158
0.0
0.0
0.0
1.172665998089682
0.0
0.0
0.0
0.0
0.0
0.0
0.0
0.0
0.0
0.0
0.0
0.0
0.0
0.0
0.0
0.0
0.0
0.0
0.0
0.0
0.0
0.0
1.0
0.0
0.0
0.0
0.0
0.0
0.0
0.0
0.0
0.0
0.0
0.0
0.0
0.0
0.0
0.0
0.0
0.0
0.0
0.0
0.0
0.0
0.0
0.0
0.0
0.0
0.0
0.0
0.0
0.0
0.0
0.0
0.0
0.0
0.0
0.0
0.0
0.0
0.0
0.0
0.0
0.0
0.0
0.0
0.0
0.0
0.0
0.0
0.0
0.0
0.0
0.0
0.0
0.0
0.0
0.0
0.0
0.0
0.0
0.0
0.0
0.0
0.0
0.0
0.0
0.0
0.0
0.0
0.0
0.0
0.0
0.0
0.0
0.0
0.0
0.0
0.0
0.0
0.0
0.0
0.0
0.0
0.0
0.0
0.0
0.0
0.0
0.0
0.0
0.0
0.0
0.0
0.0
0.0
0.0
0.0
1.6226757951711255
1.6514693695176204
1.6658661566908677
1.6730645502774912
1.680262943864115
1.8314292091832123
1.835028405976524
1.838627602769836
0.0
0.0
0.0
0.0
0.0
0.0
0.0
0.0
0.0
0.0
0.0
0.0
1.1764196067438055
1.5963094949833136
1.1383640827298152
1.6132520357257398
1.1383640827298152
1.1383640827298152
1.635842090048975
0.9294060802398902
1.6527846307914014
0.9294060802398902
1.6697271715338275
1.6810221986954452
1.686669712276254
1.6979647394378716
1.7036122530186804
1.1383640827298152
0.9294060802398902
0.9294060802398902
0.9294060802398902
0.9294060802398902
1.825033795006069
0.9294060802398902
0.9294060802398902
1.0037536086541234
1.8321611130015616
1.8321611130015616
1.83646467420665
1.8407682354117378
1.8407682354117378
1.8450717966168262
1.7198541085905452
1.7162549117972334
1.7126557150039217
1.7126557150039217
1.7090565182106097
1.705457321417298
1.7018581246239861
1.7018581246239861
1.6982589278306741
1.6946597310373623
1.6910605342440506
1.6910605342440506
0.9280160641337631
0.9280160641337631
0.9280160641337631
1.0143967871732473
1.0287935743464947
1.8278575517964735
1.0575871486929895
0.9280160641337631
0.9280160641337631
0.9280160641337631
0.9280160641337631
1.1223726909726026
1.13676947814585
1.1511662653190973
1.1655630524923446
1.179959839665592
1.1943566268388395
1.201555020425463
1.2159518075987104
1.2231502011853341
1.2375469883585815
1.2519437755318288
1.2663405627050761
1.2735389562916999
1.2879357434649472
1.3023325306381945
1.3167293178114419
1.3311261049846892
1.5075014977851469
1.3594701484802245
1.043190361519742
1.3846674760190427
1.397266139788452
1.4035654716731565
1.4161641354425658
1.4098648035578611
1.4224634673272702
1.4350621310966796
1.4476607948660887
1.4665587905202024
1.4791574542896115
1.4859063170252758
1.4931047106118993
1.4931047106118993
1.991931380138492
1.5290966785450177
1.5362950721316415
1.543493465718265
1.5506918593048888
1.5578902528915126
1.5578902528915126
1.5794854336513835
1.5866838272380073
1.6010806144112546
1.5938822208246308
1.5938822208246308
1.615477401584502
1.615477401584502
0.0
0.0
0.0
0.0
0.0
0.0
0.0
0.0
0.0
0.0
0.0
0.0
0.0
0.0
0.0
0.0
0.0
0.0
0.0
1.7290260641323199
0.9294060802398902
0.9294060802398902
1.3265838210269054
1.2371955703939688
1.180720434585881
1.1411878395202195
1.101655244454558
1.0621226493888967
1.0112950271616175
1.709259766599489
1.7120835233898934
1.7149072801802978
1.7177310369707022
1.7205547937611065
1.7233785505515111
1.7262023073419155
0.0
0.0
0.0
