59.47160229147342
0.0
0.0
0.0
0.0
0.0
0.0
0.0
0.0
0.0
0.0
0.0
0.0
0.0
0.0
0.0
0.0
0.0
0.0
0.0
0.0
0.0
0.0
59.47160229147342
0.0
0.0
0.0
0.0
0.0
0.0
0.0
0.0
0.0
0.0
0.0
0.0
0.0
0.0
0.0
0.0
0.0
0.0
0.0
0.0
0.0
0.0
0.0
0.0
0.0
0.0
0.0
0.0
0.0
0.0
0.0
0.0
0.0
0.0
0.0
0.0
0.0
0.0
0.0
0.0
0.0
0.0
0.0
0.0
0.0
0.0
0.0
0.0
0.0
0.0
0.0
0.0
0.0
0.0
0.0
0.0
0.0
0.0
0.0
0.0
0.0
0.0
0.0
0.0
0.0
0.0
0.0
0.0
0.0
0.0
0.0
0.0
0.0
0.0
0.0
0.0
0.0
0.0
0.0
0.0
0.0
0.0
0.0
0.0
0.0
0.0
0.0
0.0
0.0
0.0
0.0
0.0
0.0
0.0
0.0
51.12314490388077
51.12314490388077
51.12314490388059
55.49653682351219
60.08859833912511
64.91026293051891
69.9730107514823
80.87057543610572
0.0
0.0
0.0
0.0
0.0
0.0
0.0
0.0
0.0
0.0
0.0
0.0
14.644013811649438
47.48430306488428
48.405484842458726
49.242430085408465
49.99815954330727
50.675669774016924
46.946211459771206
47.43141155358469
43.64796193843076
48.213960338923584
40.19273870628193
53.26314053323243
40.55828090899922
49.10166885943595
40.75697904741809
53.792740426113355
53.801750521207204
53.76700473452234
53.69128513409736
58.329631723855435
48.91466072948608
57.968858374435925
57.738115994473155
14.644013811649438
52.25128712765542
47.340018255357045
46.845843592096955
55.12611472268657
45.877363217909775
53.99709027881029
44.9517444951219
44.510819900468
44.08743941540174
43.68374708617294
39.49664609502879
35.576031306355056
38.86710959920784
38.58964685063473
34.821713005017045
31.290098778600132
37.928948998791036
41.41138799807046
41.27813041772867
41.18558962838352
41.13609422295971
37.517535620943356
37.55762210780418
44.08756382480445
40.825005547780236
36.89395068295429
36.61219373810041
36.390046997939834
36.22552749909868
36.116802895277345
36.06217423453357
36.06005778945193
32.79580382609658
32.88528632746722
33.01860091563911
33.19455131626476
33.41195646584213
33.669632606280125
33.966375839065385
31.000738029576027
31.336135002620637
35.078319720263565
32.10098398407233
32.527739915310924
32.9820986981516
33.46246578394157
33.96712849979739
34.494301611072906
41.270560002226105
35.259946708584735
35.46702234608248
35.66150253687404
35.841710484879385
39.839012420334996
40.00125537084873
40.14214055665083
40.25981230800245
40.35241473127045
40.41809166122762
40.45498661387261
44.548798089314126
44.51990725681901
44.4531920486026
44.346606505767646
44.198104058057446
44.005637472154966
43.76715879988156
47.66964165977255
47.300558242359486
46.87428880868741
46.388584414242914
50.07095791037219
49.40322557474466
48.663197889203275
47.84841447074427
47.84841447074427
0.0
0.0
0.0
0.0
0.0
0.0
0.0
0.0
0.0
0.0
0.0
0.0
0.0
0.0
0.0
0.0
0.0
0.0
0.0
78.1092728571026
45.35464198208646
41.52329167985708
41.52329167985711
41.52329167985706
37.87438663011485
37.87438663011481
41.52329167985705
41.52329167985711
41.52329167985708
45.35464198208646
49.37755979942726
53.601623507635146
58.03689040125343
62.69392063955259
67.58380238976675
72.71817822749158
0.0
0.0
0.0
