1.172665998089682
0.0
0.0
0.0
0.0
0.0
0.0
0.0
0.0
0.0
0.0
0.0
0.0
0.0
0.0
0.0
0.0
0.0
0.0
0.0
0.0
0.0
0.0
1.0
0.0
0.0
0.0
0.0
0.0
0.0
0.0
0.0
0.0
0.0
0.0
0.0
0.0
0.0
0.0
0.0
0.0
0.0
0.0
0.0
0.0
0.0
0.0
0.0
0.0
0.0
0.0
0.0
0.0
0.0
0.0
0.0
0.0
0.0
0.0
0.0
0.0
0.0
0.0
0.0
0.0
0.0
0.0
0.0
0.0
0.0
0.0
0.0
0.0
0.0
0.0
0.0
0.0
0.0
0.0
0.0
0.0
0.0
0.0
0.0
0.0
0.0
0.0
0.0
0.0
0.0
0.0
0.0
0.0
0.0
0.0
0.0
0.0
0.0
0.0
0.0
0.0
0.0
0.0
0.0
0.0
0.0
0.0
0.0
0.0
0.0
0.0
0.0
0.0
0.0
0.0
0.0
0.0
0.0
0.0
1.6226757951711255
1.6514693695176204
1.6658661566908677
1.6730645502774912
1.680262943864115
1.8314292091832123
1.835028405976524
1.838627602769836
0.0
0.0
0.0
0.0
0.0
0.0
0.0
0.0
0.0
0.0
0.0
0.0
1.1764196067438055
1.5963094949833136
1.1383640827298152
1.6132520357257398
1.1383640827298152
1.1383640827298152
1.635842090048975
0.9294060802398902
1.6527846307914014
0.9294060802398902
1.6697271715338275
1.6810221986954452
1.686669712276254
1.6979647394378716
1.7036122530186804
1.1383640827298152
0.9294060802398902
0.9294060802398902
0.9294060802398902
0.9294060802398902
1.825033795006069
0.9294060802398902
0.9294060802398902
1.0037536086541234
1.8321611130015616
1.8321611130015616
1.83646467420665
1.8407682354117378
1.8407682354117378
1.8450717966168262
1.7198541085905452
1.7162549117972334
1.7126557150039217
1.7126557150039217
1.7090565182106097
1.705457321417298
1.7018581246239861
1.7018581246239861
1.6982589278306741
1.6946597310373623
1.6910605342440506
1.6910605342440506
0.9280160641337631
0.9280160641337631
0.9280160641337631
1.0143967871732473
1.0287935743464947
1.8278575517964735
1.0575871486929895
0.9280160641337631
0.9280160641337631
0.9280160641337631
0.9280160641337631
1.1223726909726026
1.13676947814585
1.1511662653190973
1.1655630524923446
1.179959839665592
1.1943566268388395
1.201555020425463
1.2159518075987104
1.2231502011853341
1.2375469883585815
1.2519437755318288
1.2663405627050761
1.2735389562916999
1.2879357434649472
1.3023325306381945
1.3167293178114419
1.3311261049846892
1.5075014977851469
1.3594701484802245
1.043190361519742
1.3846674760190427
1.397266139788452
1.4035654716731565
1.4161641354425658
1.4098648035578611
1.4224634673272702
1.4350621310966796
1.4476607948660887
1.4665587905202024
1.4791574542896115
1.4859063170252758
1.4931047106118993
1.4931047106118993
1.991931380138492
1.5290966785450177
1.5362950721316415
1.543493465718265
1.5506918593048888
1.5578902528915126
1.5578902528915126
1.5794854336513835
1.5866838272380073
1.6010806144112546
1.5938822208246308
1.5938822208246308
1.615477401584502
1.615477401584502
0.0
0.0
0.0
0.0
0.0
0.0
0.0
0.0
0.0
0.0
0.0
0.0
0.0
0.0
0.0
0.0
0.0
0.0
0.0
1.7290260641323199
0.9294060802398902
0.9294060802398902
1.3265838210269054
1.2371955703939688
1.180720434585881
1.1411878395202195
1.101655244454558
1.0621226493888967
1.0112950271616175
1.709259766599489
1.7120835233898934
1.7149072801802978
1.7177310369707022
1.7205547937611065
1.7233785505515111
1.7262023073419155
0.0
0.0
0.0
