95.4977379919 7.8782541382
97.8392314032 38.3030939134
100.186468988 38.7567924225
102.539295703 39.2377054019
104.897556507 39.7441885883
107.261096357 40.2745977182
109.629760209 40.8272885279
112.003393023 41.4006167541
114.381839754 41.9929381334
116.764945362 42.6026084021
119.152554802 43.2279832968
121.544513033 43.8674185541
123.940665012 44.5192699104
126.340855696 45.1818931023
128.744930044 45.8536438662
131.152733012 46.5328779388
133.564109558 47.2179510565
135.978904639 47.9072189559
138.396963214 48.5990373734
140.818130238 49.2917620455
143.242250671 49.9837487089
145.669169469 50.6733531
148.098731589 51.3589309553
150.53078199 52.0388380113
152.965165629 52.7114300046
155.401727463 53.3750626717
157.84031245 54.0280917491
160.280765546 54.6688729733
162.722931711 55.2957620809
165.1666559 55.9071148083
167.611783072 56.501286892
170.058158185 57.0766340687
172.505626194 57.6315120747
174.954032059 58.1642766467
177.403220736 58.6732835211
179.853037183 59.1568884345
182.303326358 59.6134471233
184.753933218 60.0413153241
187.20470272 60.4388487735
189.655479821 60.8044032078
192.10610948 61.1363343638
194.556436654 61.4329979777
197.0063063 61.6927497863
199.455563376 61.9139455259
201.904052839 62.0949409332
204.351619647 62.2340917446
206.798108757 62.3297536966
209.243365127 62.3802825259
211.687233714 62.3840339688
214.129559475 62.3393637619
216.570198852 62.244975312
219.009077317 62.1016618323
221.446146009 61.9109937039
223.881356115 61.674542608
226.314658818 61.3938802258
228.746005303 61.0705782386
231.175346755 60.7062083276
233.602634357 60.302342174
236.027819296 59.8605514591
238.450852755 59.3824078641
240.871685918 58.8694830702
243.290269971 58.3233487587
245.706556098 57.7455766107
248.120495483 57.1377383076
250.532039312 56.5014055304
252.941138768 55.8381499606
255.347745036 55.1495432792
257.751809301 54.4371571676
260.153282747 53.7025633069
262.552116558 52.9473333784
264.948261921 52.1730390633
267.341670018 51.3812520428
269.732292034 50.5735439982
272.120079155 49.7514866107
274.504982564 48.9166515615
276.886953446 48.0706105319
279.265942986 47.2149352031
281.641902368 46.3511972563
284.014782777 45.4809683727
286.384535397 44.6058202336
288.751111413 43.7273245202
291.11446201 42.8470529138
293.474538371 41.9665770955
295.831291682 41.0874687466
298.184673127 40.2112995483
300.534633891 39.3396411818
302.881125158 38.4740653284
305.224098113 37.6161436694
307.56350394 36.7674478859
309.899293824 35.9295496591
312.231418949 35.1040206703
314.559830501 34.2924326008
316.884479663 33.4963571317
319.20531762 32.7173659443
321.522295556 31.9570307198
323.835364657 31.2169231394
326.144476106 30.4986148844
328.449581089 29.803677636
330.75063079 29.1336830754
333.047576393 28.4902028839
335.34036908 27.8748087427
