-20.449737259 40.036586611
-19.7768891328 141.059817326
-19.09322242 142.070359748
-18.3988642492 143.068310493
-17.6939417488 144.053766179
-16.9785820473 145.026823421
-16.2529122734 145.987578836
-15.5170595555 146.936129041
-14.7711510221 147.872570652
-14.0153138017 148.797000286
-13.2496750229 149.709514559
-12.4743618142 150.610210089
-11.6895013042 151.499183491
-10.8952206212 152.376531382
-10.0916468939 153.242350379
-9.2789072508 154.096737098
-8.45712882037 154.939788156
-7.62643873115 155.77160017
-6.78696411166 156.592269755
-5.93883209043 157.401893529
-5.08216979596 158.200568109
-4.21710435679 158.98839011
-3.34376290143 159.765456149
-2.4622725584 160.531862843
-1.57276045623 161.287706808
-0.675353723422 162.033084662
0.22982051149 162.76809302
1.14263511999 163.492828499
2.06296297356 164.207387716
2.99067694368 164.911867287
3.92564990182 165.606363828
4.86775471948 166.290973958
5.81686426812 166.965794291
6.77285141923 167.630921445
7.73558904428 168.286452036
8.70495001477 168.93248268
9.68080720216 169.569109995
10.6630334779 170.196430597
11.6515017136 170.814541102
12.6460847806 171.423538127
13.6466555504 172.023518289
14.6530868945 172.614578203
15.6652516845 173.196814488
16.6830227917 173.770323758
17.7062730876 174.335202631
18.7348754437 174.891547724
19.7687027316 175.439455653
20.8076278227 175.979023034
21.8515235884 176.510346484
22.9002629003 177.03352262
23.9537186298 177.548648059
25.0117636484 178.055819416
26.0742708276 178.555133308
27.1411130388 179.046686352
28.2121631537 179.530575165
29.2872940435 180.006896363
30.3663785798 180.475746562
31.4492896342 180.93722238
32.535900078 181.391420433
33.6260827827 181.838437337
34.7197106199 182.278369708
35.816656461 182.711314165
36.9167931774 183.137367322
38.0199936408 183.556625797
39.1261307225 183.969186206
40.235077294 184.375145166
41.3467062268 184.774599294
42.4608903924 185.167645205
43.5775026623 185.554379517
44.6964159079 185.934898845
45.8175030007 186.309299808
46.9406368123 186.67767902
48.065690214 187.0401331
49.1925360774 187.396758662
50.321047274 187.747652325
51.4510966752 188.092910704
52.5825571525 188.432630416
53.7153015773 188.766908078
54.8492028213 189.095840306
55.9841337558 189.419523716
57.1199672523 189.738054926
58.2565761823 190.051530552
59.3938334173 190.360047211
60.5316118288 190.663701518
61.6697842882 190.962590091
62.8082236671 191.256809546
63.9468028368 191.5464565
65.085394669 191.831627569
66.223872035 192.11241937
67.3621078063 192.38892852
68.4999748545 192.661251634
69.637346051 192.92948533
70.7740942673 193.193726225
71.9100923748 193.454070934
73.0452132451 193.710616074
74.1793297496 193.963458262
75.3123147599 194.212694115
76.4440411473 194.458420248
77.5743817834 194.700733279
78.7032095396 194.939729825
79.830397287 195.175506501
