199.452469787 94.89880918
201.436238727 195.35898225
203.428707557 195.810614542
205.429540055 196.253264562
207.438399998 196.686490816
209.454951165 197.109851812
211.478857332 197.522906056
213.509782278 197.925212055
215.547389779 198.316328315
217.591343615 198.695813342
219.641307561 199.063225644
221.696945397 199.418123727
223.7579209 199.760066098
225.823897847 200.088611263
227.894540015 200.403317728
229.969511184 200.703744002
232.04847513 200.989448589
234.131095631 201.259989997
236.217036464 201.514926732
238.305961408 201.753817301
240.39753424 201.976220211
242.491418737 202.181693967
244.587278678 202.369797078
246.68477784 202.540088048
248.78358 202.692125386
250.883348937 202.825467597
252.983748427 202.939673188
255.084442249 203.034300666
257.18509418 203.108908538
259.285367999 203.163055309
261.384927481 203.196299487
263.483436406 203.208199578
265.580558551 203.198314088
267.675957693 203.166201526
269.769297611 203.111420396
271.860242081 203.033529205
273.948454882 202.932086461
276.033599792 202.80665067
278.115340586 202.656780338
280.193341045 202.482033972
282.267264944 202.281970079
284.336776063 202.056147165
286.401538178 201.804123737
288.461215067 201.525458301
290.515470507 201.219709364
292.563968278 200.886435433
294.606372155 200.525195014
296.642345917 200.135546614
298.671553341 199.71704874
300.693660862 199.269266711
302.70853494 198.792279054
304.716378051 198.287026383
306.717424834 197.754531845
308.711909932 197.195818585
310.700067986 196.611909751
312.682133637 196.00382849
314.658341528 195.372597947
316.6289263 194.71924127
318.594122593 194.044781604
320.55416505 193.350242097
322.509288313 192.636645896
324.459727022 191.905016146
326.405715819 191.156375994
328.347489346 190.391748587
330.285282244 189.612157072
332.219329155 188.818624595
334.14986472 188.012174302
336.077123581 187.193829341
338.001340379 186.364612857
339.922749755 185.525547998
341.841586352 184.677657909
343.75808481 183.821965738
345.672479772 182.959494631
347.585005878 182.091267735
349.495897771 181.218308196
351.405390091 180.341639161
353.313717481 179.462283776
355.221114581 178.581265188
357.127816034 177.699606543
359.03405648 176.818330989
360.940070562 175.938461672
362.84609292 175.061021737
364.752358197 174.187034333
366.659101033 173.317522605
368.56655607 172.4535097
370.474957951 171.596018764
372.384541315 170.746072945
374.295540806 169.904695388
376.208191063 169.072909241
378.12272673 168.25173765
380.039382447 167.442203761
381.958392855 166.645330721
383.879992597 165.862141677
385.804416314 165.093659774
387.731898646 164.340908161
389.662674237 163.604909983
391.596977727 162.886688387
393.535043758 162.18726652
395.477106971 161.507667527
397.423402008 160.848914556
399.37416351 160.212030754
