20.897804897732676 -29.346435163376867
21.054001099587534 -29.7580847569878
21.19389022185889 -30.151132236595544
21.31795470620411 -30.525876502455077
21.426671908678003 -30.882619674782745
21.52051395495425 -31.221667197942537
21.59994770327899 -31.54332786605859
21.66543473231297 -31.847913832624926
21.717431335224315 -32.13574061365799
21.7563885171683 -32.407127090251265
21.78275199312787 -32.66239550950203
21.79696218633697 -32.90187148548898
21.799454226979478 -33.12588400051257
21.790657950152482 -33.33476540547153
21.77099789432128 -33.528851421550286
21.740893298670425 -33.708481141148695
21.70075810029523 -33.87399702992549
21.651000930067582 -34.02574492878321
21.592025107295537 -34.16407405687163
21.524228632519176 -34.289337015979214
21.44800417688899 -34.4018897960423
21.363739067283813 -34.50209178396018
21.271815263628184 -34.59030577598887
21.172609324208853 -34.66689799721476
21.066492350417235 -34.73223813280791
20.953829894615232 -34.786699379749024
20.83498179890142 -34.8306585370068
20.710301896287255 -34.86449617364622
20.580137412923328 -34.888596964428274
20.4448276530616 -34.903350427747284
20.304700712263607 -34.90915277122329
20.160063616877952 -34.90641242752949
20.011162882303314 -34.8955721971538
19.857908422920246 -34.87726424929929
19.703583394747408 -34.8502273678518
20.72481510134497 -28.915887050231163
19.18823393922772 -34.82938884481729
18.828346926276566 -34.83647957746555
18.46739957520525 -34.83755861225589
18.10585175063604 -34.83297489076051
17.744089374483487 -34.823116322604164
17.38246622320703 -34.80838632015855
17.021314376700712 -34.78919793258635
16.660947700402247 -34.76597189006583
16.301663237780673 -34.73913582213626
15.943741842663066 -34.70912390274438
15.587448494236426 -34.676376672223796
15.233032466146916 -34.64134094266538
14.880727421584524 -34.60446974343972
14.530751468937744 -34.56622228921299
14.183307194499246 -34.52706396032238
13.838581681065904 -34.48746629109371
13.49674651642442 -34.447906962531164
13.157957794007348 -34.40886979891161
12.822356105608918 -34.37084476716015
12.490066524748485 -34.334327979628085
12.161198576344354 -34.2998217001215
11.835846185058124 -34.267834355850255
11.51408758667823 -34.23888055898652
11.195985170844196 -34.21348114523593
10.88158518719412 -34.192163246244945
10.570917156326395 -34.17546043561606
10.263992572708524 -34.16391305115823
9.96080166040202 -34.15806900010523
9.661303639489212 -34.15848617687229
9.365387790075872 -34.165742133714815
9.0726008982206 -34.1805017762062
8.785828339037067 -34.20260307105653
19.546234223762752 -34.81614070146691
8.552830311261495 -34.14956896677015
8.604659309065227 -34.07617056378501
8.658806711750458 -34.01336802413962
8.715547270760347 -33.96161853163059
8.775101526420805 -33.92139261243747
8.83767725837879 -33.89316383896315
8.903479850638917 -33.877406255635805
8.972715749183273 -33.87459351978214
9.04559384821681 -33.88519855701804
9.122326124180162 -33.90969340338677
9.20312795766494 -33.948549124996845
9.28821831288225 -34.00223577235718
9.37781984861116 -34.071222352523506
9.472158995531366 -34.155976808223414
9.571466019705063 -34.25696600043685
9.675975084882069 -34.37465569041561
9.785924324862904 -34.50951051794894
9.901555939403153 -34.661993972470384
10.023116332982653 -34.83256834939786
10.150856330648978 -35.021694683692544
10.285031532246279 -35.22983263888389
10.425902928528657 -35.45744031463394
10.573738042024175 -35.70497388990029
10.728813206129757 -35.97288691043889
10.891418576342062 -36.26162872092024
11.061870656393523 -36.57164054715528
11.240549873823866 -36.903343741954444
11.4280508798185 -37.25709277053633
11.626234643233204 -37.63284610873083
18.55068486619851 -29.78982031366911
20.005160522560985 -34.44430053330527
22.740970584350052 -32.70266875415234
25.414578442346823 -30.671085558875916
27.97395173202912 -28.35620410520758
30.367554974680075 -25.776498823965
32.547780892028214 -22.962104558742197
34.47425947934991 -19.95348892080125
36.11658563607169 -16.799063329673658
37.456090260767326 -13.552032657108612
38.48644914347278 -10.266913805470978
39.213131407975396 -6.996185528053132
39.65187765634582 -3.7874642029026973
39.82652251231035 -0.6814626464619096
39.76651822727659 2.2891733970507744
39.50448372389705 5.100201218622516
39.074022799836 7.735439806499954
38.50795668292443 10.185949090197823
37.8370245682501 12.448930017625003
-1.5430107471361936 39.80245475591059
1.4206886963293215 39.807008558672266
4.522402086923549 39.57479205411289
7.726907661995057 39.07571093076987
10.9906409022052 38.28605619962522
14.26326509567214 37.19106822306489
17.490160693141448 35.78701671961741
20.615633421926006 34.082428689500006
23.586478063920794 32.0981983809414
26.35543492179812 29.86649187375295
28.88407511786704 27.42857071280784
31.14475382094571 24.83184641130768
33.12144771026166 22.126590074805677
34.80949268293112 19.362734980344356
36.21440707571426 16.587133776410667
37.35008923197398 13.841499959385459
38.23670668551695 11.161117713196546
38.898560470878635 8.574280147947405
39.36213689180222 6.102332838604326
39.65447614451779 3.7601606968260626
8.502700615393266 -34.233191454965606
-13.77452703370546 32.47259952552392
-34.81533424333773 8.265912741355265
-34.83566298028286 8.970729987505166
-34.82346532757007 9.683472180885616
-34.780019977154666 10.40305641810059
-34.706582530111454 11.128437482623553
-34.60438606752547 11.858605226628896
-34.47464129279188 12.592583915989337
-34.31853658031328 13.329432012028889
-34.13723799428154 14.06824208363949
-33.931889298512694 14.808140767439824
-33.70361196105657 15.548288747341815
-33.45350515728613 16.28788074331726
-33.18264577246702 17.02614550480979
-32.89208840305284 17.762345805999445
-32.58286535912472 18.49577844283081
-32.25598666599913 19.22577423008869
-31.912440066965793 19.951697999007763
-31.553191026080828 20.672948594372684
-31.179182732167504 21.388958871226833
-30.791336104485463 22.099195690817794
-30.39054980004421 22.803159914678304
-29.977700224916017 23.500386396741447
-29.553641550385965 24.190443971240086
-29.119205738139723 24.87293543443323
-28.67520258056528 25.547497515670926
-28.22241976753443 26.213800829143366
-27.761623002918082 26.871549789398898
-27.293556221412533 27.520482455152546
-26.818942021580895 28.160370216710447
-26.338482618149374 28.79101710827024
-25.85286222319656 29.41225808961235
-25.362754188806235 30.02395389084009
-24.868849577034776 30.625970391487897
-24.372057150364338 31.218034276745755
-23.870823813691423 31.801667021821288
-34.76117334274341 7.570159359115735
-23.06129216505236 32.41072656873732
-22.753333551352007 32.43926344348259
-22.443545753092216 32.461906159931345
-22.132259849851803 32.47906215255233
-21.81983722960012 32.49111506959781
-21.506639312592764 32.49844662551067
-21.1930199829292 32.501442063981955
-20.87932306583188 32.50049197815679
-20.565881319385966 32.49599303891321
-20.253015976914327 32.488348325764235
-19.941036518405415 32.47796749128085
-19.630240548840337 32.465266850162465
-19.320913729269893 32.450669429009565
-19.013329736948258 32.43460499590506
-18.70775024203971 32.41751007802782
-18.404424895011815 32.39982797238369
-18.10359132112055 32.38200875118855
-17.805475121233354 32.36450926391953
-17.510289878794094 32.34779313585034
-17.218237174713714 32.3323307631907
-16.929506613142554 32.318599302650114
-16.644275865313265 32.30708265343813
-16.362710744547574 32.29827142610651
-16.084965338829512 32.2926628866453
-15.811182258138395 32.29076085160298
-15.541493130328575 32.29307547793033
-15.276019693084258 32.30012280025562
-15.01487652413487 32.31242357243778
-14.758179233361737 32.33049979297431
-14.506077231596176 32.35486080489807
-14.258983113430382 32.38590599378671
-14.014476516689797 32.425238137598654
-23.36733276045581 32.37571134873585
-13.427765838603065 32.49460509740291
-13.086554624271173 32.52564082495138
-12.750431563899241 32.56641041029181
-12.4192092348243 32.61749811240912
-12.092730434726164 32.67947232739536
-11.770833295668481 32.75290038512827
-11.453342560233104 32.838352249254314
-11.140066670463597 32.936401750626544
-10.83079659984638 33.04762708110971
-10.525305317971913 33.17261101851858
-10.223347517359024 33.31194103978652
-9.92465945914357 33.466209382246774
-9.62895887587004 33.63601308044889
-9.335944900511876 33.82195398889078
-9.045298005137951 34.02463879842759
-8.756679937116175 34.244679049467805
-8.469733641573164 34.482691144509545
-8.184083155992532 34.739296362918935
-7.899333454671996 35.01512087927338
-7.615070205929712 35.3107957920887
-7.330859371382559 35.62695716839468
-7.046246508270663 35.96424612110303
-6.760755476499298 36.32330895127234
-6.4738858551963006 36.704797432163076
-6.185107261085491 37.10936943227986
-5.893845146723507 37.53769047355286
-5.599438197087068 37.990438403624154
-5.300967918702341 38.4683220853519
-4.996065767642364 38.97221222104099
16.503363726479865 -30.970958800741187
16.503363726479865 -30.970958800741187
14.310187346909677 -32.04340558402063
11.984225803688963 -32.98392995402298
9.543279696392819 -33.771098826690775
7.0095168358301905 -34.38645048640397
4.4087671755520645 -34.815572310641016
1.7695126730478847 -35.04896757717154
-0.8783483695999372 -35.08261403412408
-3.504850097422043 -34.918151857168795
-6.081293052869082 -34.562684764509044
-8.581440238699848 -34.02822632396996
-10.982476028386543 -33.33086442940858
-13.265665390701095 -32.48974338260699
-15.416692403442141 -31.525971811561163
-17.425695291403116 -30.46155686987896
-19.28704433091597 -29.318445120827633
-20.998926093791688 -28.11772405855733
-22.562802805671225 -26.879011010044508
-23.98281133970491 -25.620032466213246
-34.70205231390243 5.22770203137847
-34.975237569980514 2.8799410148686206
-35.09083252547334 0.4413343345825922
-35.03268724965226 -2.0669125268745745
-34.788176785124975 -4.619963126756602
-34.349134843016216 -7.190148737125554
-33.71256391661191 -9.74804275196081
-32.881030857113466 -12.263731613960374
-31.862690080596465 -14.708170659655764
-30.670921671090603 -17.054496977968128
-29.3236201894822 -19.279175353440067
-27.84221235801251 -21.36287701450894
-26.250509958117 -23.291028965344125
-24.57351401715458 -25.054015889162486
-22.836277986442155 -26.64705820633185
-21.062915303350465 -28.069821913392758
-19.275806795680907 -29.3258346121859
-17.495032312744343 -30.42178738505892
-15.738023884885791 -31.366796258535288
-14.019417643513123 -32.17168370263596
14.53950942087026 -37.08394467370633
