0.4123667764469019 -35.48432457744747
0.45879724939325683 -35.1511138788278
0.5053521655677002 -34.88486945287599
0.5522136040777923 -34.682980810781544
0.599592073005482 -34.54283744112465
0.6476955295742357 -34.461829126604556
0.6967216393221349 -34.437346022138655
0.746855200953064 -34.4667786811994
0.7982671228832885 -34.547518066230225
0.8511139668888745 -34.67695555213945
0.9055377323492451 -34.85248292852938
0.9616657580746732 -35.07149239919241
1.0196106935298133 -35.331376581253096
1.0794705248109153 -35.62952850212258
1.141328662924849 -35.96334159446559
1.2052541280052367 -36.33020968728985
1.2713019121434854 -36.72752698881607
1.3395137202985836 -37.15268805176203
1.4099196122315334 -37.60308769780448
1.4825421172572248 -38.07612082777973
1.5574085876060906 -38.569181852587974
1.63460062143389 -39.07966241590367
1.7146000379046598 -39.60493545638036
1.7936661439813975 -40.14256816672278
0.36612398023692094 -35.88710980316844
2.0791704132083737 -41.22789753414338
2.289699645064445 -41.769906181438415
2.5054235868032606 -42.31327960546048
2.7260889417783005 -42.85542423461604
2.9514720473902116 -43.39374753561734
3.1813252482286885 -43.925660483426896
3.4153634927912435 -44.44857817825917
3.653259870275974 -44.959920050744444
3.894643831479925 -45.4571099428604
4.139100388859163 -45.937576143523444
4.386169729268261 -46.39875140408452
4.635347024787791 -46.8380729441798
4.886082355150961 -47.25298245003816
5.137780712019492 -47.640926066235835
5.389802090882199 -47.999354376077775
5.641461718760354 -48.3257223639454
5.892030550210791 -48.61748933772205
6.140736389281301 -48.87211875597694
6.3867667195658555 -49.08707779552114
6.6292772167115 -49.25983605335941
6.867425821013512 -49.38786035199428
7.100611277176995 -49.46857837718312
7.325269944512058 -49.49988823212516
1.8744942285884463 -40.689830979528466
7.486815158718514 -49.441115190200634
7.424699799473672 -49.35515100246241
7.3563050947870465 -49.22505204338481
7.282013923503428 -49.053051367504565
7.202252271145198 -48.84137535132183
7.117452249566782 -48.59224933001306
7.028042853349405 -48.307899006822936
6.934446880381643 -47.990550922331465
6.837079702583196 -47.64243264222637
6.736348710428217 -47.265772841695
6.632653040087064 -46.86280134760321
6.526383433469277 -46.43574915959741
6.41792216918077 -45.986848461661054
6.307643038216497 -45.518332626097845
6.195911357593445 -45.032436212592955
6.083084030092152 -44.53139496130575
5.969509680276076 -44.01744577574553
5.855528945165702 -43.49282668578627
5.74147512842336 -42.95977676458773
5.6276758479729665 -42.42053591788368
5.514457990390099 -41.877344251610964
5.4021675402862 -41.33243953931219
5.2913084033644395 -40.78803949202219
5.180663366912313 -40.246581744858304
7.542570270461454 -49.48066541291439
5.100751323026202 -39.15992911866428
5.128727427256365 -38.61975081833978
5.155770702239465 -38.091887262720604
5.182234589174357 -37.578571768258485
5.208524995405526 -37.082030203974426
5.235078846649685 -36.6044837302625
5.262358730762344 -36.148149482402744
5.29085111952304 -35.71524079744023
5.321065666380491 -35.30796730220388
5.353534899596468 -34.92853495230091
5.38881408525333 -34.5791460470968
5.42748117711011 -34.26199923393176
5.470136822423683 -33.97928950385665
5.517404417895477 -33.73320817834559
5.569930228331998 -33.52594288527618
5.628383603159705 -33.359677515913745
5.693457368187637 -33.236592148185366
5.7658685623 -33.15886290293972
5.84635991776554 -33.1286616561039
5.935703122113978 -33.14815540361394
6.034706977705525 -33.21950467509487
6.144241884176097 -33.34485877140952
6.2653377737381675 -33.52633671886667
6.399869664145854 -33.76589393889262
-2.1213789897919924 -36.30058203830265
12.803980265733628 -32.2429011785937
14.870827751885429 -31.343341701733237
16.90812982773508 -30.292932059909788
18.895372275468617 -29.094870572479067
20.812494232511312 -27.75584030216956
22.640643852876394 -26.285886574073658
24.36288714266459 -24.698103512853862
25.96481461893387 -23.008150487647896
27.435000649577148 -21.23363667428535
28.765286169285673 -19.393424108623947
29.950874249892934 -17.5069048870711
30.990246655025203 -15.593306234360796
31.884925263336584 -13.671069014868408
32.639113197095355 -11.757332893350025
33.25925585924665 -9.867547149470425
33.75356214741004 -8.015212375151606
34.13152194980222 -6.21174665034107
34.403449109408086 -4.466461287666249
26.815317972864648 22.011026988126133
28.128477056316342 20.30604258712512
29.362769852554436 18.476318184199357
30.500652965573295 16.530479597746734
31.525671045480124 14.480284948509478
32.42314903333778 12.340421136242554
33.18083411362511 10.12812097982382
33.78943353014665 7.862618442329364
34.24300190518886 5.564477296124807
34.53914570029349 3.2548427537674343
34.67903091884244 0.9546735503946593
34.667200114764455 -1.315987561008626
34.5112230532871 -3.538653758722347
34.22121928580083 -5.696905971752358
33.80929881490738 -7.776753866630912
33.288968568945165 -9.766839748538644
32.674548358029824 -11.658493755911394
31.980631908052317 -13.445659887841856
31.221618343201953 -15.124719339190705
30.41132888317162 -16.694240402528834
5.0716915818877055 -39.71016222084501
33.420865423071575 22.037803735412382
-14.774748894701872 32.15686380542229
-14.118438313850021 31.99073889147371
-13.497734462337803 31.88329075633422
-12.90875429382703 31.832876927742035
-12.347736854407515 31.83783007122159
-11.811065734620001 31.89644726343522
-11.295274678072929 32.0069873100087
-10.797049446148094 32.16766985232374
-10.31322855740305 32.37667501085215
-9.840803614607296 32.6321432228342
-9.376919456272503 32.93217516289195
-8.918874220047115 33.27483170060279
-8.46411935194655 33.65813387861701
-8.010259568640492 34.08006290172932
-7.5550527621345225 34.538560134729124
-7.0964098114299645 35.03152710914651
-6.632394217597238 35.55682554262569
-6.161221362766156 36.112277382683146
-5.681256871386665 36.69566490804132
-5.191012505891422 37.30473098460618
-4.689133846998033 37.937179836952424
-4.174351007583937 38.59068013681892
-3.645133619550478 39.26288663073632
-3.1043003930057296 39.95115118371933
-15.470514157962498 32.38335820266104
-1.482350592351139 40.895425286449154
-0.385899499962818 41.133660835579775
0.7407120553762638 41.36521956630443
1.8974059874242926 41.58753255170785
3.0839011309935245 41.798114511882204
4.2996597630667 41.99456045985397
5.5438742350806365 42.1745448616046
6.815462519658922 42.33582135433116
8.113066432817334 42.476222631002685
9.435050830816806 42.59366038446353
10.779503215650266 42.68612527404241
12.144233533444435 42.75168690032132
13.526774076140043 42.788493778307526
14.924379450737433 42.79477330184969
16.334026609203647 42.768831685622985
17.75241496086187 42.70905386240537
19.175966637309216 42.61390328002324
20.600827105335327 42.48192145620831
22.02286672399225 42.31172686837934
23.43768543757551 42.102011625204824
24.840631568674723 41.85152815390538
26.22693340013609 41.5589960168121
27.589930120538952 41.224380215390795
-2.548391851085512 40.65318896137089
29.412596420443833 40.278022195517735
29.87027821309556 39.67230972990768
30.29896545442233 39.033578066797304
30.698642094347917 38.36502975874933
31.069413714172413 37.66975092052843
31.41148712555116 36.950725675764346
31.72516527015955 36.21083976916793
32.01084551916392 35.45288177049221
32.26901899313202 34.6795435563819
32.50027025255258 33.89342052881352
32.70527714365801 33.09701172433469
32.88481071532357 32.292719871617294
33.039735172949804 31.482851423680813
33.171007851629895 30.66961657451091
33.27967920195408 29.85512926586921
33.36689278536437 29.041407185074746
33.43388527933098 28.23037175048529
33.48198649833006 27.423848074992208
33.51261944876728 26.623564880037662
33.52730047255022 25.831154274817095
33.527639685585314 25.04815109006296
33.51534273790463 24.275990207254125
33.49222314546057 23.515987856115316
33.46003453713331 22.76959601511888
28.926200560194616 40.847295346706005
32.81681561969776 21.937655066779456
32.22506265863018 21.83756876201241
31.64733584943582 21.739000567145098
31.085345174539043 21.643426990972046
30.54076794993489 21.552365535477577
30.01524692129584 21.467377583857086
29.51038979006438 21.390069120182005
29.027769058384365 21.322090966784174
28.568921969455516 21.265138875233333
28.135350485565596 21.220953564117593
27.72852128143211 21.191320731361145
27.349865748619095 21.17807105327563
27.000780008734807 21.183080172531504
26.682624936940442 21.208268673348613
26.396726202265995 21.255602039136846
26.144374335257737 21.327090579808612
25.926824846736224 21.42478930394458
25.745298447974278 21.550797681309604
25.600981490663514 21.707259168806644
25.49502693268147 21.896360168047153
25.428556752088355 22.12032742248695
25.402669183991748 22.381420209921913
25.418467666933395 22.681899120544216
25.477263451078215 23.023807508295363
-4.7210629721285216 -36.05473713052237
-4.7210629721285216 -36.05473713052237
-7.40305320044277 -35.60094533083759
-10.136530082378414 -34.92110054146218
-12.885750787466066 -34.00279299971092
-15.611459885738668 -32.84074946425318
-18.272781878946034 -31.43784260318023
-20.829429075555595 -29.805492606636648
-23.243988160726445 -27.9633603045464
-25.484019463805282 -25.938335665695035
-27.523724988125707 -23.76293474964524
-29.345010715970744 -21.47330554938935
-30.93786785487771 -19.10708867755619
-32.30010164132787 -16.701375365453003
-33.436521641470506 -14.29095957790608
-34.357759276335 -11.907009811337502
-35.07889291064609 -9.57620892113863
-35.618044264256895 -7.320343429601394
-35.995073486081424 -5.156276744848924
-36.230456133696265 -3.0962159941101675
-17.886013791671843 31.65948539982918
-20.111974641394085 30.294240065758288
-22.32028797181161 28.706049013984398
-24.47531042898723 26.892223495698175
-26.53948600517876 24.85735681279874
-28.475246657230457 22.613996394882463
-30.24715594646048 20.18271692038448
-31.824068245893727 17.591508901130993
-33.18104669196359 14.874496481010851
-34.30080275448694 12.070105034159951
-35.17448818090202 9.218887478945419
-35.80177088945942 6.361266093831347
-36.19023545131225 3.5354438358506286
-36.35424060191036 0.7756902708462974
-36.31342272758957 -1.8888713416362464
-36.091049410931674 -4.434936026095727
-35.7124062413323 -6.8451841167292
-35.2033557600011 -9.10803208012959
-34.58915400790778 -11.217082069553925
-33.8935596657426 -13.170387933641848
8.661572748850972 -33.59350747650828
