2.6925292929130364 -35.87059056619318
2.8034840001675576 -36.660828555796655
2.9116956948440276 -37.38261403189984
3.0168043940287106 -38.038169560815575
3.118657211825308 -38.62970196199479
3.217146041444309 -39.159414492589086
3.312184366412751 -39.629508587860364
3.4037014628527373 -40.04218429648041
3.4916404662701126 -40.39964042525442
3.57595759762188 -40.70407459783579
3.656621810576894 -40.95768328083301
3.733614613951019 -41.16266179718579
3.8069299743505383 -41.32120433375036
3.8765742577522246 -41.43550394571312
3.942566189747538 -41.50775255970061
4.004936822069197 -41.5401409770133
4.063729493385495 -41.53485887710917
4.118999763685736 -41.49409482438107
4.170815266688578 -41.42003628396655
4.219255281537443 -41.314869668092236
4.26440903414661 -41.180780518454654
4.306363827812618 -41.019954786911086
4.345364633475015 -40.83456162371961
2.6925292929130364 -35.87059056619318
4.291502236161364 -40.409879145966386
4.200371990322793 -40.17482181723448
4.108384149269568 -39.92378464643697
4.015840568146928 -39.6589338268121
3.923026333101433 -39.382437079871195
3.830211607636272 -39.09646345658297
3.737652094327416 -38.80318328748558
3.645589188909497 -38.50476816597792
3.5542500421913985 -38.203390941957544
3.4638475884943887 -37.90122571837137
3.3745805604275745 -37.60044785005397
3.2866334975316818 -37.30323394233837
3.2001767524869535 -37.011761851062964
3.115366496740478 -36.72821068168396
3.032344727511827 -36.45476078873265
2.9512392788662964 -36.19359377521712
2.872163842427625 -35.94689249107755
2.7952180119142724 -35.7168410301202
2.720487393631771 -35.505624722443535
2.648043937195837 -35.315430111697744
2.5779472577227978 -35.148444864801185
2.510253890046755 -35.00685713867011
2.4448928794496965 -34.89286409313573
4.38144333924194 -40.62679336180507
2.4302623309296507 -34.74686538324824
2.480832688579568 -34.718886064626105
2.5337460049274227 -34.723918112072326
2.589007701908457 -34.76006179402671
2.6466135556816823 -34.825414156445504
2.7065485497307407 -34.91807319843281
2.7687865196889163 -35.03613789711808
2.8332900384449715 -35.17770821494
2.900010374874057 -35.34088510232272
2.9688874814191024 -35.523770498071876
3.0398499968567307 -35.72446732907045
3.112815260756804 -35.941079507916314
3.187689341588282 -36.17171193020906
3.26436708491201 -36.414470469249245
3.342732195736602 -36.667461967234374
3.422657383947552 -36.92879421976538
3.5040046352712295 -37.19657594701611
3.5866257538349373 -37.46891673613228
3.670363556210134 -37.74392691396432
3.7550548569857938 -38.019717229922485
3.8405394257213175 -38.294397903528235
3.9266958151605422 -38.566074815096464
4.013692159203174 -38.83282283947742
4.098619949694978 -39.09304375815043
2.3819546805496543 -34.80865212230391
4.340881468252121 -39.57045760718868
4.499257729931799 -39.783635549734456
4.657676439089244 -39.98234981881259
4.815688339867677 -40.16474908922127
4.972873110490525 -40.32898016323848
5.128800711364988 -40.47319208036111
5.2830217243460424 -40.59553714380161
5.435064135437017 -40.69417126259533
5.584432051520196 -40.76725408723208
5.730605121948315 -40.81294907044803
5.873038255952906 -40.82942349658112
6.011161479455097 -40.81484849498115
6.144379866130123 -40.767399045795685
6.272073514452302 -40.685253978686504
6.393597561264357 -40.56659596752035
6.508282233408011 -40.40961151737432
6.615432951456398 -40.21249094219282
6.714330517595897 -39.973428325631225
6.804231455824208 -39.6906214518325
6.884368652495709 -39.36227167451782
6.953952645182596 -38.986583655759944
7.012174464845771 -38.56176479011099
7.058212747488881 -38.08602376278411
7.091255076311711 -37.55756622538385
7.110583358441318 -36.9745774968508
7.116171475111344 -36.33510146561123
9.406678674269415 -35.10628349897089
11.628532255966775 -34.43419786147213
13.86276894080163 -33.597029363993144
16.08708052245413 -32.59052906988696
18.27790301597156 -31.414248457185955
20.411259147866815 -30.07186799634658
22.46369270336197 -28.571301246530446
24.41322280438925 -26.924548224516595
26.24023896768398 -25.147298139361034
27.928261448554792 -23.258309423778847
29.464505718347823 -21.27861949386098
30.8402124996735 -19.230653596954344
32.05073149315814 -17.137308876966458
33.095373089296004 -15.02108600838743
33.977063849837805 -12.903328134055776
34.701855674496414 -10.803608542403325
35.27834443844631 -8.739288213202283
35.717052224287045 -6.725245363451236
36.0298199271399 -4.773763799031652
36.229246307341896 -2.894556406951697
25.72135122038037 25.677788771405286
27.308053655262768 23.98347244150356
28.82281226629391 22.14005957203022
30.244189458584515 20.155042763147815
31.55156363195067 18.03983306935074
32.72602297136683 15.80962255301002
33.75122634348821 13.48300653050713
34.61415589746463 11.081378808482523
35.30569290377184 8.628139624254192
35.82096546901522 6.147778270130647
36.15944144779172 3.6649064073714364
36.32476789108978 1.2033214240274646
36.32438488033108 -1.214828323939134
36.16896234836361 -3.569720918185247
35.87172077382593 -5.844347141960235
35.4476997043306 -8.024794730251497
34.913032976457714 -10.10034025049885
34.28427854944891 -12.063373870309633
33.57783683739234 -13.909191856917172
32.80947691602472 -15.63569535671219
-10.080937435538715 34.53004028351858
-10.52563205941017 35.21254296614326
-10.959611925815494 35.826166529015325
-11.382512666460613 36.373391311144964
-11.793848852830976 36.85672868759423
-12.193158615359621 37.27867884897376
-12.580024303830115 37.64172476947333
-12.954077653120066 37.94833069881045
-13.315001505590686 38.20094165891916
-13.662530500958312 38.40198324309194
-13.996451390448016 38.55386152373163
-14.316603194940711 38.65896300599846
-14.622877291607281 38.71965460242895
-14.915217465493697 38.7382836172759
-15.193619944044329 38.71717773545424
-15.458133425360472 38.65864501297932
-15.708859109482276 38.56497386427532
-15.94595074897802 38.43843304025645
-16.169614760672346 38.281271577933104
-16.380110547780504 38.09571865303486
-16.577751774324383 37.88398299265748
-16.762915269440725 37.64824877441371
-16.935921389461555 37.39073074046654
-10.080937435538715 34.53004028351858
-16.184657137905674 37.06183790914482
-15.274175406742472 36.991798524461345
-14.36773320544387 36.90523998704798
-13.46703270976198 36.80400145824647
-12.573601930186584 36.68995383770639
-11.688793327040372 36.5650004016372
-10.813783464044121 36.43107696220301
-9.949572892640447 36.29015192057952
-9.096986105567595 36.14422628847886
-8.256671515268692 35.995333697408334
-7.429101442750124 35.845540403829595
-6.614572110668064 35.69694529121055
-5.813203638375768 35.55167987195739
-5.024940036820368 35.411908287723136
-4.2495492019474455 35.279827309606354
-3.4866229039230063 35.15766633804331
-2.735576766537548 35.04768740163679
-1.9956502227130954 34.95218515442983
-1.265906403892501 34.873486868801855
-0.545231808744802 34.81395241380785
0.16766502147521578 34.77597416887283
0.8742627748121663 34.76197641795428
1.5761025781129092 34.774423503751436
-17.097311752344012 37.11354625256062
3.149470393266739 34.369383899083076
4.024907818144811 33.95730028598954
4.903827249987302 33.577657421461545
5.788414600409851 33.22754241106207
6.680666184296314 32.90412294800587
7.582387652921085 32.60465143934919
8.495193636166448 32.32646502866202
9.420507624578079 32.06698560159764
10.359561924000047 31.823719786651907
11.313397637221442 31.59425895314154
12.282864658093672 31.37627920753937
13.268621672628512 31.167541386403606
14.27113616662308 30.965891046445385
15.29068444079806 30.769258447943997
16.32735163797264 30.575658527312243
17.381031791801206 30.383190849194342
18.451427918039116 30.19003951764777
19.53805219761648 29.994472998754134
20.640226379456067 29.794843730135803
21.757082788249875 29.589587145805233
22.88756734744379 29.377218750141537
24.030451671522087 29.15632241449132
25.184417711493097 28.92546845305911
26.34691668519281 28.684318000945687
2.2750781646753637 34.81580086708307
27.64211546877641 28.65226388191983
27.758403016216903 28.864889167560833
27.86428431475389 29.067649517995534
27.958472320030808 29.25915393156461
28.039707131788703 29.437985511420543
28.106742948909528 29.602714091490043
28.158344808674144 29.751899391888315
28.19328750125669 29.884092070188913
28.210355136568126 29.99783414039291
28.20834094929802 30.091659161844795
28.186047204171985 30.164092331671604
28.142285148118958 30.21365053099678
28.075874988568444 30.238842347342214
27.98564588731506 30.23816808064754
27.870435968921583 30.210119737726913
27.729092343500724 30.153181012204094
27.56047115124676 30.065827245667165
27.363437642163035 29.946525357288365
27.136866320569197 29.793733716711166
26.879641216591097 29.605901903193
26.59065643398884 29.38147022140492
26.268817359123545 29.118868632221666
25.913043687016398 28.816514074501868
25.522278506695727 28.4728024267059
25.09552465041537 28.086076345004074
24.63209915322716 27.654400112708824
24.63209915322716 27.654400112708824
0.15886443481291224 -35.10335488656182
-2.446890573774539 -35.01833075291461
-5.165595558848622 -34.72156944498556
-7.965495347721884 -34.188033667731936
-10.807819825115232 -33.39852980040286
-13.648237094998265 -32.341867391962154
-16.439079354785704 -31.016567059679737
-19.13215577347792 -29.4318089430454
-21.681831482059366 -27.607407444092445
-24.04797329060996 -25.572753915342428
-26.198369564922075 -23.364849546708324
-28.110325752751365 -21.02570684364155
-29.771291585344173 -18.59948815266074
-31.178546460040863 -16.129755200858604
-32.33811150989749 -13.657133893097303
-33.26314156039257 -11.217583328588937
-33.972070737360035 -8.841333158317141
-34.48675372798131 -6.552448359668237
-34.8307820463105 -4.368911104951103
-35.02808293692726 -2.30307793274487
-12.18356011324164 32.92159815634074
-14.593348181638461 31.926555577606884
-17.034500314554023 30.69359153364119
-19.468489535592298 29.210420698837687
-21.85227403851134 27.47269337990644
-24.140416382069773 25.485506844103547
-26.287767490513303 23.264222371815123
-28.25243343752568 20.834365050529676
-29.99864930066967 18.23051843300083
-31.499165663289702 15.494299749171724
-32.73682316839926 12.67166804495401
-33.70513344547492 9.809930765468202
-34.40786105683437 6.954844332846861
-34.85776265953875 4.148149535855403
-35.07474803286673 1.425767383363592
-35.08376641675609 -1.1832566142002534
-34.91269700176416 -3.6570958783657375
-34.59045576958747 -5.980897244792342
-34.145447845221256 -8.146112793831588
